001101 5653
001102 554
001111 112
001113 109
001201 4421
001202 29
001210 193
001211 104
001230 154
001231 133
001250 138
001281 105
001291 101
001293 5
001310 8
001311 26
001312 19
001318 9
001320 2
001321 25
001323 1
001330 12
001342 2
001353 40
001354 14
001361 1
001362 1
001381 13
001410 5
001415 1
001418 3
001422 1
001425 2
001443 2
001444 1
001445 2
002101 36
002110 33
002191 15
002201 27
002211 27
002221 27
002250 27
002301 1
002333 1
002365 1
003101 5
003191 10
003201 15
003216 15
003271 14
003414 1
003421 1
003436 1
004101 33
004282 5
004301 39
004302 8
004303 30
004309 2
004324 7
004430 26
004432 5
004462 21
004473 1
004475 3
004483 26
004714 9
004716 9
004720 9
004799 5
004899 3
005301 35
006103 88
006115 2
006126 6
006143 17
006203 47
006206 37
006226 16
006241 37
006242 2
006253 33
006303 5
006331 15
006338 19
006341 14
006346 1
006448 1
008213 156
008214 103
008215 2
008216 100
008218 43
008220 100
008230 8
008232 103
008303 4
008313 2
008314 4
008315 1
008316 1
008317 100
008322 5
008325 1
008351 2
008401 1
008411 3
008413 1
008417 1
008449 1
009103 685
009105 53
009212 53
009230 39
009231 39
009304 1
009326 1
009328 1
009336 1
009345 1
011100 161
011152 29
011153 158
011251 115
011257 132
011259 6
011269 92
011276 18
011353 10
011356 1
011362 4
011363 11
011369 11
011374 3
011459 4
011461 1
011464 3
011479 4
011486 2
011701 3
011704 5
011706 5
011707 5
011708 5
011791 2
011799 2
012100 6
012173 74
012200 25
012273 5
012371 8
013103 196
013110 874
013201 49
013203 79
013204 48
013207 50
013209 3
013302 3
013306 3
013307 3
013313 1
013317 2
013326 1
013329 1
013330 3
013413 1
013420 1
013433 1
013453 1
013704 15
013714 15
013722 15
013724 15
013732 13
013776 10
013798 5
013799 7
014210 33
014211 24
014270 55
014302 12
014304 24
014310 32
014322 1
014323 10
014370 33
014371 1
014380 3
014381 7
014401 26
014402 4
014403 34
014481 1
014482 1
015101 17
016101 5
016102 2
017101 8
017102 2
017111 4
017210 2
018103 29
018111 87
018113 10
018125 30
018203 34
018211 34
018213 34
018231 33
018235 33
018271 12
018321 20
018331 20
018341 4
018351 7
018371 12
018499 1
019101 68
019102 3
019103 47
019105 14
019106 1
019108 47
019111 47
019203 43
019205 2
019211 24
019221 25
019303 5
019311 5
019331 5
019361 5
019371 1
019372 3
019381 5
019471 1
020101 40
020102 6
020211 15
020231 15
020251 3
020341 1
020362 12
021101 51
021102 4
021203 1
022724 1
023706 7
023707 7
023708 7
023791 7
023798 1
023799 3
024710 5
024721 1
024731 4
024738 5
024751 3
025101 33
025104 31
025106 31
025107 31
025108 13
025109 31
025110 19
025206 8
025208 7
025304 8
025310 8
025322 2
025370 8
025411 2
025480 1
026101 44
026102 6
026111 6
028713 1
028724 1
028732 2
028798 1
028799 1
029701 9
029702 9
029711 9
029790 1
033701 10
033750 10
033751 10
033754 10
033793 8
033798 8
050100 1466
050103 146
050104 92
050106 240
050111 566
050121 51
050141 28
051300 2
051306 10
051313 1
051412 12
051418 5
051421 7
052202 30
052314 30
052350 30
052352 30
052357 30
052421 29
052720 9
055701 10
055704 4
055741 4
055771 20
055798 4
055800 7
057121 74
057122 153
057123 51
057125 72
057126 57
057127 155
057128 66
057129 51
057130 109
057131 124
057132 65
057133 79
057134 15
057135 21
057136 43
057137 8
057201 30
057213 25
057215 30
057284 28
057285 25
057288 25
057293 25
057294 30
057296 26
057300 23
057305 14
057403 2
057405 2
057410 1
057420 1
057425 24
057426 1
057428 4
057450 8
059419 3
061106 15
061201 3
061223 5
061306 49
061309 14
061312 13
061317 38
061403 56
062200 16
062320 16
062341 16
062342 13
062343 2
062344 13
062346 13
062360 13
062380 13
062411 2
062452 2
062460 2
062499 2
062722 4
062770 4
063710 4
063804 7
064201 13
064206 21
064207 8
064271 1
064272 16
064281 22
064301 18
064410 51
064423 3
064424 17
064713 10
064720 10
064721 10
064726 10
065210 31
065212 2
065310 25
065320 26
065332 24
065436 1
065701 1
065702 1
065706 1
065707 1
065726 1
065794 1
065799 1
066221 27
066323 25
066410 17
066414 2
066425 23
066751 7
066752 7
067202 45
067303 39
067311 30
067372 39
067373 39
067432 34
070100 23
070201 32
070301 16
070303 13
070304 2
070308 13
070400 13
070401 13
070404 2
070413 7
070414 12
070415 13
070416 2
070711 13
070720 13
070721 13
070725 13
070727 16
070731 16
070740 13
070799 16
071411 14
071412 39
071413 10
071415 10
071416 39
071419 18
071420 3
071423 1
071425 8
071426 1
071720 3
071721 3
071724 3
074100 46
074101 94
074414 29
076312 11
076314 13
076414 13
076427 2
076428 11
076429 10
076444 5
076466 3
077422 2
078444 111
078454 5
088700 13
088801 7
088899 7
091791 4
091798 5
091799 5
091891 7
091899 21
099101 47
099102 51
100102 38
100103 10
100104 30
100105 167
100106 143
100107 165
100108 155
100205 156
100206 102
100207 189
100208 121
100209 159
100306 191
100307 90
100308 122
100309 148
100310 123
100489 2
100498 5
100501 4
100589 1
101100 208
101103 22
101105 26
101113 112
101114 78
101201 282
101211 30
101221 127
101231 27
101315 29
101400 27
101405 16
103191 26
103221 2
103251 22
103261 24
103262 65
103271 115
103311 2
103391 2
103392 2
103393 2
103422 2
103432 2
103491 2
104200 36
104201 37
104300 3
104301 39
104325 8
104333 2
104335 2
104340 1
104410 11
104437 2
104440 2
104475 3
104495 2
105101 39
105203 20
105304 26
105311 26
105334 11
105413 2
105500 1
105501 1
105598 1
106121 39
106223 32
106325 7
106427 3
106428 4
107211 27
107212 14
107213 26
107223 7
107227 16
107229 3
107329 3
107333 20
107334 18
107335 12
107437 4
107439 5
107498 3
107713 1
109100 143
109115 89
109116 281
110101 77
110201 31
110220 31
110270 31
110340 4
110342 4
110350 2
110352 2
110362 1
110434 1
110491 1
112101 43
112102 25
112103 25
112104 25
112108 25
112110 3
112201 84
112203 41
112213 20
112300 3
112301 4
112312 3
112314 2
112401 1
112402 2
112405 3
112407 40
112411 21
112413 1
114101 42
114102 5
114104 42
114204 44
114231 44
114313 2
114316 2
114321 6
114323 6
114332 6
114341 6
114343 6
114408 1
114416 2
114425 3
115200 22
115300 2
115301 1
115302 7
115400 2
115711 10
115712 10
115713 10
115716 9
117101 10
117204 23
117205 20
117206 20
117310 4
117311 4
117414 3
117415 2
118811 11
118821 11
118847 11
118898 1
119711 3
119722 3
119736 3
119789 3
126101 184
126211 77
126321 2
126330 2
126428 2
126443 2
127100 99
127101 732
127203 65
127206 72
127207 72
127303 4
127312 143
127314 4
127315 4
127316 5
127320 2
127326 3
127329 1
127413 4
127711 17
127717 17
127718 17
127719 17
128100 195
128101 247
128202 92
128203 92
128204 92
128307 3
128309 3
128352 2
128354 2
128403 3
128701 3
128710 2
128730 2
128734 4
128740 2
128762 2
128789 3
128798 2
128799 1
140103 33
152101 17
152201 35
152241 32
152302 2
152321 2
152351 1
152431 1
152481 1
153721 2
153732 1
154104 152
154108 54
154141 89
154151 87
154231 70
154262 70
154281 25
154311 6
154330 7
154352 2
154371 1
154382 2
154384 17
154388 7
154389 1
154443 1
154455 6
154482 1
154488 1
154499 1
154701 4
154711 3
154723 3
154789 2
154799 2
155713 4
155715 6
155796 2
156702 4
156716 3
159100 212
159101 205
159151 28
159203 53
159221 70
159301 6
159304 1
159311 2
159333 5
159351 2
159356 1
159403 4
159411 6
159412 1
159431 2
159454 4
159701 7
159723 8
159746 6
159761 10
159789 3
159801 4
159899 1
164200 55
164341 1
166701 2
166711 2
166741 2
166789 1
167703 13
167706 4
167711 13
167798 7
168101 2
168313 1
168700 5
168750 5
168899 1
169701 13
169703 1
169789-701 1
169789-702 1
169789-703 1
169789-704 1
169789-706 1
169789-709 1
169789-710 1
169789-712 1
169789-714 1
169789-716 1
169789-719 1
169789-720 1
169789-721 1
169789-722 1
169789-723 1
169789-724 1
169799 6
169801 3
169898 2
170108 56
170109 1
173701 6
173791 2
176100 131
176101 723
176220 485
177103 218
177214 229
177216 229
177242 226
177283 228
177285 224
177301 15
177321 1
177330 17
177336 15
177341 14
177361 15
177393 16
177404 2
177425 1
177426 2
177427 1
177434 2
177446 3
177447 227
177450 2
177464 1
177465 2
177467 1
177481 1
178701 4
178702 4
178704 4
178717 7
178746 6
178771 4
178776 2
178799 8
201100 433
201110 365
201111 261
201114 582
201115 210
201116 161
201117 38
201191 10
202100 171
202101 603
202103 596
202141 125
202142 125
202143 164
202145 64
202146 64
202184 209
202231 151
202260 14
202321 5
202334 3
202342 24
202353 3
202361 3
202434 1
202473 4
202490 1
202495 2
202742 3
202759 1
202764 1
202765 5
202773 4
202782 4
202790 2
202799 4
202833 17
202848 2
202873 5
202890 1
202892 3
202898 5
203100 175
203103 138
203107 137
203111 1040
203115 982
203116 57
203119 57
203151 278
203157 278
203162 241
203167 192
203201 63
203203 127
203204 136
203206 448
203207 114
203208 136
203209 416
203222 49
203226 224
203228 49
203229 199
203231 67
203235 64
203236 5
203241 63
203255 49
203286 67
203288 59
203315 18
203331 3
203337 3
203351 2
203352 57
203475 4
203714 6
203716 3
203722 6
203732 1
203736 3
203739 3
203743 1
203753 9
203791 7
203792 8
203799 2
203821 2
203828 5
203879 5
203891 3
203898 13
203899 1
204100 759
204101 86
204111 60
204202 35
204219 6
204231 43
204251 42
204321 12
204325 3
204341 15
204361 12
204363 2
204365 3
204381 2
204383 3
204398 4
204432 2
204435 1
204451 11
204453 9
204471 1
204491 5
204712 5
204721 2
204732 4
204735 1
204791 4
204798 3
204799 1
204898 2
205100 48
205103 99
205104 38
205105 114
205235 36
205239 36
205275 99
205303 2
205337 2
205355 2
205393 3
205712 2
205735 2
205783 2
205791 2
205792 1
205797 1
205799 3
205898 4
206100 420
206101 158
206103 228
206107 125
206111 707
206113 17
206161 743
206171 564
206181 86
206191 55
206203 55
206211 43
206216 6
206217 36
206261 702
206267 66
206281 115
206300 3
206321 2
206324 5
206325 45
206327 64
206331 7
206335 2
206336 7
206341 1
206355 27
206362 30
206370 9
206381 1
206390 1
206436 5
206437 4
206441 2
206717 8
206720 2
206721 2
206730 1
206736 6
206753 9
206789 2
206795 4
206798 2
206891 3
206899 2
206997 2
206998 2
207100 44
207103 85
207105 688
207107 85
207109 67
207110 15
207115 636
207117 169
207123 243
207131 212
207135 64
207171 208
207173 234
207183 106
207187 181
207203 30
207205 8
207208 27
207213 26
207308 43
207310 1
207313 4
207323 3
207348 6
207401 1
207406 1
207701 3
207703 3
207705 3
207711 3
207741 2
207781 1
207868 2
208101 382
208140 51
208263 257
208270 52
208271 225
208272 2
208280 33
208321 33
208329 2
208343 1
208348 1
208425 1
208737 1
208793 2
208799 2
209201 30
209251 36
209301 3
209302 3
209303 3
209331 1
209351 2
209358 2
209361 2
209368 2
209375 1
209898 3
210201 26
210202 25
210204 15
210275 15
210343 4
210351 4
210375 5
210383 3
210425 2
210434 2
210496 1
210703 2
210704 2
210707 2
210731 1
210732 1
210733 1
210743 2
210792 2
210799 2
210897 2
210898 7
211100 128
211311 5
211315 16
211317 4
211319 16
211399 1
211413 1
211440 1
211442 1
211495 1
211702 2
211889 3
213706 7
213707 7
213712 7
213714 3
213791 1
213799 1
213897 2
213898 6
214261 37
214312 21
214341 4
214381 2
214414 3
214415 3
214421 1
214490 1
215205 283
215206 283
215207 109
215208 109
215423 1
215424 1
215431 1
215475 1
215476 1
215485 1
215486 1
215494 1
215734 6
215744 5
215752 6
215762 3
215785 1
215788 4
215791 1
215797 1
215799 1
215891 4
215892 3
215893 2
215897 4
215898 15
217701 1
217703 1
217707 1
217717 1
217734 1
217751 8
217775 3
217791 4
217891 4
217892 2
217893 1
217898 6
218100 81
218101 24
218233 24
218235 24
218321 2
218323 2
218351 2
219761 2
219789 2
219791 2
220701 3
220703 6
220897 1
220898 2
226701 1
226702 1
226704 1
226711 3
226801 3
251101 5
251211 101
251213 5
251261 13
251281 104
251312 1
251313 1
251363 2
251374 1
251384 1
251419 2
251437 2
251438 2
251439 3
251451 1
251475 1
251701 2
251702 2
251703 2
251711 1
251715 1
251745 2
251751 9
251752 9
251757 9
251758 9
251776 1
251783 1
251784 1
251785 1
251790 18
251798 7
251898 6
252201 123
252211 225
252232 122
252282 210
252283 191
252285 206
252286 195
252301 11
252302 5
252317 121
252322 18
252325 17
252327 2
252330 11
252342 3
252363 13
252420 2
252421 2
252427 3
252444 3
252490 1
252498 1
252702 2
252726 1
252746 2
252747 2
252791 3
252899 1
253303 2
253314 6
253315 6
253455 2
253481 1
253491 2
253701 8
253715 5
253717 3
253731 2
253732 2
253735 4
253736 7
253748 5
253754 4
253799 1
253898 3
254181 23
254205 44
254206 139
254211 6
254215 131
254216 27
254222 26
254231 193
254232 9
254252 189
254282 12
254302 34
254325 44
254333 42
254372 39
254373 1
254421 2
254426 2
254435 3
254436 5
254439 4
254442 1
254444 1
254451 3
254456 7
254459 1
254461 6
254471 13
254473 1
254490 1
254700 5
254702 1
254703 4
254710 5
254711 2
254734 1
254736 1
254770 2
254799 4
254804 1
254873 2
254875 2
254898 6
255201 253
255215 211
255251 214
255290 212
255300 1
255320 21
255321 19
255330 29
255359 17
255415 1
255431 1
255432 1
255434 1
255454 1
255455 1
255491 2
255492 3
255720 1
255722 12
255734 8
255738 19
255745 1
255750 12
255764 13
255770 12
255771 8
255772 5
255786 6
255799 4
255811 2
255820 2
255898 1
255899 4
256100 4
256212 27
256281 17
256316 8
256333 10
256373 2
256418 1
256441 1
259103 341
259104 681
259106 270
259107 291
259108 149
259109 141
259191 673
259194 3
259201 159
259203 94
260402 1
260413 1
260701 3
260702 2
260705 1
260709 1
260716 2
260718 2
260772 2
261103 71
261111 90
261200 126
261210 86
261212 86
261216 104
261217 100
261304 6
261305 4
261335 33
261336 32
261342 4
261343 4
261361 5
261405 3
261434 4
261447 3
261458 1
261461 3
261469 2
261491 2
261492 1
261701 3
261702 3
261706 2
261739 1
261752 4
261754 4
261769 1
261791 4
261797 1
261798 1
261799 2
261895 5
261899 5
263701 5
263702 6
263720 5
263746 2
263760 6
263770 1
263771 1
263799 2
263898 5
263899 1
264701 11
264703 11
264706 11
264710 3
264733 14
264791 3
265750 1
266701 2
266702 3
266796 1
266799 1
266898 2
266899 1
268721 1
268799 6
269101 13
269102 13
269111 4
269200 29
269201 32
269202 32
269340 3
269430 3
269452 1
269462 3
269470 4
269491 3
269493 1
301221 171
301233 197
301241 136
301254 60
301723 1
301899 4
303210 77
303221 157
303232 74
303262 58
303706 2
303709 10
303712 5
303713 5
303726 4
303735 3
303736 3
303769 2
303792 1
303883 2
303891 4
303893 4
303897 1
303898 2
303899 7
305202 64
310331 8
311352 74
311700 3
311701 2
311704 2
311721 2
311789 1
311792 2
311794 1
311891 2
311892 1
311893 2
311898 5
312700 1
312701 3
312704 1
312792 3
312799 3
317795 1
317883 2
318322 5
318351 74
320332 4
320342 132
320351 74
320701 3
320702 2
320704 2
320706 1
320711 1
320712 1
320714 2
320789 3
320791 2
320801 1
320802 1
320891 1
321224 163
321232 115
321242 135
321251 62
321371 24
321700 8
321701 6
321702 6
321708 1
321898 1
321899 1
323331 8
324701 3
324702 3
324703 3
324704 3
324707 3
324710 1
324711 1
324712 1
324714 1
324715 1
324799 1
328310 8
328313 6
330110 241
330111 241
346791 1
346891 3
346893 2
347891 11
351100 232
351200 239
351201 67
351301 5
351321 5
351331 3
351390 2
351441 2
351442 2
351451 3
351466 3
351489 12
351740 3
351760 3
351799 1
352103 35
352301 7
352311 12
352321 10
352323 8
352390 1
352422 3
352490 3
352499 1
352712 10
352721 11
352743 5
352791 10
352792 7
352793 6
352799 1
352821 5
352832 6
352842 6
352891 6
352899 2
353210 1
353301 6
353311 4
353390 2
353418 2
353421 2
353431 3
353451 4
353498 1
353711 4
353741 3
353751 4
353762 1
353769 4
353781 3
353799 1
353897 1
354311 2
356100 206
356101 29
356102 25
356202 58
356210 406
356212 58
356261 6
356303 6
356304 2
356390 1
356411 6
356416 3
356499 1
356725 7
356732 1
356734 1
356741 1
356743 1
356745 2
356751 4
356779 6
356784 1
356789 3
356791 5
356898 1
357101 75
357110 11
357210 205
357322 4
357325 1
357417 3
357441 4
357491 4
357701 3
357710 3
357711 3
357732 3
357761 2
357782 6
357783 3
357799 2
359201 1
359202 249
359203 45
359204 7
359210 6
359311 2
359390 1
359409 1
359421 1
359465 1
359701 3
359702 1
359704 6
359705 6
359713 2
359753 4
359797 1
359892 2
359899 2
360100 77
360400 1
360403 1
360423 1
360460 1
360709 4
360761 5
360772 2
360791 2
360799 2
360897 4
360898 7
361210 130
361214 3
361301 3
361351 5
361390 2
361442 3
361453 1
361461 5
361471 3
361497 2
361499 1
361712 1
361733 3
361743 4
361754 4
361789 1
361791 3
361792 1
361799 1
361899 1
362211 144
362722 1
363210 123
365321 2
365322 3
365324 1
365421 2
366701 1
366703 1
366706 1
366722 1
366789 1
366792 3
366895 1
368200 36
368701 8
368703 8
368720 15
368741 6
368751 14
400110 93
400190 316
400290 2
401382 74
401799 1
401811 2
401812 2
401821 1
401851 2
401854 1
401872 1
402701 1
402702 1
402712 1
402727 1
403382 75
403701 4
405712 3
405713 1
405732 3
405761 3
405763 1
405781 3
405783 3
405799 1
406385 77
406395 74
407713 5
407723 5
407731 5
407753 5
407755 3
407781 5
407783 3
408701 5
408703 1
408704 5
408761 6
408763 1
408797 1
409281 61
409292 61
411281 60
411291 60
413701 5
414853 1
414855 3
414862 1
414864 1
414895 1
414896 3
415291 59
415383 74
415711 13
415712 42
415713 42
420281 60
421281 61
421291 60
421385 75
421395 75
421811 7
421812 7
421813 7
421827 3
421828 3
421831 7
421861 7
421863 3
421892 3
422711 29
422712 8
422713 5
423382 77
423701 1
423707 2
427798 13
427891 1
427897 1
428111 64
428382 74
429711 5
429731 9
429781 5
429801 5
429811 4
429831 5
429851 5
429853 4
430712 10
430714 10
430751 10
430781 10
452779 2
452799 2
455898 4
455899 9
460100 125
461100 114
461435 1
461472 1
461514 1
461523 2
461799 1
462130 99
462151 125
462405 1
462409 1
462445 1
462541 1
462543 1
462584 1
462701 8
462704 9
462705 6
462706 8
462715 8
462791 8
462799 1
463251 135
463311 131
463331 130
463341 130
463353 130
463402 124
463433 126
463455 127
463491 50
463503 1
463513 2
463545 3
463556 1
463571 1
463581 1
463593 1
463701 1
463702 1
463703 1
463724 1
463799 1
464301 135
464311 129
464341 129
464401 123
464413 123
464441 124
464443 76
464444 76
464445 47
464491 76
464502 1
464582 1
501301 5
501302 5
501702 1
504302 4
506303 5
506361 2
508203 79
508303 4
508732 3
508791 3
510100 66
510201 79
510202 78
510713 4
510716 6
510719 3
510721 3
510799 3
510897 1
510898 4
512303 5
513111 72
513114 72
513223 64
513224 64
513283 65
513315 4
513324 3
513328 3
513340 9
513363 5
513371 8
513411 2
513429 2
513445 2
513450 2
513471 2
513703 3
513707 3
513709 3
513716 16
513756 3
514211 50
514241 50
514261 50
514317 6
514323 4
514341 5
514343 4
514381 2
514383 5
514451 1
514799 3
515201 76
515250 76
515306 1
515310 1
515334 1
515361 1
515364 1
515370 1
515373 1
515799 1
516101 6
516102 1
518770 2
518773 1
518791 1
520713 5
520799 5
551312 1
552216 105
552217 100
552222 64
553311 1
554312 1
554391 1
555391 1
555725 3
555730 3
555731 3
555732 3
555799 2
556412 1
556742 6
556747 6
556748 6
556752 4
556753 7
558749 2
558752 6
558757 6
558758 2
561313 1
561314 1
561743 10
561744 10
561799 5
562101 156
562211 77
562700 58
562702 16
562703 46
562708 54
562709 11
562711 10
562715 44
563701 5
563714 1
564746 1
564747 1
564748 1
564754 1
566824 17
566828 17
566830 17
566831 5
566899 19
568718 3
568719 3
569717 3
569719 3
570701 5
570734 5
570799 1
571116 46
571151 36
601201 61
601302 22
601341 2
601344 2
601345 2
601351 3
601422 2
601452 4
601453 4
601456 1
601731 9
601758 9
601765 8
601789 1
601791 5
601799 5
601842 1
601891 1
601898 1
601899 1
602100 74
602102 159
602103 12
602111 58
602201 27
602211 46
602315 4
602317 2
602321 2
602322 2
602431 4
602432 2
602441 4
602464 4
602496 5
602497 5
602731 5
602761 5
603211 60
603321 3
603322 3
603351 11
603421 1
603441 1
603471 1
603496 1
603497 2
603711 5
603723 5
603731 5
603732 5
603891 5
604304 1
604305 1
604312 7
604313 5
604351 3
604352 9
604451 2
604711 1
604712 1
604715 9
604732 1
604811 1
604844 1
605201 62
605204 30
605301 2
605313 3
605314 15
605321 2
605322 2
605701 1
605713 2
605741 2
605745 3
605751 2
605791 2
605795 2
605799 3
605899 1
606231 14
606242 3
606244 14
606263 15
606310 3
606343 3
610101 324
610114 53
651104 2
651105 55
651107 58
651109 59
651120 59
651210 58
651232 58
651311 53
651312 53
651315 53
651316 53
651390 52
651393 52
653702 8
653703 10
653799 6
653898 5
653899 7
676700 26
676701 26
676702 26
676703 26
676704 26
701100 1
701101 484
701104 3
701181 5
701183 268
701201 210
701205 14
701211 222
701243 6
701281 88
701313 7
701321 8
701331 8
701341 2
701344 8
701700 6
701701 6
701710 6
701711 6
701714 72
701715 58
701721 14
701740 6
701741 6
701751 2
701791 9
701792 9
702100 4
702101 47
702205 480
702211 71
702213 10
702312 266
702316 3
702317 3
702341 3
702351 3
702701 14
702702 92
702710 13
702711 14
702718 23
702741 23
702742 23
702751 13
702752 13
702755 3
702791 20
702890 1
703103 898
703109 2
703131 1
703191 8
703202 42
703243 190
703244 10
703305 4
703308 3
703309 4
703310 3
703322 97
703323 1
703330 9
703331 5
703391 2
703404 1
703412 2
703447 2
703454 3
703498 2
703701 72
703702 73
703711 15
703740 72
703747 46
703771 31
703772 31
703791 31
703797 31
703831 1
703890 1
705191 207
705211 94
705311 150
705329 5
705331 5
705332 18
705342 4
705351 12
705431 5
705438 11
705440 4
705441 2
705442 22
705444 9
705461 3
705493 4
705499 1
705711 20
705712 20
705721 20
705722 14
705727 13
705743 20
705766 5
705768 13
705770 12
705778 12
705779 10
705783 8
705784 13
705792 13
705797 1
705890 1
706100 6
709811 1
709812 1
709814 2
709815 1
709899 1
751100 956
751101 279
751102 77
751103 18
751104 9
751105 2
751106 229
751202 8
751209 92
751301 66
751302 52
751303 2
751304 3
751305 7
751308 92
751309 21
751321 1
751326 3
751330 8
751345 3
751401 4
751403 4
751405 10
751407 18
751408 7
751409 2
751417 2
751418 3
751419 4
751422 5
751428 19
751440 4
751441 2
751443 1
751447 3
751451 5
751701 35
751702 35
751703 19
751704 12
751705 18
751706 30
751708 7
751712 17
751716 3
751724 7
751725 12
751726 12
751727 9
751729 11
751730 17
751734 5
751744 14
751752 4
751799 3
801100 140
801105 4
801106 4
801107 103
801113 103
801201 162
801211 69
801214 1
801225 70
801235 61
801317 73
801321 66
801331 73
801333 64
801336 68
801381 4
801413 5
801421 4
801452 5
801471 5
801481 6
801591 1
801707 1
801710 11
801711 12
801716 1
801719 1
801724 2
801736 5
801750 3
801761 5
801764 6
801789 4
801791 1
801796 1
801799 3
803121 21
803123 21
803211 20
803231 19
804111 4
804121 4
804201 2
804211 2
804221 2
804231 2
851100 291
851102 205
851104 258
851105 263
851108 257
851200 6
851201 119
851202 152
851204 111
851205 44
851211 258
851273 81
851305 143
851309 21
851313 5
851343 7
851344 2
851345 2
851351 3
851360 23
851362 1
851367 2
851372 3
851375 10
851400 16
851404 5
851406 18
851407 5
851411 2
851449 2
851468 1
851701 5
851702 10
851704 5
851707 5
851708 5
851713 4
851715 5
851717 3
851722 4
851789 4
888102 2
888111 1
888147 2
888701 7
888702 7
888703 7
888744 7
888891 1
901709 11
901710 11
901792 19
901799 10
902899 2
903799 1
905700 12
905792 1
905793 1
905897 1
905899 2
910701 1
910702 1
910703 1
910704 1
910705 1
910708 1
910709 1
910792 1
916897 2
918715 2
951100 302
951101 97
951102 92
951104 67
951111 67
951125 66
951203 66
951212 4
951215 3
951301 2
951302 3
951323 1
951331 1
951344 4
951345 4
951348 2
951352 4
951411 3
951413 1
951492 2
951494 1
951497 2
951499 2
952700 12
952701 12
952702 12
952703 12
952704 12
952721 4
952763 4
952792 4
952798 2
952799 2
952801 3
952802 3
952803 3
952821 3
952898 3
952899 2
953103 15
953111 313
953211 16
953212 38
953233 35
953261 40
953321 3
953322 2
953331 2
953361 40
953391 5
953420 5
953421 4
953463 4
953494 4
953499 3
953701 3
953702 3
953771 4
953791 4
954100 123
954140 122
954141 1
954245 83
954246 83
954260 83
954270 81
954311 7
954312 7
954320 9
954323 3
954343 2
954370 9
954374 8
954389 2
954412 1
954413 1
954462 1
954471 1
954491 2
954498 1
955101 16
