018301,801100,1
357101,571113,2
177427,177485,1
011369,357101,2
026101,255300,1
463556,463581,50
328313,513363,71
513315,513340,72
323331,513328,71
951323,951331,28
254436,356101,1
202231,353497,1
057213,203209,2
461471,461472,2
514442,514453,49
514453,514475,50
551491,551492,76
551492,557433,76
557433,561491,76
603441,603495,23
064424,400110,1
177468,179402,1
179402,179403,7
126334,126338,1
004499,017210,1
001212,001354,2
057133,751100,6
100308,100498,26
057420,057426,31
114425,176100,2
208272,602100,1
209461,209463,18
207106,251363,1
254325,510100,4
261434,269462,3
176100,254325,1
207106,255438,1
602100,851100,1
207106,255499,1
252421,356101,1
252455,356101,1
307401,310401,1
310401,314401,1
676700,676701,21
057305,208263,2
057135,211319,9
013110,211315,1
464543,464582,78
464541,464544,78
463504,463558,78
463558,464542,78
463402,464413,131
463311,464443,4
463491,464401,52
463455,464445,80
464445,464491,81
503402,505402,77
505402,507402,77
507402,509402,77
509402,512402,77
508207,510417,38
510417,510418,77
514425,514466,3
301233,321232,123
513224,513283,64
305202,552222,64
551492,554493,82
554493,554494,82
554494,557433,82
552291,554392,96
554392,561312,86
211317,601453,2
601452,705211,2
208272,751303,11
206172,751407,18
021203,801382,1
751305,751330,27
177426,177463,9
140104,177330,1
177430,179403,7
177426,356102,1
177464,177465,2
177401,177448,1
177468,177481,1
177414,177448,3
177405,515101,1
057130,103271,3
002489,008314,1
001291,020101,2
011353,011486,1
004309,013207,4
011486,014304,1
013207,013313,1
019442,357101,3
001318,021101,1
008417,357110,2
001230,751100,5
017101,057127,2
100498,206100,1
100308,206100,1
176220,705444,2
001250,176100,1
127312,201114,6
064418,100501,9
100489,103271,1
059413,061307,5
059413,061224,6
061224,061307,2
057305,057428,1
052357,100501,1
061306,105336,1
061106,104437,1
112201,112405,1
112301,112314,22
112405,112413,17
071419,160341,1
152313,152343,2
203337,209461,3
203477,356100,4
203337,211317,37
203323,203332,56
203308,203327,55
202438,202443,5
202103,210425,1
057126,057136,3
214414,214415,27
065310,206281,2
255460,259192,3
259192,356102,3
255462,259192,4
255471,255492,3
252283,255330,5
057305,255359,1
255432,259201,2
206362,254441,3
254302,703103,3
254471,610114,2
013110,254441,4
254372,751100,1
013110,206362,1
261343,610114,3
103271,269462,2
206261,751100,1
203167,255437,1
252325,252327,2
254459,254461,2
050106,368487,1
211319,356102,2
127100,211319,2
201115,211319,1
206181,359311,1
406385,406395,64
311352,318351,64
320351,403382,63
463311,464341,121
463331,463353,120
061306,463455,2
321242,463353,1
206107,320342,1
463353,464401,1
502311,510417,13
510415,512312,25
510411,510417,26
502211,510415,18
504302,506303,90
501301,501302,91
515334,515364,64
301233,303232,52
514381,514383,51
514397,514453,1
514211,514261,56
561312,561391,43
552291,555393,80
555393,556391,38
556391,561312,38
557433,561312,1
561312,561491,1
551491,557433,1
321224,552216,104
554392,555393,10
555393,555394,50
555394,556391,10
556391,561391,10
357101,601453,1
018111,601462,1
601453,604313,11
203209,601453,2
211319,605446,2
651311,651312,55
705492,705499,53
057132,705411,1
357101,701455,1
356101,703404,2
705444,751405,1
751401,751421,17
001210,751301,1
610114,751330,1
208383,851411,1
128100,801471,3
803331,803401,1
013207,851462,4
061306,851411,1
001311,201100,1
851360,851411,16
013305,851411,1
019206,851411,1
001310,851404,5
013207,851375,2
013317,851411,1
019206,126326,1
177426,357101,1
177362,177404,10
177393,177446,4
177465,177481,16
177215,177404,2
177430,177481,1
177430,177465,1
951352,951451,6
951353,951451,10
951353,951354,9
951212,951345,36
954449,954471,2
954491,954491,13
954491,954492,7
954449,954491,5
954464,954498,1
206171,851100,11
953420,953421,20
953321,953361,1
676705,676714,1
676714,676716,1
001353,018113,4
001315,851305,1
001318,202101,1
006324,006425,15
014323,014401,3
013307,018113,1
001310,019211,1
006432,705437,1
008303,008324,25
008214,008422,1
008322,019303,21
057293,057410,25
100314,176100,1
052420,140104,1
064430,100222,1
061106,101103,1
107333,117415,1
013207,105304,1
106125,106321,8
106231,106321,5
106321,205105,2
106124,462130,2
106125,106231,1
061306,114327,1
061223,114313,1
114345,114416,15
114313,114343,17
114334,114345,10
011100,018111,1
057132,057133,6
159231,159305,13
203207,203288,81
203288,211317,3
203337,209361,11
006203,203308,2
203327,357101,1
203308,356102,1
203327,356102,3
057213,203308,1
203288,209361,2
215411,215495,9
214341,214430,5
211319,357101,1
001210,211315,2
204101,208263,2
050100,610114,4
203327,211319,1
013207,208343,1
203115,208343,1
252302,259109,1
206261,254372,3
256271,256281,2
207115,703103,1
206162,252286,67
176100,255251,1
009103,255321,1
314893,314898,1
140104,354311,7
211319,353312,6
356312,356361,1
140104,359301,5
365421,365428,6
203209,352332,3
057136,206108,1
401382,415383,63
421385,421395,63
403382,423382,63
411281,420281,61
301254,321251,61
321251,403382,1
401857,401884,2
401884,408704,2
303210,510201,81
206101,504302,1
515201,515334,1
514335,514343,49
514341,514397,49
514317,514323,49
555394,561312,40
555393,561312,2
211317,601345,62
203209,203229,215
211317,357101,7
357101,601345,6
203229,211317,1
211319,602317,52
602317,604305,48
201100,602321,3
203229,356102,6
510100,701281,11
357101,701331,3
356102,703305,3
357101,703305,1
356102,701331,1
703702,703747,1
705311,751407,12
204101,751408,5
206172,705311,2
018111,751407,1
206100,751308,3
206172,751106,1
751408,851400,3
019105,751408,1
126101,751309,1
019105,204101,1
050100,751305,2
001291,751451,2
206171,208272,2
804331,804332,4
851212,851360,10
851262,851305,3
019106,208101,1
026102,201114,3
705444,851306,2
021203,851212,1
126215,951100,4
026101,126215,13
127314,357101,1
177281,177330,33
177465,179403,8
177481,179403,5
177481,179402,2
177481,703330,3
177330,356101,3
177362,357110,2
177281,356101,3
951344,951348,34
951352,951354,13
951124,951344,1
954471,954491,2
011151,953322,2
001230,057133,2
003191,018111,2
001212,050103,1
057126,851305,2
101201,176101,1
013207,014270,1
008213,019221,26
029703,029790,2
011768,011770,2
055713,055734,2
001210,154104,2
105203,106121,20
105203,105337,1
112101,114332,53
112201,112423,1
159203,208270,83
030101,152301,1
009103,206111,1
074100,206111,2
203207,203229,1
203229,203288,1
050100,203206,1
154104,207213,1
203209,361214,13
202791,202873,1
206736,206789,1
217775,217781,1
215788,215792,1
206100,259103,1
057213,357101,1
255215,259103,3
203167,205275,1
203167,357110,1
261769,261791,1
255739,255786,2
204764,270711,4
270791,961731,5
961731,961792,1
264701,264741,1
255722,255770,20
261706,261791,1
255786,255786,1
312708,312792,1
140104,215205,5
215206,356100,2
415291,421281,60
421281,421291,60
408708,408763,4
421863,421892,9
421828,422713,9
408704,412761,1
430716,430753,7
430753,430783,7
430783,430799,7
321224,562211,76
012200,215208,1
071416,203229,5
006203,203229,2
057135,203209,1
057135,203229,1
203206,610114,1
701101,703322,3
019101,703243,1
705727,705762,29
705762,705767,29
705767,705768,29
705768,705772,29
705772,705778,29
705778,705779,28
705779,705784,28
705784,705792,29
705792,705797,1
703702,703711,43
703711,703747,40
703747,703797,43
703711,703740,3
703740,703747,3
702725,703702,65
703702,703791,65
703791,703797,65
702717,702725,50
702718,702742,10
702742,702756,10
702757,702791,10
705778,705784,1
201100,751202,3
154104,751301,2
201114,851251,2
050111,851273,1
127203,140104,1
002191,127207,1
011153,021101,2
201115,357101,2
177215,357110,4
178732,178776,2
057129,103271,2
951102,957213,2
050104,851100,1
510100,954310,1
176100,954310,1
960121,960212,24
960212,960231,24
953212,953261,35
954100,955102,157
679802,679804,5
888231,888341,1
888744,888782,3
907701,907710,10
030101,159100,2
050103,176101,7
014270,140104,35
013103,057133,6
013103,057132,1
013103,751100,1
018103,140104,36
159100,751100,2
029701,029711,4
057205,057284,40
054810,055771,4
055771,071736,6
063702,063704,18
053770,055771,5
101100,140104,275
140104,210100,4
050103,101201,3
011100,101113,1
112103,112108,43
159701,159723,3
167703,167711,10
154711,169701,2
159801,160725,1
140104,203115,932
140104,168101,2
168101,203115,2
202103,204111,76
201111,203111,32
203743,203879,5
206783,219731,1
209731,230751,1
202873,213714,1
140104,203107,1
203107,205103,1
259108,261216,2
264701,264707,10
264707,264741,10
253717,253732,3
057127,205100,1
057127,126101,1
311701,311704,2
303712,303735,5
324701,324704,1
324702,324707,1
332881,332885,1
109100,751101,2
140104,353100,2
203115,356101,8
203115,353100,69
203115,211100,77
140104,356101,4
055701,352712,16
352311,352791,5
352832,352842,7
140104,207135,65
202146,261111,1
202146,359202,1
408704,408705,10
422711,422713,60
401761,401792,6
401792,408704,6
401702,422711,6
405712,405753,9
405753,405794,9
407725,422711,9
421712,421713,20
421717,422711,20
426701,426761,6
408704,408761,4
405712,405761,3
405761,405783,3
421812,421813,14
421813,421831,14
421831,421861,8
429711,429781,4
407713,407723,2
407753,422711,2
415903,415981,4
421831,421951,6
401811,401812,3
127100,203173,1
203173,357101,2
513111,513114,75
301233,514161,70
520714,520716,6
510716,510721,6
201111,202143,1
601758,601765,8
605791,605795,1
605741,605751,1
201114,703103,2
702702,705711,34
705711,705712,34
705712,705721,34
705721,705743,34
701714,702701,32
702701,702702,32
702702,703701,91
703701,703740,91
703740,705722,91
701714,702702,59
705722,705723,59
702710,702751,15
702751,702752,15
003191,751106,1
801707,801711,3
011251,126101,1
127100,571113,155
951102,951103,109
676701,676702,20
676702,676703,20
676703,676704,20
679800,679802,5
627712,627732,3
888702,888703,9
888703,888705,8
888705,888744,8
266723,266792,2
910703,910709,6
906703,906789,5
906789,906789,5
