001101 2
001102 1
001111 13
001113 5
001201 0
001202 1
001210 22
001211 28
001212 6
001218 8
001230 3
001231 14
001235 10
001250 19
001281 28
001291 23
001293 33
001310 9
001311 13
001312 13
001315 16
001318 5
001320 10
001321 11
001323 21
001330 19
001341 38
001342 38
001353 12
001354 6
001361 36
001362 38
001381 33
001410 36
001415 25
001418 7
001421 10
001422 36
001423 33
001425 38
001443 28
001444 33
001445 26
001447 35
001461 35
001464 15
001467 33
001473 25
002101 7
002110 28
002191 25
002192 25
002201 28
002211 33
002221 15
002250 38
002301 35
002333 15
002351 25
002361 28
002365 36
002372 28
002401 7
002441 33
002466 33
002473 10
002489 38
003101 35
003191 4
003201 20
003216 17
003271 36
003313 33
003314 28
003320 25
003331 36
003349 38
003367 10
003414 7
003421 33
003436 15
003489 20
004101 35
004241 10
004282 33
004301 25
004302 25
004303 35
004309 33
004324 17
004351 10
004430 10
004432 16
004462 33
004473 15
004475 17
004483 17
004499 18
004714 25
004716 28
004720 7
005301 15
006103 7
006115 33
006126 36
006143 17
006203 17
006206 38
006212 25
006226 25
006241 33
006242 33
006253 35
006303 38
006307 35
006321 36
006324 10
006325 33
006326 38
006330 36
006331 33
006332 33
006338 10
006341 18
006344 10
006346 36
006355 25
006404 33
006425 10
006426 25
006427 25
006428 38
006429 10
006432 25
006433 10
006443 28
006448 25
006454 10
006460 7
006470 7
008213 36
008214 10
008215 25
008216 36
008218 16
008220 33
008230 17
008232 30
008303 28
008312 19
008313 10
008314 38
008315 22
008316 38
008317 25
008321 36
008322 10
008324 28
008325 35
008326 10
008351 18
008352 17
008401 7
008411 36
008413 4
008417 35
008422 10
008423 33
008424 38
008443 36
008449 15
008456 38
009103 23
009105 33
009212 36
009230 25
009231 10
009304 33
009326 10
009328 38
009333 17
009336 15
009341 25
009345 28
009425 25
009426 35
009428 33
009431 38
009439 17
009440 33
009445 25
009469 41
009478 7
009489 41
011100 4
011151 38
011152 17
011153 5
011251 31
011257 35
011259 35
011269 36
011276 15
011353 18
011356 36
011358 20
011362 25
011363 10
011369 17
011374 38
011459 10
011461 35
011464 33
011479 38
011480 15
011486 18
011701 7
011704 25
011705 28
011706 10
011707 7
011708 28
011713 10
011714 28
011751 7
011768 25
011770 25
011791 7
012100 38
012173 7
012200 39
012271 36
012272 38
012273 15
012276 7
012371 17
012475 10
013103 3
013110 22
013201 7
013203 14
013204 19
013206 18
013207 33
013209 10
013217 15
013301 11
013302 29
013303 41
013304 21
013305 10
013306 16
013307 12
013313 33
013317 10
013321 25
013326 15
013329 38
013330 35
013335 36
013337 20
013338 10
013413 25
013420 21
013421 36
013422 35
013426 41
013427 17
013433 28
013435 17
013453 6
013455 31
013704 15
013714 20
013722 18
013724 17
013726 17
013732 20
013738 17
013776 17
014210 36
014211 33
014270 33
014301 25
014302 10
014304 18
014308 35
014310 33
014311 38
014322 17
014323 38
014324 36
014325 25
014370 25
014371 10
014380 15
014381 17
014382 15
014390 35
014401 38
014402 36
014403 17
014404 33
014410 36
014421 10
014471 15
014481 10
014482 17
014485 15
014499 35
015101 28
015102 36
016101 7
016102 36
016232 33
017101 31
017102 10
017111 17
017112 33
017201 35
017210 18
018103 33
018111 4
018113 12
018114 17
018125 35
018203 33
018211 10
018213 38
018231 36
018235 35
018271 38
018301 35
018321 33
018325 33
018331 25
018335 25
018341 17
018351 15
018353 38
018371 10
018373 36
018421 28
018433 36
018435 25
018436 36
018438 17
018441 10
018451 10
018465 38
018467 38
018471 15
018495 35
019101 12
019102 35
019103 22
019105 24
019106 23
019108 35
019111 10
019203 35
019205 7
019206 10
019208 25
019211 9
019221 36
019303 10
019311 17
019331 25
019361 33
019371 28
019372 10
019373 21
019381 15
019411 28
019442 17
019471 38
019473 35
019490 18
020101 23
020102 20
020211 28
020212 18
020231 21
020232 20
020251 35
020311 25
020321 33
020333 38
020341 17
020362 38
020363 7
020412 35
020421 7
020481 10
020491 36
021101 5
021102 25
021203 10
021204 20
021270 18
022724 10
023706 18
023707 20
023708 17
023717 17
023718 17
023734 18
023735 15
023736 20
023737 20
023791 15
024700 41
024710 10
024721 25
024731 10
024738 25
024751 33
025103 7
025109 38
025201 33
025204 15
025207 10
025208 25
025310 10
025322 36
025370 36
025411 17
025420 38
025422 33
025480 35
025490 25
026101 30
026102 26
026111 15
026112 12
026201 33
026231 33
026271 25
028713 18
028724 17
028732 20
029701 10
029702 10
029703 25
029711 10
029735 40
029790 25
030101 3
033765 17
033789 20
050100 29
050103 6
050104 8
050106 41
050111 9
050121 17
050141 40
051300 10
051302 35
051304 35
051306 15
051310 20
051313 15
051412 33
051418 25
051421 15
051423 17
052201 25
052202 10
052314 15
052350 35
052352 36
052357 34
052400 33
052417 41
052419 25
052420 33
052421 33
052441 38
052443 18
052445 15
052447 10
052466 17
052720 17
052725 15
053712 40
053713 25
053770 10
054213 25
054810 10
054870 25
055701 7
055703 41
055704 10
055705 25
055706 25
055707 17
055713 7
055733 40
055734 7
055741 17
055743 41
055757 28
055771 10
055797 20
055798 15
055800 17
057121 34
057122 41
057123 41
057125 31
057126 16
057127 31
057128 16
057129 37
057130 37
057131 33
057132 3
057133 3
057134 40
057135 17
057136 16
057137 35
057138 38
057139 27
057140 28
057201 35
057205 18
057213 17
057215 41
057274 28
057279 17
057283 15
057284 18
057285 30
057288 7
057293 10
057294 10
057296 35
057300 28
057302 17
057305 24
057316 33
057324 33
057351 33
057366 10
057403 7
057404 18
057405 33
057410 10
057411 15
057416 10
057420 25
057425 41
057426 25
057428 24
057450 10
059413 10
059419 40
061106 28
061201 28
061223 25
061224 10
061306 10
061307 10
061309 25
061312 10
061313 25
061317 7
061401 7
061403 40
061404 39
061407 41
061430 20
062200 17
062210 41
062320 25
062341 15
062342 15
062343 38
062344 38
062345 20
062346 10
062360 36
062380 15
062411 15
062452 18
062460 25
062470 40
062722 17
062770 15
063101 35
063201 26
063702 15
063703 15
063704 15
063710 17
063718 20
063732 18
063741 15
063804 15
063813 17
063850 15
064201 10
064204 28
064206 20
064207 17
064231 10
064232 28
064251 10
064252 17
064271 41
064272 28
064273 33
064281 36
064291 7
064301 17
064303 25
064331 35
064392 35
064410 26
064412 41
064413 17
064415 39
064417 41
064418 34
064419 15
064421 39
064422 15
064423 25
064424 41
064430 23
064474 20
064490 33
064712 40
064713 35
064715 35
064720 17
064721 15
064726 41
065210 25
065212 28
065310 34
065320 35
065332 26
065421 28
065434 28
065436 10
065437 10
065438 25
065701 25
065702 10
065706 10
065707 7
065726 35
065794 28
066221 10
066323 38
066410 33
066414 7
066416 28
066421 10
066425 7
066751 17
066752 15
066755 15
067202 41
067303 25
067311 10
067372 15
067373 10
067432 20
069700 17
069712 20
070100 35
070200 41
070201 40
070303 17
070304 38
070308 35
070400 25
070401 36
070403 17
070404 35
070410 10
070411 25
070413 36
070414 33
070415 28
070416 17
070711 17
070720 18
070721 20
070725 15
070726 20
070727 17
070731 18
070740 15
070741 20
070792 17
070799 15
071411 15
071412 10
071413 36
071414 25
071415 17
071416 17
071417 18
071418 20
071419 38
071420 17
071422 35
071423 18
071424 20
071425 30
071426 35
071711 10
071712 17
071713 25
071715 28
071722 17
071730 15
071736 10
071737 28
071738 35
071811 35
072701 17
072711 35
072721 15
073489 36
073498 17
073711 7
073721 28
073770 28
074100 23
074101 19
074406 41
074414 41
076312 10
076314 33
076414 38
076425 38
076426 10
076427 15
076428 10
076429 17
076430 41
076444 40
076466 41
077422 41
078444 29
078454 38
079169 17
079220 18
079264 25
079371 39
079445 18
079467 18
088700 15
088708 17
088801 20
091700 41
091791 20
091800 33
099100 33
099101 15
099102 39
100102 36
100103 28
100104 20
100105 7
100106 7
100107 10
100108 10
100109 16
100110 19
100111 21
100112 24
100202 41
100203 25
100204 17
100205 10
100206 10
100207 15
100208 33
100209 7
100211 35
100212 10
100213 20
100214 13
100218 38
100219 33
100220 41
100221 10
100222 23
100225 36
100226 35
100228 9
100229 11
100230 12
100231 32
100233 18
100302 10
100304 34
100306 14
100307 33
100308 32
100309 36
100310 33
100311 26
100312 27
100313 8
100314 19
100400 11
100401 28
100489 37
100498 32
100500 18
100501 34
101100 33
101103 28
101105 15
101113 4
101114 8
101201 6
101205 33
101211 41
101221 30
101231 40
101315 7
101400 41
101405 26
103112 15
103191 10
103221 41
103225 40
103251 25
103262 15
103271 37
103311 17
103323 35
103372 35
103391 25
103392 41
103393 33
103422 40
103432 25
103491 38
104200 17
104201 35
104205 40
104300 25
104301 36
104325 10
104333 17
104335 40
104340 41
104410 33
104424 18
104437 28
104440 40
104475 17
104480 40
104495 15
105100 10
105101 10
105203 10
105304 33
105334 25
105336 10
105337 10
105500 33
105598 41
106117 41
106121 10
106123 40
106124 40
106125 28
106212 41
106223 10
106225 40
106228 40
106229 40
106231 28
106321 28
106428 41
106430 40
107211 22
107212 40
107213 28
107223 41
107225 25
107227 28
107229 41
107230 40
107329 25
107333 40
107334 40
107335 40
107340 10
107342 10
107439 10
107498 40
107722 25
108322 10
109100 14
109115 35
109118 38
109119 36
110101 35
110201 7
110220 3
110224 10
110232 40
110250 28
110251 41
110270 41
110340 41
110342 10
110352 41
110431 25
112101 10
112102 25
112103 10
112104 41
112105 10
112108 10
112110 7
112201 25
112203 40
112213 41
112300 40
112301 10
112312 7
112314 10
112401 28
112402 40
112405 25
112407 10
112411 41
112412 7
112413 25
112423 25
114101 41
114103 41
114104 28
114203 11
114204 25
114231 28
114305 7
114313 25
114316 41
114321 7
114323 9
114325 40
114327 10
114332 10
114334 28
114341 40
114343 25
114345 28
114406 10
114410 25
114416 28
114425 19
115200 41
115300 28
115301 41
115302 40
115711 18
115712 17
115713 20
115714 15
115715 18
115716 20
115720 20
115721 15
115724 20
116200 15
116301 25
116302 40
116400 41
117101 40
117204 25
117205 41
117206 33
117311 10
117415 40
119721 33
119735 25
119736 25
119789 35
119790 40
119793 10
126101 31
126211 35
126215 30
126216 15
126321 10
126326 10
126327 25
126330 41
126333 25
126334 35
126338 35
126359 40
126428 38
126432 33
126443 36
126445 15
126446 28
126499 32
127100 17
127101 12
127203 33
127204 10
127206 7
127207 25
127303 25
127312 26
127314 17
127315 33
127316 10
127320 36
127326 15
127329 28
127337 36
127413 35
127711 25
127717 28
127718 7
127719 40
127722 20
127727 25
127728 17
127789 28
128100 7
128101 24
128202 33
128203 7
128204 36
128307 22
128309 37
128325 28
128334 38
128352 38
128354 36
128355 15
128403 35
128701 10
128710 25
128730 7
128734 17
128740 28
128762 15
128789 40
130702 41
130721 40
130789 41
140103 40
140104 33
152101 15
152201 36
152211 5
152232 38
152241 33
152301 3
152302 7
152312 38
152313 40
152321 24
152332 15
152343 40
152351 10
152422 33
152431 41
153499 40
153712 28
153721 10
153732 10
153743 7
154100 15
154104 22
154108 41
154111 33
154130 25
154141 14
154151 27
154231 25
154261 10
154262 7
154281 14
154311 10
154330 16
154340 25
154351 15
154352 15
154353 17
154371 17
154375 33
154377 18
154382 10
154384 15
154388 25
154389 15
154433 15
154443 25
154455 35
154457 7
154471 17
154475 15
154477 20
154481 10
154482 38
154488 17
154489 25
154493 33
154494 15
154499 41
154701 41
154711 10
154714 28
154723 28
154733 10
154735 33
155713 41
155735 25
155796 25
156702 28
156716 7
156789 25
156791 28
159100 3
159101 11
159151 28
159203 33
159221 35
159231 25
159301 25
159302 38
159303 10
159304 38
159305 25
159311 28
159332 33
159333 15
159334 36
159351 17
159356 36
159361 35
159362 38
159401 25
159403 17
159411 10
159412 35
159431 36
159443 17
159454 41
159490 15
159701 7
159723 7
159746 25
159761 10
159801 25
160341 38
160725 25
160747 28
164200 10
164341 36
166701 41
166711 25
166721 7
166741 7
166751 28
166761 25
166789 28
166791 28
167703 20
167705 20
167706 17
167709 17
167711 20
167789 17
168100 21
168101 33
168221 15
168222 17
168313 40
168410 25
168700 25
168750 28
169701 10
169703 7
169801 28
171711 17
171712 17
171761 20
173701 28
173791 10
175335 40
176100 19
176101 6
176104 15
176211 15
176220 11
177103 16
177214 30
177215 35
177216 36
177217 8
177242 36
177281 33
177283 18
177285 33
177301 7
177321 38
177330 33
177336 7
177341 33
177361 25
177362 35
177393 10
177401 36
177404 35
177405 40
177414 36
177425 33
177426 17
177427 18
177430 15
177431 25
177434 25
177446 10
177447 18
177448 36
177450 28
177463 17
177464 15
177465 15
177467 38
177468 15
177469 33
177481 15
177485 18
177494 20
178701 18
178702 17
178704 20
178717 17
178732 20
178746 18
178757 20
178771 20
178776 20
178789 15
179402 15
179403 15
179406 15
201100 13
201110 11
201111 13
201114 26
201115 17
201116 25
201117 36
201190 25
201711 10
202100 38
202101 5
202103 35
202141 7
202142 39
202143 13
202145 10
202146 41
202184 28
202231 10
202260 36
202305 28
202310 10
202311 7
202321 7
202332 7
202334 28
202342 38
202353 25
202361 35
202371 10
202410 28
202434 36
202438 38
202443 38
202473 10
202474 33
202477 25
202481 7
202491 40
202495 41
202737 25
202764 10
202765 38
202773 7
202776 7
202782 35
202783 7
202790 40
202791 40
202792 40
202802 7
202833 33
202844 35
202847 33
202848 41
202873 40
202890 41
202891 41
202892 41
202893 41
203100 10
203103 28
203107 33
203111 13
203115 33
203116 40
203119 41
203151 17
203157 15
203162 12
203167 35
203171 10
203173 17
203192 36
203201 33
203203 33
203204 38
203206 29
203207 17
203208 39
203209 17
203222 36
203226 21
203228 41
203229 17
203231 7
203235 35
203236 38
203241 15
203255 25
203286 39
203288 17
203300 35
203303 10
203308 17
203315 25
203323 7
203324 28
203327 17
203331 35
203332 7
203333 33
203337 17
203351 40
203352 28
203399 41
203405 25
203406 17
203414 28
203423 7
203431 10
203434 33
203458 35
203471 38
203475 36
203477 15
203498 40
203705 17
203709 25
203713 15
203714 25
203716 38
203722 28
203723 25
203732 38
203736 33
203739 28
203743 10
203751 33
203753 36
203803 35
203807 38
203814 33
203821 7
203828 35
203879 10
203889 33
204101 24
204111 35
204123 10
204202 17
204211 10
204216 10
204217 15
204219 25
204231 15
204251 33
204321 25
204325 36
204335 10
204341 38
204361 33
204363 10
204365 36
204381 10
204383 17
204431 35
204432 15
204435 38
204442 36
204451 35
204452 10
204453 17
204471 10
204712 35
204721 17
204725 17
204732 38
204735 35
204764 15
204789 17
204791 17
204798 17
204891 38
205100 31
205103 33
205104 10
205105 28
205235 33
205239 25
205275 35
205303 25
205337 10
205355 38
205361 36
205393 9
205415 7
205417 15
205421 38
205441 28
205461 35
205464 10
205475 33
205479 17
205483 36
205486 25
205495 40
205496 38
205783 35
205791 41
205805 33
206100 32
206101 7
206103 16
206104 25
206107 7
206108 16
206111 23
206112 14
206113 25
206161 21
206162 9
206171 8
206172 4
206181 28
206191 17
206203 10
206207 36
206211 33
206216 38
206217 10
206254 15
206261 3
206267 25
206281 34
206300 15
206321 7
206324 36
206325 36
206327 17
206328 25
206331 35
206335 33
206336 10
206341 25
206355 38
206362 22
206370 28
206381 17
206390 14
206412 33
206432 10
206436 7
206437 35
206441 25
206455 38
206457 35
206466 33
206470 36
206474 28
206704 7
206705 38
206707 35
206713 33
206717 18
206720 28
206721 10
206726 38
206728 25
206729 17
206730 10
206735 7
206736 17
206737 7
206738 7
206739 36
206743 35
206745 28
206751 10
206753 10
206766 35
206783 36
206785 36
206789 17
206791 25
206794 10
206795 25
206797 7
206798 7
206831 10
206891 10
206892 33
206997 38
206998 33
207100 17
207103 25
207105 5
207106 36
207107 6
207109 35
207110 35
207115 26
207117 19
207123 9
207131 14
207135 33
207164 36
207171 21
207173 8
207174 27
207183 36
207187 28
207203 38
207205 38
207208 33
207213 22
207308 7
207310 10
207313 37
207323 25
207348 41
207401 25
207403 10
207405 15
207406 28
207411 25
207413 25
207416 17
207419 10
207422 33
207436 35
207438 40
207449 15
207455 38
207458 36
207463 38
207464 17
207481 41
207701 36
207703 35
207705 38
207711 33
207741 33
207743 35
207775 28
207777 7
207781 38
207785 15
207791 40
207792 40
207808 17
207846 36
207868 35
207891 40
207892 40
207893 40
208101 23
208140 35
208150 37
208250 36
208251 7
208263 24
208270 33
208271 21
208272 8
208280 38
208321 33
208329 17
208343 33
208348 35
208370 7
208383 10
208425 25
208439 35
208440 15
208469 10
208711 36
208737 25
208760 35
208761 28
208770 33
208871 7
208872 33
209201 36
209211 7
209251 18
209301 25
209302 15
209303 10
209311 33
209322 38
209331 33
209351 33
209358 28
209361 17
209368 39
209371 10
209375 28
209401 7
209403 10
209411 25
209413 38
209415 15
209423 35
209424 28
209427 17
209442 7
209443 25
209451 25
209453 38
209461 17
209463 17
209471 35
209473 28
209475 17
209483 33
209485 17
209498 40
209701 35
209703 38
209705 28
209707 41
209709 35
209711 33
209713 35
209715 10
209721 28
209722 10
209723 10
209731 10
209751 35
209752 36
209771 25
209773 7
209779 36
209781 33
209783 33
209785 35
210100 33
210201 33
210202 35
210204 10
210275 32
210343 7
210351 38
210375 15
210383 28
210424 17
210425 35
210433 33
210434 10
210436 25
210445 38
210453 41
210454 25
210464 38
210465 35
210485 10
210496 40
210703 38
210704 33
210705 40
210707 15
210723 41
210731 33
210732 15
210733 36
210743 35
210782 25
210785 7
210791 40
210792 40
210891 40
210892 40
210893 40
211100 33
211311 36
211315 22
211317 17
211319 17
211399 40
211413 38
211440 36
211442 25
211443 10
211495 41
211702 10
211889 38
212703 33
213201 25
213706 33
213707 35
213711 10
213714 40
213718 41
213891 10
213892 10
213893 10
214100 38
214261 33
214312 28
214341 35
214381 38
214401 36
214411 33
214414 41
214415 41
214421 25
214430 35
214441 17
214445 10
215205 33
215206 15
215207 7
215208 39
215301 25
215302 35
215381 28
215385 28
215386 35
215411 41
215412 25
215421 41
215422 39
215423 25
215424 35
215431 33
215471 7
215475 7
215476 41
215481 10
215485 10
215486 17
215495 41
215496 40
215497 10
215734 10
215744 38
215752 40
215761 33
215762 25
215782 33
215785 28
215788 41
215790 41
215791 41
215792 41
215794 33
215891 41
215892 41
215893 41
215894 41
216703 15
216721 33
216781 35
217701 36
217703 33
217707 35
217717 25
217726 36
217734 33
217751 28
217761 7
217775 10
217781 10
217789 17
217791 40
217792 40
217891 40
217892 40
217893 40
218100 25
218101 10
218233 33
218235 38
218321 36
218323 7
218351 33
218471 33
218474 7
218475 38
218483 28
218486 35
218495 41
219720 33
219731 36
219751 15
219761 10
219789 33
219791 17
219792 10
220701 28
220703 15
223711 33
223721 10
223731 35
225701 33
225703 36
225705 38
225708 10
225720 18
225743 28
225748 7
225791 40
226701 33
226702 41
226704 38
226705 25
226706 10
226709 17
226710 38
226711 15
226791 40
226792 40
226803 17
226807 25
226891 40
226892 40
226893 40
229123 7
229323 15
229352 17
229711 17
229789 10
230751 10
230752 25
230753 7
230796 41
251101 10
251211 6
251213 15
251216 35
251261 41
251281 14
251312 7
251313 35
251333 7
251334 40
251361 11
251363 36
251371 33
251372 14
251373 28
251374 28
251383 41
251384 35
251411 38
251418 28
251419 10
251437 35
251438 41
251439 36
251451 41
251455 25
251457 10
251461 33
251471 28
251475 40
251479 10
251701 35
251702 28
251703 7
251711 36
251714 35
251715 38
251717 33
251718 33
251728 28
251745 18
251751 10
251752 36
251757 35
251758 40
251773 17
251776 17
251783 10
251784 38
251785 28
251790 41
252180 20
252201 16
252211 10
252232 7
252282 13
252283 16
252285 6
252286 9
252301 33
252302 39
252317 12
252320 8
252322 14
252325 28
252327 28
252328 41
252330 9
252342 25
252363 38
252420 22
252421 33
252424 35
252425 10
252426 38
252427 36
252439 10
252444 10
252448 25
252450 27
252455 33
252460 41
252489 15
252498 38
252702 33
252708 17
252711 28
252716 25
252719 25
252723 28
252724 7
252725 10
252726 35
252741 38
252746 41
252747 28
252748 33
252752 35
252781 36
252785 10
252789 35
252791 38
253303 7
253314 33
253315 10
253412 33
253414 35
253415 35
253416 25
253423 36
253431 25
253432 25
253455 17
253456 38
253481 10
253701 17
253715 15
253717 35
253722 36
253731 33
253732 35
253734 17
253735 15
253736 38
253747 20
253748 33
253752 20
253754 25
254181 10
254205 41
254206 22
254211 7
254215 19
254216 13
254222 32
254231 34
254232 10
254252 37
254282 28
254302 26
254325 19
254333 27
254372 3
254373 38
254421 11
254422 25
254425 25
254426 18
254433 15
254435 10
254436 33
254438 25
254439 7
254441 22
254442 36
254444 36
254451 9
254456 17
254457 15
254458 25
254459 10
254461 10
254471 29
254473 36
254492 38
254494 38
254496 15
254700 33
254702 36
254703 40
254710 38
254711 10
254734 7
254736 35
254770 25
254777 15
254804 25
254872 28
254873 35
254875 17
255201 26
255215 32
255251 19
255290 8
255300 30
255320 4
255321 23
255330 16
255359 24
255415 15
255417 33
255420 10
255422 28
255424 38
255425 36
255430 25
255431 15
255432 11
255434 34
255437 35
255438 36
255439 35
255441 18
255447 25
255449 7
255454 7
255455 25
255460 17
255462 17
255464 33
255471 20
255492 20
255499 36
255712 20
255720 18
255722 28
255734 10
255738 18
255739 18
255750 18
255752 20
255758 18
255764 7
255766 28
255770 28
255771 40
255772 41
255786 18
255791 15
255811 10
255820 7
255830 41
255835 10
256100 33
256212 15
256271 15
256281 15
256316 35
256333 33
256373 18
256383 25
256384 15
256412 20
256415 17
256418 7
256423 28
256441 35
256457 36
256462 28
256473 33
256700 33
256711 17
256719 18
256735 17
256751 20
256761 38
256762 10
256771 10
256781 7
256782 7
256784 18
258301 10
258403 28
258405 17
259103 32
259104 6
259106 31
259107 5
259108 35
259109 39
259191 20
259192 17
259194 18
259201 11
259203 23
260312 17
260362 36
260402 15
260404 10
260413 7
260422 35
260423 10
260424 10
260434 36
260701 7
260702 10
260705 28
260709 10
260716 41
260717 28
260718 17
260772 40
261102 40
261103 40
261111 41
261200 33
261210 36
261212 27
261216 35
261217 31
261304 38
261305 36
261335 30
261336 8
261342 14
261343 29
261361 33
261405 41
261406 25
261434 37
261447 7
261456 18
261457 36
261458 20
261461 25
261469 35
261473 10
261493 17
261494 17
261497 33
261499 15
261701 41
261702 40
261706 25
261732 33
261735 7
261739 10
261746 35
261752 10
261753 20
261754 33
261762 10
261767 10
261769 25
261781 35
261791 25
261792 36
261795 36
261895 15
262481 10
262487 17
263701 10
263702 17
263720 7
263746 33
263760 38
263770 38
263771 28
264701 17
264707 17
264741 17
264789 17
266702 25
266703 40
266723 10
266732 25
266792 10
266796 40
268721 41
269101 33
269102 40
269111 40
269200 10
269201 15
269202 35
269340 35
269430 38
269452 15
269462 37
269470 25
269493 35
269494 41
269496 40
269497 20
270701 33
270702 40
270711 15
270712 17
270791 17
270792 20
301221 41
301233 7
301241 35
301251 28
301254 28
301391 41
301392 41
301723 28
303210 41
303221 28
303232 7
303233 25
303261 40
303262 40
303391 41
303709 25
303712 7
303713 28
303726 41
303735 7
303736 10
303769 10
303881 10
303883 28
304352 28
305202 41
305301 7
305491 7
305501 7
305592 7
305593 7
305691 7
305692 7
305693 33
307401 7
307402 7
307471 7
307491 7
307591 7
307601 7
307691 7
308652 20
309591 7
310331 7
310401 7
310402 7
310491 7
310492 7
310493 7
310494 7
310501 7
310591 7
310592 7
310593 7
310594 7
310595 7
310731 40
310732 40
310733 40
310734 40
310736 25
310737 25
311352 7
311391 41
311700 7
311701 10
311704 10
311705 10
311722 33
311725 25
311791 35
311891 35
311892 35
311893 35
312392 41
312491 7
312492 41
312493 28
312501 7
312591 7
312592 7
312700 41
312701 7
312704 41
312706 7
312708 10
312792 10
312801 7
312803 41
314401 7
314496 7
314501 7
314593 7
314601 7
314691 7
314701 7
314702 7
314703 7
314704 7
314705 7
314706 7
314707 7
314708 7
314709 7
314710 7
314711 7
314712 7
314714 7
314715 7
314716 7
314717 7
314718 7
314719 7
314720 7
314723 7
314724 7
314725 7
314726 7
314727 7
314799 38
314891 25
314893 10
314898 10
315512 7
315691 7
316491 7
316591 7
316691 7
317311 38
317391 41
317701 7
317702 28
317703 41
317704 28
317897 7
318322 25
318351 7
318391 41
318491 7
318492 7
318493 7
318494 7
318495 7
318771 10
319401 7
319491 7
319492 7
319501 7
319591 33
320332 41
320342 7
320351 28
320393 41
320394 41
320701 35
320702 41
320704 7
320706 33
320711 10
320712 10
320714 10
320789 41
320791 28
320801 41
320802 10
320803 33
320891 28
320893 10
321224 7
321232 7
321242 28
321251 28
321371 40
321392 41
321708 7
321709 28
321793 41
322203 35
322205 10
322251 41
322304 35
322315 7
322405 41
322406 25
322591 7
322742 28
322743 17
322789 28
322881 28
322891 28
323331 33
323491 7
323501 7
323796 25
323810 10
323820 28
323850 10
323870 41
323910 28
323920 41
323941 7
323942 41
324401 41
324402 41
324492 7
324493 7
324701 7
324702 28
324703 40
324704 7
324707 28
324710 10
324711 36
324712 17
324714 10
324715 25
324729 7
324730 10
324731 25
324732 10
324733 25
324791 41
324871 7
324872 7
324873 7
324874 7
324875 7
326691 7
327301 7
327491 7
327492 7
327493 7
327494 7
327496 7
327701 20
328310 17
328313 10
328591 7
330101 41
330110 7
330111 41
330191 35
330203 7
330209 7
330210 7
330211 7
330301 7
330307 7
330308 7
330309 7
330310 7
331301 7
331401 7
331402 7
331403 7
331404 7
331405 7
331406 7
331407 7
331408 7
331412 7
331413 7
331415 7
331416 7
331417 7
331418 7
331419 7
331420 7
331421 7
331491 7
331492 7
331493 7
331501 7
331502 7
331503 7
331504 7
331505 7
331506 7
331508 7
331510 7
331511 7
331512 7
331513 7
331514 7
331517 7
331518 7
331591 7
331592 7
331593 7
331601 7
331602 7
331691 7
331692 7
332601 7
332603 7
332604 7
332607 7
332608 7
332609 7
332881 7
332883 41
332885 7
332897 7
332898 7
333101 18
333102 39
333103 15
333104 20
333201 15
346891 25
346892 40
346893 40
351100 10
351200 35
351201 7
351202 35
351301 17
351302 15
351321 10
351331 15
351410 7
351418 15
351425 25
351441 36
351442 35
351451 33
351463 17
351466 38
351489 10
351740 10
351763 10
352103 28
352301 28
352311 25
352321 35
352323 33
352332 17
352380 40
352422 36
352431 36
352433 35
352711 7
352712 7
352721 28
352791 25
352821 10
352832 25
352842 25
353100 33
353210 25
353301 7
353303 7
353311 10
353312 17
353313 33
353418 33
353421 25
353431 38
353432 38
353451 35
353452 36
353454 35
353497 10
353498 10
353711 25
353741 10
353751 35
353752 36
353762 38
353781 10
354311 33
356100 15
356101 33
356102 17
356202 36
356210 36
356212 35
356261 25
356303 33
356304 28
356306 10
356312 35
356361 35
356411 35
356412 25
356414 15
356416 10
356432 38
356441 35
356442 35
356443 36
356498 36
356721 17
356722 10
356725 35
356751 25
356791 36
356792 38
357101 17
357110 35
357210 7
357322 38
357324 10
357325 10
357360 10
357390 39
357417 25
357441 36
357491 17
357497 40
357498 40
357701 40
357710 7
357711 35
357731 38
357732 33
357782 36
357783 33
357791 40
357792 40
359201 20
359202 41
359203 28
359204 15
359206 31
359210 25
359301 33
359305 33
359311 28
359380 35
359405 10
359409 25
359410 7
359413 35
359414 33
359421 36
359431 38
359451 7
359462 28
359464 10
359465 35
359467 38
359481 41
359483 38
359497 10
359701 33
359702 28
359704 38
359705 7
359711 33
359713 38
359722 33
359723 35
359753 10
359791 10
359873 33
359891 10
359892 10
360100 40
360210 38
360212 22
360301 7
360304 36
360400 33
360403 10
360404 25
360407 36
360411 35
360423 35
360431 38
360460 28
360470 25
360497 41
360498 36
360709 10
360751 38
360761 35
360772 25
360791 41
360792 41
361210 27
361214 17
361301 28
361321 7
361322 7
361351 11
361442 10
361453 35
361461 38
361471 15
361474 17
361712 7
361725 28
361732 25
361733 10
361743 38
361762 36
361779 15
361789 33
362711 33
362722 10
363202 25
363210 25
363402 7
363451 28
365201 10
365211 7
365222 35
365291 41
365301 25
365321 33
365322 10
365324 10
365331 7
365401 15
365421 28
365426 17
365427 38
365428 28
365431 28
365493 10
365497 35
366701 35
366703 25
366706 25
366792 17
366895 17
368200 15
368317 25
368331 28
368412 17
368416 15
368417 25
368431 35
368487 41
368701 20
368703 15
368712 17
368720 33
370701 7
370702 7
370703 7
370704 7
370705 7
370706 7
370707 7
370711 7
370712 7
370713 7
370723 7
370724 7
370726 7
370728 7
370729 7
370731 7
370732 7
370733 7
370734 7
370735 7
370737 7
370740 7
370741 7
370743 7
370745 7
370746 7
370750 7
370751 7
370799 7
400110 41
400211 36
401382 10
401401 7
401482 7
401484 25
401502 7
401601 7
401701 10
401702 28
401703 35
401705 25
401761 7
401792 7
401811 41
401812 41
401821 41
401851 7
401854 7
401857 7
401872 10
401874 25
401884 7
401951 7
402482 40
402483 40
402584 7
402592 7
402601 7
403382 28
403401 7
403502 7
403691 7
403701 41
403702 33
403711 41
403713 40
403714 7
403723 40
403724 10
403751 7
403761 7
403771 7
403772 10
403781 25
404482 7
404491 7
404582 28
404602 7
405481 41
405491 7
405501 7
405712 7
405713 25
405753 7
405755 28
405761 7
405781 41
405783 7
405794 7
406284 7
406294 7
406382 41
406384 41
406385 41
406392 41
406395 41
406401 7
406485 28
406692 7
407501 7
407671 7
407713 7
407715 7
407723 7
407725 28
407731 10
407753 28
407755 7
407781 40
407783 40
407792 40
408382 35
408402 7
408483 41
408484 7
408485 25
408486 7
408503 7
408586 28
408604 7
408605 7
408701 10
408702 10
408703 10
408704 7
408705 7
408706 7
408707 7
408708 7
408711 25
408761 7
408762 7
408763 7
408781 28
408796 10
408797 28
409281 41
409291 10
409292 40
410401 7
410482 7
410503 7
410701 25
410702 7
410711 28
410751 41
410752 28
410761 7
410762 41
410796 28
411281 7
411291 33
412582 40
412601 7
412718 25
412719 25
412720 41
412721 10
412761 7
412791 10
412792 7
413381 10
413701 40
413702 40
413703 40
413704 7
413741 40
413761 7
413791 10
413792 25
414482 35
414501 7
414602 7
414855 7
414857 33
414863 7
414896 10
414898 7
415291 10
415381 10
415383 10
415393 25
415484 28
415485 25
415502 7
415586 28
415603 7
415686 7
415704 10
415707 7
415708 7
415811 28
415812 35
415813 35
415881 33
415882 28
415883 33
415901 7
415903 7
415981 7
420281 7
420283 41
421281 10
421291 10
421383 25
421385 25
421393 25
421395 25
421402 7
421483 25
421487 28
421497 28
421503 7
421588 41
421681 7
421711 41
421712 7
421713 7
421714 10
421717 28
421753 18
421811 41
421812 7
421813 7
421827 25
421828 28
421831 7
421861 7
421863 7
421892 7
421951 7
422711 28
422712 25
422713 28
422811 10
422881 25
422882 25
423381 28
423382 28
423491 10
423581 7
423701 10
423702 10
423703 28
423704 41
423705 28
423706 28
423707 10
423750 7
423751 7
423781 10
423891 40
424582 7
424602 7
425481 41
425491 40
425501 40
425581 25
426602 7
426603 7
426671 7
426681 28
426701 7
426702 7
426703 40
426761 7
426765 7
427704 25
427721 41
427722 35
427724 25
428282 7
428382 35
428391 17
428581 28
428582 28
428591 40
428681 28
428692 40
429711 40
429781 40
429801 10
429811 10
430712 7
430714 7
430716 7
430751 7
430753 7
430769 28
430781 7
430783 7
430784 10
430799 7
460100 15
461100 25
461170 41
461471 41
461472 41
461529 41
461569 40
461791 41
462130 40
462151 41
462321 40
462431 7
462445 40
462452 7
462481 41
462482 7
462491 41
462505 10
462564 10
462581 7
462584 25
462592 25
463251 41
463311 25
463331 28
463341 33
463353 28
463402 7
463433 33
463455 10
463491 28
463503 35
463504 28
463545 38
463556 28
463558 28
463581 28
463701 7
463702 41
463703 35
463721 35
464301 10
464311 35
464341 25
464401 28
464413 7
464441 38
464443 25
464444 41
464445 10
464491 10
464501 35
464502 10
464503 25
464541 10
464542 28
464543 7
464544 10
464582 7
466141 35
501301 40
501302 40
501702 25
502211 25
502311 10
503401 7
503402 7
504302 7
504791 40
505401 7
505402 7
506303 7
506361 25
507401 7
507402 7
508203 35
508207 10
508303 33
508732 40
509401 7
509402 7
510100 19
510201 41
510202 40
510307 40
510409 28
510411 10
510412 7
510413 35
510414 15
510415 25
510416 17
510417 10
510418 10
510441 40
510713 25
510716 28
510718 28
510719 10
510721 28
512303 25
512311 40
512312 25
512401 7
512402 7
512733 40
513111 41
513114 41
513223 35
513224 25
513283 25
513315 28
513328 33
513340 28
513363 10
513371 25
513411 25
513429 10
513445 7
513450 25
513451 40
513471 28
513741 25
514161 7
514211 41
514241 40
514261 41
514317 41
514323 41
514335 7
514341 10
514343 7
514381 25
514383 25
514395 40
514397 10
514425 25
514435 7
514442 10
514451 40
514453 10
514466 25
514475 10
514791 7
515101 40
515201 33
515250 41
515310 28
515312 28
515334 33
515361 41
515364 33
515373 33
515403 15
515455 7
515481 7
515490 40
515493 41
515494 41
515496 41
515497 41
515702 7
515703 7
515704 28
515705 25
515723 7
515735 7
515736 28
515791 10
518775 10
520714 25
520716 25
551311 10
551312 7
551461 15
551491 7
551492 7
551494 7
551713 28
552216 7
552217 33
552222 41
552291 7
552294 7
553311 33
553312 33
554311 10
554312 33
554314 10
554391 28
554392 7
554491 28
554492 28
554493 7
554494 7
555311 10
555312 33
555313 25
555391 28
555393 7
555394 7
556311 40
556391 7
556412 40
557433 7
558411 10
558431 7
558432 41
558441 10
558442 28
561312 7
561313 10
561314 17
561391 7
561393 28
561394 28
561491 7
562101 10
562211 7
562491 28
562497 7
562709 25
571113 17
571115 40
571116 10
571151 17
601201 10
601231 7
601302 12
601321 33
601322 7
601341 35
601344 10
601345 17
601351 40
601353 35
601422 41
601428 41
601444 36
601452 27
601453 17
601454 41
601455 41
601456 7
601460 38
601462 4
601464 36
601469 17
601471 10
601497 40
601701 7
601702 41
601724 17
601731 35
601758 28
601765 28
601767 7
601791 41
601792 25
601842 25
601844 35
602100 8
602102 27
602103 33
602111 35
602201 41
602211 25
602315 40
602317 17
602321 13
602322 15
602361 25
602431 10
602432 7
602441 28
602464 35
602471 36
602472 36
602495 15
602497 41
602731 33
602753 41
602761 38
602769 41
602771 10
602789 7
603211 25
603321 35
603322 28
603332 35
603351 36
603352 36
603371 38
603421 10
603441 33
603452 25
603453 25
603461 36
603465 36
603471 7
603494 17
603495 33
603496 10
603711 33
603723 25
603731 33
603732 41
603799 28
603891 35
604304 10
604305 17
604312 38
604313 17
604351 33
604352 35
604412 28
604414 25
604416 15
604422 38
604441 33
604451 36
604497 39
604711 35
604712 25
604715 38
604721 35
604722 33
604731 41
604732 40
604812 33
605201 7
605203 10
605204 36
605301 33
605313 7
605314 28
605321 35
605322 15
605332 35
605341 28
605412 36
605432 33
605444 7
605445 36
605446 17
605459 38
605461 38
605476 10
605491 40
605496 41
605702 10
605713 38
605741 28
605745 35
605751 28
605791 25
605795 25
605796 25
606231 39
606242 33
606244 35
606263 25
606310 39
606343 10
606362 41
606363 40
606451 33
610102 40
610112 25
610114 29
626711 18
626712 17
627711 41
627712 7
627713 28
627732 7
627751 10
627752 28
627753 25
651100 35
651104 15
651105 35
651107 10
651109 41
651120 41
651210 7
651232 25
651311 28
651312 28
651315 41
651316 33
651393 10
653703 7
676700 17
676701 17
676702 17
676703 17
676704 17
676705 17
676714 17
676716 17
676798 17
676799 17
679800 7
679802 7
679804 7
701101 5
701181 36
701182 36
701183 23
701201 24
701211 21
701281 19
701313 9
701321 6
701331 17
701342 4
701402 13
701403 8
701425 10
701455 17
701458 15
701494 15
701700 17
701701 20
701710 20
701711 20
701714 17
701715 17
701721 17
701740 17
701741 17
701751 17
701754 17
701758 17
701791 20
701792 20
701799 17
702100 38
702101 36
702205 31
702211 16
702213 15
702312 34
702313 17
702316 36
702317 35
702318 17
702341 25
702351 27
702411 33
702416 35
702418 25
702423 28
702431 10
702701 17
702702 17
702710 17
702711 20
702717 17
702718 17
702725 17
702741 20
702742 17
702751 17
702752 17
702755 20
702756 17
702757 20
702791 20
703103 26
703131 41
703191 41
703202 9
703204 38
703243 12
703244 13
703305 17
703308 14
703309 28
703310 15
703311 35
703313 36
703322 5
703323 36
703324 32
703330 15
703331 17
703345 4
703352 10
703391 38
703404 33
703412 7
703435 28
703447 25
703454 15
703498 10
703701 17
703702 17
703711 17
703740 17
703747 17
703771 17
703772 17
703791 17
703797 17
704101 35
704141 33
704201 25
704345 15
705191 15
705211 27
705311 4
705329 24
705331 6
705351 32
705411 3
705437 25
705441 36
705442 27
705444 11
705492 10
705499 10
705711 17
705712 17
705721 17
705722 17
705723 17
705727 17
705743 17
705761 17
705762 17
705765 17
705766 17
705767 17
705768 17
705769 17
705770 17
705772 17
705778 17
705779 17
705783 17
705784 17
705792 17
705797 17
706100 20
751100 3
751101 14
751102 33
751106 4
751202 13
751209 5
751301 22
751302 19
751303 8
751304 33
751305 29
751308 32
751309 31
751321 10
751323 25
751325 17
751326 36
751327 7
751330 29
751345 33
751401 34
751403 6
751405 11
751407 4
751408 24
751413 25
751417 12
751420 38
751421 34
751422 21
751424 36
751428 35
751443 3
751451 23
751701 33
751702 38
751703 35
751704 17
751706 10
751708 28
751712 36
751718 36
751722 41
751724 7
751726 36
751751 25
801100 35
801111 10
801113 25
801201 10
801211 25
801214 10
801225 33
801235 36
801311 25
801317 10
801321 38
801324 38
801331 17
801333 10
801334 35
801335 36
801336 33
801341 40
801363 10
801382 10
801411 25
801413 10
801421 38
801451 36
801452 17
801471 7
801481 28
801591 41
801707 7
801710 28
801711 7
801714 25
801715 40
801719 10
801739 10
801750 25
801771 10
801791 35
801792 35
801801 25
801802 40
802111 25
802141 28
803121 10
803123 33
803211 25
803231 28
803300 35
803311 25
803331 33
803360 35
803370 35
803371 35
803401 33
803431 7
803471 10
803490 40
804111 25
804121 7
804201 35
804211 25
804221 33
804222 10
804231 38
804311 25
804321 38
804331 10
804332 10
804371 36
804411 25
851100 8
851104 26
851105 19
851108 23
851200 30
851201 17
851202 12
851204 36
851205 25
851211 7
851212 10
851242 35
851243 17
851251 26
851262 16
851273 9
851302 10
851305 16
851306 11
851309 18
851313 36
851331 41
851342 35
851343 33
851344 35
851345 18
851349 25
851351 25
851352 20
851354 15
851355 15
851360 10
851362 25
851363 33
851367 17
851372 41
851375 33
851376 33
851400 24
851404 9
851406 28
851407 38
851409 41
851411 10
851441 40
851446 10
851449 10
851451 10
851452 10
851462 33
851468 20
851471 25
851701 40
851702 7
851705 40
851707 41
851708 41
851711 15
851713 17
851715 17
851717 20
851722 15
851751 15
851752 20
851763 17
851767 17
851768 20
851789 18
852100 7
852101 28
852102 18
852103 25
852201 10
852202 28
852203 25
852204 41
888106 22
888151 7
888231 10
888251 15
888311 15
888341 10
888361 38
888411 35
888701 17
888702 17
888703 17
888705 17
888730 17
888733 17
888744 17
888782 17
888791 17
888792 17
888797 17
888798 17
888799 17
888891 17
888892 17
888893 17
888898 17
901701 17
901704 17
901709 17
901791 17
901792 17
901799 17
902707 10
902708 33
903789 7
905700 28
906700 17
906702 17
906703 17
906760 17
906761 17
906763 17
906789 17
906790 17
906798 17
907701 15
907703 18
907705 20
907709 17
907710 15
907791 20
908701 17
908702 15
908703 17
908712 20
908713 15
908714 18
908719 15
908721 17
908723 17
908733 20
908791 17
908792 15
908793 15
909701 20
909703 15
910701 17
910702 15
910703 10
910704 41
910705 28
910708 40
910709 10
910724 25
910738 10
910792 28
911701 20
911705 17
911711 20
911712 20
911713 20
911714 20
911715 17
911716 17
911717 17
911718 20
911789 20
911791 20
914732 39
915743 20
915752 18
918712 15
918713 17
918715 15
918716 20
924701 17
924702 15
924703 20
950701 35
950702 15
950703 39
950714 15
950715 17
950722 33
950733 17
950798 35
950801 39
950803 15
950804 41
951100 30
951101 33
951102 25
951103 25
951104 10
951106 38
951107 40
951111 28
951124 10
951125 10
951203 36
951212 25
951215 25
951301 33
951302 38
951323 25
951331 25
951344 10
951345 25
951348 10
951352 7
951353 7
951354 7
951411 35
951413 41
951451 7
951497 10
951499 7
952721 10
952804 10
953100 10
953103 7
953211 28
953212 10
953233 28
953261 10
953321 15
953322 38
953331 7
953361 15
953420 33
953421 33
953464 10
953494 17
953701 10
953702 17
953771 15
953782 20
953785 17
953790 40
954100 21
954140 7
954143 28
954170 25
954230 38
954231 29
954240 28
954244 5
954246 9
954248 28
954310 19
954326 33
954347 10
954365 17
954370 6
954374 38
954410 35
954412 36
954413 25
954416 22
954424 10
954426 17
954443 25
954449 28
954462 33
954464 10
954471 28
954477 12
954491 28
954492 28
954493 25
954498 10
955102 21
955103 13
955104 29
957106 25
957107 38
957211 25
957213 25
958111 10
958112 25
958201 35
958202 7
958221 10
958222 7
958225 7
958261 40
958332 25
958373 36
958481 36
960121 7
960212 7
960231 7
961701 41
961731 17
961792 17
