001101 38
001102 1
001111 36
001113 40
001201 40
001202 27
001210 1
001212 2
001218 6
001230 35
001231 11
001250 29
001291 31
001293 37
001310 6
001311 4
001312 40
001315 13
001318 14
001320 39
001321 7
001323 8
001330 11
001342 36
001353 35
001354 40
001362 1
001410 5
001415 36
001418 31
001421 5
001422 33
001423 4
001425 35
001443 37
001444 34
001445 30
001447 2
001461 40
001464 41
001473 33
002101 37
002110 35
002191 39
002192 0
002201 37
002211 32
002221 0
002250 3
002301 39
002333 8
002351 9
002365 41
002372 35
002401 36
002441 37
002473 35
002489 39
003101 37
003191 39
003201 37
003314 39
003320 1
003331 34
003349 36
003367 35
003414 0
003421 2
003436 37
004101 6
004241 32
004301 4
004303 30
004309 31
004324 34
004351 6
004432 33
004473 37
004475 8
004499 37
004714 33
004716 32
004720 31
006103 27
006126 10
006203 11
006206 36
006212 37
006226 9
006242 6
006253 5
006303 32
006307 8
006324 6
006326 35
006330 39
006331 6
006332 34
006344 9
006346 41
006355 0
006425 37
006427 1
006432 37
006433 37
006443 4
006448 30
006460 5
006470 2
008213 3
008214 35
008215 39
008218 3
008220 31
008232 36
008303 4
008312 33
008314 0
008315 1
008316 35
008317 30
008321 41
008322 7
008324 33
008325 36
008326 0
008351 2
008352 6
008401 0
008411 34
008413 5
008417 39
008422 6
008424 35
008449 31
008456 39
009103 31
009105 36
009212 2
009230 11
009231 6
009304 33
009326 37
009333 41
009336 35
009341 3
009345 3
009425 34
009426 36
009428 37
009431 2
009439 5
009469 1
009478 0
011100 2
011151 36
011152 29
011153 36
011251 4
011257 33
011259 39
011269 23
011276 8
011353 28
011356 4
011358 14
011362 10
011369 34
011374 0
011459 30
011461 1
011464 37
011480 35
011486 32
011701 33
011704 32
011705 33
011713 31
011714 30
011751 32
011768 35
011770 31
012100 39
012173 13
012200 32
012271 5
012272 3
012273 2
012276 39
012371 2
012475 1
013103 24
013110 6
013203 36
013204 8
013206 9
013207 5
013217 41
013301 39
013302 7
013303 38
013304 6
013305 6
013306 40
013307 3
013313 35
013317 39
013326 1
013329 36
013330 1
013335 7
013338 0
013420 37
013421 39
013422 41
013427 36
013433 1
013435 34
013453 0
013455 0
013704 33
013714 32
013722 31
013724 30
013726 33
014210 39
014270 7
014302 5
014304 41
014310 4
014311 35
014322 2
014323 30
014325 3
014370 5
014371 8
014380 1
014382 37
014390 35
014401 4
014402 36
014403 28
014410 5
014421 31
014482 2
014499 34
015101 10
015102 33
016101 33
016232 34
017101 33
017102 1
017111 35
017201 1
017210 33
018103 2
018111 7
018113 39
018125 1
018203 2
018211 35
018213 34
018231 39
018235 0
018271 36
018301 34
018325 40
018335 1
018341 37
018351 2
018353 0
018371 35
018421 33
018433 0
018435 34
018436 32
018438 41
018441 35
018451 32
018465 35
018467 39
018471 37
018495 36
019101 37
019103 35
019105 34
019106 3
019108 33
019111 32
019203 5
019205 0
019206 39
019208 39
019211 4
019221 35
019303 8
019311 41
019331 9
019361 6
019373 37
019381 1
019411 39
019442 36
019471 1
019473 0
019490 5
020101 22
020102 11
020211 41
020231 4
020311 12
020321 11
020333 6
020341 37
020362 31
020363 5
020412 9
020421 7
020481 6
020491 39
021101 8
021102 39
021203 0
021204 40
021270 3
025204 34
025207 2
025208 0
025322 8
025370 3
025420 2
025480 5
025490 4
026101 33
026102 3
026111 41
026112 7
026201 0
026271 37
029701 33
029703 35
029711 32
029735 33
029790 32
030101 2
033765 33
033789 32
050100 4
050103 25
050104 35
050106 13
050111 9
050121 4
050141 2
051302 10
051304 41
051306 39
051310 40
051313 2
051418 36
052201 1
052202 0
052352 35
052357 37
052420 33
052441 4
052443 0
052445 3
052447 2
052466 39
053712 33
053713 33
053770 32
054810 33
054870 32
055701 33
055703 32
055704 33
055706 31
055707 30
055713 32
055733 31
055734 30
055757 29
055771 0
055797 29
057121 25
057123 31
057125 0
057126 26
057127 9
057128 5
057129 13
057130 27
057131 33
057132 0
057133 9
057134 27
057135 39
057136 8
057137 7
057138 32
057139 37
057140 33
057201 33
057205 29
057213 22
057215 32
057274 30
057284 32
057285 31
057288 30
057293 8
057294 31
057296 28
057300 4
057302 30
057305 16
057316 29
057351 27
057366 0
057403 35
057404 33
057405 31
057410 39
057411 35
057420 3
057426 1
057428 29
059413 4
059419 2
061106 39
061201 3
061223 3
061224 5
061306 34
061307 37
061317 32
061403 33
061404 1
061407 7
061430 33
062200 39
062210 35
062343 34
062411 33
062452 32
062460 31
062470 31
063201 0
063702 33
063704 32
063710 31
064204 37
064232 39
064251 3
064252 39
064303 35
064331 39
064392 33
064412 1
064418 4
064423 0
064424 38
064430 4
064474 35
064490 34
065210 3
065212 2
065310 5
065320 39
065332 4
065421 1
065436 3
065437 2
065438 0
066221 33
066323 2
066410 0
066414 35
066416 3
066421 1
066425 4
067202 0
067303 5
067311 2
067372 1
067373 3
067432 5
069712 33
070200 0
070304 30
070403 32
070404 36
070410 37
070411 1
070416 0
070711 33
070720 32
070721 31
070740 30
070741 32
070799 31
071411 30
071412 33
071413 1
071415 5
071416 27
071418 39
071419 36
071422 3
071423 2
071425 40
071712 35
071715 33
071730 32
071736 31
071738 30
071811 33
073711 39
073721 35
073770 35
074100 37
074101 33
074414 3
076425 4
076427 2
076430 3
076444 0
076466 1
078444 39
078454 36
079169 37
079220 35
079264 0
091700 1
091800 1
099100 3
099101 33
099102 7
100102 3
100109 5
100110 36
100111 41
100112 35
100207 3
100213 0
100214 7
100220 9
100222 6
100225 5
100228 41
100229 34
100230 6
100231 36
100233 1
100306 2
100307 0
100308 37
100309 39
100310 35
100311 31
100312 8
100313 41
100314 36
100489 32
100498 41
100501 34
101100 10
101103 4
101105 0
101113 6
101114 6
101201 24
101211 1
101221 11
101315 5
101400 41
101405 37
103112 5
103191 35
103225 8
103251 3
103271 5
103311 7
103372 0
103391 6
103392 5
103393 4
103422 5
103432 3
103491 2
104200 35
104201 39
104300 41
104301 3
104325 0
104333 1
104410 2
104424 2
104437 1
104440 0
104475 37
104495 4
105100 0
105203 6
105304 0
105334 3
105336 4
105337 0
105500 36
105598 2
106117 34
106121 0
106123 0
106124 35
106125 0
106212 34
106223 39
106225 34
106228 2
106229 34
106231 35
106321 4
106428 32
107211 40
107212 36
107223 39
107227 3
107229 6
107329 5
107333 39
107334 39
107335 41
107439 2
107498 33
109100 9
109115 3
109118 3
109119 2
110101 39
110201 3
110220 0
110250 41
110251 5
110270 41
110340 41
110342 39
110352 4
112101 5
112102 37
112103 35
112104 34
112108 33
112110 36
112201 2
112203 37
112213 3
112300 0
112301 39
112314 2
112401 32
112405 37
112407 4
112411 3
112412 35
112413 1
112423 35
114101 1
114103 7
114104 0
114203 6
114305 3
114313 36
114321 33
114323 39
114325 2
114327 4
114332 39
114334 0
114343 1
114345 32
114406 1
114416 37
114425 30
115200 39
115300 3
115301 36
115302 1
115711 33
115712 6
115713 35
115714 5
115715 6
115721 39
115724 5
116301 37
116302 35
116400 0
117101 3
117204 39
117205 41
117206 0
117311 2
117415 0
119721 7
119735 35
119789 6
119793 5
126101 12
126211 32
126215 8
126216 4
126321 5
126326 34
126333 41
126334 32
126338 1
126428 14
126432 4
126443 12
126446 0
126499 1
127100 26
127101 11
127203 34
127204 28
127207 33
127303 29
127312 36
127314 27
127315 39
127316 28
127326 31
127337 26
127711 7
127717 33
127718 6
127719 5
127727 35
127728 34
128100 29
128101 37
128202 30
128203 32
128204 4
128307 9
128309 1
128325 40
128334 2
128354 41
128355 4
128403 34
128701 8
128710 7
128730 6
128740 5
128762 7
128789 6
140103 1
140104 30
152101 0
152201 4
152211 5
152241 1
152301 0
152302 3
152312 0
152313 33
152321 39
152332 4
152343 3
152351 35
152422 1
152431 5
153712 5
153721 33
153743 32
154104 26
154108 5
154141 4
154151 3
154231 4
154261 9
154262 37
154281 3
154311 34
154330 33
154353 6
154375 36
154377 35
154384 0
154388 8
154443 2
154455 39
154457 30
154477 2
154481 32
154488 35
154493 37
154494 1
154499 0
154701 35
154711 7
154735 34
156702 6
156716 5
159100 28
159101 10
159151 1
159203 41
159221 33
159231 4
159301 35
159303 6
159304 0
159305 32
159311 2
159332 30
159356 9
159361 29
159362 28
159403 9
159411 39
159431 34
159443 6
159454 3
159490 2
159701 33
159723 39
159746 35
159761 32
159801 34
160341 32
160725 35
164200 8
164341 37
166701 35
166711 6
166741 5
166789 5
167703 6
167705 5
167711 5
168100 37
168101 0
168221 0
168222 2
168700 6
168750 5
169701 0
169801 5
173701 35
175335 0
176100 5
176101 28
176104 5
176220 32
177103 33
177214 11
177215 31
177216 3
177217 36
177281 30
177283 6
177285 0
177321 37
177330 29
177341 3
177362 37
177393 12
177401 3
177404 1
177405 34
177414 7
177426 31
177427 28
177430 6
177434 35
177446 32
177448 37
177450 4
177463 2
177464 0
177465 41
177467 5
177468 1
177481 9
177485 8
177494 39
178717 9
178732 8
178746 7
178776 6
178789 5
179402 0
179403 10
201100 27
201110 1
201111 22
201114 37
201115 15
201116 14
201117 6
201190 35
202100 0
202101 36
202103 32
202141 15
202142 14
202143 40
202145 34
202146 33
202184 2
202231 6
202260 37
202305 9
202311 35
202332 2
202334 4
202342 40
202361 0
202371 1
202438 1
202443 6
202473 3
202474 5
202477 4
202481 7
202491 6
202495 36
202765 33
202776 5
202782 32
202791 35
202792 5
202833 0
202848 35
202873 36
202891 5
202892 5
202893 32
203100 3
203103 2
203107 35
203111 24
203115 31
203116 3
203119 35
203151 34
203157 35
203162 7
203167 2
203171 40
203173 33
203201 5
203203 5
203204 1
203206 10
203207 27
203208 34
203209 14
203222 2
203226 15
203228 41
203229 22
203231 35
203235 35
203236 2
203241 8
203255 37
203286 31
203288 28
203303 31
203308 30
203315 33
203323 0
203324 34
203327 27
203331 35
203332 28
203333 10
203337 41
203351 37
203352 1
203399 4
203405 2
203406 36
203414 12
203423 36
203431 9
203434 41
203458 3
203471 40
203475 39
203477 39
203498 1
203705 36
203709 5
203714 2
203716 35
203722 6
203736 5
203743 35
203753 39
203807 33
203821 5
203828 2
203879 1
203889 5
204101 10
204111 4
204123 4
204202 11
204211 5
204216 8
204231 41
204251 34
204321 2
204325 40
204335 8
204341 31
204361 35
204365 36
204381 23
204383 7
204432 6
204435 35
204442 2
204451 29
204452 39
204453 1
204471 3
204712 7
204721 6
204732 5
204764 39
205100 3
205103 6
205104 3
205105 0
205235 41
205239 37
205275 13
205303 1
205337 10
205355 3
205393 6
205415 39
205421 8
205461 33
205464 5
205475 37
205479 0
205483 36
205486 1
205495 35
205496 3
205783 33
205791 2
205805 35
206100 36
206101 1
206103 5
206104 17
206107 5
206108 39
206111 29
206112 34
206113 2
206161 37
206162 12
206171 27
206172 21
206181 37
206191 39
206203 33
206207 2
206211 31
206216 28
206217 1
206261 28
206267 11
206281 26
206300 35
206321 30
206324 41
206325 33
206327 37
206328 40
206331 1
206336 32
206341 0
206355 6
206362 0
206370 1
206381 40
206390 34
206412 37
206436 33
206437 7
206441 32
206455 0
206474 36
206704 5
206707 6
206713 5
206720 35
206721 5
206730 5
206736 7
206738 37
206739 39
206743 39
206753 1
206766 9
206783 37
206789 6
206791 35
206794 5
206795 35
206797 5
206798 32
206831 5
206891 32
206997 35
206998 32
207100 39
207103 37
207105 33
207106 34
207107 36
207109 27
207115 0
207117 3
207123 39
207131 4
207135 32
207164 39
207171 36
207173 37
207174 2
207183 41
207187 7
207203 5
207205 37
207208 1
207213 2
207308 35
207310 0
207313 33
207323 3
207348 36
207401 37
207403 0
207406 34
207416 39
207419 2
207422 2
207436 37
207438 41
207701 8
207703 7
207705 6
207711 5
207741 5
207743 5
207791 35
207792 5
207892 35
208101 7
208140 5
208150 5
208250 37
208251 2
208263 30
208270 3
208271 8
208272 3
208280 2
208321 0
208329 29
208343 35
208348 2
208370 0
208383 13
208425 26
208439 6
208440 41
208469 39
208711 6
208760 5
208761 35
208770 33
208871 6
208872 5
209201 33
209251 41
209301 30
209302 6
209303 31
209331 37
209351 37
209358 36
209361 32
209368 29
209375 3
209403 33
209442 31
209451 6
209453 5
209461 3
209463 2
209471 39
209483 34
209485 30
209498 1
209703 6
209705 35
209707 34
209709 33
209711 6
209713 5
209722 5
209731 35
209771 39
209773 37
209779 2
209785 1
210100 37
210201 0
210202 3
210204 6
210275 2
210343 6
210351 2
210375 35
210383 1
210425 5
210433 36
210434 7
210453 36
210465 5
210485 0
210496 4
210703 8
210704 7
210705 6
210707 5
210723 5
210731 1
210732 0
210792 3
210893 6
211100 16
211311 12
211315 36
211317 31
211319 8
211399 2
211413 0
211440 39
211442 36
211443 34
211495 1
211702 35
211889 34
212703 34
213201 6
213714 5
213892 6
214100 3
214261 11
214312 37
214341 41
214381 39
214401 5
214411 31
214414 33
214415 0
214421 35
214430 3
214441 39
214445 34
215205 28
215206 25
215207 34
215208 33
215301 39
215302 5
215381 0
215411 32
215431 37
215471 41
215481 3
215495 35
215496 34
215497 40
215734 5
215762 6
215785 33
215788 1
215792 35
215794 32
215891 5
215892 5
215893 35
215894 5
217701 8
217703 7
217707 6
217717 5
217734 5
217751 5
217775 3
217781 39
217792 2
217893 6
218100 37
218101 4
218233 3
218235 2
218321 37
218323 34
218351 32
218471 33
218475 34
218483 39
218486 32
218495 35
219720 33
219731 36
219751 1
219792 39
225701 8
225703 7
225705 6
225720 5
226701 39
226705 5
226706 6
226709 35
226710 2
226791 5
226792 6
226807 1
226891 5
226892 35
226893 5
229123 3
229323 32
229352 1
229711 2
230751 8
230752 7
230753 6
230796 5
251211 10
251213 1
251261 33
251281 5
251312 27
251313 9
251333 35
251334 36
251361 26
251363 30
251371 5
251372 10
251374 5
251384 37
251411 8
251418 2
251437 4
251438 3
251451 34
251455 35
251457 39
251461 6
251475 9
251479 2
251701 7
251702 6
251703 35
251711 8
251714 7
251715 6
251717 5
251718 1
251745 5
251751 35
251752 34
251757 33
251758 36
251773 7
251783 6
251785 5
251790 39
252201 36
252211 9
252232 8
252282 13
252283 5
252285 25
252286 29
252301 34
252302 40
252317 7
252320 35
252322 27
252325 25
252327 12
252330 1
252342 30
252363 4
252420 36
252421 35
252424 7
252425 6
252426 34
252427 0
252444 2
252450 41
252455 5
252460 35
252489 3
252498 37
252702 5
252708 9
252723 6
252724 8
252741 35
252748 33
252781 7
252785 6
252789 5
252791 5
253303 39
253314 3
253315 36
253432 0
253455 7
253456 36
253481 36
253701 5
253715 5
253717 35
253722 4
253731 3
253732 2
253734 6
253735 36
253736 39
253748 37
253752 5
253754 1
254181 6
254205 41
254206 39
254211 0
254215 1
254216 1
254222 2
254231 0
254232 5
254252 36
254282 40
254302 34
254325 10
254333 30
254372 33
254421 26
254425 37
254426 36
254435 37
254436 6
254438 5
254439 2
254441 11
254442 37
254451 35
254456 39
254457 7
254458 2
254459 5
254461 3
254471 27
254473 37
254492 36
254494 39
254700 39
254702 6
254703 33
254710 32
254711 5
254734 35
254770 6
254777 34
254804 34
254875 5
255201 4
255215 14
255251 36
255290 26
255300 9
255320 10
255321 30
255330 33
255359 8
255415 4
255417 4
255420 34
255422 3
255424 15
255430 6
255432 10
255434 2
255437 12
255438 7
255439 29
255441 8
255447 37
255449 11
255454 3
255460 14
255462 39
255464 13
255471 41
255492 0
255499 5
255712 1
255720 7
255722 35
255734 35
255739 39
255750 34
255764 39
255766 1
255770 37
255771 2
255772 36
255786 1
255791 36
255830 32
256100 25
256212 4
256271 7
256281 2
256316 8
256333 0
256373 34
256383 4
256412 3
256415 33
256441 35
256457 37
256462 1
256473 32
256700 35
256735 6
256761 33
256762 32
256782 5
259103 27
259104 41
259106 6
259107 11
259108 32
259109 35
259191 3
259192 40
259194 0
259201 29
259203 39
260312 41
260404 41
260413 40
260424 39
260434 39
260717 7
260772 6
261103 35
261111 41
261200 0
261210 39
261212 36
261216 4
261217 3
261304 34
261305 39
261335 35
261336 27
261342 30
261343 33
261361 1
261405 1
261406 0
261434 30
261447 5
261456 39
261457 6
261458 32
261461 0
261469 8
261494 36
261497 40
261499 2
261701 39
261702 35
261706 33
261732 5
261735 2
261739 5
261753 1
261754 1
261767 5
261769 5
261791 0
263701 35
263702 33
263720 5
263746 32
263760 31
263771 39
264701 33
264707 5
264741 31
266703 5
266723 33
266792 32
268721 36
269101 35
269102 34
269200 34
269201 2
269202 39
269340 5
269430 9
269462 35
269470 1
269497 2
270701 5
270702 35
270711 6
270791 5
270792 5
301221 41
301233 7
301241 5
301254 12
303210 41
303221 39
303232 1
303262 7
303709 36
303712 7
303713 6
303726 5
303735 35
303736 1
305202 5
307401 7
310331 34
310401 6
311352 6
311700 35
311701 6
311704 5
311722 8
311725 7
311891 32
311892 5
311893 5
312708 7
312792 6
314401 5
314799 32
314893 6
314898 5
317701 35
317702 34
317703 33
318322 35
318351 35
320332 6
320342 4
320351 5
320702 7
320791 6
320893 6
321224 35
321232 2
321242 0
321251 1
321371 35
323331 33
324701 9
324702 8
324703 7
324704 6
324707 5
324710 9
324711 8
324712 7
324715 6
328310 32
328313 37
330110 41
330111 40
330191 39
332881 6
332885 5
332897 32
346893 32
351100 9
351201 33
351202 3
351301 0
351321 3
351331 2
351410 4
351441 2
351442 1
351451 39
351463 3
351466 37
351763 35
352301 0
352311 8
352321 33
352323 7
352332 37
352380 5
352422 5
352431 39
352712 7
352721 6
352791 5
352821 5
352832 7
352842 6
353100 39
353301 3
353303 37
353312 35
353421 2
353431 3
353451 35
353452 37
353454 34
353497 39
353498 1
353711 37
353741 2
353751 1
353752 1
353762 35
354311 7
356100 35
356101 0
356102 6
356202 6
356210 34
356212 5
356303 3
356304 34
356306 41
356312 1
356361 39
356412 0
356414 39
356416 39
356432 34
356441 1
356442 37
356443 2
356722 35
356725 1
356751 5
356791 4
357101 7
357110 10
357210 5
357322 36
357324 34
357360 37
357390 39
357417 36
357441 35
357491 35
357497 5
357701 6
357710 5
357731 4
357782 1
357783 39
357792 5
359202 41
359203 1
359204 40
359206 36
359301 6
359311 0
359405 39
359409 37
359410 4
359413 6
359414 0
359421 9
359431 5
359451 2
359481 1
359483 35
359497 41
359701 35
359702 2
359705 34
359713 33
359722 4
359723 35
359791 1
359873 5
359891 4
360100 2
360210 32
360212 37
360400 6
360404 37
360407 5
360411 0
360431 36
360460 34
360470 0
360497 1
360751 39
360761 33
361210 4
361214 5
361301 35
361321 37
361351 34
361453 4
361461 36
361471 6
361712 35
361725 4
361732 1
363210 37
365222 41
365301 2
365321 35
365331 34
365401 39
365421 33
365427 34
365428 32
365493 1
365497 35
368200 2
368317 6
368331 36
368412 0
368416 3
368487 37
400110 41
400211 34
401382 34
401701 9
401702 8
401703 7
401761 6
401792 5
401811 6
401812 5
401857 6
401874 5
401884 4
401951 4
403382 33
403701 4
405712 35
405713 5
405753 5
405761 33
405781 32
405783 31
405794 4
406385 32
406395 31
407713 8
407715 8
407723 7
407725 7
407731 6
407753 5
407755 5
407781 4
407783 4
407792 4
408701 6
408703 7
408704 3
408705 35
408708 6
408761 5
408763 5
408797 4
409281 11
409292 10
411281 9
411291 8
412718 35
412720 33
412761 34
412791 32
413701 33
414855 35
414857 5
414896 33
414898 4
415291 7
415383 30
415903 35
415981 33
420281 6
421281 5
421291 4
421385 29
421395 28
421711 9
421712 8
421713 7
421714 6
421717 5
421811 33
421812 32
421813 35
421827 7
421828 6
421831 34
421861 31
421863 5
421892 4
421951 0
422711 41
422712 3
422713 1
423382 27
426701 1
426703 5
426761 0
426765 4
428382 26
429711 35
429781 33
429801 32
429811 39
430716 9
430753 8
430769 7
430783 6
430784 5
430799 4
461100 11
461170 0
461471 39
461472 35
461529 39
462130 2
463251 6
463311 39
463331 33
463341 35
463353 41
463402 1
463433 7
463455 6
463491 35
463503 6
463504 0
463545 1
463556 0
463558 5
463581 5
463701 35
463702 33
463703 32
464301 3
464311 2
464341 0
464401 33
464413 0
464441 5
464443 32
464444 4
464445 3
464491 2
464501 3
464502 2
464503 6
464541 39
464542 37
464543 2
464544 4
464582 41
466141 9
501301 2
501302 5
501702 4
502211 30
502311 39
503402 6
504302 35
505402 3
506303 4
506361 33
507402 5
508203 8
508207 39
508303 3
508732 5
509402 4
510100 2
510201 33
510202 35
510307 2
510411 36
510414 0
510415 34
510416 31
510417 33
510418 35
510713 33
510716 32
510719 31
510721 30
512303 7
512312 1
512402 32
513111 0
513114 41
513223 33
513224 32
513283 31
513315 6
513328 35
513340 5
513363 4
513371 3
513429 32
513445 31
513451 30
513471 29
514161 1
514211 4
514241 3
514261 33
514317 39
514323 33
514335 7
514341 37
514343 1
514381 3
514383 32
514395 31
514397 6
514425 32
514442 31
514451 30
514453 5
514466 4
514475 3
514791 30
515101 29
515201 41
515250 0
515312 39
515334 37
515361 32
515364 1
515403 37
515481 1
515490 3
515493 0
515494 0
515496 0
515497 0
518775 33
520714 32
520716 31
551461 9
551491 33
551492 8
552216 2
552217 3
552222 30
552291 9
553312 8
554314 7
554392 6
554493 7
554494 6
555313 35
555393 5
555394 4
556311 34
556391 1
557433 5
558411 4
558432 3
558442 2
561312 39
561391 3
561491 32
562211 2
562709 33
571113 37
571115 35
571116 37
601201 39
601302 35
601321 39
601322 41
601341 40
601344 2
601345 1
601351 36
601353 1
601422 0
601428 3
601452 39
601453 34
601460 6
601462 4
601497 5
601702 2
601731 4
601758 0
601765 39
601767 33
601791 5
601792 33
602100 34
602102 3
602111 1
602201 0
602211 36
602315 41
602317 35
602321 34
602322 32
602431 8
602432 6
602441 41
602464 3
602497 9
602731 35
602761 1
602769 3
603211 34
603322 6
603332 39
603352 5
603371 2
603421 4
603441 2
603453 41
603465 0
603471 37
603494 1
603495 36
603732 33
603799 33
604304 7
604305 6
604312 13
604313 12
604351 8
604352 36
604412 4
604414 3
604416 2
604422 32
604441 0
604451 1
604497 37
604711 33
604712 1
604715 35
604731 34
604732 1
605201 39
605204 3
605301 1
605313 0
605314 34
605321 4
605322 5
605332 3
605341 6
605412 8
605432 9
605446 7
605459 2
605461 2
605476 0
605491 1
605496 4
605713 39
605741 33
605751 32
605791 31
605795 30
606231 36
606242 33
606244 35
606263 32
606343 36
606362 32
606363 34
610102 37
610114 37
626711 33
626712 32
627711 33
627712 32
627713 31
627732 30
651105 3
651107 33
651109 39
651120 1
651210 2
651232 1
651311 33
651312 32
651315 31
651316 35
651393 37
653703 33
676700 5
676701 4
676702 3
676703 2
676704 1
676705 33
676714 32
676716 31
676798 5
676799 5
679800 33
679802 1
679804 33
701101 21
701181 32
701182 39
701183 12
701201 30
701211 5
701281 30
701313 36
701321 26
701331 1
701342 24
701402 1
701403 35
701425 30
701455 34
701494 37
701714 5
701754 5
702101 32
702205 34
702211 5
702312 31
702313 37
702316 39
702318 32
702341 34
702351 40
702411 0
702416 7
702418 37
702423 1
702431 36
702701 33
702702 39
702710 33
702711 32
702717 33
702718 33
702725 32
702742 32
702751 31
702752 30
702756 31
702757 30
702791 29
703103 8
703131 39
703202 36
703204 33
703243 28
703244 25
703305 31
703308 11
703311 35
703313 2
703322 26
703324 2
703330 4
703331 35
703345 41
703352 32
703391 8
703404 14
703412 40
703435 1
703447 13
703454 33
703498 11
703701 4
703702 3
703711 33
703740 35
703747 32
703791 31
703797 2
704101 31
704141 30
704201 29
704345 28
705191 2
705211 30
705311 39
705329 34
705331 31
705351 1
705411 10
705437 36
705441 3
705442 5
705444 8
705492 4
705499 31
705711 33
705712 32
705721 31
705722 1
705723 0
705727 33
705743 30
705762 32
705767 31
705768 30
705772 29
705778 28
705779 27
705784 26
705792 25
705797 24
706100 41
751100 39
751101 10
751102 5
751106 19
751202 18
751209 23
751301 33
751302 20
751303 9
751304 1
751305 29
751308 10
751309 13
751321 1
751323 1
751325 7
751326 39
751327 5
751330 7
751345 12
751401 4
751403 32
751405 22
751407 24
751408 41
751413 37
751420 2
751421 34
751422 41
751424 6
751428 6
751443 28
751451 39
751701 2
751702 39
751703 35
751704 3
751706 33
751708 4
751712 32
751718 34
751722 32
751724 3
751726 1
751751 0
801100 31
801113 4
801201 4
801211 3
801225 2
801235 35
801311 2
801321 33
801324 4
801331 3
801333 1
801334 32
801335 39
801336 35
801382 39
801411 34
801413 1
801421 0
801452 36
801471 2
801481 37
801591 41
801707 32
801710 39
801711 2
801719 31
801739 1
801771 1
801791 30
801792 2
801801 32
801802 31
802111 5
802141 4
803121 3
803123 2
803211 6
803231 37
803300 32
803311 2
803331 0
803360 32
803370 4
803401 1
803431 0
803471 1
803490 41
804111 5
804121 4
804201 32
804211 31
804221 8
804222 30
804231 29
804311 7
804321 6
804331 5
804332 4
804371 3
804411 5
851100 0
851104 37
851105 36
851108 35
851200 22
851201 9
851202 11
851211 5
851212 41
851242 32
851243 39
851251 35
851262 3
851273 36
851305 32
851306 12
851309 30
851331 2
851342 1
851349 35
851352 13
851354 10
851355 29
851360 28
851362 41
851375 39
851376 8
851400 34
851404 36
851407 9
851409 1
851411 32
851441 35
851446 28
851449 29
851451 0
851452 32
851462 33
851468 1
851471 12
851702 32
851705 2
851708 32
851715 1
851751 31
851752 30
851767 32
851768 31
851789 1
852100 35
852101 4
852102 2
852103 1
852201 39
852202 36
852203 34
852204 32
888106 1
888151 3
888231 36
888251 35
888311 35
888341 37
888361 34
888411 38
888702 32
888703 31
888705 30
888730 5
888733 5
888744 29
888782 28
888798 5
888891 5
888892 5
888893 5
888898 5
905700 39
906703 32
906789 31
907701 8
907703 7
907709 6
907710 5
909701 6
909703 5
910701 11
910702 10
910703 9
910704 8
910705 7
910708 6
910709 5
910792 5
924701 7
924702 6
924703 5
950701 8
950702 7
950703 6
950715 7
950722 6
950733 5
950798 5
950801 6
950803 5
951100 3
951102 36
951103 37
951106 5
951107 7
951111 4
951124 2
951203 6
951212 36
951301 6
951302 8
951323 2
951331 0
951344 35
951345 4
951348 34
951352 33
951353 5
951354 32
951411 3
951413 41
951451 37
951497 4
951499 2
953100 1
953103 35
953212 3
953233 37
953261 0
953321 3
953322 4
953331 2
953361 1
953420 0
953421 34
953464 1
953494 37
953702 7
953790 6
954100 2
954231 39
954244 36
954246 39
954310 7
954370 6
954374 3
954410 37
954413 9
954416 7
954424 2
954426 10
954443 1
954449 35
954462 41
954464 36
954471 37
954477 8
954491 4
954492 34
954493 2
954498 39
955102 37
955103 29
955104 39
957213 31
958111 39
958201 37
958221 2
958225 5
958261 4
958373 3
960121 2
960212 0
960231 39
961701 4
961731 0
961792 4
