001101 0
001102 1
001111 13
001113 3
001201 2
001202 1
001210 22
001211 28
001212 8
001218 6
001230 5
001231 12
001235 10
001250 19
001281 28
001291 21
001293 35
001310 11
001311 13
001312 13
001315 16
001318 3
001320 10
001321 9
001323 23
001330 19
001341 36
001342 36
001353 14
001354 8
001361 38
001362 36
001381 35
001410 38
001415 25
001418 7
001421 10
001422 38
001423 35
001425 36
001443 28
001444 35
001445 24
001447 33
001461 33
001464 17
001467 35
001473 25
002101 7
002110 28
002191 25
002192 25
002201 28
002211 35
002221 17
002250 36
002301 33
002333 17
002351 25
002361 28
002365 38
002372 28
002401 7
002441 35
002466 35
002473 10
002489 36
003101 33
003191 4
003201 18
003216 15
003271 38
003313 35
003314 28
003320 25
003331 38
003349 36
003367 10
003414 7
003421 35
003436 17
003489 18
004101 33
004241 10
004282 35
004301 25
004302 25
004303 33
004309 35
004324 15
004351 10
004430 10
004432 16
004462 35
004473 17
004475 15
004483 15
004499 20
004714 25
004716 28
004720 7
005301 17
006103 7
006115 35
006126 38
006143 15
006203 15
006206 36
006212 25
006226 25
006241 35
006242 35
006253 33
006303 36
006307 33
006321 38
006324 10
006325 35
006326 36
006330 38
006331 35
006332 35
006338 10
006341 20
006344 10
006346 38
006355 25
006404 35
006425 10
006426 25
006427 25
006428 36
006429 10
006432 25
006433 10
006443 28
006448 25
006454 10
006460 7
006470 7
008213 38
008214 10
008215 25
008216 38
008218 16
008220 35
008230 15
008232 32
008303 28
008312 19
008313 10
008314 36
008315 22
008316 36
008317 25
008321 38
008322 10
008324 28
008325 33
008326 10
008351 20
008352 15
008401 7
008411 38
008413 4
008417 33
008422 10
008423 35
008424 36
008443 38
008449 17
008456 36
009103 21
009105 35
009212 38
009230 25
009231 10
009304 35
009326 10
009328 36
009333 15
009336 17
009341 25
009345 28
009425 25
009426 33
009428 35
009431 36
009439 15
009440 35
009445 25
009469 39
009478 7
009489 39
011100 4
011151 36
011152 15
011153 3
011251 31
011257 33
011259 33
011269 38
011276 17
011353 20
011356 38
011358 18
011362 25
011363 10
011369 15
011374 36
011459 10
011461 33
011464 35
011479 36
011480 17
011486 20
011701 7
011704 25
011705 28
011706 10
011707 7
011708 28
011713 10
011714 28
011751 7
011768 25
011770 25
011791 7
012100 36
012173 7
012200 41
012271 38
012272 36
012273 17
012276 7
012371 15
012475 10
013103 5
013110 22
013201 7
013203 12
013204 19
013206 20
013207 35
013209 10
013217 17
013301 9
013302 27
013303 39
013304 23
013305 10
013306 16
013307 14
013313 35
013317 10
013321 25
013326 17
013329 36
013330 33
013335 38
013337 18
013338 10
013413 25
013420 23
013421 38
013422 33
013426 39
013427 15
013433 28
013435 15
013453 8
013455 31
013704 17
013714 18
013722 20
013724 15
013726 15
013732 18
013738 15
013776 15
014210 38
014211 35
014270 35
014301 25
014302 10
014304 20
014308 33
014310 35
014311 36
014322 15
014323 36
014324 38
014325 25
014370 25
014371 10
014380 17
014381 15
014382 17
014390 33
014401 36
014402 38
014403 15
014404 35
014410 38
014421 10
014471 17
014481 10
014482 15
014485 17
014499 33
015101 28
015102 38
016101 7
016102 38
016232 35
017101 31
017102 10
017111 15
017112 35
017201 33
017210 20
018103 35
018111 4
018113 14
018114 15
018125 33
018203 35
018211 10
018213 36
018231 38
018235 33
018271 36
018301 33
018321 35
018325 35
018331 25
018335 25
018341 15
018351 17
018353 36
018371 10
018373 38
018421 28
018433 38
018435 25
018436 38
018438 15
018441 10
018451 10
018465 36
018467 36
018471 17
018495 33
019101 14
019102 33
019103 22
019105 26
019106 21
019108 33
019111 10
019203 33
019205 7
019206 10
019208 25
019211 11
019221 38
019303 10
019311 15
019331 25
019361 35
019371 28
019372 10
019373 23
019381 17
019411 28
019442 15
019471 36
019473 33
019490 20
020101 21
020102 18
020211 28
020212 20
020231 23
020232 18
020251 33
020311 25
020321 35
020333 36
020341 15
020362 36
020363 7
020412 33
020421 7
020481 10
020491 38
021101 3
021102 25
021203 10
021204 18
021270 20
022724 10
023706 20
023707 18
023708 15
023717 15
023718 15
023734 20
023735 17
023736 18
023737 18
023791 17
024700 39
024710 10
024721 25
024731 10
024738 25
024751 35
025103 7
025109 36
025201 35
025204 17
025207 10
025208 25
025310 10
025322 38
025370 38
025411 15
025420 36
025422 35
025480 33
025490 25
026101 32
026102 24
026111 17
026112 14
026201 35
026231 35
026271 25
028713 20
028724 15
028732 18
029701 10
029702 10
029703 25
029711 10
029735 40
029790 25
030101 5
033765 15
033789 18
050100 27
050103 8
050104 6
050106 39
050111 11
050121 15
050141 40
051300 10
051302 33
051304 33
051306 17
051310 18
051313 17
051412 35
051418 25
051421 17
051423 15
052201 25
052202 10
052314 17
052350 33
052352 38
052357 34
052400 35
052417 39
052419 25
052420 35
052421 35
052441 36
052443 20
052445 17
052447 10
052466 15
052720 15
052725 17
053712 40
053713 25
053770 10
054213 25
054810 10
054870 25
055701 7
055703 39
055704 10
055705 25
055706 25
055707 15
055713 7
055733 40
055734 7
055741 15
055743 39
055757 28
055771 10
055797 18
055798 17
055800 15
057121 34
057122 39
057123 39
057125 31
057126 16
057127 31
057128 16
057129 37
057130 37
057131 35
057132 5
057133 5
057134 40
057135 15
057136 16
057137 33
057138 36
057139 29
057140 28
057201 33
057205 20
057213 15
057215 39
057274 28
057279 15
057283 17
057284 20
057285 32
057288 7
057293 10
057294 10
057296 33
057300 28
057302 15
057305 26
057316 35
057324 35
057351 35
057366 10
057403 7
057404 20
057405 35
057410 10
057411 17
057416 10
057420 25
057425 39
057426 25
057428 26
057450 10
059413 10
059419 40
061106 28
061201 28
061223 25
061224 10
061306 10
061307 10
061309 25
061312 10
061313 25
061317 7
061401 7
061403 40
061404 41
061407 39
061430 18
062200 15
062210 39
062320 25
062341 17
062342 17
062343 36
062344 36
062345 18
062346 10
062360 38
062380 17
062411 17
062452 20
062460 25
062470 40
062722 15
062770 17
063101 33
063201 24
063702 17
063703 17
063704 17
063710 15
063718 18
063732 20
063741 17
063804 17
063813 15
063850 17
064201 10
064204 28
064206 18
064207 15
064231 10
064232 28
064251 10
064252 15
064271 39
064272 28
064273 35
064281 38
064291 7
064301 15
064303 25
064331 33
064392 33
064410 24
064412 39
064413 15
064415 41
064417 39
064418 34
064419 17
064421 41
064422 17
064423 25
064424 39
064430 21
064474 18
064490 35
064712 40
064713 33
064715 33
064720 15
064721 17
064726 39
065210 25
065212 28
065310 34
065320 33
065332 24
065421 28
065434 28
065436 10
065437 10
065438 25
065701 25
065702 10
065706 10
065707 7
065726 33
065794 28
066221 10
066323 36
066410 35
066414 7
066416 28
066421 10
066425 7
066751 15
066752 17
066755 17
067202 39
067303 25
067311 10
067372 17
067373 10
067432 18
069700 15
069712 18
070100 33
070200 39
070201 40
070303 15
070304 36
070308 33
070400 25
070401 38
070403 15
070404 33
070410 10
070411 25
070413 38
070414 35
070415 28
070416 15
070711 15
070720 20
070721 18
070725 17
070726 18
070727 15
070731 20
070740 17
070741 18
070792 15
070799 17
071411 17
071412 10
071413 38
071414 25
071415 15
071416 15
071417 20
071418 18
071419 36
071420 15
071422 33
071423 20
071424 18
071425 32
071426 33
071711 10
071712 15
071713 25
071715 28
071722 15
071730 17
071736 10
071737 28
071738 33
071811 33
072701 15
072711 33
072721 17
073489 38
073498 15
073711 7
073721 28
073770 28
074100 21
074101 19
074406 39
074414 39
076312 10
076314 35
076414 36
076425 36
076426 10
076427 17
076428 10
076429 15
076430 39
076444 40
076466 39
077422 39
078444 27
078454 36
079169 15
079220 20
079264 25
079371 41
079445 20
079467 20
088700 17
088708 15
088801 18
091700 39
091791 18
091800 35
099100 35
099101 17
099102 41
100102 38
100103 28
100104 18
100105 7
100106 7
100107 10
100108 10
100109 16
100110 19
100111 23
100112 26
100202 39
100203 25
100204 15
100205 10
100206 10
100207 17
100208 35
100209 7
100211 33
100212 10
100213 18
100214 13
100218 36
100219 35
100220 39
100221 10
100222 21
100225 38
100226 33
100228 11
100229 9
100230 14
100231 30
100233 20
100302 10
100304 34
100306 12
100307 35
100308 30
100309 38
100310 35
100311 24
100312 29
100313 6
100314 19
100400 9
100401 28
100489 37
100498 30
100500 20
100501 34
101100 35
101103 28
101105 17
101113 4
101114 6
101201 8
101205 35
101211 39
101221 32
101231 40
101315 7
101400 39
101405 24
103112 17
103191 10
103221 39
103225 40
103251 25
103262 17
103271 37
103311 15
103323 33
103372 33
103391 25
103392 39
103393 35
103422 40
103432 25
103491 36
104200 15
104201 33
104205 40
104300 25
104301 38
104325 10
104333 15
104335 40
104340 39
104410 35
104424 20
104437 28
104440 40
104475 15
104480 40
104495 17
105100 10
105101 10
105203 10
105304 35
105334 25
105336 10
105337 10
105500 35
105598 39
106117 39
106121 10
106123 40
106124 40
106125 28
106212 39
106223 10
106225 40
106228 40
106229 40
106231 28
106321 28
106428 39
106430 40
107211 22
107212 40
107213 28
107223 39
107225 25
107227 28
107229 39
107230 40
107329 25
107333 40
107334 40
107335 40
107340 10
107342 10
107439 10
107498 40
107722 25
108322 10
109100 12
109115 33
109118 36
109119 38
110101 33
110201 7
110220 5
110224 10
110232 40
110250 28
110251 39
110270 39
110340 39
110342 10
110352 39
110431 25
112101 10
112102 25
112103 10
112104 39
112105 10
112108 10
112110 7
112201 25
112203 40
112213 39
112300 40
112301 10
112312 7
112314 10
112401 28
112402 40
112405 25
112407 10
112411 39
112412 7
112413 25
112423 25
114101 39
114103 39
114104 28
114203 9
114204 25
114231 28
114305 7
114313 25
114316 39
114321 7
114323 11
114325 40
114327 10
114332 10
114334 28
114341 40
114343 25
114345 28
114406 10
114410 25
114416 28
114425 19
115200 39
115300 28
115301 39
115302 40
115711 20
115712 15
115713 18
115714 17
115715 20
115716 18
115720 18
115721 17
115724 18
116200 17
116301 25
116302 40
116400 39
117101 40
117204 25
117205 39
117206 35
117311 10
117415 40
119721 35
119735 25
119736 25
119789 33
119790 40
119793 10
126101 31
126211 33
126215 32
126216 17
126321 10
126326 10
126327 25
126330 39
126333 25
126334 33
126338 33
126359 40
126428 36
126432 35
126443 38
126445 17
126446 28
126499 30
127100 15
127101 14
127203 35
127204 10
127206 7
127207 25
127303 25
127312 24
127314 15
127315 35
127316 10
127320 38
127326 17
127329 28
127337 38
127413 33
127711 25
127717 28
127718 7
127719 40
127722 18
127727 25
127728 15
127789 28
128100 7
128101 26
128202 35
128203 7
128204 38
128307 22
128309 37
128325 28
128334 36
128352 36
128354 38
128355 17
128403 33
128701 10
128710 25
128730 7
128734 15
128740 28
128762 17
128789 40
130702 39
130721 40
130789 39
140103 40
140104 35
152101 17
152201 38
152211 3
152232 36
152241 35
152301 5
152302 7
152312 36
152313 40
152321 26
152332 17
152343 40
152351 10
152422 35
152431 39
153499 40
153712 28
153721 10
153732 10
153743 7
154100 17
154104 22
154108 39
154111 35
154130 25
154141 12
154151 29
154231 25
154261 10
154262 7
154281 12
154311 10
154330 16
154340 25
154351 17
154352 17
154353 15
154371 15
154375 35
154377 20
154382 10
154384 17
154388 25
154389 17
154433 17
154443 25
154455 33
154457 7
154471 15
154475 17
154477 18
154481 10
154482 36
154488 15
154489 25
154493 35
154494 17
154499 39
154701 39
154711 10
154714 28
154723 28
154733 10
154735 35
155713 39
155735 25
155796 25
156702 28
156716 7
156789 25
156791 28
159100 5
159101 9
159151 28
159203 35
159221 33
159231 25
159301 25
159302 36
159303 10
159304 36
159305 25
159311 28
159332 35
159333 17
159334 38
159351 15
159356 38
159361 33
159362 36
159401 25
159403 15
159411 10
159412 33
159431 38
159443 15
159454 39
159490 17
159701 7
159723 7
159746 25
159761 10
159801 25
160341 36
160725 25
160747 28
164200 10
164341 38
166701 39
166711 25
166721 7
166741 7
166751 28
166761 25
166789 28
166791 28
167703 18
167705 18
167706 15
167709 15
167711 18
167789 15
168100 23
168101 35
168221 17
168222 15
168313 40
168410 25
168700 25
168750 28
169701 10
169703 7
169801 28
171711 15
171712 15
171761 18
173701 28
173791 10
175335 40
176100 19
176101 8
176104 17
176211 17
176220 9
177103 16
177214 32
177215 33
177216 38
177217 6
177242 38
177281 35
177283 20
177285 35
177301 7
177321 36
177330 35
177336 7
177341 35
177361 25
177362 33
177393 10
177401 38
177404 33
177405 40
177414 38
177425 35
177426 15
177427 20
177430 17
177431 25
177434 25
177446 10
177447 20
177448 38
177450 28
177463 15
177464 17
177465 17
177467 36
177468 17
177469 35
177481 17
177485 20
177494 18
178701 20
178702 15
178704 18
178717 15
178732 18
178746 20
178757 18
178771 18
178776 18
178789 17
179402 17
179403 17
179406 17
201100 13
201110 9
201111 13
201114 24
201115 15
201116 25
201117 38
201190 25
201711 10
202100 36
202101 3
202103 33
202141 7
202142 41
202143 13
202145 10
202146 39
202184 28
202231 10
202260 38
202305 28
202310 10
202311 7
202321 7
202332 7
202334 28
202342 36
202353 25
202361 33
202371 10
202410 28
202434 38
202438 36
202443 36
202473 10
202474 35
202477 25
202481 7
202491 40
202495 39
202737 25
202764 10
202765 36
202773 7
202776 7
202782 33
202783 7
202790 40
202791 40
202792 40
202802 7
202833 35
202844 33
202847 35
202848 39
202873 40
202890 39
202891 39
202892 39
202893 39
203100 10
203103 28
203107 35
203111 13
203115 35
203116 40
203119 39
203151 15
203157 17
203162 14
203167 33
203171 10
203173 15
203192 38
203201 35
203203 35
203204 36
203206 27
203207 15
203208 41
203209 15
203222 38
203226 23
203228 39
203229 15
203231 7
203235 33
203236 36
203241 17
203255 25
203286 41
203288 15
203300 33
203303 10
203308 15
203315 25
203323 7
203324 28
203327 15
203331 33
203332 7
203333 35
203337 15
203351 40
203352 28
203399 39
203405 25
203406 15
203414 28
203423 7
203431 10
203434 35
203458 33
203471 36
203475 38
203477 17
203498 40
203705 15
203709 25
203713 17
203714 25
203716 36
203722 28
203723 25
203732 36
203736 35
203739 28
203743 10
203751 35
203753 38
203803 33
203807 36
203814 35
203821 7
203828 33
203879 10
203889 35
204101 26
204111 33
204123 10
204202 15
204211 10
204216 10
204217 17
204219 25
204231 17
204251 35
204321 25
204325 38
204335 10
204341 36
204361 35
204363 10
204365 38
204381 10
204383 15
204431 33
204432 17
204435 36
204442 38
204451 33
204452 10
204453 15
204471 10
204712 33
204721 15
204725 15
204732 36
204735 33
204764 17
204789 15
204791 15
204798 15
204891 36
205100 31
205103 35
205104 10
205105 28
205235 35
205239 25
205275 33
205303 25
205337 10
205355 36
205361 38
205393 11
205415 7
205417 17
205421 36
205441 28
205461 33
205464 10
205475 35
205479 15
205483 38
205486 25
205495 40
205496 36
205783 33
205791 39
205805 35
206100 30
206101 7
206103 16
206104 25
206107 7
206108 16
206111 21
206112 12
206113 25
206161 23
206162 11
206171 6
206172 4
206181 28
206191 15
206203 10
206207 38
206211 35
206216 36
206217 10
206254 17
206261 5
206267 25
206281 34
206300 17
206321 7
206324 38
206325 38
206327 15
206328 25
206331 33
206335 35
206336 10
206341 25
206355 36
206362 22
206370 28
206381 15
206390 12
206412 35
206432 10
206436 7
206437 33
206441 25
206455 36
206457 33
206466 35
206470 38
206474 28
206704 7
206705 36
206707 33
206713 35
206717 20
206720 28
206721 10
206726 36
206728 25
206729 15
206730 10
206735 7
206736 15
206737 7
206738 7
206739 38
206743 33
206745 28
206751 10
206753 10
206766 33
206783 38
206785 38
206789 15
206791 25
206794 10
206795 25
206797 7
206798 7
206831 10
206891 10
206892 35
206997 36
206998 35
207100 15
207103 25
207105 3
207106 38
207107 8
207109 33
207110 33
207115 24
207117 19
207123 11
207131 12
207135 35
207164 38
207171 23
207173 6
207174 29
207183 38
207187 28
207203 36
207205 36
207208 35
207213 22
207308 7
207310 10
207313 37
207323 25
207348 39
207401 25
207403 10
207405 17
207406 28
207411 25
207413 25
207416 15
207419 10
207422 35
207436 33
207438 40
207449 17
207455 36
207458 38
207463 36
207464 15
207481 39
207701 38
207703 33
207705 36
207711 35
207741 35
207743 33
207775 28
207777 7
207781 36
207785 17
207791 40
207792 40
207808 15
207846 38
207868 33
207891 40
207892 40
207893 40
208101 21
208140 33
208150 37
208250 38
208251 7
208263 26
208270 35
208271 23
208272 6
208280 36
208321 35
208329 15
208343 35
208348 33
208370 7
208383 10
208425 25
208439 33
208440 17
208469 10
208711 38
208737 25
208760 33
208761 28
208770 35
208871 7
208872 35
209201 38
209211 7
209251 20
209301 25
209302 17
209303 10
209311 35
209322 36
209331 35
209351 35
209358 28
209361 15
209368 41
209371 10
209375 28
209401 7
209403 10
209411 25
209413 36
209415 17
209423 33
209424 28
209427 15
209442 7
209443 25
209451 25
209453 36
209461 15
209463 15
209471 33
209473 28
209475 15
209483 35
209485 15
209498 40
209701 33
209703 36
209705 28
209707 39
209709 33
209711 35
209713 33
209715 10
209721 28
209722 10
209723 10
209731 10
209751 33
209752 38
209771 25
209773 7
209779 38
209781 35
209783 35
209785 33
210100 35
210201 35
210202 33
210204 10
210275 30
210343 7
210351 36
210375 17
210383 28
210424 15
210425 33
210433 35
210434 10
210436 25
210445 36
210453 39
210454 25
210464 36
210465 33
210485 10
210496 40
210703 36
210704 35
210705 40
210707 17
210723 39
210731 35
210732 17
210733 38
210743 33
210782 25
210785 7
210791 40
210792 40
210891 40
210892 40
210893 40
211100 35
211311 38
211315 22
211317 15
211319 15
211399 40
211413 36
211440 38
211442 25
211443 10
211495 39
211702 10
211889 36
212703 35
213201 25
213706 35
213707 33
213711 10
213714 40
213718 39
213891 10
213892 10
213893 10
214100 36
214261 35
214312 28
214341 33
214381 36
214401 38
214411 35
214414 39
214415 39
214421 25
214430 33
214441 15
214445 10
215205 35
215206 17
215207 7
215208 41
215301 25
215302 33
215381 28
215385 28
215386 33
215411 39
215412 25
215421 39
215422 41
215423 25
215424 33
215431 35
215471 7
215475 7
215476 39
215481 10
215485 10
215486 15
215495 39
215496 40
215497 10
215734 10
215744 36
215752 40
215761 35
215762 25
215782 35
215785 28
215788 39
215790 39
215791 39
215792 39
215794 35
215891 39
215892 39
215893 39
215894 39
216703 17
216721 35
216781 33
217701 38
217703 35
217707 33
217717 25
217726 38
217734 35
217751 28
217761 7
217775 10
217781 10
217789 15
217791 40
217792 40
217891 40
217892 40
217893 40
218100 25
218101 10
218233 35
218235 36
218321 38
218323 7
218351 35
218471 35
218474 7
218475 36
218483 28
218486 33
218495 39
219720 35
219731 38
219751 17
219761 10
219789 35
219791 15
219792 10
220701 28
220703 17
223711 35
223721 10
223731 33
225701 35
225703 38
225705 36
225708 10
225720 20
225743 28
225748 7
225791 40
226701 35
226702 39
226704 36
226705 25
226706 10
226709 15
226710 36
226711 17
226791 40
226792 40
226803 15
226807 25
226891 40
226892 40
226893 40
229123 7
229323 17
229352 15
229711 15
229789 10
230751 10
230752 25
230753 7
230796 39
251101 10
251211 8
251213 17
251216 33
251261 39
251281 12
251312 7
251313 33
251333 7
251334 40
251361 9
251363 38
251371 35
251372 12
251373 28
251374 28
251383 39
251384 33
251411 36
251418 28
251419 10
251437 33
251438 39
251439 38
251451 39
251455 25
251457 10
251461 35
251471 28
251475 40
251479 10
251701 33
251702 28
251703 7
251711 38
251714 33
251715 36
251717 35
251718 35
251728 28
251745 20
251751 10
251752 38
251757 33
251758 40
251773 15
251776 15
251783 10
251784 36
251785 28
251790 39
252180 18
252201 16
252211 10
252232 7
252282 13
252283 16
252285 8
252286 11
252301 35
252302 41
252317 14
252320 6
252322 12
252325 28
252327 28
252328 39
252330 11
252342 25
252363 36
252420 22
252421 35
252424 33
252425 10
252426 36
252427 38
252439 10
252444 10
252448 25
252450 29
252455 35
252460 39
252489 17
252498 36
252702 35
252708 15
252711 28
252716 25
252719 25
252723 28
252724 7
252725 10
252726 33
252741 36
252746 39
252747 28
252748 35
252752 33
252781 38
252785 10
252789 33
252791 36
253303 7
253314 35
253315 10
253412 35
253414 33
253415 33
253416 25
253423 38
253431 25
253432 25
253455 15
253456 36
253481 10
253701 15
253715 17
253717 33
253722 38
253731 35
253732 33
253734 15
253735 17
253736 36
253747 18
253748 35
253752 18
253754 25
254181 10
254205 39
254206 22
254211 7
254215 19
254216 13
254222 30
254231 34
254232 10
254252 37
254282 28
254302 24
254325 19
254333 29
254372 5
254373 36
254421 9
254422 25
254425 25
254426 20
254433 17
254435 10
254436 35
254438 25
254439 7
254441 22
254442 38
254444 38
254451 11
254456 15
254457 17
254458 25
254459 10
254461 10
254471 27
254473 38
254492 36
254494 36
254496 17
254700 35
254702 38
254703 40
254710 36
254711 10
254734 7
254736 33
254770 25
254777 17
254804 25
254872 28
254873 33
254875 15
255201 24
255215 30
255251 19
255290 6
255300 32
255320 4
255321 21
255330 16
255359 26
255415 17
255417 35
255420 10
255422 28
255424 36
255425 38
255430 25
255431 17
255432 9
255434 34
255437 33
255438 38
255439 33
255441 20
255447 25
255449 7
255454 7
255455 25
255460 15
255462 15
255464 35
255471 18
255492 18
255499 38
255712 18
255720 20
255722 28
255734 10
255738 20
255739 20
255750 20
255752 18
255758 20
255764 7
255766 28
255770 28
255771 40
255772 39
255786 20
255791 17
255811 10
255820 7
255830 39
255835 10
256100 35
256212 17
256271 17
256281 17
256316 33
256333 35
256373 20
256383 25
256384 17
256412 18
256415 15
256418 7
256423 28
256441 33
256457 38
256462 28
256473 35
256700 35
256711 15
256719 20
256735 15
256751 18
256761 36
256762 10
256771 10
256781 7
256782 7
256784 20
258301 10
258403 28
258405 15
259103 30
259104 8
259106 31
259107 3
259108 33
259109 41
259191 18
259192 15
259194 20
259201 9
259203 21
260312 15
260362 38
260402 17
260404 10
260413 7
260422 33
260423 10
260424 10
260434 38
260701 7
260702 10
260705 28
260709 10
260716 39
260717 28
260718 15
260772 40
261102 40
261103 40
261111 39
261200 35
261210 38
261212 29
261216 33
261217 31
261304 36
261305 38
261335 32
261336 6
261342 12
261343 27
261361 35
261405 39
261406 25
261434 37
261447 7
261456 20
261457 38
261458 18
261461 25
261469 33
261473 10
261493 15
261494 15
261497 35
261499 17
261701 39
261702 40
261706 25
261732 35
261735 7
261739 10
261746 33
261752 10
261753 18
261754 35
261762 10
261767 10
261769 25
261781 33
261791 25
261792 38
261795 38
261895 17
262481 10
262487 15
263701 10
263702 15
263720 7
263746 35
263760 36
263770 36
263771 28
264701 15
264707 15
264741 15
264789 15
266702 25
266703 40
266723 10
266732 25
266792 10
266796 40
268721 39
269101 35
269102 40
269111 40
269200 10
269201 17
269202 33
269340 33
269430 36
269452 17
269462 37
269470 25
269493 33
269494 39
269496 40
269497 18
270701 35
270702 40
270711 17
270712 15
270791 15
270792 18
301221 39
301233 7
301241 33
301251 28
301254 28
301391 39
301392 39
301723 28
303210 39
303221 28
303232 7
303233 25
303261 40
303262 40
303391 39
303709 25
303712 7
303713 28
303726 39
303735 7
303736 10
303769 10
303881 10
303883 28
304352 28
305202 39
305301 7
305491 7
305501 7
305592 7
305593 7
305691 7
305692 7
305693 35
307401 7
307402 7
307471 7
307491 7
307591 7
307601 7
307691 7
308652 18
309591 7
310331 7
310401 7
310402 7
310491 7
310492 7
310493 7
310494 7
310501 7
310591 7
310592 7
310593 7
310594 7
310595 7
310731 40
310732 40
310733 40
310734 40
310736 25
310737 25
311352 7
311391 39
311700 7
311701 10
311704 10
311705 10
311722 35
311725 25
311791 33
311891 33
311892 33
311893 33
312392 39
312491 7
312492 39
312493 28
312501 7
312591 7
312592 7
312700 39
312701 7
312704 39
312706 7
312708 10
312792 10
312801 7
312803 39
314401 7
314496 7
314501 7
314593 7
314601 7
314691 7
314701 7
314702 7
314703 7
314704 7
314705 7
314706 7
314707 7
314708 7
314709 7
314710 7
314711 7
314712 7
314714 7
314715 7
314716 7
314717 7
314718 7
314719 7
314720 7
314723 7
314724 7
314725 7
314726 7
314727 7
314799 36
314891 25
314893 10
314898 10
315512 7
315691 7
316491 7
316591 7
316691 7
317311 36
317391 39
317701 7
317702 28
317703 39
317704 28
317897 7
318322 25
318351 7
318391 39
318491 7
318492 7
318493 7
318494 7
318495 7
318771 10
319401 7
319491 7
319492 7
319501 7
319591 35
320332 39
320342 7
320351 28
320393 39
320394 39
320701 33
320702 39
320704 7
320706 35
320711 10
320712 10
320714 10
320789 39
320791 28
320801 39
320802 10
320803 35
320891 28
320893 10
321224 7
321232 7
321242 28
321251 28
321371 40
321392 39
321708 7
321709 28
321793 39
322203 33
322205 10
322251 39
322304 33
322315 7
322405 39
322406 25
322591 7
322742 28
322743 15
322789 28
322881 28
322891 28
323331 35
323491 7
323501 7
323796 25
323810 10
323820 28
323850 10
323870 39
323910 28
323920 39
323941 7
323942 39
324401 39
324402 39
324492 7
324493 7
324701 7
324702 28
324703 40
324704 7
324707 28
324710 10
324711 38
324712 15
324714 10
324715 25
324729 7
324730 10
324731 25
324732 10
324733 25
324791 39
324871 7
324872 7
324873 7
324874 7
324875 7
326691 7
327301 7
327491 7
327492 7
327493 7
327494 7
327496 7
327701 18
328310 15
328313 10
328591 7
330101 39
330110 7
330111 39
330191 33
330203 7
330209 7
330210 7
330211 7
330301 7
330307 7
330308 7
330309 7
330310 7
331301 7
331401 7
331402 7
331403 7
331404 7
331405 7
331406 7
331407 7
331408 7
331412 7
331413 7
331415 7
331416 7
331417 7
331418 7
331419 7
331420 7
331421 7
331491 7
331492 7
331493 7
331501 7
331502 7
331503 7
331504 7
331505 7
331506 7
331508 7
331510 7
331511 7
331512 7
331513 7
331514 7
331517 7
331518 7
331591 7
331592 7
331593 7
331601 7
331602 7
331691 7
331692 7
332601 7
332603 7
332604 7
332607 7
332608 7
332609 7
332881 7
332883 39
332885 7
332897 7
332898 7
333101 20
333102 41
333103 17
333104 18
333201 17
346891 25
346892 40
346893 40
351100 10
351200 33
351201 7
351202 33
351301 15
351302 17
351321 10
351331 17
351410 7
351418 17
351425 25
351441 38
351442 33
351451 35
351463 15
351466 36
351489 10
351740 10
351763 10
352103 28
352301 28
352311 25
352321 33
352323 35
352332 15
352380 40
352422 38
352431 38
352433 33
352711 7
352712 7
352721 28
352791 25
352821 10
352832 25
352842 25
353100 35
353210 25
353301 7
353303 7
353311 10
353312 15
353313 35
353418 35
353421 25
353431 36
353432 36
353451 33
353452 38
353454 33
353497 10
353498 10
353711 25
353741 10
353751 33
353752 38
353762 36
353781 10
354311 35
356100 17
356101 35
356102 15
356202 38
356210 38
356212 33
356261 25
356303 35
356304 28
356306 10
356312 33
356361 33
356411 33
356412 25
356414 17
356416 10
356432 36
356441 33
356442 33
356443 38
356498 38
356721 15
356722 10
356725 33
356751 25
356791 38
356792 36
357101 15
357110 33
357210 7
357322 36
357324 10
357325 10
357360 10
357390 41
357417 25
357441 38
357491 15
357497 40
357498 40
357701 40
357710 7
357711 33
357731 36
357732 35
357782 38
357783 35
357791 40
357792 40
359201 18
359202 39
359203 28
359204 17
359206 31
359210 25
359301 35
359305 35
359311 28
359380 33
359405 10
359409 25
359410 7
359413 33
359414 35
359421 38
359431 36
359451 7
359462 28
359464 10
359465 33
359467 36
359481 39
359483 36
359497 10
359701 35
359702 28
359704 36
359705 7
359711 35
359713 36
359722 35
359723 33
359753 10
359791 10
359873 35
359891 10
359892 10
360100 40
360210 36
360212 22
360301 7
360304 38
360400 35
360403 10
360404 25
360407 38
360411 33
360423 33
360431 36
360460 28
360470 25
360497 39
360498 38
360709 10
360751 36
360761 33
360772 25
360791 39
360792 39
361210 29
361214 15
361301 28
361321 7
361322 7
361351 9
361442 10
361453 33
361461 36
361471 17
361474 15
361712 7
361725 28
361732 25
361733 10
361743 36
361762 38
361779 17
361789 35
362711 35
362722 10
363202 25
363210 25
363402 7
363451 28
365201 10
365211 7
365222 33
365291 39
365301 25
365321 35
365322 10
365324 10
365331 7
365401 17
365421 28
365426 15
365427 36
365428 28
365431 28
365493 10
365497 33
366701 33
366703 25
366706 25
366792 15
366895 15
368200 17
368317 25
368331 28
368412 15
368416 17
368417 25
368431 33
368487 39
368701 18
368703 17
368712 15
368720 35
370701 7
370702 7
370703 7
370704 7
370705 7
370706 7
370707 7
370711 7
370712 7
370713 7
370723 7
370724 7
370726 7
370728 7
370729 7
370731 7
370732 7
370733 7
370734 7
370735 7
370737 7
370740 7
370741 7
370743 7
370745 7
370746 7
370750 7
370751 7
370799 7
400110 39
400211 38
401382 10
401401 7
401482 7
401484 25
401502 7
401601 7
401701 10
401702 28
401703 33
401705 25
401761 7
401792 7
401811 39
401812 39
401821 39
401851 7
401854 7
401857 7
401872 10
401874 25
401884 7
401951 7
402482 40
402483 40
402584 7
402592 7
402601 7
403382 28
403401 7
403502 7
403691 7
403701 39
403702 35
403711 39
403713 40
403714 7
403723 40
403724 10
403751 7
403761 7
403771 7
403772 10
403781 25
404482 7
404491 7
404582 28
404602 7
405481 39
405491 7
405501 7
405712 7
405713 25
405753 7
405755 28
405761 7
405781 39
405783 7
405794 7
406284 7
406294 7
406382 39
406384 39
406385 39
406392 39
406395 39
406401 7
406485 28
406692 7
407501 7
407671 7
407713 7
407715 7
407723 7
407725 28
407731 10
407753 28
407755 7
407781 40
407783 40
407792 40
408382 33
408402 7
408483 39
408484 7
408485 25
408486 7
408503 7
408586 28
408604 7
408605 7
408701 10
408702 10
408703 10
408704 7
408705 7
408706 7
408707 7
408708 7
408711 25
408761 7
408762 7
408763 7
408781 28
408796 10
408797 28
409281 39
409291 10
409292 40
410401 7
410482 7
410503 7
410701 25
410702 7
410711 28
410751 39
410752 28
410761 7
410762 39
410796 28
411281 7
411291 35
412582 40
412601 7
412718 25
412719 25
412720 39
412721 10
412761 7
412791 10
412792 7
413381 10
413701 40
413702 40
413703 40
413704 7
413741 40
413761 7
413791 10
413792 25
414482 33
414501 7
414602 7
414855 7
414857 35
414863 7
414896 10
414898 7
415291 10
415381 10
415383 10
415393 25
415484 28
415485 25
415502 7
415586 28
415603 7
415686 7
415704 10
415707 7
415708 7
415811 28
415812 33
415813 33
415881 35
415882 28
415883 35
415901 7
415903 7
415981 7
420281 7
420283 39
421281 10
421291 10
421383 25
421385 25
421393 25
421395 25
421402 7
421483 25
421487 28
421497 28
421503 7
421588 39
421681 7
421711 39
421712 7
421713 7
421714 10
421717 28
421753 20
421811 39
421812 7
421813 7
421827 25
421828 28
421831 7
421861 7
421863 7
421892 7
421951 7
422711 28
422712 25
422713 28
422811 10
422881 25
422882 25
423381 28
423382 28
423491 10
423581 7
423701 10
423702 10
423703 28
423704 39
423705 28
423706 28
423707 10
423750 7
423751 7
423781 10
423891 40
424582 7
424602 7
425481 39
425491 40
425501 40
425581 25
426602 7
426603 7
426671 7
426681 28
426701 7
426702 7
426703 40
426761 7
426765 7
427704 25
427721 39
427722 33
427724 25
428282 7
428382 33
428391 15
428581 28
428582 28
428591 40
428681 28
428692 40
429711 40
429781 40
429801 10
429811 10
430712 7
430714 7
430716 7
430751 7
430753 7
430769 28
430781 7
430783 7
430784 10
430799 7
460100 17
461100 25
461170 39
461471 39
461472 39
461529 39
461569 40
461791 39
462130 40
462151 39
462321 40
462431 7
462445 40
462452 7
462481 39
462482 7
462491 39
462505 10
462564 10
462581 7
462584 25
462592 25
463251 39
463311 25
463331 28
463341 35
463353 28
463402 7
463433 35
463455 10
463491 28
463503 33
463504 28
463545 36
463556 28
463558 28
463581 28
463701 7
463702 39
463703 33
463721 33
464301 10
464311 33
464341 25
464401 28
464413 7
464441 36
464443 25
464444 39
464445 10
464491 10
464501 33
464502 10
464503 25
464541 10
464542 28
464543 7
464544 10
464582 7
466141 33
501301 40
501302 40
501702 25
502211 25
502311 10
503401 7
503402 7
504302 7
504791 40
505401 7
505402 7
506303 7
506361 25
507401 7
507402 7
508203 33
508207 10
508303 35
508732 40
509401 7
509402 7
510100 19
510201 39
510202 40
510307 40
510409 28
510411 10
510412 7
510413 33
510414 17
510415 25
510416 15
510417 10
510418 10
510441 40
510713 25
510716 28
510718 28
510719 10
510721 28
512303 25
512311 40
512312 25
512401 7
512402 7
512733 40
513111 39
513114 39
513223 33
513224 25
513283 25
513315 28
513328 35
513340 28
513363 10
513371 25
513411 25
513429 10
513445 7
513450 25
513451 40
513471 28
513741 25
514161 7
514211 39
514241 40
514261 39
514317 39
514323 39
514335 7
514341 10
514343 7
514381 25
514383 25
514395 40
514397 10
514425 25
514435 7
514442 10
514451 40
514453 10
514466 25
514475 10
514791 7
515101 40
515201 35
515250 39
515310 28
515312 28
515334 35
515361 39
515364 35
515373 35
515403 17
515455 7
515481 7
515490 40
515493 39
515494 39
515496 39
515497 39
515702 7
515703 7
515704 28
515705 25
515723 7
515735 7
515736 28
515791 10
518775 10
520714 25
520716 25
551311 10
551312 7
551461 17
551491 7
551492 7
551494 7
551713 28
552216 7
552217 35
552222 39
552291 7
552294 7
553311 35
553312 35
554311 10
554312 35
554314 10
554391 28
554392 7
554491 28
554492 28
554493 7
554494 7
555311 10
555312 35
555313 25
555391 28
555393 7
555394 7
556311 40
556391 7
556412 40
557433 7
558411 10
558431 7
558432 39
558441 10
558442 28
561312 7
561313 10
561314 15
561391 7
561393 28
561394 28
561491 7
562101 10
562211 7
562491 28
562497 7
562709 25
571113 15
571115 40
571116 10
571151 15
601201 10
601231 7
601302 14
601321 35
601322 7
601341 33
601344 10
601345 15
601351 40
601353 33
601422 39
601428 39
601444 38
601452 29
601453 15
601454 39
601455 39
601456 7
601460 36
601462 4
601464 38
601469 15
601471 10
601497 40
601701 7
601702 39
601724 15
601731 33
601758 28
601765 28
601767 7
601791 39
601792 25
601842 25
601844 33
602100 6
602102 29
602103 35
602111 33
602201 39
602211 25
602315 40
602317 15
602321 13
602322 17
602361 25
602431 10
602432 7
602441 28
602464 33
602471 38
602472 38
602495 17
602497 39
602731 35
602753 39
602761 36
602769 39
602771 10
602789 7
603211 25
603321 33
603322 28
603332 33
603351 38
603352 38
603371 36
603421 10
603441 35
603452 25
603453 25
603461 38
603465 38
603471 7
603494 15
603495 35
603496 10
603711 35
603723 25
603731 35
603732 39
603799 28
603891 33
604304 10
604305 15
604312 36
604313 15
604351 35
604352 33
604412 28
604414 25
604416 17
604422 36
604441 35
604451 38
604497 41
604711 33
604712 25
604715 36
604721 33
604722 35
604731 39
604732 40
604812 35
605201 7
605203 10
605204 38
605301 35
605313 7
605314 28
605321 33
605322 17
605332 33
605341 28
605412 38
605432 35
605444 7
605445 38
605446 15
605459 36
605461 36
605476 10
605491 40
605496 39
605702 10
605713 36
605741 28
605745 33
605751 28
605791 25
605795 25
605796 25
606231 41
606242 35
606244 33
606263 25
606310 41
606343 10
606362 39
606363 40
606451 35
610102 40
610112 25
610114 27
626711 20
626712 15
627711 39
627712 7
627713 28
627732 7
627751 10
627752 28
627753 25
651100 33
651104 17
651105 33
651107 10
651109 39
651120 39
651210 7
651232 25
651311 28
651312 28
651315 39
651316 35
651393 10
653703 7
676700 15
676701 15
676702 15
676703 15
676704 15
676705 15
676714 15
676716 15
676798 15
676799 15
679800 7
679802 7
679804 7
701101 3
701181 38
701182 38
701183 21
701201 26
701211 23
701281 19
701313 11
701321 8
701331 15
701342 4
701402 13
701403 6
701425 10
701455 15
701458 17
701494 17
701700 15
701701 18
701710 18
701711 18
701714 15
701715 15
701721 15
701740 15
701741 15
701751 15
701754 15
701758 15
701791 18
701792 18
701799 15
702100 36
702101 38
702205 31
702211 16
702213 17
702312 34
702313 15
702316 38
702317 33
702318 15
702341 25
702351 29
702411 35
702416 33
702418 25
702423 28
702431 10
702701 15
702702 15
702710 15
702711 18
702717 15
702718 15
702725 15
702741 18
702742 15
702751 15
702752 15
702755 18
702756 15
702757 18
702791 18
703103 24
703131 39
703191 39
703202 11
703204 36
703243 14
703244 13
703305 15
703308 12
703309 28
703310 17
703311 33
703313 38
703322 3
703323 38
703324 30
703330 17
703331 15
703345 4
703352 10
703391 36
703404 35
703412 7
703435 28
703447 25
703454 17
703498 10
703701 15
703702 15
703711 15
703740 15
703747 15
703771 15
703772 15
703791 15
703797 15
704101 33
704141 35
704201 25
704345 17
705191 17
705211 29
705311 4
705329 26
705331 8
705351 30
705411 5
705437 25
705441 38
705442 29
705444 9
705492 10
705499 10
705711 15
705712 15
705721 15
705722 15
705723 15
705727 15
705743 15
705761 15
705762 15
705765 15
705766 15
705767 15
705768 15
705769 15
705770 15
705772 15
705778 15
705779 15
705783 15
705784 15
705792 15
705797 15
706100 18
751100 5
751101 12
751102 35
751106 4
751202 13
751209 3
751301 22
751302 19
751303 6
751304 35
751305 27
751308 30
751309 31
751321 10
751323 25
751325 15
751326 38
751327 7
751330 27
751345 35
751401 34
751403 8
751405 9
751407 4
751408 26
751413 25
751417 14
751420 36
751421 34
751422 23
751424 38
751428 33
751443 5
751451 21
751701 35
751702 36
751703 33
751704 15
751706 10
751708 28
751712 38
751718 38
751722 39
751724 7
751726 38
751751 25
801100 33
801111 10
801113 25
801201 10
801211 25
801214 10
801225 35
801235 38
801311 25
801317 10
801321 36
801324 36
801331 15
801333 10
801334 33
801335 38
801336 35
801341 40
801363 10
801382 10
801411 25
801413 10
801421 36
801451 38
801452 15
801471 7
801481 28
801591 39
801707 7
801710 28
801711 7
801714 25
801715 40
801719 10
801739 10
801750 25
801771 10
801791 33
801792 33
801801 25
801802 40
802111 25
802141 28
803121 10
803123 35
803211 25
803231 28
803300 33
803311 25
803331 35
803360 33
803370 33
803371 33
803401 35
803431 7
803471 10
803490 40
804111 25
804121 7
804201 33
804211 25
804221 35
804222 10
804231 36
804311 25
804321 36
804331 10
804332 10
804371 38
804411 25
851100 6
851104 24
851105 19
851108 21
851200 32
851201 15
851202 14
851204 38
851205 25
851211 7
851212 10
851242 33
851243 15
851251 24
851262 16
851273 11
851302 10
851305 16
851306 9
851309 20
851313 38
851331 39
851342 33
851343 35
851344 33
851345 20
851349 25
851351 25
851352 18
851354 17
851355 17
851360 10
851362 25
851363 35
851367 15
851372 39
851375 35
851376 35
851400 26
851404 11
851406 28
851407 36
851409 39
851411 10
851441 40
851446 10
851449 10
851451 10
851452 10
851462 35
851468 18
851471 25
851701 40
851702 7
851705 40
851707 39
851708 39
851711 17
851713 15
851715 15
851717 18
851722 17
851751 17
851752 18
851763 15
851767 15
851768 18
851789 20
852100 7
852101 28
852102 20
852103 25
852201 10
852202 28
852203 25
852204 39
888106 22
888151 7
888231 10
888251 17
888311 17
888341 10
888361 36
888411 33
888701 15
888702 15
888703 15
888705 15
888730 15
888733 15
888744 15
888782 15
888791 15
888792 15
888797 15
888798 15
888799 15
888891 15
888892 15
888893 15
888898 15
901701 15
901704 15
901709 15
901791 15
901792 15
901799 15
902707 10
902708 35
903789 7
905700 28
906700 15
906702 15
906703 15
906760 15
906761 15
906763 15
906789 15
906790 15
906798 15
907701 17
907703 20
907705 18
907709 15
907710 17
907791 18
908701 15
908702 17
908703 15
908712 18
908713 17
908714 20
908719 17
908721 15
908723 15
908733 18
908791 15
908792 17
908793 17
909701 18
909703 17
910701 15
910702 17
910703 10
910704 39
910705 28
910708 40
910709 10
910724 25
910738 10
910792 28
911701 18
911705 15
911711 18
911712 18
911713 18
911714 18
911715 15
911716 15
911717 15
911718 18
911789 18
911791 18
914732 41
915743 18
915752 20
918712 17
918713 15
918715 17
918716 18
924701 15
924702 17
924703 18
950701 33
950702 17
950703 41
950714 17
950715 15
950722 35
950733 15
950798 33
950801 41
950803 17
950804 39
951100 32
951101 35
951102 25
951103 25
951104 10
951106 36
951107 40
951111 28
951124 10
951125 10
951203 38
951212 25
951215 25
951301 35
951302 36
951323 25
951331 25
951344 10
951345 25
951348 10
951352 7
951353 7
951354 7
951411 33
951413 39
951451 7
951497 10
951499 7
952721 10
952804 10
953100 10
953103 7
953211 28
953212 10
953233 28
953261 10
953321 17
953322 36
953331 7
953361 17
953420 35
953421 35
953464 10
953494 15
953701 10
953702 15
953771 17
953782 18
953785 15
953790 40
954100 23
954140 7
954143 28
954170 25
954230 36
954231 27
954240 28
954244 3
954246 11
954248 28
954310 19
954326 35
954347 10
954365 15
954370 8
954374 36
954410 33
954412 38
954413 25
954416 22
954424 10
954426 15
954443 25
954449 28
954462 35
954464 10
954471 28
954477 14
954491 28
954492 28
954493 25
954498 10
955102 23
955103 13
955104 27
957106 25
957107 36
957211 25
957213 25
958111 10
958112 25
958201 33
958202 7
958221 10
958222 7
958225 7
958261 40
958332 25
958373 38
958481 38
960121 7
960212 7
960231 7
961701 39
961731 15
961792 15
