001101 36
001102 1
001111 38
001113 40
001201 40
001202 29
001210 1
001212 0
001218 8
001230 33
001231 9
001250 27
001291 31
001293 37
001310 8
001311 4
001312 40
001315 13
001318 12
001320 41
001321 7
001323 6
001330 9
001342 38
001353 33
001354 40
001362 1
001410 3
001415 38
001418 31
001421 3
001422 35
001423 4
001425 33
001443 37
001444 34
001445 32
001447 0
001461 40
001464 39
001473 35
002101 37
002110 33
002191 41
002192 2
002201 37
002211 30
002221 2
002250 5
002301 41
002333 6
002351 11
002365 39
002372 33
002401 38
002441 37
002473 33
002489 41
003101 37
003191 41
003201 37
003314 41
003320 1
003331 34
003349 38
003367 33
003414 2
003421 0
003436 37
004101 8
004241 30
004301 4
004303 32
004309 31
004324 34
004351 8
004432 35
004473 37
004475 6
004499 37
004714 35
004716 30
004720 31
006103 29
006126 10
006203 9
006206 38
006212 37
006226 11
006242 8
006253 3
006303 30
006307 6
006324 8
006326 33
006330 41
006331 8
006332 34
006344 11
006346 39
006355 2
006425 37
006427 1
006432 37
006433 37
006443 4
006448 32
006460 3
006470 0
008213 5
008214 33
008215 41
008218 5
008220 31
008232 38
008303 4
008312 35
008314 2
008315 1
008316 33
008317 32
008321 39
008322 7
008324 35
008325 38
008326 2
008351 0
008352 8
008401 2
008411 34
008413 3
008417 41
008422 8
008424 33
008449 31
008456 41
009103 31
009105 38
009212 0
009230 9
009231 8
009304 35
009326 37
009333 39
009336 33
009341 5
009345 5
009425 34
009426 38
009428 37
009431 0
009439 3
009469 1
009478 2
011100 0
011151 38
011152 27
011153 38
011251 4
011257 35
011259 41
011269 21
011276 6
011353 28
011356 4
011358 12
011362 10
011369 34
011374 2
011459 32
011461 1
011464 37
011480 33
011486 30
011701 35
011704 30
011705 35
011713 31
011714 32
011751 30
011768 33
011770 31
012100 41
012173 13
012200 30
012271 3
012272 5
012273 0
012276 41
012371 0
012475 1
013103 26
013110 8
013203 38
013204 6
013206 11
013207 3
013217 39
013301 41
013302 7
013303 36
013304 8
013305 8
013306 40
013307 5
013313 33
013317 41
013326 1
013329 38
013330 1
013335 7
013338 2
013420 37
013421 41
013422 39
013427 38
013433 1
013435 34
013453 2
013455 2
013704 35
013714 30
013722 31
013724 32
013726 35
014210 41
014270 7
014302 3
014304 39
014310 4
014311 33
014322 0
014323 32
014325 5
014370 3
014371 6
014380 1
014382 37
014390 33
014401 4
014402 38
014403 28
014410 3
014421 31
014482 0
014499 34
015101 10
015102 35
016101 35
016232 34
017101 35
017102 1
017111 33
017201 1
017210 35
018103 0
018111 7
018113 41
018125 1
018203 0
018211 33
018213 34
018231 41
018235 2
018271 38
018301 34
018325 40
018335 1
018341 37
018351 0
018353 2
018371 33
018421 35
018433 2
018435 34
018436 30
018438 39
018441 33
018451 30
018465 33
018467 41
018471 37
018495 38
019101 37
019103 33
019105 34
019106 5
019108 35
019111 30
019203 3
019205 2
019206 41
019208 41
019211 4
019221 33
019303 6
019311 39
019331 11
019361 8
019373 37
019381 1
019411 41
019442 38
019471 1
019473 2
019490 3
020101 22
020102 9
020211 39
020231 4
020311 14
020321 9
020333 8
020341 37
020362 31
020363 3
020412 11
020421 7
020481 8
020491 41
021101 6
021102 41
021203 2
021204 40
021270 5
025204 34
025207 0
025208 2
025322 6
025370 5
025420 0
025480 3
025490 4
026101 35
026102 5
026111 39
026112 7
026201 2
026271 37
029701 35
029703 33
029711 30
029735 35
029790 30
030101 0
033765 35
033789 30
050100 4
050103 25
050104 33
050106 13
050111 11
050121 4
050141 0
051302 10
051304 39
051306 41
051310 40
051313 0
051418 38
052201 1
052202 2
052352 33
052357 37
052420 35
052441 4
052443 2
052445 5
052447 0
052466 41
053712 35
053713 35
053770 30
054810 35
054870 30
055701 35
055703 30
055704 35
055706 31
055707 32
055713 30
055733 31
055734 32
055757 27
055771 2
055797 27
057121 25
057123 31
057125 2
057126 24
057127 11
057128 3
057129 13
057130 29
057131 35
057132 2
057133 11
057134 29
057135 41
057136 6
057137 7
057138 30
057139 37
057140 35
057201 35
057205 27
057213 22
057215 30
057274 32
057284 30
057285 31
057288 32
057293 6
057294 31
057296 28
057300 4
057302 32
057305 16
057316 27
057351 29
057366 2
057403 33
057404 35
057405 31
057410 41
057411 33
057420 5
057426 1
057428 27
059413 4
059419 0
061106 41
061201 5
061223 5
061224 3
061306 34
061307 37
061317 30
061403 35
061404 1
061407 7
061430 35
062200 41
062210 33
062343 34
062411 35
062452 30
062460 31
062470 31
063201 2
063702 35
063704 30
063710 31
064204 37
064232 41
064251 5
064252 41
064303 33
064331 41
064392 35
064412 1
064418 4
064423 2
064424 36
064430 4
064474 33
064490 34
065210 5
065212 0
065310 3
065320 41
065332 4
065421 1
065436 5
065437 0
065438 2
066221 35
066323 0
066410 2
066414 33
066416 5
066421 1
066425 4
067202 2
067303 3
067311 0
067372 1
067373 5
067432 3
069712 35
070200 2
070304 32
070403 30
070404 38
070410 37
070411 1
070416 2
070711 35
070720 30
070721 31
070740 32
070741 30
070799 31
071411 32
071412 35
071413 1
071415 3
071416 29
071418 41
071419 38
071422 5
071423 0
071425 40
071712 33
071715 35
071730 30
071736 31
071738 32
071811 35
073711 41
073721 33
073770 33
074100 37
074101 35
074414 5
076425 4
076427 0
076430 5
076444 2
076466 1
078444 41
078454 38
079169 37
079220 33
079264 2
091700 1
091800 1
099100 5
099101 35
099102 7
100102 5
100109 3
100110 38
100111 39
100112 33
100207 5
100213 2
100214 7
100220 11
100222 8
100225 3
100228 39
100229 34
100230 8
100231 38
100233 1
100306 0
100307 2
100308 37
100309 41
100310 33
100311 31
100312 6
100313 39
100314 38
100489 30
100498 39
100501 34
101100 10
101103 4
101105 2
101113 8
101114 8
101201 26
101211 1
101221 9
101315 3
101400 39
101405 37
103112 3
103191 33
103225 6
103251 5
103271 3
103311 7
103372 2
103391 8
103392 3
103393 4
103422 3
103432 5
103491 0
104200 33
104201 41
104300 39
104301 5
104325 2
104333 1
104410 0
104424 0
104437 1
104440 2
104475 37
104495 4
105100 2
105203 8
105304 2
105334 5
105336 4
105337 2
105500 38
105598 0
106117 34
106121 2
106123 2
106124 33
106125 2
106212 34
106223 41
106225 34
106228 0
106229 34
106231 33
106321 4
106428 30
107211 40
107212 38
107223 41
107227 5
107229 8
107329 3
107333 41
107334 41
107335 39
107439 0
107498 35
109100 11
109115 5
109118 5
109119 0
110101 41
110201 5
110220 2
110250 39
110251 3
110270 39
110340 39
110342 41
110352 4
112101 3
112102 37
112103 33
112104 34
112108 35
112110 38
112201 0
112203 37
112213 5
112300 2
112301 41
112314 0
112401 30
112405 37
112407 4
112411 5
112412 33
112413 1
112423 33
114101 1
114103 7
114104 2
114203 8
114305 5
114313 38
114321 35
114323 41
114325 0
114327 4
114332 41
114334 2
114343 1
114345 30
114406 1
114416 37
114425 32
115200 41
115300 5
115301 38
115302 1
115711 35
115712 8
115713 33
115714 3
115715 8
115721 41
115724 3
116301 37
116302 33
116400 2
117101 5
117204 41
117205 39
117206 2
117311 0
117415 2
119721 7
119735 33
119789 8
119793 3
126101 14
126211 30
126215 6
126216 4
126321 3
126326 34
126333 39
126334 30
126338 1
126428 12
126432 4
126443 14
126446 2
126499 1
127100 24
127101 9
127203 34
127204 28
127207 35
127303 27
127312 38
127314 29
127315 41
127316 28
127326 31
127337 24
127711 7
127717 35
127718 8
127719 3
127727 33
127728 34
128100 27
128101 37
128202 32
128203 30
128204 4
128307 11
128309 1
128325 40
128334 0
128354 39
128355 4
128403 34
128701 6
128710 7
128730 8
128740 3
128762 7
128789 8
140103 1
140104 32
152101 2
152201 4
152211 3
152241 1
152301 2
152302 5
152312 2
152313 35
152321 41
152332 4
152343 5
152351 33
152422 1
152431 3
153712 3
153721 35
153743 30
154104 24
154108 3
154141 4
154151 5
154231 4
154261 11
154262 37
154281 5
154311 34
154330 35
154353 8
154375 38
154377 33
154384 2
154388 6
154443 0
154455 41
154457 32
154477 0
154481 30
154488 33
154493 37
154494 1
154499 2
154701 33
154711 7
154735 34
156702 8
156716 3
159100 28
159101 10
159151 1
159203 39
159221 35
159231 4
159301 33
159303 8
159304 2
159305 30
159311 0
159332 32
159356 11
159361 27
159362 28
159403 11
159411 41
159431 34
159443 8
159454 5
159490 0
159701 35
159723 41
159746 33
159761 30
159801 34
160341 30
160725 33
164200 6
164341 37
166701 33
166711 8
166741 3
166789 3
167703 8
167705 3
167711 3
168100 37
168101 2
168221 2
168222 0
168700 8
168750 3
169701 2
169801 3
173701 33
175335 2
176100 3
176101 28
176104 3
176220 30
177103 35
177214 9
177215 31
177216 5
177217 38
177281 32
177283 8
177285 2
177321 37
177330 27
177341 5
177362 37
177393 14
177401 5
177404 1
177405 34
177414 7
177426 31
177427 28
177430 8
177434 33
177446 30
177448 37
177450 4
177463 0
177464 2
177465 39
177467 3
177468 1
177481 11
177485 6
177494 41
178717 11
178732 6
178746 7
178776 8
178789 3
179402 2
179403 10
201100 29
201110 1
201111 22
201114 37
201115 17
201116 12
201117 8
201190 33
202100 2
202101 38
202103 30
202141 17
202142 12
202143 40
202145 34
202146 35
202184 0
202231 8
202260 37
202305 11
202311 33
202332 0
202334 4
202342 40
202361 2
202371 1
202438 1
202443 8
202473 5
202474 3
202477 4
202481 7
202491 8
202495 38
202765 35
202776 3
202782 30
202791 33
202792 3
202833 2
202848 33
202873 38
202891 3
202892 3
202893 30
203100 5
203103 0
203107 33
203111 26
203115 31
203116 5
203119 33
203151 34
203157 33
203162 7
203167 0
203171 40
203173 35
203201 3
203203 3
203204 1
203206 10
203207 29
203208 34
203209 12
203222 0
203226 17
203228 39
203229 22
203231 33
203235 33
203236 0
203241 6
203255 37
203286 31
203288 28
203303 31
203308 32
203315 35
203323 2
203324 34
203327 29
203331 33
203332 28
203333 10
203337 39
203351 37
203352 1
203399 4
203405 0
203406 38
203414 14
203423 38
203431 11
203434 39
203458 5
203471 40
203475 41
203477 41
203498 1
203705 38
203709 3
203714 0
203716 33
203722 8
203736 3
203743 33
203753 41
203807 35
203821 3
203828 0
203879 1
203889 3
204101 10
204111 4
204123 4
204202 9
204211 3
204216 6
204231 39
204251 34
204321 0
204325 40
204335 6
204341 31
204361 33
204365 38
204381 21
204383 7
204432 8
204435 33
204442 0
204451 27
204452 41
204453 1
204471 5
204712 7
204721 8
204732 3
204764 41
205100 5
205103 8
205104 5
205105 2
205235 39
205239 37
205275 13
205303 1
205337 10
205355 5
205393 8
205415 41
205421 6
205461 35
205464 3
205475 37
205479 2
205483 38
205486 1
205495 33
205496 5
205783 35
205791 0
205805 33
206100 38
206101 1
206103 3
206104 15
206107 3
206108 41
206111 27
206112 34
206113 0
206161 37
206162 14
206171 29
206172 23
206181 37
206191 41
206203 35
206207 0
206211 31
206216 28
206217 1
206261 28
206267 9
206281 24
206300 33
206321 32
206324 39
206325 35
206327 37
206328 40
206331 1
206336 30
206341 2
206355 8
206362 2
206370 1
206381 40
206390 34
206412 37
206436 35
206437 7
206441 30
206455 2
206474 38
206704 3
206707 8
206713 3
206720 33
206721 3
206730 3
206736 7
206738 37
206739 41
206743 41
206753 1
206766 11
206783 37
206789 8
206791 33
206794 3
206795 33
206797 3
206798 30
206831 3
206891 30
206997 33
206998 30
207100 41
207103 37
207105 35
207106 34
207107 38
207109 29
207115 2
207117 5
207123 41
207131 4
207135 30
207164 41
207171 38
207173 37
207174 0
207183 39
207187 7
207203 3
207205 37
207208 1
207213 0
207308 33
207310 2
207313 35
207323 5
207348 38
207401 37
207403 2
207406 34
207416 41
207419 0
207422 0
207436 37
207438 39
207701 6
207703 7
207705 8
207711 3
207741 3
207743 3
207791 33
207792 3
207892 33
208101 7
208140 3
208150 3
208250 37
208251 0
208263 32
208270 5
208271 6
208272 5
208280 0
208321 2
208329 27
208343 33
208348 0
208370 2
208383 13
208425 24
208439 8
208440 39
208469 41
208711 8
208760 3
208761 33
208770 35
208871 8
208872 3
209201 35
209251 39
209301 32
209302 8
209303 31
209331 37
209351 37
209358 38
209361 30
209368 27
209375 5
209403 35
209442 31
209451 8
209453 3
209461 5
209463 0
209471 41
209483 34
209485 32
209498 1
209703 8
209705 33
209707 34
209709 35
209711 8
209713 3
209722 3
209731 33
209771 41
209773 37
209779 0
209785 1
210100 37
210201 2
210202 5
210204 8
210275 0
210343 8
210351 0
210375 33
210383 1
210425 3
210433 38
210434 7
210453 38
210465 3
210485 2
210496 4
210703 6
210704 7
210705 8
210707 3
210723 3
210731 1
210732 2
210792 5
210893 8
211100 16
211311 14
211315 38
211317 31
211319 6
211399 0
211413 2
211440 41
211442 38
211443 34
211495 1
211702 33
211889 34
212703 34
213201 8
213714 3
213892 8
214100 5
214261 9
214312 37
214341 39
214381 41
214401 3
214411 31
214414 35
214415 2
214421 33
214430 5
214441 41
214445 34
215205 28
215206 25
215207 34
215208 35
215301 41
215302 3
215381 2
215411 30
215431 37
215471 39
215481 5
215495 33
215496 34
215497 40
215734 3
215762 8
215785 35
215788 1
215792 33
215794 30
215891 3
215892 3
215893 33
215894 3
217701 6
217703 7
217707 8
217717 3
217734 3
217751 3
217775 5
217781 41
217792 0
217893 8
218100 37
218101 4
218233 5
218235 0
218321 37
218323 34
218351 30
218471 35
218475 34
218483 41
218486 30
218495 33
219720 35
219731 38
219751 1
219792 41
225701 6
225703 7
225705 8
225720 3
226701 41
226705 3
226706 8
226709 33
226710 0
226791 3
226792 8
226807 1
226891 3
226892 33
226893 3
229123 5
229323 30
229352 1
229711 0
230751 6
230752 7
230753 8
230796 3
251211 10
251213 1
251261 35
251281 3
251312 29
251313 11
251333 33
251334 38
251361 24
251363 32
251371 3
251372 10
251374 3
251384 37
251411 6
251418 0
251437 4
251438 5
251451 34
251455 33
251457 41
251461 8
251475 11
251479 0
251701 7
251702 8
251703 33
251711 6
251714 7
251715 8
251717 3
251718 1
251745 3
251751 33
251752 34
251757 35
251758 38
251773 7
251783 8
251785 3
251790 41
252201 38
252211 11
252232 6
252282 13
252283 3
252285 25
252286 27
252301 34
252302 40
252317 7
252320 33
252322 29
252325 25
252327 14
252330 1
252342 32
252363 4
252420 38
252421 33
252424 7
252425 8
252426 34
252427 2
252444 0
252450 39
252455 3
252460 33
252489 5
252498 37
252702 3
252708 11
252723 8
252724 6
252741 33
252748 35
252781 7
252785 8
252789 3
252791 3
253303 41
253314 5
253315 38
253432 2
253455 7
253456 38
253481 38
253701 3
253715 3
253717 33
253722 4
253731 5
253732 0
253734 8
253735 38
253736 41
253748 37
253752 3
253754 1
254181 8
254205 39
254206 41
254211 2
254215 1
254216 1
254222 0
254231 2
254232 3
254252 38
254282 40
254302 34
254325 10
254333 32
254372 35
254421 24
254425 37
254426 38
254435 37
254436 8
254438 3
254439 0
254441 9
254442 37
254451 33
254456 41
254457 7
254458 0
254459 3
254461 5
254471 29
254473 37
254492 38
254494 41
254700 41
254702 8
254703 35
254710 30
254711 3
254734 33
254770 8
254777 34
254804 34
254875 3
255201 4
255215 12
255251 38
255290 24
255300 11
255320 10
255321 32
255330 35
255359 6
255415 4
255417 4
255420 34
255422 5
255424 17
255430 8
255432 10
255434 0
255437 14
255438 7
255439 27
255441 6
255447 37
255449 9
255454 5
255460 12
255462 41
255464 13
255471 39
255492 2
255499 3
255712 1
255720 7
255722 33
255734 33
255739 41
255750 34
255764 41
255766 1
255770 37
255771 0
255772 38
255786 1
255791 38
255830 30
256100 25
256212 4
256271 7
256281 0
256316 6
256333 2
256373 34
256383 4
256412 5
256415 35
256441 33
256457 37
256462 1
256473 30
256700 33
256735 8
256761 35
256762 30
256782 3
259103 29
259104 39
259106 8
259107 9
259108 30
259109 33
259191 5
259192 40
259194 2
259201 27
259203 41
260312 39
260404 39
260413 40
260424 41
260434 41
260717 7
260772 8
261103 33
261111 39
261200 2
261210 41
261212 38
261216 4
261217 5
261304 34
261305 41
261335 33
261336 29
261342 32
261343 35
261361 1
261405 1
261406 2
261434 32
261447 3
261456 41
261457 8
261458 30
261461 2
261469 6
261494 38
261497 40
261499 0
261701 41
261702 33
261706 35
261732 3
261735 0
261739 3
261753 1
261754 1
261767 3
261769 3
261791 2
263701 33
263702 35
263720 3
263746 30
263760 31
263771 41
264701 35
264707 3
264741 31
266703 3
266723 35
266792 30
268721 38
269101 33
269102 34
269200 34
269201 0
269202 41
269340 3
269430 11
269462 33
269470 1
269497 0
270701 3
270702 33
270711 8
270791 3
270792 3
301221 39
301233 7
301241 3
301254 14
303210 39
303221 41
303232 1
303262 7
303709 38
303712 7
303713 8
303726 3
303735 33
303736 1
305202 3
307401 7
310331 34
310401 8
311352 8
311700 33
311701 8
311704 3
311722 6
311725 7
311891 30
311892 3
311893 3
312708 7
312792 8
314401 3
314799 30
314893 8
314898 3
317701 33
317702 34
317703 35
318322 33
318351 33
320332 8
320342 4
320351 3
320702 7
320791 8
320893 8
321224 33
321232 0
321242 2
321251 1
321371 33
323331 35
324701 11
324702 6
324703 7
324704 8
324707 3
324710 11
324711 6
324712 7
324715 8
328310 30
328313 37
330110 39
330111 40
330191 41
332881 8
332885 3
332897 30
346893 30
351100 11
351201 35
351202 5
351301 2
351321 5
351331 0
351410 4
351441 0
351442 1
351451 41
351463 5
351466 37
351763 33
352301 2
352311 6
352321 35
352323 7
352332 37
352380 3
352422 3
352431 41
352712 7
352721 8
352791 3
352821 3
352832 7
352842 8
353100 41
353301 5
353303 37
353312 33
353421 0
353431 5
353451 33
353452 37
353454 34
353497 41
353498 1
353711 37
353741 0
353751 1
353752 1
353762 33
354311 7
356100 33
356101 2
356102 8
356202 8
356210 34
356212 3
356303 5
356304 34
356306 39
356312 1
356361 41
356412 2
356414 41
356416 41
356432 34
356441 1
356442 37
356443 0
356722 33
356725 1
356751 3
356791 4
357101 7
357110 10
357210 3
357322 38
357324 34
357360 37
357390 41
357417 38
357441 33
357491 33
357497 3
357701 8
357710 3
357731 4
357782 1
357783 41
357792 3
359202 39
359203 1
359204 40
359206 38
359301 8
359311 2
359405 41
359409 37
359410 4
359413 8
359414 2
359421 11
359431 3
359451 0
359481 1
359483 33
359497 39
359701 33
359702 0
359705 34
359713 35
359722 4
359723 33
359791 1
359873 3
359891 4
360100 0
360210 30
360212 37
360400 8
360404 37
360407 3
360411 2
360431 38
360460 34
360470 2
360497 1
360751 41
360761 35
361210 4
361214 3
361301 33
361321 37
361351 34
361453 4
361461 38
361471 8
361712 33
361725 4
361732 1
363210 37
365222 39
365301 0
365321 33
365331 34
365401 41
365421 35
365427 34
365428 30
365493 1
365497 33
368200 0
368317 8
368331 38
368412 2
368416 5
368487 37
400110 39
400211 34
401382 34
401701 11
401702 6
401703 7
401761 8
401792 3
401811 8
401812 3
401857 8
401874 3
401884 4
401951 4
403382 35
403701 4
405712 33
405713 3
405753 3
405761 35
405781 30
405783 31
405794 4
406385 30
406395 31
407713 6
407715 6
407723 7
407725 7
407731 8
407753 3
407755 3
407781 4
407783 4
407792 4
408701 8
408703 7
408704 5
408705 33
408708 8
408761 3
408763 3
408797 4
409281 9
409292 10
411281 11
411291 6
412718 33
412720 35
412761 34
412791 30
413701 35
414855 33
414857 3
414896 35
414898 4
415291 7
415383 32
415903 33
415981 35
420281 8
421281 3
421291 4
421385 27
421395 28
421711 11
421712 6
421713 7
421714 8
421717 3
421811 35
421812 30
421813 33
421827 7
421828 8
421831 34
421861 31
421863 3
421892 4
421951 2
422711 39
422712 5
422713 1
423382 29
426701 1
426703 3
426761 2
426765 4
428382 24
429711 33
429781 35
429801 30
429811 41
430716 11
430753 6
430769 7
430783 8
430784 3
430799 4
461100 9
461170 2
461471 41
461472 33
461529 41
462130 0
463251 8
463311 41
463331 35
463341 33
463353 39
463402 1
463433 7
463455 8
463491 33
463503 8
463504 2
463545 1
463556 2
463558 3
463581 3
463701 33
463702 35
463703 30
464301 5
464311 0
464341 2
464401 35
464413 2
464441 3
464443 30
464444 4
464445 5
464491 0
464501 5
464502 0
464503 8
464541 41
464542 37
464543 0
464544 4
464582 39
466141 11
501301 0
501302 3
501702 4
502211 32
502311 41
503402 8
504302 33
505402 5
506303 4
506361 35
507402 3
508203 6
508207 41
508303 5
508732 3
509402 4
510100 0
510201 35
510202 33
510307 0
510411 38
510414 2
510415 34
510416 31
510417 35
510418 33
510713 35
510716 30
510719 31
510721 32
512303 7
512312 1
512402 30
513111 2
513114 39
513223 35
513224 30
513283 31
513315 8
513328 33
513340 3
513363 4
513371 5
513429 30
513445 31
513451 32
513471 27
514161 1
514211 4
514241 5
514261 35
514317 41
514323 35
514335 7
514341 37
514343 1
514381 5
514383 30
514395 31
514397 8
514425 30
514442 31
514451 32
514453 3
514466 4
514475 5
514791 32
515101 27
515201 39
515250 2
515312 41
515334 37
515361 30
515364 1
515403 37
515481 1
515490 5
515493 2
515494 2
515496 2
515497 2
518775 35
520714 30
520716 31
551461 11
551491 35
551492 6
552216 0
552217 5
552222 32
552291 11
553312 6
554314 7
554392 8
554493 7
554494 8
555313 33
555393 3
555394 4
556311 34
556391 1
557433 3
558411 4
558432 5
558442 0
561312 41
561391 5
561491 30
562211 0
562709 35
571113 37
571115 33
571116 37
601201 41
601302 33
601321 41
601322 39
601341 40
601344 0
601345 1
601351 38
601353 1
601422 2
601428 5
601452 41
601453 34
601460 8
601462 4
601497 3
601702 0
601731 4
601758 2
601765 41
601767 35
601791 3
601792 35
602100 34
602102 5
602111 1
602201 2
602211 38
602315 39
602317 33
602321 34
602322 30
602431 6
602432 8
602441 39
602464 5
602497 11
602731 33
602761 1
602769 5
603211 34
603322 8
603332 41
603352 3
603371 0
603421 4
603441 0
603453 39
603465 2
603471 37
603494 1
603495 38
603732 35
603799 35
604304 7
604305 8
604312 13
604313 14
604351 6
604352 38
604412 4
604414 5
604416 0
604422 30
604441 2
604451 1
604497 37
604711 35
604712 1
604715 33
604731 34
604732 1
605201 41
605204 5
605301 1
605313 2
605314 34
605321 4
605322 3
605332 5
605341 8
605412 6
605432 11
605446 7
605459 0
605461 0
605476 2
605491 1
605496 4
605713 41
605741 35
605751 30
605791 31
605795 32
606231 38
606242 35
606244 33
606263 30
606343 38
606362 30
606363 34
610102 37
610114 37
626711 35
626712 30
627711 35
627712 30
627713 31
627732 32
651105 5
651107 35
651109 41
651120 1
651210 0
651232 1
651311 35
651312 30
651315 31
651316 33
651393 37
653703 35
676700 3
676701 4
676702 5
676703 0
676704 1
676705 35
676714 30
676716 31
676798 3
676799 3
679800 35
679802 1
679804 35
701101 23
701181 30
701182 41
701183 14
701201 32
701211 3
701281 32
701313 38
701321 24
701331 1
701342 26
701402 1
701403 33
701425 32
701455 34
701494 37
701714 3
701754 3
702101 30
702205 34
702211 3
702312 31
702313 37
702316 41
702318 30
702341 34
702351 40
702411 2
702416 7
702418 37
702423 1
702431 38
702701 35
702702 41
702710 35
702711 30
702717 35
702718 35
702725 30
702742 30
702751 31
702752 32
702756 31
702757 32
702791 27
703103 6
703131 41
703202 38
703204 35
703243 28
703244 25
703305 31
703308 9
703311 33
703313 0
703322 24
703324 0
703330 4
703331 33
703345 39
703352 30
703391 6
703404 12
703412 40
703435 1
703447 13
703454 35
703498 9
703701 4
703702 5
703711 35
703740 33
703747 30
703791 31
703797 0
704101 31
704141 32
704201 27
704345 28
705191 0
705211 32
705311 41
705329 34
705331 31
705351 1
705411 10
705437 38
705441 5
705442 3
705444 6
705492 4
705499 31
705711 35
705712 30
705721 31
705722 1
705723 2
705727 35
705743 32
705762 30
705767 31
705768 32
705772 27
705778 28
705779 29
705784 24
705792 25
705797 26
706100 39
751100 41
751101 10
751102 3
751106 19
751202 20
751209 21
751301 35
751302 18
751303 11
751304 1
751305 27
751308 10
751309 13
751321 1
751323 1
751325 7
751326 41
751327 3
751330 7
751345 14
751401 4
751403 30
751405 22
751407 26
751408 39
751413 37
751420 0
751421 34
751422 39
751424 8
751428 8
751443 28
751451 41
751701 0
751702 41
751703 33
751704 5
751706 35
751708 4
751712 30
751718 34
751722 30
751724 5
751726 1
751751 2
801100 31
801113 4
801201 4
801211 5
801225 0
801235 33
801311 0
801321 35
801324 4
801331 5
801333 1
801334 30
801335 41
801336 33
801382 41
801411 34
801413 1
801421 2
801452 38
801471 0
801481 37
801591 39
801707 30
801710 41
801711 0
801719 31
801739 1
801771 1
801791 32
801792 0
801801 30
801802 31
802111 3
802141 4
803121 5
803123 0
803211 8
803231 37
803300 30
803311 0
803331 2
803360 30
803370 4
803401 1
803431 2
803471 1
803490 39
804111 3
804121 4
804201 30
804211 31
804221 6
804222 32
804231 27
804311 7
804321 8
804331 3
804332 4
804371 5
804411 3
851100 2
851104 37
851105 38
851108 33
851200 22
851201 11
851202 9
851211 3
851212 39
851242 30
851243 41
851251 33
851262 5
851273 38
851305 30
851306 14
851309 32
851331 0
851342 1
851349 33
851352 13
851354 10
851355 27
851360 28
851362 39
851375 41
851376 6
851400 34
851404 38
851407 11
851409 1
851411 30
851441 33
851446 28
851449 27
851451 2
851452 30
851462 35
851468 1
851471 14
851702 30
851705 0
851708 30
851715 1
851751 31
851752 32
851767 30
851768 31
851789 1
852100 33
852101 4
852102 0
852103 1
852201 41
852202 38
852203 34
852204 30
888106 1
888151 5
888231 38
888251 33
888311 33
888341 37
888361 34
888411 36
888702 30
888703 31
888705 32
888730 3
888733 3
888744 27
888782 28
888798 3
888891 3
888892 3
888893 3
888898 3
905700 41
906703 30
906789 31
907701 6
907703 7
907709 8
907710 3
909701 8
909703 3
910701 9
910702 10
910703 11
910704 6
910705 7
910708 8
910709 3
910792 3
924701 7
924702 8
924703 3
950701 6
950702 7
950703 8
950715 7
950722 8
950733 3
950798 3
950801 8
950803 3
951100 5
951102 38
951103 37
951106 3
951107 7
951111 4
951124 0
951203 8
951212 38
951301 8
951302 6
951323 0
951331 2
951344 33
951345 4
951348 34
951352 35
951353 3
951354 30
951411 5
951413 39
951451 37
951497 4
951499 0
953100 1
953103 33
953212 5
953233 37
953261 2
953321 5
953322 4
953331 0
953361 1
953420 2
953421 34
953464 1
953494 37
953702 7
953790 8
954100 0
954231 41
954244 38
954246 41
954310 7
954370 8
954374 5
954410 37
954413 11
954416 7
954424 0
954426 10
954443 1
954449 33
954462 39
954464 38
954471 37
954477 6
954491 4
954492 34
954493 0
954498 41
955102 37
955103 27
955104 41
957213 31
958111 41
958201 37
958221 0
958225 3
958261 4
958373 5
960121 0
960212 2
960231 41
961701 4
961731 2
961792 4
