001101
001102
001111
001112
001113
001118
001201
001202
001210
001212
001218
001222
001223
001224
001225
001226
001227
001228
001229
001230
001231
001234
001250
001281
001291
001292
001293
001310
001311
001312
001314
001315
001318
001320
001321
001323
001330
001341
001342
001352
001353
001354
001355
001361
001362
001381
001391
001410
001423
001425
001440
001443
001444
001445
001446
001447
001461
001463
001464
001471
001472
002101
002102
002110
002111
002191
002192
002201
002202
002211
002221
002230
002250
002260
002301
002302
002311
002321
002331
002333
002351
002361
002362
002365
002372
002401
002402
002441
002471
002472
002473
003101
003102
003191
003201
003202
003213
003261
003313
003314
003320
003331
003332
003361
003367
003414
003421
003436
003454
003463
004241
004271
004272
004282
004301
004303
004314
004324
004330
004351
004372
004401
004432
004465
004470
004472
004473
004474
004475
004476
004483
006103
006126
006206
006226
006241
006242
006253
006303
006307
006325
006326
006330
006331
006344
006346
006349
006353
006355
006423
006425
006426
006428
006432
006433
006443
006448
006454
006475
008214
008303
008314
008326
008402
008411
008417
009103
009105
009212
009213
009230
009231
009232
009233
009234
009236
009254
009301
009321
009325
009326
009327
009328
009344
009355
009356
009358
009363
009425
009426
009431
009445
009446
011100
011101
011151
011152
011153
011154
011156
011157
011251
011257
011259
011268
011269
011276
011277
011278
011353
011355
011356
011358
011359
011362
011363
011367
011374
011457
011461
011464
011479
011717
011720
011751
012100
012173
012174
012200
012271
012272
012273
012371
012374
012471
012475
013103
013110
013203
013204
013206
013207
013208
013209
013215
013216
013217
013301
013302
013303
013304
013305
013306
013307
013314
013317
013321
013326
013329
013330
013335
013337
013338
013410
013413
013420
013421
013422
013425
013426
013427
013428
013431
013432
013433
013435
014210
014211
014270
014310
014311
014320
014322
014323
014324
014325
014370
014371
014381
014382
014383
014390
014401
014410
014421
014422
014423
014471
014481
014483
014484
014485
015101
015102
016101
016102
016232
017101
017102
017111
017112
017201
017210
017231
018103
018104
018111
018112
018113
018114
018125
018126
018203
018204
018211
018213
018222
018231
018234
018235
018271
018301
018321
018323
018332
018335
018351
018352
018353
018372
018421
018433
018435
018436
018438
018451
018465
018467
018468
018471
019101
019102
019103
019104
019105
019106
019108
019111
019112
019203
019204
019205
019206
019208
019211
019212
019221
019222
019303
019311
019331
019332
019351
019361
019362
019371
019373
019381
019382
019411
019441
019442
019471
019473
020101
020102
020211
020212
020231
020232
020261
020311
020321
020333
020341
020362
020363
020412
020421
020481
021101
021102
021203
021204
021270
024752
025108
025110
025310
025381
025480
025481
026101
026102
026111
026112
026201
026202
026271
029701
029703
029711
029732
030101
050100
050103
050104
050106
050111
050112
050113
