201100
201110
201114
201115
201116
201117
201190
202100
202101
202102
202141
202143
202145
202147
202184
202231
202260
202261
202301
202302
202303
202305
202310
202311
202321
202331
202332
202334
202342
202353
202356
202361
202362
202371
202405
202410
202421
202432
202434
202438
202442
202443
202446
202461
202463
202471
202473
202474
202475
202476
202477
202481
202484
202494
202495
202701
202712
202731
202736
202737
202742
202744
202748
202749
202764
202765
202770
202773
202775
202776
202782
202783
202802
202803
202804
202807
202833
202843
202844
202847
202848
202849
202873
203100
203103
203104
203108
203111
203113
203114
203116
203131
203132
203151
203152
203154
203158
203159
203162
203171
203192
203201
203202
203203
203204
203206
203207
203208
203209
203211
203222
203223
203226
203231
203232
203235
203236
203250
203255
203287
203300
203303
203304
203315
203316
203323
203324
203331
203332
203333
203351
203352
203404
203405
203406
203413
203414
203423
203424
203425
203431
203434
203435
203458
203459
203471
203474
203475
203705
203708
203709
203713
203714
203715
203716
203719
203721
203722
203723
203725
203726
203732
203734
203735
203736
203739
203743
203745
203749
203750
203751
203752
203753
203754
203775
203803
203804
203807
203812
203821
203825
203826
203827
203828
203829
203833
203851
203879
203889
204100
204101
204111
204113
204123
204202
204211
204216
204217
204219
204222
204231
204232
204251
204306
204315
204320
204321
204322
204325
204331
204333
204335
204341
204355
204361
204362
204363
204364
204365
204381
204382
204383
204422
204423
204424
204425
204431
204432
204435
204441
204442
204443
204451
204452
204453
204456
204471
204482
204483
204490
204711
204712
204721
204725
204726
204728
204732
204735
204753
204755
204764
204765
204767
204774
204789
204792
204891
205100
205103
205104
205105
205216
205232
205235
205239
205244
205252
205253
205275
205282
205301
205302
205303
205324
205337
205344
205355
205358
205361
205372
205382
205393
205415
205421
205441
205461
205464
205473
205475
205476
205479
205482
205483
205486
205496
205712
205731
205735
205742
205761
205764
205765
205783
205789
205796
205805
206100
206101
206103
206104
206107
206108
206111
206112
206113
206161
206162
206171
206172
206181
206182
206191
206203
206207
206211
206216
206217
206253
206254
206255
206261
206266
206267
206281
206300
206311
206313
206321
206324
206325
206327
206328
206331
206335
206336
206341
206342
206355
206357
206362
206364
206367
206368
206370
206381
206412
206421
206427
206428
206432
206435
206436
206437
206441
206446
206455
206457
206467
206470
206471
206476
206481
206703
206705
206707
206713
206714
206717
206720
206721
206722
206724
206725
206726
206728
206729
206730
206731
206734
206736
206737
206738
206739
206743
206751
206753
206765
206766
206774
206783
206785
206832
207100
207103
207104
207105
207106
207107
207108
207109
207110
207115
207116
207117
207118
207123
207125
207131
207135
207137
207162
207164
207171
207172
207173
207174
207181
207183
207187
207188
207191
207195
207198
207199
207203
207205
207208
207213
207214
207232
207300
207301
207302
207305
207306
207308
207310
207312
207313
207321
207323
207348
207401
207402
207403
207406
207408
207411
207413
207415
207416
207419
207422
207436
207442
207448
207449
207455
207458
207463
207481
207701
207703
207704
207705
207706
207708
207711
207712
207727
207729
207741
207742
207743
207765
207766
207768
207776
207777
207785
207794
207808
207846
208101
208140
208141
208150
208161
208250
208251
208263
208264
208265
208270
208271
208272
208280
208321
208322
208329
208343
208345
208346
208348
208353
208362
208370
208373
208383
208384
208423
208425
208439
208440
208444
208446
208460
208469
208711
208712
208737
208738
208740
208760
208761
208770
208772
208774
208776
208871
208872
208873
209201
209203
209204
209251
209252
209253
209262
209263
209270
209271
209272
209301
209302
209303
209311
209312
209316
209322
209331
209332
209341
209351
209352
209358
209361
209368
209370
209371
209372
209374
209375
209376
209382
209401
209402
209403
209411
209412
209413
209414
209415
209416
209424
209442
209443
209444
209451
209452
209453
209454
209456
209461
209463
209466
209471
209473
209475
209476
209483
209485
209486
209703
209705
209707
209709
209711
209712
209713
209714
209715
209716
209722
209731
209741
209771
209772
209773
209779
209785
209787
209789
209813
210100
210200
210201
210202
210204
210207
210221
210251
210276
210315
210331
210343
210351
210355
210383
210401
210408
210425
210432
210433
210434
210435
210445
210448
210453
210454
210463
210464
210465
210485
210497
210702
210703
210704
210705
210707
210717
210723
210731
210733
210734
210741
210743
210744
210745
210748
210751
210784
210785
210787
210789
211100
211303
211311
211312
211315
211318
211319
211341
211342
211413
211440
211442
211443
211444
211445
211446
211448
211449
211495
211701
211702
211709
211843
211889
212701
212702
212703
212711
212712
212714
212721
212731
212741
212789
213201
213703
213704
213705
213706
213707
213708
213711
213714
213717
213718
213763
213779
214100
214261
214301
214310
214312
214340
214341
214352
214381
214401
214403
214411
214412
214414
214415
214421
214422
214430
214431
214441
214442
214445
214462
214491
215205
215206
215207
215208
215301
215302
215303
215311
215312
215313
215314
215327
215328
215375
215376
215381
215385
215386
215401
215411
215412
215421
215422
215423
215424
215431
215435
215436
215445
215462
215465
215466
215471
215475
215476
215481
215482
215485
215486
215495
215496
215497
215711
215734
215741
215742
215743
215744
215752
215761
215762
215780
215781
215782
215783
215785
215794
216703
216704
216711
216721
216781
217701
217703
217705
217707
217708
217726
217733
217734
217751
217752
217763
217773
217774
217775
217781
217789
218100
218101
218233
218234
218235
218236
218244
218262
218321
218323
218351
218352
218362
218372
218382
218471
218474
218475
218481
218483
218486
218496
219720
219731
219741
219753
219761
219766
219781
219789
220703
220706
225701
225702
225703
225704
225705
225706
225707
225720
225748
226701
226702
226703
226704
226709
226710
226711
226789
226801
226805
226889
229123
229223
229323
229351
229352
229711
324703
