351100
351200
351201
351202
351301
351302
351321
351331
351364
351371
351410
351425
351426
351441
351442
351451
351463
351464
351466
351487
351488
351489
352103
352301
352311
352313
352314
352315
352321
352323
352331
352332
352401
352412
352413
352421
352422
352431
352433
352441
353210
353301
353311
353313
353418
353421
353431
353441
353451
353452
353453
353471
353482
354311
354312
355411
356100
356101
356102
356202
356203
356210
356212
356261
356303
356304
356306
356311
356312
356331
356333
356351
356361
356372
356373
356374
356375
356411
356412
356414
356415
356416
356431
356432
356441
356442
356443
356444
356445
356446
356447
356448
356449
356451
356455
356456
356471
356472
356474
356475
356477
356478
356496
357101
357110
357210
357322
357323
357325
357326
357360
357417
357418
357421
357432
357441
357442
357444
357446
357491
359202
359203
359204
359205
359206
359210
359301
359302
359303
359305
359311
359341
359350
359360
359380
359401
359403
359405
359408
359409
359410
359413
359414
359419
359421
359422
359423
359431
359451
359452
359455
359460
359461
359465
359466
360100
360210
360301
360304
360400
360401
360402
360403
360404
360407
360411
360423
360431
360441
360460
360470
361210
361211
361214
361301
361321
361322
361341
361351
361413
361414
361421
361433
361442
361452
361453
361461
361471
361475
362211
362301
362401
362411
362412
362421
362424
362425
362441
362451
362452
363202
363210
363401
363402
365201
365211
365301
365321
365322
365324
365331
365421
365422
365425
365426
365427
365428
365431
368200
368211
368310
368317
368331
368412
368417
368418
368431
368433
368441
368487
400110
400210
400211
