461100
461170
461256
461334
461344
461404
461405
461435
461441
461459
461471
461472
461481
461511
461514
461521
461522
461523
461526
461527
461529
461532
461543
461546
461551
461566
461569
461584
462130
462151
462304
462321
462405
462409
462410
462412
462413
462414
462423
462431
462442
462445
462447
462452
462481
462503
462505
462516
462523
462531
462541
462542
462543
462544
462545
462547
462548
462564
462582
462584
462586
462587
462588
462596
463201
463251
463252
463311
463331
463332
463341
463342
463353
463354
463402
463433
463455
463491
463503
463504
463506
463512
463513
463531
463534
463543
463544
463545
463556
463557
463558
463559
463571
463592
464301
464302
464311
464312
464341
464401
464402
464403
464413
464414
464441
464442
464443
464444
464445
464446
464500
464501
464502
464503
464504
464505
464506
464508
464509
464510
464541
464542
464544
464545
464546
464549
466141
