305202
305203
318322
328310
328313
381322
501201
501202
501301
501302
501305
501306
502211
502311
502313
502314
503401
503402
504202
504302
504305
505401
506202
506301
506303
506361
507401
507402
508203
508207
508303
508304
509401
509402
510201
510202
510306
510307
510409
510411
510412
510413
510414
510415
510416
510417
510442
512303
512304
512311
512401
512402
513111
513113
513114
513115
513212
513216
513217
513223
513224
513225
513283
513284
513315
513324
513328
513331
513343
513363
513364
513371
513373
513390
513411
513412
513429
513445
513446
513451
513471
514202
514206
514211
514222
514241
514244
514272
514317
514322
514323
514335
514336
514341
514343
514352
514358
514381
514382
514383
514384
514395
514396
514397
514398
514425
514436
514442
514446
514451
514453
514462
514466
514475
514742
514752
515201
515204
515205
515250
515252
515256
515257
515306
515307
515310
515312
515330
515334
515337
515338
515339
515361
515362
515364
515370
515373
515376
515377
515378
515380
515403
515407
515440
515441
515442
515455
515490
518724
518770
