601201
601202
601231
601242
601302
601321
601322
601341
601342
601344
601346
601351
601361
601422
601423
601424
601425
601427
601428
601431
601436
601444
601452
601454
601455
601456
601460
601462
601471
601472
601702
601724
601731
601742
601745
601758
601765
601767
601769
601775
601842
602100
602102
602103
602111
602120
602121
602122
602211
602301
602314
602315
602321
602322
602421
602431
602432
602441
602453
602454
602455
602461
602463
602464
602471
602472
602722
602731
602741
602751
602753
602761
602771
602831
603200
603211
603231
603321
603322
603331
603332
603341
603351
603352
603371
603396
603421
603422
603423
603441
603451
603452
603453
603461
603465
603471
603494
603495
603496
603711
603723
603725
603731
603743
603751
604101
604211
604304
604305
604311
604312
604313
604314
604315
604351
604352
604411
604412
604414
604415
604416
604422
604423
604431
604441
604443
604451
604454
604455
604456
604457
604711
604715
604731
605201
605203
605204
605301
605302
605313
605314
605315
605316
605321
605322
605331
605340
605341
605412
605413
605430
605432
605444
605445
605446
605456
605459
605461
605476
605701
605702
605711
605713
605717
605719
605741
605742
605745
605751
606211
606231
606241
606242
606243
606244
606245
606263
606264
606310
606341
606342
606343
606344
606362
606363
606451
606452
606463
610114
