126101
126102
126212
126213
126214
126216
126321
126324
126325
126326
126328
126330
126331
126332
126333
126334
126400
126428
126431
126432
126434
126435
126436
126437
126438
126439
126442
126443
127100
127101
127202
127203
127204
127205
127206
127207
127303
127312
127313
127314
127315
127316
127320
127326
127329
127330
127332
127333
127336
127337
127359
127411
127412
127413
127414
127415
127416
127424
127433
127492
127493
127711
127716
127717
127718
127719
127720
127721
127726
127727
127728
127730
128100
128101
128201
128202
128203
128204
128304
128305
128306
128307
128308
128309
128310
128334
128351
128352
128353
128354
128355
128401
128403
128423
128425
128427
128429
128431
128434
128435
128443
128445
128451
128462
128471
128481
128484
128700
128701
128710
128712
128714
128727
128730
128734
128740
128741
128751
128762
140101
140102
140103
140104
140105
