951100
951101
951102
951106
951124
951125
951202
951203
951231
951302
951321
951322
951323
951324
951331
951344
951346
951348
951352
951366
951421
951497
951498
952315
953102
953103
953104
953111
953201
953202
953211
953212
953214
953231
953232
953233
953234
953261
953321
953322
953323
953331
953361
953421
953422
953423
953444
953494
953495
954100
954140
954141
954142
954143
954170
954240
954244
954245
954246
954260
954270
954310
954311
954312
954320
954323
954326
954340
954343
954347
954360
954364
954370
954371
954372
954373
954374
954410
954412
954413
954416
954420
954421
954422
954423
954426
954443
954449
954461
954462
954464
954471
954472
954477
954491
954498
955102
955103
955104
958111
958201
958221
958225
958261
958373
