001101 4
001102 1
001112 28
001118 3
001201 4
001202 31
001210 28
001212 10
001218 34
001222 0
001223 7
001224 2
001225 10
001226 0
001227 2
001228 0
001229 0
001230 22
001231 16
001234 37
001250 0
001281 37
001291 1
001292 0
001310 25
001311 4
001312 0
001314 39
001315 28
001320 10
001321 31
001323 16
001330 28
001341 16
001342 31
001352 18
001355 4
001361 16
001362 19
001391 10
001410 16
001440 0
001445 13
001463 10
001472 16
002102 34
002111 19
002191 25
002202 28
002230 16
002260 19
002302 25
002321 28
002362 10
003102 16
003191 40
003202 19
003213 13
003261 10
003454 16
004465 0
004472 22
004474 10
004476 16
006103 28
006226 16
006241 22
006253 10
006307 10
006325 4
006443 28
006448 10
008314 28
008402 28
008411 31
009103 34
009213 13
009232 19
009254 31
009301 10
009327 16
009344 16
009355 28
009358 16
009363 10
011100 8
011101 34
011153 19
011154 36
011156 27
011157 37
011251 21
011257 18
011268 34
011269 9
011276 0
011277 27
011278 4
011358 19
011367 16
011457 13
012173 39
012200 25
012271 13
012272 10
012374 22
013103 12
013110 13
013203 22
013204 0
013206 13
013207 18
013208 10
013209 16
013216 10
013301 16
013303 10
013305 31
013314 13
013337 28
013413 31
013425 10
013431 10
013432 16
013433 13
014210 13
014211 19
014270 22
014310 16
014311 16
014370 31
014371 16
014390 3
014401 28
014410 28
014423 10
014471 4
014481 25
015101 27
015102 10
016101 31
017101 10
017102 19
017111 22
017201 16
017231 31
018104 4
018111 28
018112 0
018114 22
018126 19
018204 10
018271 16
018323 19
018332 31
018352 28
018372 10
019101 7
019104 10
019105 25
019106 28
019112 19
019204 41
019205 25
019206 10
019211 31
019212 10
019221 28
019222 24
019332 25
019351 31
019362 28
019371 13
019382 19
019441 10
020101 7
020102 25
020211 13
020212 22
020231 4
020232 0
020261 19
020341 10
021101 25
021102 0
021203 10
021204 16
021270 16
024752 16
025110 28
025381 16
025481 31
026101 14
026102 34
026111 28
026112 16
026201 22
050100 25
050103 9
050104 16
050106 29
050112 16
050113 21
051300 19
051302 36
051304 31
051306 7
051310 0
051313 16
052201 13
052203 16
052310 10
052323 37
052331 31
052351 25
052353 25
052355 19
052417 10
052422 31
052442 16
052449 19
052466 13
057121 32
057122 31
057123 3
057125 36
057126 6
057127 28
057128 36
057129 27
057130 2
057131 8
057132 5
057133 27
057134 4
057135 0
057136 28
057137 16
057138 3
057205 19
057213 21
057276 36
057283 13
057286 22
057287 25
057289 13
057290 28
057295 10
057297 19
057298 16
057301 34
057302 16
057305 7
057316 0
057366 24
057404 19
057407 13
057425 10
057428 16
059405 16
059419 37
061103 4
061106 36
061201 10
061205 28
061223 28
061306 16
061312 7
061313 28
061317 10
061401 22
061403 16
061430 10
062320 25
062341 16
062342 13
062343 13
062344 31
062345 28
062346 19
062360 25
062380 31
062411 19
062452 10
062460 25
062470 28
064202 28
064204 16
064207 10
064272 16
064273 31
064303 28
064410 10
064413 28
064417 13
064418 13
064422 28
064424 19
065120 16
065121 9
065211 16
065212 19
065311 4
065333 10
065420 31
065795 10
065797 16
065799 16
066222 16
066324 4
066412 28
066416 13
066426 10
067201 10
067203 16
067311 7
067371 19
067433 10
067435 19
067436 31
067491 10
067492 16
070100 25
070200 16
070301 16
070303 31
070304 31
070305 16
070308 10
070400 10
070403 19
070404 28
070410 16
070411 28
070413 13
070414 33
070415 16
070416 31
070711 10
070726 10
070740 16
070741 16
070792 16
071412 10
071413 34
071414 16
071415 16
071417 19
074100 15
074101 41
074201 37
076312 19
076314 4
076414 22
076426 16
076427 10
076428 13
076429 0
076444 10
076466 10
078444 21
078454 31
079444 7
099101 27
099102 7
100104 31
100105 33
100106 3
100107 3
100108 41
100205 21
100206 41
100207 12
100208 34
100209 0
100211 21
100306 6
100307 37
100308 41
100309 2
100310 22
100501 7
101201 28
101202 7
101205 18
101325 31
101490 22
103112 16
103271 31
104100 10
104302 13
104310 16
104320 7
104327 10
104334 10
104450 13
104490 16
109100 31
109114 18
112101 28
112105 25
112106 31
112109 10
112202 16
112205 16
112321 28
112322 10
112406 16
112424 10
115200 31
115300 25
115301 16
116301 16
126101 33
126102 16
126212 4
126213 16
126214 34
126325 30
126326 31
126328 25
126331 7
126332 19
126431 16
126436 31
126442 10
127100 7
127101 30
127202 21
127204 10
127205 13
127303 16
127313 33
127330 24
127359 28
127411 13
127412 10
127414 16
127716 28
127720 10
127721 16
127726 31
128100 15
128101 31
128201 16
128304 6
128305 4
128306 25
128308 30
128310 10
128351 28
128355 28
128423 25
128427 31
128434 16
128443 31
128700 31
128727 28
128734 10
128751 16
140104 6
152211 16
152301 10
152331 31
154104 26
154141 4
154152 31
154153 18
154173 19
154181 37
154251 31
154276 25
154281 18
154301 19
154330 13
154340 28
154363 10
154385 10
154431 16
154457 10
154481 13
159100 5
159101 24
159102 28
159151 13
159202 10
159204 18
159231 4
159331 4
159332 10
159401 10
159411 16
159412 13
159431 16
159434 28
160242 19
164261 25
168335 16
176100 6
176101 30
176104 19
177104 28
177113 19
177114 31
177141 37
177142 15
177181 13
177215 10
177217 4
177227 34
177228 16
177229 6
177300 31
177321 0
177332 13
177335 22
177341 16
177362 25
177443 31
177460 10
177463 25
177471 10
177472 28
177483 10
177491 10
179443 16
201100 10
201110 3
201114 19
201116 14
201117 7
202100 24
202101 41
202102 15
202147 39
202231 10
202302 16
202303 1
202305 19
202356 19
202362 13
202371 7
202405 7
202421 10
202446 16
202471 31
202475 16
202476 16
202484 16
202701 16
202731 16
202736 10
202744 16
202749 16
202775 28
202776 10
202803 10
202833 16
202849 16
203100 38
203104 16
203108 34
203111 20
203113 18
203114 18
203131 16
203132 37
203151 10
203152 3
203154 36
203158 40
203159 22
203162 15
203202 19
203203 34
203204 34
203206 12
203207 10
203208 0
203209 6
203211 4
203222 16
203223 27
203226 27
203232 0
203236 30
203250 13
203287 22
203316 19
203351 10
203459 10
203715 10
203719 31
203721 28
203725 10
203726 10
203734 28
203735 31
203749 28
203752 31
203754 16
203775 31
203812 28
203825 31
203829 16
203833 16
203879 10
204100 22
204101 28
204113 36
204202 34
204211 3
204217 1
204232 34
204251 27
204306 13
204315 1
204333 37
204355 16
204362 31
204382 16
204422 1
204423 4
204424 16
204441 16
204443 10
204452 16
204482 25
204483 1
204490 28
204725 31
204728 16
204755 10
204792 28
204891 16
205100 19
205103 13
205105 22
205216 25
205232 22
205244 4
205252 19
205282 1
205324 16
205344 28
205358 31
205382 10
205731 28
205742 10
205796 16
206100 37
206101 27
206103 39
206104 39
206111 39
206112 39
206113 25
206161 36
206162 32
206171 6
206172 6
206181 25
206182 30
206191 16
206211 28
206216 22
206217 36
206253 10
206255 19
206261 31
206266 10
206267 22
206281 24
206313 19
206321 25
206324 16
206325 22
206327 4
206331 13
206336 16
206341 4
206342 13
206355 10
206362 25
206364 27
206367 28
206368 0
206370 1
206421 31
206427 28
206428 22
206435 10
206437 16
206476 13
206481 19
206703 28
206722 31
206724 28
206725 10
206731 16
206737 10
206774 16
207100 22
207104 37
207105 40
207106 39
207108 21
207109 25
207110 10
207116 18
207117 23
207118 37
207125 12
207137 22
207162 25
207172 33
207181 34
207187 12
207188 31
207191 6
207195 7
207214 25
207302 25
207305 34
207306 16
207312 31
207402 10
207448 16
207704 31
207706 28
207708 10
207712 16
207766 16
207794 16
208101 24
208140 13
208141 40
208150 16
208263 19
208264 19
208271 21
208272 34
208322 7
208345 31
208346 28
208353 4
208362 28
208373 28
208384 28
208423 31
208444 16
208446 10
208460 31
208738 28
208772 10
208774 16
209203 31
209204 25
209252 41
209253 22
209262 1
209263 19
209270 1
209271 4
209272 28
209352 19
209370 19
209376 25
209382 31
209456 25
209466 10
210200 31
210207 1
210221 4
210251 16
210276 25
210315 13
210331 19
210355 16
210432 31
210448 10
210463 10
210702 10
210705 16
210743 31
210745 31
210748 28
210789 28
211100 10
211315 0
211319 6
211341 10
211342 19
211444 16
211709 10
211889 16
213708 16
213717 28
213718 31
213763 10
214100 16
214301 16
214310 27
214340 31
214341 10
214352 10
214412 28
214491 10
215205 24
215206 36
215207 25
215208 16
215303 16
215312 1
215313 34
215401 16
215482 31
215711 10
215741 28
215742 10
215743 16
215781 16
215783 28
217705 28
217708 10
217752 16
217773 16
218100 30
218234 25
218236 19
218244 1
218262 28
218352 31
218362 28
218372 10
218382 16
226703 28
226709 16
226710 10
226789 16
229123 16
229223 19
251100 28
251211 0
251213 13
251216 16
251242 25
251261 22
251292 31
251312 28
251333 25
251334 31
251342 10
251361 13
251363 19
251371 25
251372 31
251399 7
251411 28
251434 19
251436 10
251452 31
251455 28
251456 16
251461 10
251477 16
251704 28
251707 16
251723 10
251724 16
251746 16
251748 10
251754 31
251760 16
251763 28
251765 10
251773 31
251781 28
252210 40
252212 0
252222 22
252235 16
252282 41
252283 30
252285 31
252311 31
252320 7
252331 28
252353 4
252402 13
252403 16
252404 28
252413 16
252420 13
252423 19
252427 10
252428 25
252429 22
252435 13
252440 10
252459 25
252460 28
252479 10
252489 10
252706 10
252714 31
252727 25
252755 28
252774 16
252781 31
252785 16
252789 16
252792 10
253215 31
253433 10
253441 16
253443 16
253451 31
253452 28
253454 28
253716 25
253721 10
253722 31
253725 31
253734 10
253747 16
253749 19
253752 25
253754 28
253791 28
254182 28
254200 36
254205 12
254206 16
254211 22
254215 22
254216 40
254222 4
254231 18
254232 7
254271 0
254282 1
254325 16
254334 41
254352 13
254362 37
254371 21
254373 27
254400 10
254411 28
254412 10
254415 16
254421 10
254423 19
254424 16
254435 25
254445 19
254451 13
254452 1
254453 31
254466 16
254476 25
254477 31
254478 16
254495 22
254701 16
254721 28
254733 28
254737 31
254771 10
254803 28
254817 10
254857 10
255210 33
255230 0
255301 28
255316 25
255323 16
255328 19
255337 10
255340 4
255422 16
255425 28
255427 25
255432 28
255437 10
255440 28
255447 10
255455 10
255497 16
255714 31
255735 28
255750 31
255766 10
255769 16
255772 16
255779 16
255783 25
256100 19
256271 28
256317 28
256318 16
256334 10
256382 31
256383 19
256462 13
259103 12
259104 3
259106 6
259107 21
259108 5
259192 1
259193 7
259194 37
259195 33
259200 10
259201 27
259203 34
259401 16
260704 16
260708 25
260712 31
260719 10
260791 28
261102 21
261111 11
261112 30
261113 31
261205 16
261207 19
261208 16
261214 28
261215 22
261218 6
261305 28
261306 10
261332 0
261342 1
261343 16
261361 1
261430 31
261433 34
261444 16
261446 19
261447 25
261448 4
261449 10
261465 16
261473 16
261494 31
261497 16
261499 25
261742 16
261745 16
261755 16
261763 10
261764 31
261793 28
261795 28
261796 10
263710 10
263721 31
263724 25
263745 25
263751 28
264702 31
264705 28
264755 10
264789 16
265706 28
265709 10
265710 16
266703 10
266801 16
268732 16
268735 10
268741 28
268742 31
269103 10
269105 4
269130 7
269210 19
269341 10
269360 31
269370 13
269421 16
269431 16
269497 10
270701 10
270702 16
305203 16
318322 31
329104 9
330112 30
351100 37
351201 16
351364 31
351371 10
351426 28
352103 37
352311 13
352314 13
352315 13
352331 28
352332 10
352401 31
352412 28
352413 16
352421 31
352422 19
352433 31
352441 10
353313 22
353431 10
353441 28
353471 10
355411 16
356100 40
356101 4
356102 33
356210 34
356261 10
356311 16
356331 19
356431 13
356432 31
356441 28
356442 10
356443 16
356449 10
356455 16
356472 10
356475 16
357101 13
357110 19
357210 27
357323 28
357360 10
357418 16
357442 25
357444 31
359202 22
359205 16
359401 10
359408 16
359431 28
359455 10
360100 21
360210 17
361210 19
361321 19
361322 10
361341 25
361421 16
361433 31
361452 28
361461 28
361475 10
362211 9
363210 28
365425 16
368211 31
368317 16
400110 24
400210 16
401281 25
401383 25
401391 10
403281 31
403383 13
406284 22
406294 4
406386 40
406396 7
408382 0
410381 19
413383 37
413391 22
415393 16
420282 13
421282 16
421292 10
421386 28
421396 31
422381 34
428281 28
428282 19
428381 1
428383 4
461170 33
461471 4
461472 13
461511 25
461521 28
461526 16
461551 25
461566 31
461584 16
462130 28
462412 28
462413 10
462414 25
462503 31
462587 16
462588 10
463201 16
463252 10
463331 19
463332 16
463342 25
463354 31
463506 13
463512 13
463513 4
463543 16
463544 25
463557 28
463559 10
463571 16
463592 31
464302 28
464312 10
464402 19
464403 28
464414 25
464442 1
464443 22
464445 31
464446 10
501201 28
501202 10
501305 13
501306 19
502313 31
502314 28
504202 25
504305 25
506202 13
508304 19
510306 10
512304 16
513113 4
513115 16
513212 28
513216 16
513217 25
513225 31
513284 10
513331 28
513343 25
513364 16
513373 31
513390 10
513446 16
514202 4
514206 19
514222 13
514244 10
514272 25
514322 25
514352 28
514358 16
514382 31
514384 10
515204 25
515205 31
515256 10
515257 16
515337 28
515362 10
515380 16
552216 10
552217 16
552232 13
554413 25
555312 31
557432 28
558101 24
558313 10
558441 16
562101 30
562211 16
601201 37
601202 21
601231 7
601242 4
601342 28
601346 10
601361 16
601423 31
601425 19
601454 25
601455 31
601724 16
601745 10
601775 16
602100 37
602102 37
602103 25
602111 16
602120 34
602121 24
602122 10
602301 16
602314 16
602421 28
602453 25
602454 10
602455 31
602461 28
602471 13
602722 10
602741 16
602751 28
603200 22
603231 4
603321 22
603396 16
603496 16
603725 28
603743 10
603751 16
604101 22
604211 28
604311 4
604314 27
604315 10
604411 13
604415 28
604423 31
604431 16
604455 16
605203 13
605302 19
605313 16
605315 10
605316 25
605331 13
605430 16
605701 10
605711 28
605719 16
605742 10
606211 22
606243 25
606245 16
606264 19
606310 4
606451 10
606452 16
610114 23
651211 31
651212 28
651231 31
651234 16
651313 19
651314 25
651317 16
651319 31
651416 28
651425 10
701100 36
701101 7
701181 27
701183 7
701202 40
701235 10
701243 28
701244 16
701283 16
701295 28
701310 25
701335 13
701341 31
701408 28
701423 16
702100 19
702101 16
702211 34
702213 25
702312 30
702317 7
702321 10
702331 10
702342 4
702354 16
702418 19
703103 16
703202 28
703204 19
703243 22
703244 25
703309 10
703311 25
703322 31
703324 31
703330 28
703331 22
703345 16
703351 1
703361 10
703413 16
703441 28
703499 19
705191 24
705211 17
705311 31
705328 4
705331 37
705332 10
705343 10
705351 22
705431 19
705438 28
705440 25
705441 22
705444 7
705446 16
705448 13
705492 19
705499 31
751100 7
751101 41
751102 22
751106 22
751202 15
751209 31
751301 39
751302 39
751303 7
751304 16
751305 16
751308 4
751309 3
751321 10
751326 19
751330 22
751345 16
751401 16
751403 22
751405 0
751408 1
751413 31
751418 16
751419 16
751421 10
751428 1
751440 16
751443 7
751701 25
751702 31
751703 10
751705 16
751706 31
751708 16
751710 19
751712 19
751716 25
751724 31
751728 19
751732 28
751734 10
751744 28
751745 28
751751 10
751752 28
801100 41
801122 28
801134 10
801201 28
801204 1
801233 13
801236 10
801241 28
801322 10
801371 16
803122 31
803124 28
803131 10
803230 10
803232 16
851100 24
851103 30
851104 41
851105 36
851200 19
851201 3
851202 37
851204 24
851205 36
851241 28
851261 3
851273 9
851305 4
851306 25
851309 34
851310 1
851341 0
851342 19
851344 10
851350 25
851363 27
851366 19
851371 13
851375 39
851400 16
851401 31
851404 22
851443 16
851445 10
851450 16
851467 16
951100 35
951106 19
951124 22
951202 19
951231 31
951321 16
951366 16
951421 28
951497 10
951498 16
953102 31
953104 28
953111 33
953201 1
953202 13
953214 16
953231 25
953232 13
953234 25
953323 31
953494 16
953495 28
954140 27
954141 39
954142 3
954240 10
954244 22
954310 25
954326 13
954340 12
954364 10
954371 22
954372 28
954373 16
954413 10
954420 10
954422 31
954423 16
954443 10
954472 25
954498 31
