001101 1
001102 34
001111 33
001113 22
001201 4
001202 37
001210 23
001212 3
001218 19
001230 9
001231 0
001250 31
001291 21
001293 10
001310 41
001311 3
001312 7
001318 3
001320 7
001321 37
001323 0
001330 22
001342 19
001353 34
001354 9
001362 37
001381 7
001410 22
001423 28
001425 22
001443 10
001444 13
001445 31
001447 22
001461 28
002101 21
002110 25
002191 6
002192 28
002201 22
002211 0
002221 10
002250 31
002301 10
002333 28
002351 0
002361 19
002365 25
002401 10
002473 28
003101 13
003191 34
003201 19
003313 31
003320 28
003331 37
003367 25
004241 7
004282 37
004301 31
004303 16
004324 0
004432 19
004473 31
004475 13
004483 22
006103 35
006126 41
006206 31
006226 25
006242 10
006253 0
006303 22
006325 19
006326 0
006330 19
006344 10
006346 34
006355 31
006425 37
006426 25
006428 22
006443 25
006448 10
006454 22
008214 0
008303 22
008314 19
008411 34
008417 28
009103 19
009105 37
009212 28
009230 16
009231 28
009326 25
009328 0
009426 28
009431 22
009445 22
011100 30
011151 7
011152 15
011153 24
011251 27
011257 16
011259 19
011269 39
011276 11
011353 31
011356 19
011358 7
011362 10
011374 19
011461 28
011464 22
011479 25
012100 7
012173 38
012200 25
012273 28
012371 37
012475 28
013103 35
013110 13
013203 40
013204 0
013206 37
013209 30
013301 12
013302 37
013303 37
013305 10
013306 0
013307 0
013317 16
013321 31
013326 28
013329 22
013330 31
013335 22
013337 28
013413 37
013427 25
013433 22
014210 15
014211 22
014270 21
014310 0
014311 3
014322 37
014323 10
014324 22
014370 16
014371 28
014381 37
014382 31
014401 34
014471 25
014481 28
014485 19
015101 18
016101 37
017101 10
017102 22
017111 15
017112 28
017210 22
018103 7
018111 8
018113 15
018125 31
018203 10
018211 19
018213 31
018231 0
018235 28
018271 41
018301 37
018335 28
018351 10
018353 25
018433 28
018435 10
018438 22
018467 25
019101 26
019103 22
019105 41
019106 12
019108 31
019111 25
019203 10
019205 19
019206 10
019208 25
019211 31
019221 0
019303 31
019311 0
019331 25
019361 37
019371 28
019373 37
019381 22
019411 37
019442 10
019471 28
019473 22
020101 28
020102 19
020211 0
020212 19
020231 22
020311 10
020321 0
020333 22
020341 28
020362 10
020363 19
021101 24
021102 19
021203 16
021270 19
025108 19
025110 37
025310 0
025480 28
026101 36
026102 16
026111 40
026112 22
026201 13
026271 25
029701 28
029711 22
050100 7
050103 6
050104 28
050106 33
050111 10
051302 4
051304 25
051306 28
051313 10
051412 1
051418 37
052201 25
052202 28
052314 31
052350 22
052352 31
052357 28
052400 31
052419 37
052443 7
052445 28
052447 19
052725 28
055701 22
055706 25
055707 10
055771 25
055797 28
057121 14
057122 27
057123 33
057125 28
057126 9
057127 29
057128 12
057129 12
057130 15
057131 6
057132 18
057133 36
057134 40
057135 31
057137 34
057138 7
057139 13
057140 19
057201 19
057205 28
057215 7
057274 18
057279 34
057283 37
057284 25
057285 37
057288 22
057293 10
057294 22
057300 16
057302 28
057305 16
057351 10
057366 13
057403 7
057405 16
057410 19
057411 40
057420 31
057425 41
057426 28
057428 3
059419 27
061106 16
061201 1
061223 25
061306 28
061307 25
061312 37
061313 37
061317 13
061401 22
061403 19
061404 37
062342 4
062343 31
062344 4
062345 31
062346 19
062360 1
062380 37
062411 7
062452 37
062460 19
062470 37
063703 28
063813 22
064207 25
064231 28
064251 28
064281 28
064291 28
064301 25
064303 25
064410 31
064412 37
064417 28
064418 4
064424 5
064474 25
065210 10
065212 31
065310 16
065320 4
065332 37
065421 10
065434 37
065435 10
065436 19
065437 25
065797 22
065799 22
066221 25
066323 16
066410 13
066414 4
066425 31
066755 28
067202 19
067303 13
067311 1
067372 16
067373 22
067432 1
070301 28
070303 31
070304 28
070305 10
070308 37
070400 25
070401 22
070403 19
070404 22
070410 31
070411 25
070415 13
070416 25
070720 25
070721 10
070726 28
070727 28
070731 22
070792 22
071412 4
071413 4
071414 22
071420 0
071422 19
071423 4
071425 25
071712 10
071811 28
074100 16
074101 15
074414 13
076314 31
076414 31
076425 10
076427 41
076428 16
076429 4
076444 31
076466 4
078444 8
078454 25
079444 15
088708 22
091800 22
099101 13
099102 40
100102 22
100103 22
100104 21
100105 10
100109 4
100110 10
100111 13
100112 22
100206 28
100207 10
100208 10
100209 22
100210 25
100211 0
100212 13
100213 31
100218 19
100219 19
100220 27
100225 22
100226 28
100281 6
100306 0
100307 22
100308 7
100309 19
100310 25
100501 0
101100 10
101105 31
101201 23
101211 22
101400 22
101405 25
103112 25
103191 37
103271 35
104200 10
104201 25
104300 0
104301 22
104340 22
104410 31
104424 28
104495 37
105304 31
109100 20
109115 39
112101 1
112102 22
112103 28
112108 31
112201 28
112203 10
112213 25
112300 1
112411 37
112412 25
115200 31
115301 10
115302 22
116400 10
126101 21
126216 1
126321 9
126330 28
126333 1
126334 1
126428 25
126432 16
126443 31
127100 22
127101 10
127203 41
127204 0
127207 28
127303 28
127312 30
127314 1
127315 22
127316 13
127329 22
127337 37
127711 25
127717 10
127718 28
127719 22
128100 12
128101 25
128202 22
128203 10
128204 16
128307 6
128309 22
128334 25
128352 25
128354 37
128403 19
128701 25
128710 10
128730 28
128740 22
128762 22
140101 37
140102 10
140105 31
152321 7
154104 13
154141 22
154151 33
154231 40
154262 16
154281 9
154311 28
154330 1
154340 25
154351 31
154353 7
154363 22
154375 22
154377 7
154388 25
154433 1
154443 1
154488 22
159100 25
159101 19
159151 28
159203 9
159221 25
159302 6
159303 28
159305 10
159332 25
159356 1
159362 31
159403 7
159411 13
159412 28
159431 19
160341 37
164200 22
164341 7
168101 25
168410 10
176100 31
176101 13
176104 34
176220 10
177103 7
177214 25
177215 23
177216 0
177217 41
177242 25
177281 9
177283 4
177285 31
177321 25
177330 1
177336 37
177341 10
177361 34
177393 22
177404 16
177414 28
177427 22
177430 25
177434 19
177446 13
177447 4
177450 28
177465 40
177467 22
177481 4
177494 22
179403 25
201100 29
201110 41
201114 37
201115 8
201116 18
202100 3
202101 16
202141 15
202143 10
202145 19
202184 3
202231 31
202260 37
202310 22
202311 0
202332 4
202334 19
202342 22
202361 16
202371 25
202410 10
202434 25
202438 10
202443 22
202473 22
202474 31
202477 22
202495 37
202737 28
202765 28
202773 10
202776 22
202783 10
202833 22
202844 25
202848 22
203100 31
203103 34
203111 10
203116 37
203151 10
203162 7
203201 10
203203 22
203204 22
203206 10
203207 10
203208 10
203209 22
203222 37
203226 2
203231 21
203235 1
203236 34
203255 1
203300 25
203303 37
203315 28
203323 41
203324 0
203331 0
203332 16
203333 31
203351 19
203352 19
203475 22
203705 28
203709 10
203713 22
203714 10
203716 28
203723 22
203732 28
203736 10
203739 22
203743 22
203753 22
203803 25
203807 22
203821 10
203828 28
203879 37
204100 31
204101 22
204111 21
204202 0
204211 1
204216 22
204217 22
204231 10
204321 37
204325 22
204335 25
204341 0
204361 25
204363 10
204365 19
204381 0
204383 31
204432 16
204442 37
204451 22
204453 28
204471 4
204721 25
204725 22
204735 28
204764 22
204891 22
205100 40
205103 6
205104 0
205105 0
205235 22
205239 31
205275 33
205303 31
205337 3
205355 1
205393 22
205441 28
205461 22
205765 25
205805 22
206100 37
206101 34
206103 37
206107 3
206108 19
206111 28
206113 31
206161 10
206171 22
206181 33
206191 10
206203 13
206207 25
206211 6
206216 7
206217 28
206254 10
206261 25
206267 9
206281 22
206300 31
206321 27
206324 31
206325 0
206327 12
206328 34
206331 1
206335 10
206336 19
206341 16
206355 34
206362 28
206370 22
206381 40
206412 10
206432 28
206436 28
206437 22
206441 37
206457 10
206470 22
206705 28
206707 25
206713 22
206717 28
206720 28
206726 25
206738 28
206739 22
206743 28
206753 28
206785 22
207100 34
207103 3
207105 19
207106 22
207107 22
207109 6
207110 28
207115 4
207117 31
207123 8
207131 22
207135 28
207171 39
207173 40
207183 22
207187 7
207203 12
207205 7
207208 16
207213 34
207308 37
207310 7
207313 28
207323 34
207348 19
207401 37
207403 22
207406 10
207419 31
207422 22
207455 25
207458 22
207463 22
207701 0
207703 25
207705 28
207711 22
207808 22
208101 41
208140 0
208150 16
208263 32
208270 1
208271 27
208280 37
208321 33
208329 10
208343 25
208348 37
208383 28
208425 28
208439 28
208440 22
208469 22
208711 0
208760 25
208761 28
208770 22
208871 28
208872 22
209201 28
209251 37
209301 19
209302 7
209303 31
209331 22
209351 4
209358 16
209361 22
209368 25
209375 28
209451 25
209453 10
209461 28
209463 22
209483 28
209485 22
209705 0
209707 25
209771 10
209773 37
209779 28
209785 22
210201 21
210202 0
210204 37
210343 0
210351 28
210383 25
210425 22
210433 37
210434 19
210445 22
210485 22
210703 0
210704 25
210705 28
210707 22
210731 25
211100 27
211311 40
211315 10
211319 40
211440 22
211443 22
211702 37
211889 22
212701 25
212703 28
212711 22
212741 10
213706 22
213707 28
213711 22
213714 25
214100 41
214261 37
214312 13
214341 22
214381 28
214401 25
214411 10
214414 31
214415 37
214430 19
214445 10
215205 6
215206 37
215207 16
215208 31
215302 31
215381 37
215411 19
215431 21
215734 25
215744 10
215752 22
215762 10
215782 25
215785 28
216781 10
217701 25
217703 28
217707 22
217726 28
217775 22
217781 22
218100 28
218101 25
218233 37
218235 0
218321 19
218323 10
218351 37
218471 25
218474 10
218475 22
219720 22
219731 25
220703 22
226701 22
226702 22
226709 22
226710 28
229123 19
229323 7
251211 21
251213 16
251216 28
251261 1
251281 0
251312 16
251313 4
251333 1
251361 10
251363 28
251371 21
251372 1
251374 22
251384 22
251411 25
251437 28
251438 19
251439 37
251461 28
251475 22
251479 22
251701 1
251702 25
251703 22
251711 1
251714 25
251715 10
251717 28
251718 1
251745 10
251751 25
251752 10
251757 28
251758 1
251776 1
251783 25
251785 10
251790 22
252201 6
252211 41
252232 33
252282 39
252283 31
252285 0
252286 33
252301 22
252302 28
252317 0
252320 19
252322 1
252325 10
252327 37
252330 3
252342 0
252363 34
252420 25
252421 22
252425 40
252427 19
252439 28
252444 31
252450 28
252460 28
252498 13
252702 10
252708 10
252711 28
252719 25
252724 28
252725 10
252752 1
252785 25
252789 25
252791 22
253303 37
253314 31
253315 7
253432 10
253455 40
253456 19
253481 19
253701 10
253717 28
253722 22
253732 25
253734 28
253736 1
253747 10
253748 1
253752 22
253754 25
254181 28
254205 31
254206 13
254211 41
254215 15
254216 40
254222 10
254231 30
254232 7
254252 6
254282 3
254302 34
254325 23
254333 2
254372 38
254373 10
254421 25
254426 10
254436 1
254439 0
254441 4
254451 31
254456 37
254457 28
254459 25
254461 4
254471 19
254473 10
254494 40
254496 22
254700 10
254702 1
254703 22
254710 28
254734 22
254770 1
254804 25
254872 28
254875 25
255201 13
255215 22
255251 15
255290 0
255300 41
255320 21
255321 12
255330 34
255359 2
255415 28
255417 22
255420 37
255422 22
255424 22
255431 28
255432 19
255434 37
255438 28
255449 37
255454 25
255455 25
255460 10
255462 28
255471 22
255492 25
255722 25
255734 22
255750 1
255752 10
255758 22
255764 1
255766 10
255770 28
255771 28
255772-001 10
255772-801 28
255772-803 25
255772-804 10
256100 7
256212 19
256271 22
256281 31
256316 28
256333 7
256373 19
256384 25
256412 4
256418 22
256441 28
256457 22
256462 16
256473 22
256700 28
256751 22
259103 39
259104 28
259106 16
259107 10
259108 36
259109 37
259191 22
259192 10
259194 31
259201 15
259203 28
260312 22
260701 37
260705 28
260709 22
260716 1
260718 10
260772 25
261103 34
261111 20
261200 19
261210 9
261212 28
261216 0
261217 6
261304 3
261305 22
261335 22
261336 1
261342 16
261343 31
261361 4
261405 13
261434 1
261447 28
261456 10
261457 19
261458 28
261469 28
261473 22
261497 25
261701 10
261702 28
261706 22
261739 22
261746 28
261754 25
261769 28
261781 25
261791 22
261792 28
263701 10
263702 28
263720 25
263760 22
263771 25
264701 1
264706 25
264710 28
264741 10
264789 28
264791 22
266702 22
268721 22
269101 31
269102 25
269111 10
269200 28
269201 31
269202 25
269340 37
269430 37
269462 25
269470 40
269494 28
270701 28
270702 22
270711 10
270712 28
270791 10
301254 31
305202 16
311352 7
318322 31
318351 10
320351 22
321251 22
324703 22
328310 1
328313 34
330110 22
330111 4
351100 9
351200 28
351201 28
351202 0
351301 7
351302 19
351321 28
351331 25
351410 37
351425 1
351441 10
351442 25
351451 22
351463 28
351466 37
352103 19
352301 25
352311 28
352321 1
352323 37
352421 22
352422 19
352431 19
353301 13
353311 7
353421 28
353431 31
353451 25
353452 25
354311 0
356100 18
356101 18
356102 17
356202 28
356210 30
356212 40
356261 25
356303 0
356304 28
356312 19
356361 37
356411 7
356416 31
356432 37
356477 7
357110 39
357210 3
357322 31
357325 22
357360 7
357417 28
357441 37
357491 19
359202 20
359203 37
359204 22
359206 22
359301 37
359311 1
359380 28
359405 31
359409 25
359410 21
359413 28
359421 34
359465 28
360100 24
360210 24
360301 37
360304 22
360402 28
360403 28
360423 25
360460 19
361210 13
361211 25
361301 37
361321 19
361351 22
361453 28
361471 22
362211 40
363210 4
365201 37
365211 22
365321 19
365421 25
365427 22
365428 10
365431 31
368200 19
368317 25
368431 37
400110 24
400211 41
401382 25
403382 28
406385 37
406395 1
409281 4
409292 40
411281 19
411291 37
415291 1
420281 25
421281 10
421291 28
421385 4
421395 31
423382 40
428382 19
461100 37
461170 16
461471 37
461511 10
461523 28
461526 22
461527 37
461529 25
462130 11
462151 22
462505 10
462523 28
462541 19
462586 22
462587 4
462588 22
463251 33
463311 1
463331 4
463341 28
463353 10
463402 4
463433 31
463455 0
463491 28
463503 31
463504 28
463545 13
463556 1
463558 16
464301 31
464311 22
464341 34
464401 10
464413 34
464441 22
464443 28
464444 16
464445 37
464501 22
464502 10
464503 1
464508 25
464509 25
464510 25
464541 31
464542 10
464546 25
464549 37
501301 22
501302 37
502211 37
504302 10
506303 0
506361 0
508203 21
508303 28
510201 41
510202 1
510411 10
510414 28
510415 1
510417 25
512303 25
513111 4
513114 22
513223 1
513224 22
513283 10
513315 22
513324 4
513328 28
513363 31
513371 16
513412 1
513429 25
513445 10
513451 28
513471 22
514211 28
514241 37
514317 25
514323 22
514335 37
514341 31
514343 28
514381 10
514383 13
514395 0
514397 16
514466 22
515201 22
515250 1
515307 10
515312 4
515334 28
515361 16
515364 22
515376 1
515403 10
515455 28
515490 22
551311 3
552216 10
552217 22
552222 31
553312 10
554314 28
555313 7
556311 10
558431 22
561312 22
562211 31
571115 3
601201 31
601302 21
601321 10
601341 25
601344 22
601351 0
601422 7
601452 10
601456 28
601462 22
601702 25
601731 10
601742 22
601758 22
601765 25
601767 28
602100 30
602102 28
602103 37
602111 4
602211 15
602315 25
602321 22
602322 0
602431 25
602432 10
602441 22
602464 28
602731 22
602753 28
602761 28
603211 19
603322 13
603332 22
603352 31
603371 25
603421 1
603441 22
603711 10
603723 28
603731 22
604304 3
604305 7
604312 31
604313 12
604351 25
604352 7
604412 25
604414 10
604416 28
604422 22
604451 37
604715 28
605201 22
605204 41
605301 22
605313 31
605314 0
605321 37
605322 1
605341 28
605412 19
605432 1
605444 25
605445 28
605461 22
605701 28
605702 22
605717 22
605741 10
605745 28
605751 28
606231 25
606242 41
606244 28
606263 22
606343 10
606362 13
606363 1
610114 19
651105 34
651109 0
651120 22
651210 37
651311 28
651312 40
651315 37
651316 1
701101 7
701181 39
701182 22
701183 22
701201 25
701211 37
701281 1
701295 10
701313 10
701321 25
701331 1
701341 37
701342 40
701344 28
701407 1
701425 28
701455 10
701494 25
702100 34
702101 30
702205 4
702211 19
702213 41
702312 33
702316 34
702317 13
702318 37
702341 19
702351 10
702411 1
702416 25
702431 28
703103 16
703202 39
703243 40
703244 3
703305 22
703308 8
703309 31
703310 10
703311 1
703322 27
703323 28
703324 22
703330 12
703331 3
703391 16
703404 22
703412 10
703447 37
703454 25
703498 28
705191 7
705211 6
705311 33
705328 12
705329 33
705331 22
705342 25
705351 19
705437 37
705438 16
705440 37
705441 28
705442 13
705444 31
705446 1
705447 28
705461 1
705493 28
751100 25
751101 15
751102 21
751106 25
751202 12
751209 34
751301 15
751302 15
751303 19
751305 27
751308 1
751309 0
751321 31
751326 28
751327 19
751330 13
751345 19
751401 25
751403 4
751405 7
751408 10
751417 10
751419 40
751425 28
751428 37
751441 22
751443 3
751447 37
751451 13
751701 28
751702 22
751703 10
751704 25
751705 25
751706 28
751708 22
751710 25
751712 1
751716 10
751718 19
751726 10
751734 10
751742 37
751743 1
801100 36
801201 10
801225 28
801235 22
801324 10
801331 16
801333 28
801334 1
801336 34
801421 1
801471 16
801481 21
803121 7
803123 25
803231 31
803331 28
851100 26
851104 5
851105 40
851108 12
851200 25
851201 19
851202 31
851204 36
851205 10
851243 1
851251 0
851262 9
851273 22
851305 34
851309 18
851313 22
851343 13
851344 10
851345 25
851360 39
851362 13
851367 10
851372 16
851375 6
851400 28
851404 4
851406 1
851407 40
851462 3
852101 37
852102 22
852103 31
951100 40
951102 22
951106 34
951125 31
951203 1
951302 0
951323 25
951331 22
951344 0
951348 22
951352 31
951497-020 10
951497-021 7
953103 10
953111 16
953211 37
953212 37
953233 28
953261 19
953321 0
953322 19
953331 25
953361 7
953421 10
953494 22
954100 34
954140 37
954143 10
954170 1
954246 34
954326 37
954370 16
954374 13
954410 28
954413 19
954416 6
954426 9
954443 10
954449 25
954462 4
954471 31
954477 1
954491 0
954498 22
955102 10
955103 4
955104 31
958111 10
