001101 1
001102 34
001111 19
001113 34
001201 4
001202 25
001210 8
001212 16
001218 7
001230 33
001231 19
001250 0
001291 22
001293 25
001310 31
001311 3
001312 28
001315 22
001318 0
001320 16
001321 0
001323 19
001330 34
001342 16
001353 10
001354 6
001362 28
001410 7
001423 19
001425 28
001443 34
001444 10
001445 25
001447 22
001461 13
001464 7
002101 34
002110 22
002191 37
002192 37
002201 10
002211 0
002221 19
002250 37
002301 34
002333 10
002351 31
002365 16
002372 0
002401 31
002441 25
002473 0
003101 13
003191 27
003201 37
003314 31
003320 25
003331 34
003414 25
003421 10
003436 19
004241 27
004301 22
004303 6
004324 21
004351 37
004432 28
004473 31
004475 10
006103 40
006126 16
006206 10
006226 31
006242 25
006253 0
006303 28
006307 7
006326 31
006330 37
006331 1
006344 19
006346 16
006355 28
006425 19
006432 28
006433 16
006443 22
006448 33
008214 34
008303 7
008314 37
008326 34
008411 34
008417 19
009103 20
009105 41
009212 25
009230 16
009231 22
009326 19
009425 10
009426 34
009431 31
011100 14
011151 33
011152 21
011153 41
011251 16
011257 31
011259 37
011269 36
011276 6
011353 10
011356 16
011358 33
011362 13
011374 31
011461 34
011464 28
011751 31
012100 25
012173 12
012200 28
012271 31
012272 28
012273 25
012371 10
012475 10
013103 26
013110 37
013203 7
013204 0
013206 19
013207 37
013217 33
013301 16
013302 22
013303 6
013304 37
013305 34
013306 31
013307 34
013317 6
013326 10
013329 31
013330 28
013335 10
013338 31
013420 34
013421 19
013422 16
013427 10
013433 25
013435 31
014210 19
014270 25
014310 31
014311 19
014322 28
014323 0
014325 13
014370 16
014371 34
014382 31
014390 10
014401 36
014410 25
014421 10
015101 28
016101 40
016232 31
017101 21
017102 16
017111 25
017201 34
017210 16
018103 28
018111 23
018113 15
018125 34
018203 34
018211 10
018213 19
018231 25
018235 0
018271 31
018301 10
018335 28
018351 34
018353 25
018421 34
018433 19
018435 16
018436 10
018438 31
018451 22
018465 28
018467 25
018471 28
019101 6
019103 13
019105 30
019106 9
019108 19
019111 25
019203 0
019205 3
019206 25
019208 31
019211 10
019221 19
019303 34
019311 22
019331 19
019361 31
019373 25
019381 25
019411 22
019442 28
019471 25
019473 34
020101 39
020102 13
020211 16
020231 37
020311 28
020321 10
020333 31
020341 34
020362 31
020363 25
020412 22
020421 16
020481 34
021101 12
021102 28
021203 37
021204 37
021270 16
025108 31
025480 34
026101 36
026102 36
026111 40
026112 41
026201 12
026271 16
029701 34
029703 31
029711 25
030101 28
050100 16
050103 39
050104 9
050106 33
050111 21
051302 7
051304 22
051306 28
051310 10
051313 1
051418 22
052201 7
052202 34
052352 25
052357 1
052420 28
052441 28
052443 16
052445 10
052447 25
052466 34
053712 34
053713 28
053770 34
054810 28
054870 34
055701 31
055703 10
055704 25
055706 28
055707 34
055713 10
055733 31
055734 34
055757 28
055771 31
055797 25
057121 30
057123 3
057125 37
057126 9
057127 38
057128 40
057129 15
057130 3
057131 25
057132 25
057133 40
057134 9
057135 12
057136 31
057137 12
057138 7
057139 21
057140 37
057201 19
057205 31
057213 40
057215 25
057274 31
057284 22
057285 28
057288 34
057293 22
057294 10
057296 25
057300 10
057302 28
057305 9
057316 31
057351 19
057366 34
057403 37
057404 1
057405 19
057410 16
057411 15
057420 25
057426 34
057428 24
059413 19
059419 27
061103 25
061106 10
061201 28
061223 0
061224 37
061306 31
061307 28
061317 13
061319 25
061403 16
061404 34
061407 22
061430 34
062200 25
062210 19
062343 16
062411 10
062452 13
062460 16
062470 1
062499 28
063201 31
063702 28
063704 34
063710 25
064204 28
064232 10
064251 19
064252 16
064303 19
064331 10
064392 10
064412 19
064418 22
064423 16
064424 9
064430 22
064474 31
064490 37
065210 34
065212 22
065310 16
065311 37
065320 37
065332 1
065421 4
065435 16
065436 10
065437 10
065438 31
065797 31
066221 31
066323 22
066410 37
066416 19
066421 25
066425 28
067202 10
067303 19
067311 19
067372 16
067373 7
067432 10
069712 34
070200 25
070304 28
070305 34
070403 25
070404 19
070410 31
070411 19
070416 1
070711 28
070720 34
070721 25
070740 31
070741 31
071411 22
071412 34
071413 19
071415 31
071416 15
071418 25
071419 25
071422 34
071423 19
071425 4
071712 34
071715 28
071730 4
071736 10
071738 28
071811 28
073711 34
073721 28
073770 28
074100 24
074101 40
074414 37
076425 19
076427 25
076430 16
076444 28
076466 34
078444 29
078454 28
079169 31
079220 4
079264 34
091700 25
091800 25
099100 33
099101 4
099102 25
100102 25
100109 13
100110 41
100111 6
100112 3
100207 28
100213 34
100214 36
100220 37
100222 16
100225 37
100228 37
100229 40
100230 1
100231 22
100233 28
100281 19
100306 4
100307 34
100308 31
100309 37
100310 22
100311 13
100312 33
100313 31
100314 3
100501 6
101100 10
101105 28
101201 24
101211 37
101400 7
101405 10
103112 28
103191 34
103271 17
104200 19
104201 37
104300 19
104301 25
104325 31
104410 31
104424 28
104495 25
105304 25
109100 30
109115 36
112101 25
112102 31
112103 34
112108 28
112110 19
112201 22
112203 28
112213 19
112300 31
112314 25
112411 19
112412 28
115200 25
115300 16
115301 31
115302 19
116301 28
116302 34
116400 31
126101 9
126216 1
126321 31
126326 1
126333 4
126334 37
126428 0
126432 19
126443 25
127100 21
127101 19
127203 16
127204 25
127207 0
127303 0
127312 28
127314 10
127315 31
127316 19
127326 22
127337 31
127711 28
127717 31
127718 34
127719 25
127727 31
127728 25
128100 12
128101 28
128202 31
128203 1
128204 37
128307 19
128309 0
128334 22
128354 33
128355 31
128403 13
128701 28
128710 34
128730 25
128740 31
128762 31
140101 34
140102 31
140103 9
140104 7
140105 34
152211 37
152301 0
152321 28
154104 21
154141 25
154151 7
154231 37
154261 10
154262 31
154281 15
154311 16
154330 31
154353 10
154375 1
154377 28
154384 22
154388 19
154443 31
154455 19
154457 34
154481 28
154488 10
154493 37
154494 16
159100 24
159101 36
159151 16
159203 31
159221 22
159231 1
159301 34
159303 22
159305 19
159332 13
159356 16
159362 30
159403 34
159411 31
159431 0
159454 19
160341 16
164200 13
164341 10
168100 27
168101 18
168222 31
176100 38
176101 40
176104 27
176220 7
177103 5
177214 19
177215 25
177216 1
177217 7
177281 10
177283 25
177285 28
177321 28
177330 28
177341 22
177362 18
177393 30
177401 13
177404 19
177405 36
177414 37
177426 34
177427 1
177430 25
177434 22
177446 31
177450 0
177463 4
177464 31
177465 13
177467 9
177468 31
177481 16
177494 10
179402 4
179403 6
201100 23
201110 39
201114 32
201115 27
201116 24
201117 0
201190 28
202100 18
202101 31
202141 10
202143 4
202145 19
202184 19
202231 7
202260 28
202305 9
202311 31
202332 0
202334 19
202342 9
202361 16
202371 34
202434 16
202438 13
202443 31
202473 34
202474 25
202477 19
202481 10
202495 10
202742 31
202765 25
202776 31
202782 31
202833 34
202848 31
202873 31
203100 26
203103 16
203111 19
203116 31
203151 10
203162 24
203171 28
203201 19
203203 19
203204 34
203206 11
203207 28
203208 10
203209 17
203222 28
203226 27
203231 13
203235 40
203236 21
203255 34
203303 31
203315 19
203323 0
203324 22
203331 18
203332 34
203333 16
203351 10
203352 30
203405 22
203406 25
203414 31
203423 16
203431 34
203434 19
203458 10
203471 28
203475 25
203705 34
203709 25
203714 34
203716 28
203722 28
203743 25
203753 31
203807 28
203821 25
203828 34
203879 28
203889 28
204100 10
204101 28
204111 13
204123 39
204202 6
204211 41
204216 31
204231 13
204251 25
204321 28
204325 4
204335 34
204341 21
204361 12
204365 10
204381 34
204383 19
204432 31
204435 37
204442 28
204451 19
204452 10
204453 25
204471 34
204712 28
204721 25
204732 34
204764 31
205100 25
205103 15
205104 33
205105 16
205235 31
205239 28
205275 0
205303 37
205337 0
205355 34
205393 10
205415 34
205421 25
205461 22
205464 28
205475 25
205479 37
205483 31
205486 19
205496 16
205712 25
205735 31
205761 28
205783 34
206100 41
206101 37
206103 37
206104 22
206107 28
206108 25
206111 22
206112 0
206113 7
206161 19
206162 2
206171 22
206172 31
206181 21
206191 22
206203 22
206207 36
206211 19
206216 40
206217 41
206261 10
206267 40
206281 10
206300 22
206321 7
206324 7
206325 13
206327 34
206328 0
206331 10
206336 10
206341 6
206355 40
206362 3
206370 18
206381 34
206412 34
206436 28
206437 13
206441 0
206455 25
206707 25
206713 34
206720 31
206721 25
206730 25
206736 31
206738 10
206739 31
206743 19
206753 31
206766 10
206783 34
207100 22
207103 16
207105 22
207106 36
207107 34
207109 18
207115 37
207117 36
207123 25
207131 28
207135 37
207164 13
207171 4
207173 8
207174 34
207183 7
207187 33
207203 37
207205 10
207208 34
207213 10
207308 31
207310 28
207313 22
207323 0
207348 13
207401 16
207403 28
207406 0
207416 16
207419 28
207422 19
207436 31
207701 25
207703 28
207705 34
207711 31
207741 31
207743 25
207808 31
208101 27
208140 31
208150 34
208250 28
208251 31
208263 7
208265 34
208270 18
208271 7
208272 24
208280 31
208321 13
208329 13
208343 25
208348 37
208370 22
208383 31
208425 10
208439 34
208440 16
208469 0
208711 28
208760 34
208761 25
208770 31
208871 34
208872 31
209201 36
209251 10
209301 13
209302 31
209303 34
209331 28
209351 16
209358 4
209361 10
209368 28
209375 22
209403 10
209442 31
209451 16
209453 37
209461 28
209463 31
209471 34
209483 19
209485 28
209703 10
209705 10
209707 28
209709 4
209711 28
209713 34
209722 28
209731 34
209771 31
209773 25
209779 34
209785 4
210100 19
210201 25
210202 16
210204 28
210343 28
210351 10
210383 34
210425 19
210433 37
210434 13
210453 6
210465 19
210485 16
210703 28
210704 34
210705 25
210707 31
210723 31
210731 25
211100 30
211311 10
211315 10
211319 18
211413 16
211440 25
211442 10
211443 34
211495 31
211702 25
211889 31
212701 28
212703 34
212711 25
212721 31
212741 31
213201 31
213714 34
213763 28
213779 25
214100 25
214261 19
214312 22
214341 33
214381 31
214401 28
214411 37
214414 16
214415 25
214421 4
214430 4
214441 31
214445 34
215205 31
215206 28
215207 19
215208 7
215301 16
215302 31
215381 40
215411 16
215431 25
215471 19
215481 36
215495 28
215496 34
215497 36
215734 25
215762 31
215785 25
215794 31
217701 34
217703 25
217707 31
217734 25
217751 25
217775 31
217781 31
218100 15
218101 19
218233 37
218235 31
218321 10
218323 16
218351 31
218471 10
218475 28
218483 19
218486 34
219720 31
219731 28
225701 28
225703 34
225705 25
225720 31
226701 31
226709 25
226710 28
226801 10
226889 31
229123 37
229323 16
229352 28
229711 31
251211 22
251213 6
251261 34
251281 0
251312 1
251313 22
251333 10
251334 31
251361 19
251363 24
251371 36
251372 9
251374 19
251384 6
251411 1
251418 16
251437 13
251438 28
251451 28
251455 10
251457 4
251461 25
251475 22
251479 37
251701 10
251702 28
251703 25
251711 10
251714 28
251715 34
251717 25
251718 10
251745 34
251751 28
251752 34
251757 25
251758 10
251773 28
251783 34
251785 25
251790 31
252201 41
252211 7
252232 33
252282 16
252283 37
252285 7
252286 12
252301 1
252302 16
252317 16
252320 22
252322 18
252325 40
252327 0
252330 34
252342 28
252363 6
252420 34
252421 31
252424 10
252425 4
252426 31
252427 37
252444 10
252450 28
252455 25
252460 19
252489 13
252498 30
252702 31
252708 10
252723 25
252724 25
252741 25
252748 31
252781 28
252785 34
252789 31
252791 31
253303 1
253314 37
253315 24
253432 16
253455 13
253456 22
253481 1
253701 25
253715 31
253717 4
253722 28
253731 10
253732 31
253734 25
253735 16
253736 4
253748 10
253752 31
253754 34
254181 22
254205 13
254206 16
254211 22
254215 27
254216 31
254222 22
254231 25
254232 25
254252 33
254282 7
254302 10
254325 6
254333 19
254372 0
254421 10
254425 31
254426 13
254435 25
254436 1
254438 31
254439 37
254441 16
254442 31
254451 34
254456 19
254457 22
254458 4
254459 25
254461 37
254471 28
254473 31
254492 25
254494 31
254700 31
254702 10
254703 28
254710 34
254711 25
254734 4
254770 28
254777 25
254804 10
254875 34
255201 31
255215 27
255251 33
255290 6
255300 0
255320 31
255321 12
255330 7
255359 40
255415 40
255417 16
255420 21
255422 36
255424 6
255430 24
255432 19
255434 1
255437 28
255438 25
255439 28
255441 31
255447 28
255449 34
255454 34
255460 33
255462 6
255464 16
255471 4
255492 10
255499 13
255712 34
255722 10
255734 34
255739 28
255750 25
255764 28
255766 10
255770 31
255771 31
255772 25
255786 10
255791 25
255830 31
256100 24
256212 31
256271 10
256281 13
256316 0
256333 34
256373 22
256383 7
256412 28
256415 10
256441 16
256457 34
256462 31
256473 1
256700 34
256761 25
256762 31
259103 40
259104 13
259106 10
259107 22
259108 30
259109 15
259191 28
259192 0
259194 34
259201 33
259203 25
260312 25
260404 28
260413 4
260424 31
260434 25
260717 25
260772 31
261103 31
261111 13
261200 0
261210 25
261212 28
261216 34
261217 30
261304 19
261305 34
261335 16
261336 22
261342 37
261343 40
261361 13
261405 0
261406 37
261434 7
261447 10
261456 25
261457 34
261458 31
261461 1
261469 34
261494 13
261497 27
261499 4
261701 25
261702 28
261706 10
261735 34
261739 25
261753 34
261754 34
261767 25
261769 25
261791 31
263701 28
263702 34
263720 10
263746 25
263760 31
263771 10
264701 28
264706 34
264707 10
264710 25
264741 25
264791 34
266703 31
268721 25
269101 34
269102 31
269200 34
269201 28
269202 25
269340 22
269430 37
269462 4
269470 10
269497 34
270701 34
270702 25
270711 25
270791 25
301254 19
305202 16
311352 28
318322 16
318351 13
320351 34
321251 34
324703 31
328310 28
328313 22
330110 13
330111 4
351100 24
351201 25
351202 22
351301 16
351321 28
351331 24
351410 10
351441 25
351442 28
351451 13
351463 19
351466 22
352301 28
352311 25
352321 37
352323 6
352332 31
352422 13
352431 34
353301 31
353421 28
353431 25
353451 22
353452 16
354311 1
356100 15
356101 26
356102 39
356202 1
356210 10
356212 25
356303 22
356304 31
356306 25
356312 31
356361 34
356412 0
356414 34
356416 25
356432 31
356441 31
356442 28
356443 37
356471 25
356496 31
357101 12
357110 21
357210 3
357322 34
357360 16
357417 31
357441 22
357491 28
359202 13
359203 24
359204 4
359206 31
359301 37
359311 22
359405 4
359409 33
359410 6
359413 31
359414 25
359421 1
359431 1
359451 34
360100 35
360210 6
360400 10
360402 25
360404 19
360407 31
360411 31
360431 34
360460 28
360470 25
361210 0
361214 19
361301 25
361321 28
361351 30
361453 19
361461 31
361471 31
363210 34
365301 19
365321 22
365331 10
365421 16
365427 34
365428 28
368200 1
368317 31
368331 1
368412 28
368433 31
368441 34
368487 13
400110 13
400211 2
401382 4
403382 25
406385 31
406395 16
409281 16
409292 4
411281 10
411291 28
415291 7
420281 25
421281 31
421291 22
421385 7
421395 22
423382 19
428382 10
461100 14
461170 13
461471 4
461472 10
461511 16
461527 31
461529 1
462130 29
462541 28
462587 31
462588 31
463251 7
463311 25
463331 34
463341 22
463353 19
463402 22
463433 34
463455 19
463491 31
463503 34
463504 19
463545 31
463556 28
463558 13
464301 7
464311 10
464341 16
464401 7
464413 4
464441 10
464443 1
464444 25
464445 31
464501 1
464502 25
464503 37
464509 31
464510 16
464541 34
464542 25
464544 22
464549 28
466141 4
501301 19
501302 1
502211 28
502311 10
503402 31
504302 13
506303 22
506361 0
507402 37
508203 33
508207 28
508303 31
509402 19
510201 1
510202 31
510307 16
510411 10
510414 34
510415 1
510416 13
510417 22
512303 34
512402 25
513111 13
513114 34
513223 13
513224 37
513283 34
513315 1
513324 34
513328 25
513363 37
513371 31
513412 10
513429 28
513445 34
513451 25
513471 31
514211 16
514241 25
514317 16
514323 19
514335 28
514341 34
514343 25
514381 1
514383 10
514395 37
514397 31
514425 31
514442 28
514451 19
514453 25
514466 10
514475 34
515201 34
515250 31
515307 34
515312 31
515334 0
515361 37
515364 13
515370 31
515376 7
515403 25
515490 13
551461 10
552216 7
552217 25
552222 31
553312 3
554314 7
555313 19
556311 10
557433 19
558411 16
558432 34
558442 4
561312 28
562211 25
571115 19
601201 41
601302 6
601321 25
601322 28
601341 1
601344 31
601351 34
601422 19
601427 31
601428 34
601452 7
601460 0
601462 37
601702 25
601731 28
601758 31
601765 19
601767 34
602100 8
602102 3
602111 13
602211 0
602315 37
602321 31
602322 41
602431 1
602432 25
602441 19
602464 34
602731 25
602761 31
603211 0
603322 10
603332 25
603352 31
603371 19
603421 28
603441 31
603453 19
603465 37
603471 4
603494 34
603495 16
603711 34
603723 25
603731 31
604304 1
604305 13
604312 31
604313 33
604351 22
604352 1
604412 10
604414 4
604416 28
604422 34
604441 19
604451 25
604711 31
604715 10
604731 28
605201 13
605204 31
605301 28
605313 31
605314 19
605321 22
605322 16
605341 34
605412 28
605432 16
605446 37
605459 34
605461 19
605476 31
605701 34
605702 25
605713 31
605751 31
606231 28
606242 31
606244 7
606263 19
606343 13
606362 34
606363 19
610114 21
651105 40
651109 34
651120 13
651210 13
651311 1
651312 37
651315 16
651316 25
701101 22
701181 15
701182 34
701183 19
701201 19
701211 34
701281 11
701313 33
701321 0
701331 19
701342 9
701344 31
701402 6
701403 34
701407 34
701409 31
701425 16
701455 19
701494 22
702101 36
702205 4
702211 3
702312 28
702313 40
702316 34
702318 16
702341 37
702351 19
702411 31
702416 1
702418 28
702423 10
702431 34
703103 31
703202 41
703204 37
703243 24
703244 6
703305 34
703308 1
703311 6
703313 19
703322 28
703324 10
703330 36
703331 1
703345 27
703352 1
703391 19
703404 30
703412 34
703435 37
703447 22
703454 16
703498 25
703499 31
704101 22
704141 25
704201 28
704345 34
705191 1
705211 12
705311 2
705329 22
705331 34
705351 10
705411 16
705437 33
705441 16
705442 9
705444 18
705492 6
705499 1
751100 25
751101 36
751102 37
751106 25
751202 21
751209 11
751301 0
751302 18
751303 30
751304 34
751305 34
751308 37
751309 37
751321 34
751326 4
751327 16
751330 6
751345 25
751401 0
751403 19
751405 41
751408 13
751413 31
751419 28
751421 25
751422 28
751424 34
751428 36
751443 21
751447 28
751451 31
751701 31
751702 25
751703 34
751704 34
751705 10
751706 31
751708 34
751712 10
751718 28
751724 25
751726 28
751751 28
801100 18
801201 6
801225 22
801235 31
801321 25
801324 34
801331 1
801333 31
801334 34
801336 22
801421 37
801471 25
801481 1
803121 28
803123 25
803231 19
803331 31
803360 25
803431 34
851100 14
851104 5
851105 19
851108 8
851200 10
851201 28
851202 1
851243 1
851251 33
851262 25
851273 6
851305 18
851306 34
851309 40
851342 31
851352 24
851354 31
851355 37
851360 22
851362 10
851375 25
851376 13
851400 0
851404 7
851407 28
851441 22
851462 34
852100 31
852101 24
852102 34
852103 19
852201 7
852202 1
852203 19
852204 22
951100 39
951102 19
951106 22
951124 31
951203 25
951302 16
951323 25
951331 31
951344 34
951348 10
951352 19
951497 1
953103 31
953111 28
953212 25
953231 31
953233 37
953261 34
953321 19
953322 10
953331 31
953361 28
953421 19
953444 25
953494 31
953495 34
954100 3
954244 19
954246 4
954310 33
954370 19
954374 10
954410 28
954413 31
954416 33
954426 25
954443 34
954449 22
954462 1
954464 37
954471 1
954477 16
954491-001 28
954491-002 31
954491-003 25
954491-004 31
954498 36
955102 19
955103 16
955104 25
958111 34
958201 28
958221 37
958225 22
958261 0
958373 31
