001101 10
001102 4
001111 0
001113 13
001201 1
001202 7
001210 4
001230 34
001231 27
001250 13
001281 37
001291 9
001293 22
001310 13
001311 7
001312 25
001318 28
001320 22
001321 0
001323 16
001330 4
001342 31
001353 36
001354 40
001361 10
001362 28
001381 9
001410 22
001425 28
001443 28
001444 28
001445 16
002101 28
002110 31
002191 13
002201 9
002211 36
002221 16
002250 28
002301 16
002333 22
002365 28
003101 4
003191 40
003201 28
003414 16
003421 22
003436 28
004282 16
004301 37
004303 30
004324 22
004432 28
004473 31
004475 16
004483 3
006103 30
006126 16
006206 3
006226 28
006241 34
006242 16
006253 25
006303 13
006331 16
006346 22
006448 28
008214 13
008303 16
008314 28
008411 31
008417 28
009103 33
009105 40
009212 28
009230 34
009231 36
009326 16
009328 28
011100 20
011152 0
011153 6
011251 11
011257 31
011259 13
011269 34
011276 37
011353 31
011356 28
011362 28
011363 13
011374 28
011461 16
011464 22
011479 25
012100 13
012173 22
012200 4
012273 13
012371 25
013103 31
013110 7
013203 21
013204 28
013207 22
013209 28
013302 25
013306 31
013307 31
013317 31
013326 16
013329 22
013330 22
013413 28
013420 28
013433 16
014210 24
014211 16
014270 0
014310 36
014322 22
014323 28
014370 22
014371 28
014381 22
014401 33
014481 28
015101 31
016101 28
016102 28
017101 13
017102 28
017111 22
017210 22
018103 0
018111 13
018113 13
018125 28
018203 31
018211 16
018213 22
018231 37
018235 28
018271 18
018321 22
018351 16
019101 40
019102 22
019103 31
019105 7
019106 28
019108 16
019111 28
019203 25
019205 31
019211 28
019221 31
019303 37
019311 25
019331 31
019361 16
019371 28
019381 22
019471 28
020101 39
020102 13
020211 4
020231 28
020341 28
020362 31
021101 41
021102 22
021203 28
025108 16
025110 28
025310 22
025480 28
026101 23
026102 41
026111 28
029701 22
029711 28
050100 22
050103 21
050104 41
050106 20
050111 4
051300 28
051306 10
051313 22
051412 22
051418 37
051421 13
052202 28
052314 37
052350 16
052352 36
052357 4
052421 13
055701 28
055704 28
055771 28
057121 28
057122 25
057123 3
057125 30
057126 41
057127 19
057128 21
057129 8
057130 0
057131 14
057132 3
057133 13
057134 28
057135 14
057136 13
057137 31
057201 10
057213 37
057215 16
057284 22
057285 25
057288 16
057293 37
057294 28
057296 28
057300 3
057305 13
057403 16
057405 22
057410 22
057420 10
057425 41
057426 28
057428 13
057450 4
059419 22
061106 22
061201 28
061223 16
061306 41
061309 13
061312 13
061317 0
061403 7
062200 36
062320 22
062341 28
062342 1
062343 1
062344 34
062346 13
062360 37
062380 25
062411 13
062452 37
062460 31
062499 10
063710 22
064201 28
064206 16
064207 16
064271 10
064272 28
064281 16
064301 25
064410 4
064423 16
064424 13
065210 37
065212 28
065310 16
065320 0
065332 25
065436 28
065799 28
066221 31
066323 16
066410 31
066414 22
066425 40
067202 16
067303 4
067311 13
067372 37
067373 16
067432 22
070100 22
070201 13
070301 25
070303 31
070304 16
070308 10
070400 16
070401 37
070404 22
070413 22
070414 22
070415 16
070416 28
070711 10
070720 16
070721 22
070727 22
070731 28
070740 28
071411 28
071412 16
071413 22
071415 22
071416 6
071419 13
071420 28
071423 10
071425 16
071426 28
071724 28
074100 41
074101 38
074414 16
076312 40
076314 0
076414 40
076427 22
076428 13
076429 3
076444 37
076466 28
077422 28
078444 34
078454 31
099101 28
099102 21
100102 31
100103 31
100104 13
100105 34
100106 0
100107 27
100108 31
100205 33
100206 30
100207 8
100208 22
100209 11
100306 10
100307 19
100308 31
100309 28
100310 40
100501 13
101100 24
101105 37
101201 12
101211 13
101400 13
101405 22
103191 28
103271 34
104200 7
104201 22
104300 31
104301 40
104325 16
104340 22
104410 28
104495 22
105304 10
109100 14
109115 8
112101 28
112102 16
112103 22
112108 28
112110 22
112201 37
112203 31
112213 28
112300 28
112314 10
112411 28
115200 28
115300 28
115301 16
115302 10
126101 30
126321 10
126330 16
126428 22
126443 28
127100 39
127101 5
127203 10
127206 22
127207 31
127303 25
127312 25
127314 31
127315 10
127316 16
127320 28
127326 28
127329 28
127413 22
127711 10
127717 16
127718 22
127719 28
128100 13
128101 36
128202 3
128203 15
128204 10
128307 25
128309 10
128352 22
128354 22
128403 16
128701 28
128710 10
128730 16
128734 22
128740 22
128762 28
140103 16
152321 28
154104 7
154141 22
154151 24
154231 31
154262 16
154281 36
154311 0
154330 28
154352 37
154371 16
154384 3
154388 4
154443 22
154455 22
154482 16
154488 28
159100 19
159101 17
159151 34
159203 30
159221 25
159301 22
159351 37
159356 28
159403 16
159411 16
159412 22
159431 31
159454 28
164200 7
164341 28
168101 28
168313 10
176100 37
176101 7
176220 39
177103 0
177214 31
177216 13
177242 28
177283 25
177285 22
177321 37
177330 4
177336 28
177341 37
177361 16
177393 22
177404 31
177425 25
177426 10
177427 31
177434 22
177446 16
177447 10
177450 28
177464 10
177465 28
177467 16
177481 22
201100 25
201110 38
201114 16
201115 27
201116 34
201117 40
202100 41
202101 28
202141 25
202143 0
202145 1
202184 40
202231 24
202260 28
202321 22
202334 28
202342 13
202353 16
202361 28
202434 28
202473 31
202495 25
202742 22
202764 22
202765 22
202773 16
202782 22
202833 28
202848 16
202873 16
203100 38
203103 37
203111 40
203116 4
203151 3
203162 40
203201 4
203203 41
203204 13
203206 40
203207 36
203208 31
203209 36
203222 16
203226 16
203231 13
203235 15
203236 13
203255 10
203315 28
203331 22
203351 22
203352 36
203475 10
203714 22
203716 10
203722 16
203732 28
203736 16
203739 22
203743 16
203753 28
203821 31
203828 28
203879 10
204100 37
204101 10
204111 31
204202 34
204219 13
204231 33
204251 4
204321 16
204325 25
204341 22
204361 4
204363 16
204365 10
204381 28
204383 10
204432 28
204435 22
204451 28
204453 31
204471 28
204712 28
204721 16
204732 22
204735 10
205100 31
205103 6
205104 10
205105 19
205235 16
205239 37
205275 36
205303 10
205337 22
205355 28
205393 16
205712 16
205735 22
205783 28
206100 16
206101 36
206103 14
206107 0
206111 17
206113 28
206161 8
206171 24
206181 13
206191 4
206203 6
206211 37
206216 22
206217 3
206261 32
206267 36
206281 10
206300 31
206321 22
206324 10
206325 40
206327 6
206331 28
206335 22
206336 16
206341 10
206355 13
206362 22
206370 31
206381 28
206436 28
206437 25
206441 22
206717 22
206720 16
206721 22
206730 28
206736 28
206753 28
207100 24
207103 4
207105 0
207107 25
207109 28
207110 22
207115 30
207117 30
207123 33
207131 0
207135 37
207171 18
207173 22
207183 16
207187 19
207203 31
207205 22
207208 0
207213 16
207308 40
207310 16
207313 10
207323 25
207348 25
207401 22
207406 28
207701 10
207703 16
207705 22
207711 28
207741 28
208101 40
208140 16
208263 25
208270 21
208271 10
208272 28
208280 22
208321 25
208329 16
208343 28
208348 37
208425 22
208737 28
209201 10
209251 4
209301 10
209302 16
209303 28
209331 37
209351 34
209358 13
209361 37
209368 25
209375 25
210201 24
210202 13
210204 28
210343 22
210351 28
210383 31
210425 16
210434 25
210703 10
210704 16
210707 22
210731 28
210733 28
210743 28
211100 14
211311 10
211315 37
211319 9
211413 31
211440 10
211442 16
211495 28
211702 16
211889 22
213706 22
213707 28
213714 16
214261 33
214312 22
214341 16
214381 31
214414 25
214415 28
214421 16
215205 21
215206 27
215207 3
215208 7
215423 25
215424 31
215431 16
215475 10
215476 16
215485 22
215486 28
215734 22
215744 16
215752 28
215762 22
215785 22
217701 16
217703 22
217707 28
217734 22
217751 28
217775 22
218100 25
218101 24
218233 34
218235 31
218321 10
218323 22
218351 28
219761 22
219789 28
220703 28
226701 10
226702 16
226704 22
226711 22
226801 28
251101 28
251211 13
251213 22
251261 0
251281 41
251312 16
251313 31
251363 16
251374 22
251384 16
251419 28
251437 22
251438 10
251439 28
251451 31
251475 10
251701 10
251702 16
251703 28
251711 22
251715 28
251745 22
251751 31
251752 10
251757 16
251758 22
251776 31
251783 10
251784 16
251785 22
251790 28
252201 3
252211 12
252232 41
252282 24
252283 6
252285 24
252286 6
252301 0
252302 28
252317 9
252322 13
252325 16
252327 31
252330 25
252342 37
252363 22
252420 10
252421 16
252427 28
252444 28
252498 22
252702 10
252726 22
252746 16
252747 22
252791 28
253303 31
253314 10
253315 28
253455 22
253481 10
253701 28
253715 25
253717 31
253731 37
253732 25
253735 10
253736 22
253748 37
253754 16
254181 28
254205 18
254206 9
254211 25
254215 34
254216 13
254222 0
254231 39
254232 28
254252 12
254282 41
254302 3
254325 34
254333 10
254372 7
254373 28
254421 31
254426 28
254435 22
254436 16
254439 31
254442 10
254444 28
254451 28
254456 13
254459 28
254461 22
254471 16
254473 28
254700 28
254702 31
254703 22
254710 16
254711 10
254734 28
254736 31
254770 31
254804 10
254873 10
254875 16
255201 15
255215 3
255251 21
255290 34
255300 28
255320 22
255321 37
255330 18
255359 13
255415 31
255431 22
255432 16
255434 28
255454 28
255455 28
255492 16
255722 10
255734 16
255738 22
255750 28
255764 28
255770 16
255771 22
255772 28
255786 10
255811 22
255820 28
256100 25
256212 37
256281 22
256316 16
256333 36
256373 28
256418 28
256441 28
259103 20
259104 3
259106 24
259107 11
259108 36
259109 22
259191 17
259194 16
259201 4
259203 10
260402 22
260413 28
260701 28
260702 31
260705 10
260709 16
260716 10
260718 16
260772 22
261103 22
261111 33
261200 37
261210 16
261212 40
261216 21
261217 4
261304 28
261305 25
261335 13
261336 10
261342 25
261343 22
261361 1
261405 28
261434 10
261447 16
261458 22
261461 34
261469 31
261701 22
261702 28
261706 16
261739 10
261752 16
261754 28
261769 10
261791 22
261895 22
263701 16
263702 28
263720 31
263746 10
263760 22
263770 22
263771 31
264701 31
264703 10
264706 16
264710 16
264733 22
264791 28
266702 28
268721 22
269101 22
269102 28
269111 28
269200 28
269201 22
269202 31
269340 22
269430 37
269452 10
269462 10
269470 28
269493 22
301254 31
305202 31
311352 40
318322 22
318351 37
320351 34
321251 16
324703 28
328310 28
328313 16
330110 27
330111 15
351100 36
351200 6
351201 30
351301 28
351321 16
351331 22
351441 37
351442 10
351451 22
351466 28
351489 10
352103 24
352301 28
352311 31
352321 16
352323 10
352422 25
353210 22
353301 10
353311 1
353418 22
353421 28
353431 31
353451 16
354311 28
356100 33
356101 19
356102 14
356202 10
356210 18
356212 16
356261 28
356303 16
356304 31
356411 22
356416 10
357101 34
357110 19
357210 24
357322 31
357325 16
357417 25
357441 22
357491 10
359202 31
359203 16
359204 31
359210 16
359311 28
359409 28
359421 22
359465 22
360100 22
360400 10
360403 16
360423 22
360460 28
361210 25
361214 16
361301 22
361351 13
361442 28
361453 28
361461 10
361471 25
362211 5
363210 13
365321 16
365322 31
365324 10
365421 22
368200 22
400110 26
401382 1
403382 25
406385 22
406395 13
409281 13
409292 37
411281 10
411291 22
415291 34
420281 28
421281 25
421291 1
421385 10
421395 16
423382 28
428382 31
461100 26
461435 10
461472 31
461514 16
461523 22
462130 19
462151 22
462405 22
462409 28
462445 28
462541 16
462543 22
462584 28
463251 34
463311 13
463331 16
463341 28
463353 22
463402 37
463433 16
463455 22
463491 28
463503 25
463513 22
463545 28
463556 31
463571 10
464301 10
464311 31
464341 37
464401 25
464413 1
464441 10
464443 31
464444 28
464445 34
464502 16
501301 31
501302 10
504302 25
506303 22
506361 22
508203 4
508303 16
510201 16
510202 41
512303 28
513111 24
513114 1
513223 10
513224 16
513283 28
513315 31
513324 37
513328 25
513363 10
513371 22
513411 10
513429 16
513445 22
513471 28
514211 10
514241 28
514317 28
514323 16
514341 22
514343 31
514381 25
514383 10
514451 16
515201 36
515250 4
515306 31
515310 16
515334 28
515361 10
515364 16
515370 22
515373 28
518770 28
551312 25
552216 28
552217 31
552222 22
553311 31
554312 10
556412 16
561313 22
561314 28
562101 22
562211 28
601201 7
601302 22
601341 31
601344 16
601351 22
601422 28
601452 16
601456 25
601731 16
601758 22
601765 10
601842 28
602100 22
602102 28
602103 41
602111 28
602211 22
602315 16
602321 13
602322 31
602431 37
602432 28
602441 16
602464 22
602731 22
602761 28
603211 7
603321 16
603322 28
603351 31
603421 16
603441 22
603471 28
603496 28
603711 16
603723 22
603731 28
604304 22
604305 28
604312 28
604313 1
604351 13
604352 16
604451 22
604711 22
604715 28
605201 22
605204 9
605301 31
605313 28
605314 10
605321 16
605322 22
605701 10
605713 16
605741 22
605745 28
605751 28
606231 25
606242 31
606244 31
606263 16
606310 10
606343 28
610114 10
651104 28
651105 3
651109 28
651120 25
651210 22
651311 10
651312 16
651315 22
651316 28
701100 22
701101 13
701104 22
701181 10
701183 4
701201 28
701205 16
701211 13
701243 22
701281 37
701313 25
701321 31
701331 16
701341 28
701344 22
702100 16
702101 29
702205 22
702211 24
702213 34
702312 33
702316 31
702317 16
702341 22
702351 28
703103 28
703109 28
703202 30
703243 9
703244 10
703305 22
703308 1
703309 16
703310 28
703322 9
703323 10
703330 13
703331 13
703391 28
703404 16
703412 25
703447 31
703454 28
703498 10
705191 10
705211 22
705311 37
705329 28
705331 16
705332 31
705342 16
705351 22
705431 37
705438 16
705440 28
705441 10
705442 34
705444 31
705461 25
705493 28
705499 10
751100 13
751101 29
751102 38
751106 0
751202 31
751209 33
751301 21
751302 30
751303 25
751304 28
751305 34
751308 13
751309 13
751321 16
751326 16
751330 28
751345 25
751401 22
751403 13
751405 16
751408 1
751417 31
751418 37
751419 22
751422 1
751428 7
751440 28
751441 31
751443 22
751447 22
751451 10
751701 22
751702 28
751703 16
751704 25
751705 10
751706 16
751708 25
751712 28
751716 31
751724 22
751725 10
751726 22
751727 31
751729 31
751734 10
751744 16
751752 28
801100 31
801201 25
801225 22
801235 16
801321 10
801331 28
801333 16
801336 22
801421 10
801471 22
801481 28
803121 22
803123 28
803231 28
851100 34
851104 28
851105 13
851108 16
851200 10
851201 8
851202 39
851204 19
851205 31
851273 3
851305 11
851309 7
851313 25
851343 22
851344 28
851345 28
851360 16
851362 16
851367 22
851372 31
851375 16
851400 0
851404 13
851406 33
851407 22
951100 16
951101 37
951102 25
951125 31
951203 10
951302 28
951323 10
951331 16
951344 28
951348 16
951352 22
951497 22
953103 31
953111 40
953211 22
953212 25
953233 22
953261 31
953321 31
953322 16
953331 22
953361 16
953421 28
953494 37
954100 4
954140 37
954141 28
954245 15
954246 9
954260 37
954270 22
954311 31
954312 16
954320 13
954323 22
954343 22
954370 28
954374 10
954412 28
954413 31
954462 16
954471 22
954491 22
954498 28
