001101 4
001102 1
001112 13
001118 22
001201 4
001202 25
001210 2
001222 0
001223 13
001224 0
001225 16
001226 16
001227 2
001228 0
001229 0
001230 8
001231 19
001234 16
001250 6
001291 40
001292 31
001310 16
001311 4
001312 4
001314 0
001320 34
001321 25
001323 21
001330 19
001341 7
001342 0
001352 25
001355 25
001361 7
001362 28
001410 7
001423 16
001440 4
001445 30
001447 10
001471 16
001472 13
002102 25
002111 37
002191 41
002192 4
002202 22
002230 25
002260 16
002302 7
002311 16
002321 10
002331 13
002362 37
002402 37
002441 25
002471 16
002472 13
003101 28
003102 37
003191 3
003202 4
003332 25
003414 22
003421 4
003436 16
003454 13
004282 41
004465 18
004470 16
004472 25
004474 25
004476 28
006103 19
006126 25
006226 28
006241 10
006253 37
006307 25
006326 34
006330 7
006349 16
006443 0
006448 19
006454 25
006475 4
008214 19
008314 10
008326 7
008402 10
008411 4
009103 26
009213 31
009234 30
009236 16
009254 7
009301 28
009344 25
009355 21
009356 34
009358 13
009363 0
009446 4
011100 30
011101 21
011151 10
011154 9
011156 37
011157 31
011251 18
011268 25
011269 10
011276 30
011277 7
011278 15
011355 27
011367 4
011457 6
011479 18
012173 41
012174 4
012200 31
012374 7
012475 1
013103 30
013110 7
013203 41
013204 18
013207 25
013208 0
013209 27
013216 15
013217 37
013301 31
013303 25
013306 7
013321 4
013335 22
013337 37
013410 40
013413 19
013428 16
013431 22
013432 7
013433 19
014211 37
014270 7
014310 37
014311 16
014323 10
014370 22
014371 25
014383 13
014401 4
014422 16
014423 27
014471 25
014481 31
014483 25
015101 21
015102 19
016101 4
016102 22
017101 37
017102 7
017111 10
017231 37
018104 4
018112 37
018114 10
018126 25
018204 22
018271 19
018323 25
018352 25
018372 13
018467 25
018471 4
019101 28
019104 22
019105 6
019106 4
019112 31
019204 16
019205 16
019206 15
019212 25
019222 19
019332 34
019351 7
019362 13
019371 34
019373 37
019441 16
020101 33
020102 25
020212 7
020231 28
020232 4
020261 7
021101 18
021102 25
021203 4
021204 19
021270 4
024752 25
025110 25
025310 4
025481 22
026101 36
026102 37
026111 34
026112 19
026201 40
029732 4
030101 28
050100 31
050103 16
050104 37
050106 24
050112 33
050113 18
051302 34
051304 19
051306 7
051310 10
051313 16
051418 28
052203 25
052310 25
052314 19
052323 13
052331 34
052350 7
052351 25
052353 10
052355 34
052400 34
052417 22
052419 37
052422 22
052442 19
052447 16
052448 7
052449 4
053713 25
054821 25
055702 22
055734 16
055739 4
055757 25
057121 3
057122 37
057123 19
057125 15
057126 30
057127 41
057128 9
057129 40
057130 27
057131 4
057132 3
057133 40
057134 28
057135 31
057136 21
057137 24
057138 6
057139 34
057213 22
057283 37
057286 7
057287 19
057290 16
057295 25
057297 16
057298 4
057301 25
057302 22
057305 16
057316 40
057366 10
057401 34
057404 25
057407 13
057411 16
057413 7
057419 37
057427 22
057428 15
059405 22
059419 28
061103 25
061106 19
061201 4
061223 10
061224 28
061306 34
061307 25
061312 28
061313 27
061403 31
061405 13
062200 37
062210 13
062320 25
062343 37
062499 25
063201 10
064204 6
064231 25
064331 13
064411 25
064412 22
064421 16
064422 4
064423 22
064424 31
064430 4
064474 7
065120 19
065121 25
065211 10
065212 4
065311 13
065320 16
065333 22
065420 13
065435 25
065436 16
065437 25
065438 16
065797 25
066222 22
066324 22
066412 10
066414 13
067201 7
067203 19
067311 1
067371 40
067433 13
067435 28
067436 13
067491 7
070200 13
070201 25
070301 22
070303 22
070305 22
070401 16
070411 22
070413 33
070414 34
070416 13
070792 25
071411 37
071412 4
071414 13
071415 25
071416 12
071418 4
071419 22
071420 25
071423 25
071426 7
073721 25
074100 18
074101 36
074414 22
076425 34
076426 22
076427 7
076430 25
076444 34
076466 13
078444 27
078454 4
079220 25
099101 18
099102 16
099103 4
100104 4
100109 41
100110 9
100111 28
100112 22
100207 27
100220 31
100222 13
100228 7
100229 28
100230 19
100231 34
100233 10
100307 22
100308 16
100309 25
100310 4
100311 6
100312 37
100313 34
100314 13
100501 0
101201 7
101202 28
101205 15
101325 37
101405 13
101490 7
103271 34
104100 37
104302 10
104310 19
104320 22
104327 25
104334 25
104340 16
104435 16
104471 25
104490 13
109100 10
109114 22
112101 25
112105 16
112106 22
112109 37
112202 13
112205 7
112303 16
112321 19
112322 22
112406 7
112424 13
115301 25
115401 25
116301 28
116302 34
126101 34
126102 25
126212 34
126213 22
126214 25
126324 13
126326 34
126328 6
126330 31
126332 27
126400 7
126431 4
126436 25
126442 16
127100 22
127101 6
127202 3
127205 6
127313 24
127329 16
127330 30
127332 13
127333 10
127359 7
127411 25
127415 28
127416 34
127424 19
127433 25
127492 13
127493 7
127716 16
127720 4
127721 22
127727 25
128100 6
128101 28
128201 7
128304 33
128305 24
128306 13
128308 30
128310 27
128401 27
128423 10
128425 16
128427 25
128434 4
128443 19
128445 10
128451 34
128471 22
128481 13
128484 25
128700 4
128714 16
128727 25
128734 22
140101 25
140102 37
140103 33
140104 16
140105 40
152211 25
152301 4
152321 10
152331 16
154100 28
154104 6
154141 39
154152 37
154153 21
154173 22
154181 13
154251 25
154262 34
154276 13
154281 31
154301 7
154330 4
154431 16
154479 25
154492 37
159100 19
159101 34
159102 15
159151 6
159202 13
159204 7
159331 22
159351 4
159411 34
159434 19
160342 7
164261 16
164341 25
168100 37
168101 22
168410 25
176100 3
176101 27
176104 25
177103 22
177104 7
177113 24
177114 37
177141 18
177142 34
177181 19
177220 13
177222 21
177227 16
177228 22
177229 1
177300 4
177321 7
177332 10
177335 34
177336 22
177341 16
177361 41
177413 1
177420 40
177425 27
177429 18
177430 31
177431 13
177433 34
177441 4
177447 16
177460 30
177464 7
177465 22
177466 34
177470 40
177483 28
177491 13
177494 36
177495 4
179404 13
179406 13
179443 25
201100 11
201110 41
201114 25
201116 38
201117 21
201190 37
202100 1
202101 27
202102 3
202147 21
202231 40
202302 25
202303 16
202305 33
202311 25
202356 4
202362 7
202371 30
202405 22
202421 4
202432 7
202446 4
202461 25
202471 10
202475 19
202476 25
202484 16
202731 25
202744 4
202749 4
202802 25
202833 16
202843 25
203100 21
203104 29
203108 10
203111 18
203113 41
203114 13
203131 6
203132 18
203151 16
203152 36
203154 41
203158 34
203159 37
203162 6
203202 25
203204 40
203206 12
203208 13
203209 18
203211 0
203222 34
203223 13
203226 0
203232 10
203236 38
203250 1
203287 21
203300 22
203304 31
203316 25
203351 4
203352 19
203404 25
203413 13
203424 25
203425 19
203435 7
203459 37
203474 37
203708 4
203715 16
203719 4
203721 16
203725 16
203734 16
203735 25
203754 25
203775 4
203812 25
203825 4
203829 25
203879 25
204100 13
204101 15
204113 22
204123 22
204202 7
204217 25
204232 4
204251 25
204306 31
204315 0
204320 22
204333 41
204355 13
204362 25
204382 13
204422 7
204423 22
204424 4
204425 13
204443 28
204456 37
204482 19
204483 4
204490 1
204725 25
204735 16
204792 4
205100 27
205103 25
205105 27
205216 10
205232 22
205244 40
205252 31
205282 37
205324 13
205344 37
205358 7
205382 22
205421 25
205441 16
205473 25
205476 13
205731 16
205742 4
205764 16
205789 4
205796 25
206100 25
206103 22
206104 13
206108 37
206111 11
206112 34
206161 31
206162 41
206171 33
206172 29
206181 37
206182 13
206191 7
206203 22
206216 6
206217 10
206253 4
206255 4
206261 39
206266 10
206267 25
206281 27
206311 7
206313 4
206321 18
206324 10
206327 25
206331 37
206336 1
206341 13
206342 19
206362 4
206364 7
206367 4
206368 37
206370 31
206428 24
206435 22
206437 28
206457 10
206476 25
206481 19
206703 16
206714 16
206724 16
206734 25
206736 4
206737 4
206774 25
207104 31
207105 39
207106 33
207108 24
207109 3
207110 25
207116 23
207117 24
207118 22
207125 16
207162 4
207172 25
207181 33
207187 7
207188 34
207191 13
207195 22
207214 13
207302 0
207305 34
207306 40
207312 25
207321 13
207402 10
207408 13
207415 31
207442 22
207448 34
207481 25
207704 16
207706 4
207708 25
207712 25
207766 25
208101 41
208140 22
208141 37
208250 22
208263 20
208264 37
208272 21
208322 21
208345 15
208346 7
208353 27
208362 0
208373 19
208423 34
208444 13
208446 3
208460 28
208738 4
208772 25
208873 25
209203 4
209204 31
209252 13
209253 37
209262 7
209263 4
209270 13
209271 25
209272 10
209322 19
209332 28
209341 10
209352 13
209370 13
209376 25
209382 37
209424 4
209452 37
209454 40
209456 28
209466 10
209486 16
209712 16
209714 4
209716 4
209772 25
209787 16
210100 34
210200 19
210207 25
210221 10
210251 4
210276 13
210315 37
210331 10
210355 28
210432 13
210435 16
210463 7
210497 25
210702 25
210717 4
210741 4
210743 16
210744 4
210748 4
211100 24
211303 16
211312 28
211315 0
211318 1
211319 9
211341 25
211342 13
211444 37
211445 37
211446 7
211448 10
211449 4
211709 4
211843 25
212712 16
212721 4
212731 25
213706 16
213707 25
213708 4
213717 25
214301 37
214310 4
214340 22
214341 27
214352 7
214403 7
214412 16
214431 4
214491 37
215205 19
215206 25
215207 7
215208 28
215303 4
215311 37
215312 28
215313 25
215314 13
215401 37
215462 25
215482 16
215495 4
215497 13
215711 25
215742 25
217705 4
217708 25
217773 16
218100 28
218234 19
218236 10
218244 13
218262 4
218352 34
218362 37
218372 7
218382 25
218474 4
218481 25
218496 22
219741 25
219753 16
219766 4
219789 25
225702 22
225704 16
225706 4
225707 25
226703 25
226704 25
226711 16
226805 25
229223 9
229351 4
251100 37
251211 27
251213 1
251216 25
251242 34
251261 6
251292 4
251312 19
251313 19
251333 10
251334 37
251342 13
251361 16
251363 34
251371 37
251372 7
251374 16
251399 25
251411 40
251417 37
251434 22
251436 16
251451 0
251455 4
251456 28
251457 34
251461 4
251476 13
251477 25
251704 22
251707 25
251713 25
251716 4
251723 22
251724 16
251746 16
251748 4
251754 22
251760 16
251763 4
251765 25
251776 22
251781 16
251784 4
252210 0
252212 3
252222 30
252235 22
252281 18
252282 9
252283 33
252285 0
252311 40
252320 7
252328 37
252331 9
252353 19
252401 12
252402 25
252403 0
252404 10
252413 34
252420 18
252421 7
252422 22
252423 34
252427 25
252428 13
252429 1
252435 31
252440 13
252442 9
252443 1
252448 7
252450 19
252456 27
252459 10
252460 4
252479 4
252489 28
252706 16
252707 22
252727 25
252785 22
252789 16
252792 4
253215 40
253318 25
253321 13
253332 13
253416 16
253417 19
253423 7
253433 4
253441 10
253443 10
253451 22
253452 28
253454 37
253716 4
253721 25
253725 22
253734 13
253735 22
253747 4
253749 19
253752 22
253754 16
253791 16
254182 7
254200 34
254205 19
254206 31
254207 19
254211 31
254215 9
254216 15
254222 22
254231 1
254232 13
254271 7
254282 13
254302 21
254325 16
254334 39
254352 19
254362 33
254371 30
254373 1
254400 25
254411 13
254412 37
254415 22
254421 9
254422 16
254423 34
254424 25
254435 4
254441 0
254443 4
254445 4
254451 28
254452 19
254453 28
254454 4
254466 16
254476 13
254477 37
254478 37
254495 16
254701 25
254702 25
254721 25
254733 22
254737 25
254791 22
254816 4
254817 16
254857 16
255201 22
255210 5
255230 20
255300 28
255301 40
255316 24
255323 22
255328 34
255337 15
255340 19
255393 37
255422 6
255425 4
255429 25
255430 27
255431 22
255432 0
255433 19
255440 7
255442 1
255444 34
255445 4
255447 10
255451 21
255455 1
255462 28
255463 18
255471 30
255492 41
255497 24
255499 28
255714 25
255735 22
255750 25
255751 13
255769 4
255772 4
255783 16
256100 34
256271 37
256317 19
256318 1
256334 7
256418 25
256419 16
256441 4
256444 7
256456 13
256473 16
256474 25
256791 25
259103 18
259104 27
259106 9
259107 12
259108 14
259192 32
259193 3
259194 0
259195 24
259200 22
259201 36
259203 25
259401 27
260313 22
260334 16
260416 13
260421 13
260432 25
260702 4
261102 10
261111 10
261112 17
261113 4
261205 4
261207 9
261208 36
261214 25
261215 22
261218 1
261305 34
261306 4
261332 13
261342 7
261343 4
261361 19
261421 7
261430 13
261433 13
261438 10
261444 7
261446 25
261447 7
261448 10
261449 1
261453 7
261465 4
261473 25
261479 13
261494 28
261497-002 37
261497-008 19
261497-802 25
261497-808 4
261499 31
261736 16
261738 22
261745 25
261751 22
261752 16
261755 4
261763 4
261781 4
261795 16
261891 22
263710 13
263721 25
263724 22
263745 16
263751 4
264702 22
264705 16
264709 4
264755 25
265706 22
265709 16
265710 4
266801 25
268732 25
268735 22
268741 16
269103 13
269105 22
269111 10
269130 25
269210 25
269341 37
269360 22
269370 13
269452 16
269498 4
270712 16
270721 22
305203 10
318322 4
329105 13
329106 31
330115 0
351100 34
351201 25
351302 28
351321 22
351364 34
351371 10
351425 37
351426 37
351464 25
352103 27
352311 28
352313 31
352314 7
352401 16
352412 0
352421 25
352422 28
352433 25
352441 34
353313 10
353418 16
353431 4
353441 19
353471 19
353482 4
354311 0
354312 13
355411 22
356100 10
356101 28
356102 37
356210 37
356261 28
356333 4
356361 13
356373 22
356374 7
356411 10
356414 16
356415 16
356416 7
356431 4
356432 25
356441 28
356442 22
356443 10
356444 34
356446 7
356447 13
356449 1
356451 19
356455 25
356471 37
356472 25
356474 13
356496 25
357101 30
357110 34
357210 6
357322 31
357323 22
357418 22
357421 10
357432 34
357441 25
357444 4
357446 25
359202 8
359205 4
359206 4
359302 10
359303 25
359305 10
359341 19
359350 25
359360 4
359380 13
359401 27
359403 25
359408 19
359422 40
359423 25
359452 4
359460 13
359461 7
359465 34
360100 0
360301 25
360304 7
360441 19
361210 22
361211 10
361214 4
361341 22
361413 13
361414 7
361421 25
361433 16
361442 7
361452 10
361461 31
361475 25
363210 31
363401 4
363402 25
365201 25
365211 7
365322 25
365324 16
365422 13
365425 25
365426 22
368211 16
368310 0
368412 13
368417 25
400110 24
400210 41
401281 34
401383 10
401391 34
403281 37
403383 25
406284 7
406294 19
406386 19
406396 16
408382 28
410381 40
413383 1
413391 31
415393 22
420282 13
421282 22
421292 16
421386 37
421396 7
422381 41
428281 4
428282 25
428381 4
428383 13
461170 37
461471 37
461472 22
461511 28
461523 13
461526 22
461527 37
461532 22
462130 19
462544 25
462587 16
462588 4
463201 25
463252 4
463331 25
463332 7
463342 4
463354 37
463433 37
463512 7
463513 22
463543 13
463544 22
463557 10
463559 16
463571 28
463592 34
464302 22
464312 16
464402 25
464403 19
464414 22
464442 4
464443 10
464445 16
464446 13
464500 16
464502 4
464504 13
464505 25
464506 22
464508 16
464545 34
464549 16
501201 37
501202 7
501305 19
501306 22
502313 34
502314 37
504202 22
504305 7
506202 25
508304 4
510306 25
512304 16
513113 10
513115 37
513212 19
513216 13
513217 25
513225 22
513284 4
513331 13
513343 4
513364 22
513373 25
513390 16
513411 4
513446 25
514202 7
514206 34
514222 25
514244 13
514272 19
514322 7
514336 16
514352 37
514358 4
514382 13
514384 19
514396 22
514398 25
514436 25
514462 4
514742 16
514752 4
515204 7
515205 22
515256 13
515257 4
515330 4
515337 13
515339 25
515362 16
515377 19
515378 22
515380 7
518724 25
518770 4
551461 13
552216 22
552217 25
552232 25
557433 22
558101 15
558411 4
558432 25
562101 7
562211 25
601201 33
601202 19
601231 16
601242 27
601342 25
601346 13
601351 19
601361 31
601423 37
601424 10
601431 13
601436 34
601452 16
601471 7
601472 19
601724 25
601731 16
601745 4
601769 16
601775 25
602100 33
602102 40
602103 27
602120 41
602121 9
602122 13
602301 7
602314 16
602421 40
602453 34
602454 16
602455 13
602461 25
602472 0
602741 25
602751 25
603200 25
603231 3
603321 25
603341 16
603396 19
603423 7
603496 25
603743 16
604101 7
604211 7
604311 25
604314 34
604315 36
604411 25
604415 16
604423 4
604431 22
604443 7
604454 25
605203 34
605302 41
605313 21
605315 27
605316 9
605321 13
605331 31
605340 37
605412 25
605413 25
605430 18
605476 4
605701 4
605711 16
605719 25
605742 4
606211 28
606243 25
606245 37
606264 7
606310 13
606341 13
606342 22
606344 16
606451 4
606452 25
610114 23
651210 4
651211 22
651212 4
651234 25
651306 25
651313 19
651314 13
651317 22
651319 25
651416 16
651425 4
701100 24
701181 30
701202 13
701235 41
701244 33
701283 31
701335 25
701408 4
701423 25
701496 25
702100 1
702101 8
702211 18
702312 16
702313 41
702317 34
702321 37
702331 19
702342 22
702354 19
702418 25
702443 4
702499 31
703103 22
703109 4
703202 33
703204 34
703243 4
703244 13
703309 6
703322 19
703324 40
703330 10
703331 36
703345 22
703351 19
703361 16
703413 4
703441 41
703499 7
705191 15
705211 23
705311 37
705328 19
705331 33
705332 41
705343 16
705431 27
705438 41
705440 27
705441 15
705442 1
705444 24
705447 6
705448 4
705499 25
751100 28
751101 18
751102 12
751106 19
751202 40
751209 36
751301 7
751302 15
751303 12
751305 10
751308 3
751309 9
751320 4
751326 16
751327 37
751330 34
751401 30
751403 3
751405 40
751408 28
751417 16
751418 33
751421 18
751422 25
751428 19
751440 25
751443 6
751701 13
751702 4
751703 16
751705 19
751706 4
751708 13
751716 19
751718 22
751719 22
751728 25
751734 16
751752 25
801100 35
801122 22
801134 25
801204 4
801233 22
801236 37
801241 16
801322 22
801334 25
801371 16
803122 13
803124 22
803131 25
803230 34
803232 37
803260 19
851100 22
851103 39
851104 3
851105 28
851201 31
851202 22
851204 7
851207 38
851241 25
851252 1
851253 27
851261 9
851263 0
851273 16
851305 33
851309 3
851345 4
851363 4
851366 34
851400 12
851404 28
851406 16
851407 0
851441 7
851462 21
851467 22
852100 7
951100 39
951231 7
951324 16
951344 16
951366 37
951421 25
951498-004 25
951498-007 25
951498-011 25
951498-015 25
951498-020 4
951498-021 13
953102 22
953111 14
953201 19
953202 25
953211 4
953214 37
953231 13
953232 34
953234 7
953323 37
953422 22
953494 16
954100 25
954140 38
954142 37
954143 7
954170 25
954240 28
954326 4
954340 22
954371 25
954374 16
954423 10
954462 37
954464 7
954472 13
954491-001 37
954491-002 13
954491-003 10
954498 19
955102 37
955104 22
