001101 16
001102 7
001111 27
001113 25
001201 1
001202 40
001210 7
001212 3
001218 15
001230 18
001231 12
001250 28
001291 15
001293 34
001310 34
001311 10
001312 0
001318 37
001320 3
001321 28
001323 28
001330 25
001342 19
001353 7
001354 34
001362 13
001381 9
001410 34
001423 34
001425 13
001443 10
001444 3
001445 10
001447 10
001461 10
002101 24
002110 13
002191 25
002192 31
002201 9
002211 28
002221 31
002250 13
002301 22
002333 40
002351 3
002361 13
002365 31
002401 28
002473 10
003101 25
003191 7
003201 31
003313 40
003320 25
003331 13
003367 31
004241 34
004282 3
004301 28
004303 15
004324 3
004432 25
004473 31
004475 13
004483 18
006103 33
006126 34
006206 10
006226 3
006242 28
006253 15
006303 28
006325 22
006326 13
006330 22
006344 31
006346 4
006355 25
006425 28
006426 10
006428 34
006443 31
006448 4
006454 10
008214 28
008303 10
008314 31
008411 4
008417 28
009103 5
009105 28
009212 22
009230 19
009231 15
009326 22
009328 13
009426 4
009431 28
009445 28
011100 19
011151 28
011152 22
011153 34
011251 41
011257 20
011259 22
011269 24
011276 18
011353 28
011356 16
011358 3
011362 31
011374 13
011461 10
011464 25
011479 13
012100 37
012173 38
012200 21
012273 28
012371 25
012475 10
013103 13
013110 10
013203 33
013204 31
013206 24
013209 15
013301 22
013302 25
013303 4
013305 15
013306 34
013307 7
013317 31
013321 0
013326 28
013329 10
013330 31
013335 28
013337 13
013413 28
013427 31
013433 34
014210 4
014211 22
014270 40
014310 37
014311 3
014322 31
014323 10
014324 34
014370 15
014371 28
014381 13
014382 19
014401 25
014471 40
014481 9
014485 31
015101 7
016101 31
017101 31
017102 28
017111 27
017112 10
017210 22
018103 28
018111 13
018113 34
018125 22
018203 13
018211 4
018213 10
018231 34
018235 28
018271 18
018301 4
018335 13
018351 31
018353 25
018433 28
018435 10
018438 34
018467 34
019101 39
019103 34
019105 24
019106 19
019108 28
019111 10
019203 34
019205 19
019206 10
019208 3
019211 10
019221 31
019303 13
019311 28
019331 7
019361 40
019371 25
019373 28
019381 4
019411 0
019442 22
019471 25
019473 13
020101 4
020102 31
020211 15
020212 25
020231 12
020311 25
020321 34
020333 13
020341 31
020362 31
020363 22
021101 41
021102 28
021203 28
021270 22
025108 28
025110 10
025310 10
025480 10
026101 4
026102 4
026111 0
026112 13
026201 34
026271 10
029701 28
029711 10
050100 19
050103 36
050104 34
050106 23
050111 0
051302 19
051304 27
051306 22
051313 28
051412 34
051418 25
052201 41
052202 31
052314 13
052350 25
052352 13
052357 10
052400 13
052419 34
052443 10
052445 4
052447 31
052725 28
055701 10
055706 4
055707 34
055771 4
055797 28
057121 40
057122 25
057123 24
057125 21
057126 18
057127 22
057128 25
057129 25
057130 0
057131 24
057132 39
057133 10
057134 22
057135 7
057137 7
057138 4
057139 10
057140 31
057201 31
057205 28
057215 13
057274 13
057279 18
057283 40
057284 22
057285 13
057288 34
057293 10
057294 28
057300 19
057302 34
057305 6
057351 10
057366 7
057403 25
057405 4
057410 10
057411 41
057420 31
057425 40
057426 34
057428 15
059419 4
061106 34
061201 10
061223 15
061306 1
061307 24
061312 22
061313 28
061317 28
061401 16
061403 28
061404 19
062342 25
062343 10
062344 25
062345 13
062346 13
062360 4
062380 4
062411 16
062452 13
062460 4
062470 4
063703 28
063813 10
064207 10
064231 28
064251 10
064281 22
064291 13
064301 10
064303 34
064410 37
064412 25
064417 10
064418 1
064424 22
064474 10
065210 13
065212 15
065310 41
065320 10
065332 4
065421 34
065434 10
065435 34
065436 28
065437 1
065797 10
065799 10
066221 22
066323 4
066410 13
066414 31
066425 19
066755 28
067202 13
067303 18
067311 28
067372 16
067373 28
067432 31
070301 22
070303 34
070304 22
070305 28
070308 28
070400 10
070401 28
070403 10
070404 25
070410 34
070411 10
070415 22
070416 34
070720 4
070721 34
070726 28
070727 28
070731 10
070792 10
071412 22
071413 13
071414 28
071420 4
071422 34
071423 31
071425 0
071712 34
071811 28
074100 28
074101 22
074414 28
076314 28
076414 28
076425 22
076427 4
076428 19
076429 31
076444 31
076466 41
078444 3
078454 22
079444 25
088708 10
091800 10
099101 7
099102 26
100102 34
100103 10
100104 1
100105 34
100109 4
100110 4
100111 40
100112 34
100206 21
100207 13
100208 40
100209 10
100210 21
100211 37
100212 16
100213 41
100218 4
100219 25
100220 13
100225 22
100226 10
100281 34
100306 30
100307 16
100308 0
100309 34
100310 36
100501 22
101100 25
101105 13
101201 34
101211 34
101400 13
101405 13
103112 4
103191 10
103271 27
104200 25
104201 13
104300 15
104301 10
104340 10
104410 28
104424 28
104495 4
105304 31
109100 30
109115 3
112101 28
112102 34
112103 28
112108 10
112201 13
112203 4
112213 25
112300 34
112411 28
112412 10
115200 28
115301 40
115302 10
116400 4
126101 22
126216 16
126321 6
126330 36
126333 13
126334 22
126428 40
126432 1
126443 16
127100 6
127101 25
127203 33
127204 25
127207 41
127303 9
127312 15
127314 16
127315 10
127316 36
127329 31
127337 22
127711 4
127717 34
127718 28
127719 10
128100 9
128101 36
128202 16
128203 10
128204 4
128307 37
128309 16
128334 34
128352 10
128354 13
128403 6
128701 4
128710 34
128730 28
128740 10
128762 10
140101 10
140102 34
140105 7
152321 10
154104 10
154141 31
154151 9
154231 10
154262 31
154281 36
154311 31
154330 22
154340 34
154351 28
154353 25
154363 10
154375 16
154377 13
154388 34
154433 10
154443 34
154488 31
159100 20
159101 40
159151 34
159203 31
159221 13
159302 34
159303 28
159305 19
159332 28
159356 10
159362 31
159403 13
159411 16
159412 28
159431 34
160341 3
164200 21
164341 10
168101 13
168410 34
176100 28
176101 11
176104 25
176220 40
177103 0
177214 33
177215 15
177216 40
177217 28
177242 28
177281 19
177283 41
177285 13
177321 34
177330 16
177336 7
177341 10
177361 19
177393 24
177404 40
177414 28
177427 28
177430 28
177434 34
177446 4
177447 34
177450 22
177465 22
177467 10
177481 13
177494 10
179403 28
201100 38
201110 21
201114 22
201115 6
201116 3
202100 9
202101 30
202141 34
202143 12
202145 18
202184 0
202231 8
202260 28
202310 10
202311 28
202332 40
202334 28
202342 0
202361 10
202371 34
202410 28
202434 10
202438 10
202443 34
202473 4
202474 28
202477 10
202495 13
202737 34
202765 28
202773 34
202776 10
202783 34
202833 10
202844 4
202848 10
203100 28
203103 22
203111 12
203116 4
203151 3
203162 25
203201 16
203203 16
203204 40
203206 17
203207 31
203208 34
203209 32
203222 3
203226 12
203231 21
203235 38
203236 18
203255 31
203300 28
203303 40
203315 34
203323 30
203324 28
203331 0
203332 24
203333 18
203351 13
203352 41
203475 10
203705 28
203709 34
203713 34
203714 28
203716 10
203723 28
203732 10
203736 34
203739 28
203743 28
203753 4
203803 4
203807 10
203821 34
203828 10
203879 22
204100 28
204101 36
204111 10
204202 34
204211 22
204216 28
204217 10
204231 31
204321 7
204325 3
204335 10
204341 16
204361 31
204363 10
204365 22
204381 31
204383 34
204432 19
204442 28
204451 40
204453 34
204471 15
204721 34
204725 10
204735 28
204764 10
204891 10
205100 30
205103 40
205104 34
205105 21
205235 31
205239 28
205275 36
205303 21
205337 15
205355 34
205393 25
205441 28
205461 10
205765 4
205805 10
206100 33
206101 31
206103 36
206107 37
206108 6
206111 36
206113 10
206161 31
206171 14
206181 28
206191 22
206203 15
206207 13
206211 31
206216 40
206217 28
206254 28
206261 12
206267 15
206281 19
206300 18
206321 22
206324 22
206325 16
206327 25
206328 13
206331 37
206335 4
206336 28
206341 0
206355 7
206362 22
206370 4
206381 19
206412 10
206432 34
206436 22
206437 34
206441 1
206457 10
206470 31
206705 28
206707 34
206713 10
206717 28
206720 28
206726 34
206738 28
206739 10
206743 28
206753 28
206785 10
207100 37
207103 10
207105 2
207106 28
207107 28
207109 27
207110 27
207115 36
207117 25
207123 27
207131 37
207135 31
207171 41
207173 34
207183 31
207187 0
207203 19
207205 31
207208 13
207213 31
207308 33
207310 31
207313 22
207323 34
207348 28
207401 40
207403 10
207406 15
207419 4
207422 10
207455 28
207458 10
207463 10
207701 4
207703 34
207705 28
207711 10
207808 10
208101 32
208140 10
208150 28
208263 34
208270 16
208271 33
208280 15
208321 4
208329 28
208343 4
208348 16
208383 25
208425 40
208439 34
208440 10
208469 10
208711 4
208760 34
208761 28
208770 10
208871 28
208872 10
209201 34
209251 28
209301 25
209302 4
209303 22
209331 28
209351 40
209358 31
209361 13
209368 28
209375 31
209451 4
209453 34
209461 28
209463 10
209483 34
209485 10
209705 13
209707 4
209771 34
209773 25
209779 28
209785 10
210201 28
210202 3
210204 22
210343 28
210351 31
210383 13
210425 10
210433 22
210434 34
210445 10
210485 10
210703 4
210704 34
210705 28
210707 10
210731 34
211100 34
211311 7
211315 31
211319 15
211440 28
211443 10
211702 10
211889 28
212701 4
212703 28
212711 10
212741 34
213706 10
213707 28
213711 10
213714 34
214100 22
214261 28
214312 13
214341 19
214381 13
214401 22
214411 13
214414 4
214415 0
214430 25
214445 10
215205 27
215206 34
215207 25
215208 40
215302 27
215381 22
215411 34
215431 24
215734 28
215744 34
215752 10
215762 34
215782 4
215785 28
216781 34
217701 34
217703 28
217707 10
217726 28
217775 10
217781 10
218100 22
218101 13
218233 31
218235 34
218321 40
218323 34
218351 22
218471 34
218474 28
218475 10
219720 10
219731 34
220703 10
226701 10
226702 10
226709 10
226710 28
229123 6
229323 34
251211 21
251213 3
251216 28
251261 16
251281 28
251312 10
251313 4
251333 25
251361 28
251363 16
251371 31
251372 18
251374 28
251384 10
251411 10
251437 34
251438 34
251439 22
251461 13
251475 4
251479 10
251701 13
251702 4
251703 10
251711 13
251714 4
251715 34
251717 28
251718 13
251745 34
251751 4
251752 34
251757 28
251758 13
251776 13
251783 4
251785 34
251790 10
252201 24
252211 9
252232 27
252282 24
252283 34
252285 24
252286 19
252301 0
252302 9
252317 4
252320 34
252322 31
252325 16
252327 34
252330 18
252342 7
252363 13
252420 40
252421 22
252425 31
252427 13
252439 10
252444 28
252450 10
252460 10
252498 28
252702 4
252708 4
252711 28
252719 4
252724 28
252725 34
252752 34
252785 34
252789 13
252791 10
253303 10
253314 18
253315 33
253432 28
253455 4
253456 34
253481 25
253701 34
253717 28
253722 10
253732 4
253734 28
253736 13
253747 34
253748 13
253752 10
253754 4
254181 4
254205 7
254206 31
254211 16
254215 16
254216 13
254222 28
254231 21
254232 40
254252 9
254282 40
254302 36
254325 18
254333 15
254372 34
254373 10
254421 3
254426 16
254436 13
254439 25
254441 16
254451 1
254456 34
254457 22
254459 28
254461 40
254471 31
254473 10
254494 10
254496 4
254700 28
254702 13
254703 10
254710 34
254734 10
254770 13
254804 4
254872 34
254875 4
255201 28
255215 10
255251 18
255290 3
255300 15
255320 33
255321 31
255330 20
255359 6
255415 22
255417 10
255420 22
255422 4
255424 28
255431 10
255432 28
255434 22
255438 10
255449 34
255454 28
255455 28
255460 4
255462 10
255471 31
255492 28
255722 34
255734 28
255750 13
255752 4
255758 10
255764 10
255766 4
255770 28
255771 34
255772-001 4
255772-801 28
255772-803 4
255772-804 10
256100 9
256212 10
256271 28
256281 10
256316 34
256333 0
256373 31
256384 13
256412 4
256418 10
256441 34
256457 4
256462 28
256473 10
256700 28
256751 10
259103 41
259104 4
259106 6
259107 16
259108 37
259109 22
259191 33
259192 13
259194 0
259201 27
259203 31
260312 10
260701 25
260705 28
260709 10
260716 13
260718 34
260772 4
261103 40
261111 14
261200 34
261210 0
261212 3
261216 28
261217 24
261304 3
261305 4
261335 16
261336 33
261342 18
261343 40
261361 0
261405 13
261434 16
261447 34
261456 28
261457 10
261458 0
261469 28
261473 16
261497 10
261701 4
261702 34
261706 28
261739 10
261746 34
261754 10
261769 10
261781 10
261791 28
261792 10
263701 34
263702 28
263720 4
263760 10
263771 4
264701 13
264706 4
264710 28
264741 34
264789 28
264791 10
266702 10
268721 10
269101 28
269102 10
269111 13
269200 22
269201 10
269202 13
269340 40
269430 10
269462 28
269470 34
269494 28
270701 28
270702 10
270711 34
270712 28
270791 34
301254 1
305202 13
311352 40
318322 28
318351 34
320351 10
321251 10
324703 10
328310 34
328313 25
330110 9
330111 38
351100 34
351200 10
351201 37
351202 41
351301 10
351302 22
351321 28
351331 13
351410 40
351425 28
351441 13
351442 25
351451 4
351463 34
351466 10
352103 22
352301 16
352311 28
352321 3
352323 40
352421 34
352422 7
352431 25
353301 19
353311 34
353421 25
353431 28
353451 13
353452 10
354311 10
356100 41
356101 30
356102 4
356202 4
356210 25
356212 34
356261 4
356303 13
356304 22
356312 34
356361 10
356411 19
356416 24
356432 34
356477 22
357110 34
357210 39
357322 22
357325 34
357360 40
357417 25
357441 34
357491 31
359202 29
359203 28
359204 31
359206 10
359301 19
359311 41
359380 10
359405 13
359409 10
359410 34
359413 10
359421 21
359465 10
360100 8
360210 21
360301 4
360304 40
360402 28
360403 28
360423 31
360460 16
361210 0
361211 34
361301 4
361321 13
361351 28
361453 28
361471 10
362211 0
363210 1
365201 22
365211 34
365321 10
365421 31
365427 4
365428 13
365431 4
368200 16
368317 16
368431 31
400110 7
400211 24
401382 4
403382 28
406385 25
406395 13
409281 31
409292 16
411281 22
411291 25
415291 13
420281 4
421281 34
421291 28
421385 31
421395 1
423382 16
428382 22
461100 4
461170 6
461471 13
461511 34
461523 10
461526 28
461527 13
461529 28
462130 19
462151 1
462505 34
462523 28
462541 13
462586 10
462587 13
462588 4
463251 16
463311 28
463331 31
463341 22
463353 4
463402 10
463433 4
463455 31
463491 13
463503 25
463504 4
463545 4
463556 10
463558 34
464301 34
464311 13
464341 10
464401 34
464413 16
464441 28
464443 13
464444 25
464445 1
464501 10
464502 34
464503 31
464508 25
464509 22
464510 22
464541 16
464542 28
464546 22
464549 25
501301 10
501302 25
502211 25
504302 34
506303 13
506361 4
508203 24
508303 28
510201 27
510202 16
510411 34
510414 28
510415 13
510417 4
512303 4
513111 31
513114 1
513223 4
513224 34
513283 28
513315 10
513324 22
513328 13
513363 4
513371 28
513412 13
513429 4
513445 34
513451 28
513471 10
514211 34
514241 28
514317 25
514323 22
514335 31
514341 34
514343 28
514381 4
514383 16
514395 10
514397 13
514466 28
515201 16
515250 31
515307 13
515312 31
515334 16
515361 22
515364 4
515376 25
515403 34
515455 28
515490 10
551311 34
552216 10
552217 28
552222 10
553312 34
554314 28
555313 28
556311 10
558431 10
561312 10
562211 10
571115 31
601201 25
601302 28
601321 31
601341 25
601344 16
601351 13
601422 40
601452 34
601456 22
601462 10
601702 4
601731 34
601742 10
601758 10
601765 4
601767 28
602100 5
602102 25
602103 36
602111 10
602211 4
602315 28
602321 24
602322 3
602431 34
602432 10
602441 4
602464 28
602731 10
602753 28
602761 28
603211 41
603322 4
603332 40
603352 10
603371 13
603421 22
603441 10
603711 34
603723 28
603731 10
604304 0
604305 40
604312 10
604313 40
604351 13
604352 34
604412 13
604414 4
604416 34
604422 10
604451 28
604715 28
605201 25
605204 34
605301 10
605313 34
605314 31
605321 4
605322 22
605341 28
605412 25
605432 13
605444 34
605445 28
605461 10
605701 28
605702 10
605717 10
605741 34
605745 28
605751 28
606231 34
606242 10
606244 10
606263 16
606343 28
606362 31
606363 16
610114 37
651105 4
651109 10
651120 1
651210 28
651311 4
651312 34
651315 10
651316 28
701101 28
701181 21
701182 13
701183 36
701201 28
701211 22
701281 13
701295 34
701313 21
701321 31
701331 19
701341 34
701342 40
701344 28
701407 31
701425 28
701455 13
701494 10
702100 10
702101 24
702205 31
702211 25
702213 18
702312 16
702316 28
702317 34
702318 13
702341 4
702351 31
702411 4
702416 34
702431 10
703103 40
703202 27
703243 12
703244 27
703305 3
703308 16
703309 28
703310 34
703311 19
703322 33
703323 10
703324 4
703330 22
703331 7
703391 13
703404 4
703412 13
703447 34
703454 28
703498 10
705191 25
705211 37
705311 19
705328 25
705329 10
705331 19
705342 28
705351 34
705437 13
705438 28
705440 28
705441 18
705442 10
705444 21
705446 24
705447 28
705461 10
705493 31
751100 13
751101 27
751102 39
751106 0
751202 15
751209 12
751301 30
751302 24
751303 31
751305 41
751308 3
751309 21
751321 16
751326 4
751327 1
751330 31
751345 13
751401 9
751403 31
751405 28
751408 13
751417 10
751419 16
751425 28
751428 4
751441 4
751443 16
751447 10
751451 34
751701 13
751702 4
751703 25
751704 28
751705 22
751706 13
751708 4
751710 25
751712 10
751716 28
751718 34
751726 10
751734 22
751742 28
751743 34
801100 35
801201 34
801225 13
801235 31
801324 10
801331 16
801333 22
801334 10
801336 31
801421 16
801471 22
801481 25
803121 28
803123 10
803231 10
803331 28
851100 26
851104 22
851105 34
851108 28
851200 16
851201 13
851202 8
851204 19
851205 28
851243 4
851251 21
851262 28
851273 31
851305 13
851309 3
851313 6
851343 6
851344 34
851345 34
851360 4
851362 13
851367 7
851372 0
851375 40
851400 37
851404 19
851406 9
851407 22
851462 31
852101 34
852102 28
852103 10
951100 31
951102 28
951106 34
951125 31
951203 16
951302 9
951323 40
951331 28
951344 31
951348 28
951352 34
951497-020 31
951497-021 3
953103 4
953111 41
953211 34
953212 28
953233 31
953261 25
953321 4
953322 25
953331 10
953361 4
953421 10
953494 1
954100 27
954140 10
954143 16
954170 19
954246 7
954326 25
954370 13
954374 16
954410 25
954413 4
954416 28
954426 31
954443 10
954449 41
954462 40
954471 34
954477 10
954491 22
954498 10
955102 4
955103 37
955104 22
958111 13
