001101 1
001102 34
001111 5
001113 21
001201 4
001202 13
001210 22
001230 34
001231 2
001250 11
001281 5
001291 36
001293 34
001310 19
001311 0
001312 40
001318 10
001320 13
001321 13
001323 0
001330 31
001342 10
001353 19
001354 34
001361 19
001362 34
001381 40
001410 3
001425 34
001443 13
001444 0
001445 3
002101 19
002110 34
002191 34
002201 7
002211 34
002221 31
002250 10
002301 0
002333 13
002365 34
003101 19
003191 31
003201 10
003414 3
003421 13
003436 34
004282 13
004301 31
004303 10
004324 0
004432 13
004473 13
004475 34
004483 6
006103 19
006126 16
006206 31
006226 37
006241 10
006242 34
006253 19
006303 0
006331 16
006346 34
006448 34
008214 0
008303 31
008314 13
008411 3
008417 13
009103 25
009105 34
009212 3
009230 34
009231 31
009326 13
009328 34
011100 14
011152 19
011153 37
011251 18
011257 24
011259 31
011269 41
011276 40
011353 31
011356 0
011362 13
011363 0
011374 10
011461 34
011464 0
011479 3
012100 10
012173 15
012200 31
012273 13
012371 37
013103 14
013110 19
013203 31
013204 7
013207 10
013209 13
013302 10
013306 3
013307 3
013317 19
013326 3
013329 13
013330 34
013413 34
013420 34
013433 19
014210 31
014211 31
014270 3
014310 0
014322 4
014323 37
014370 10
014371 34
014381 31
014401 13
014481 34
015101 41
016101 34
016102 13
017101 34
017102 13
017111 31
017210 3
018103 19
018111 21
018113 40
018125 34
018203 13
018211 0
018213 19
018231 34
018235 10
018271 13
018321 10
018351 31
019101 12
019102 34
019103 37
019105 13
019106 13
019108 19
019111 3
019203 10
019205 34
019211 40
019221 19
019303 0
019311 3
019331 31
019361 34
019371 34
019381 10
019471 13
020101 34
020102 34
020211 10
020231 19
020341 34
020362 37
021101 25
021102 31
021203 34
025108 37
025110 10
025310 19
025480 34
026101 27
026102 13
026111 13
029701 13
029711 34
050100 7
050103 20
050104 3
050106 26
050111 10
051300 34
051306 13
051313 13
051412 10
051418 16
051421 16
052202 16
052314 9
052350 7
052352 34
052357 25
052421 40
055701 34
055704 34
055771 34
057121 28
057122 27
057123 21
057125 15
057126 15
057127 8
057128 36
057129 39
057130 30
057131 15
057132 30
057133 15
057134 16
057135 12
057136 34
057137 16
057201 10
057213 34
057215 19
057284 19
057285 31
057288 13
057293 40
057294 1
057296 10
057300 31
057305 41
057403 4
057405 34
057410 4
057420 19
057425 24
057426 13
057428 1
057450 34
059419 16
061106 0
061201 34
061223 31
061306 12
061309 16
061312 37
061317 3
061403 25
062200 13
062320 1
062341 34
062342 4
062343 40
062344 40
062346 34
062360 13
062380 19
062411 37
062452 10
062460 19
062499 1
063710 4
064201 19
064206 31
064207 37
064271 34
064272 19
064281 37
064301 16
064410 3
064423 4
064424 34
065210 1
065212 19
065310 37
065320 7
065332 34
065436 34
065799 34
066221 31
066323 25
066410 22
066414 34
066425 34
067202 3
067303 7
067311 1
067372 34
067373 3
067432 10
070100 16
070201 10
070301 19
070303 22
070304 13
070308 37
070400 10
070401 34
070404 4
070413 13
070414 19
070415 37
070416 34
070711 1
070720 13
070721 4
070727 4
070731 34
070740 34
071411 10
071412 31
071413 37
071415 37
071416 7
071419 31
071420 34
071423 1
071425 10
071426 4
071724 34
074100 7
074101 33
074414 7
076312 37
076314 31
076414 7
076427 4
076428 13
076429 40
076444 34
076466 34
077422 1
078444 6
078454 25
099101 7
099102 40
100102 18
100103 19
100104 34
100105 34
100106 5
100107 10
100108 37
100205 22
100206 22
100207 37
100208 30
100209 25
100306 10
100307 13
100308 21
100309 1
100310 18
100501 13
101100 40
101105 37
101201 10
101211 16
101400 19
101405 10
103191 13
103271 25
104200 7
104201 9
104300 13
104301 19
104325 4
104340 34
104410 37
104495 4
105304 10
109100 12
109115 18
112101 25
112102 31
112103 10
112108 19
112110 4
112201 18
112203 31
112213 34
112300 34
112314 13
112411 1
115200 0
115300 34
115301 13
115302 19
126101 16
126321 19
126330 1
126428 13
126443 34
127100 4
127101 10
127203 22
127206 13
127207 7
127303 1
127312 10
127314 13
127315 31
127316 34
127320 19
127326 19
127329 34
127413 4
127711 1
127717 13
127718 4
127719 34
128100 40
128101 13
128202 16
128203 36
128204 19
128307 1
128309 13
128352 19
128354 40
128403 4
128701 34
128710 1
128730 13
128734 4
128740 4
128762 34
140103 25
152321 34
154104 19
154141 22
154151 27
154231 7
154262 10
154281 31
154311 31
154330 37
154352 4
154371 34
154384 34
154388 16
154443 4
154455 10
154482 34
154488 34
159100 32
159101 40
159151 24
159203 19
159221 9
159301 34
159351 10
159356 4
159403 13
159411 19
159412 4
159431 13
159454 4
164200 6
164341 4
168101 34
168313 4
176100 39
176101 19
176220 7
177103 34
177214 7
177216 1
177242 16
177283 10
177285 19
177321 10
177330 1
177336 22
177341 3
177361 16
177393 37
177404 37
177425 1
177426 19
177427 1
177434 13
177446 34
177447 13
177450 4
177464 13
177465 13
177467 4
177481 34
201100 28
201110 22
201114 16
201115 17
201116 41
201117 13
202100 40
202101 16
202141 30
202143 10
202145 10
202184 22
202231 37
202260 22
202321 10
202334 34
202342 31
202353 13
202361 37
202434 4
202473 34
202495 1
202742 34
202764 34
202765 4
202773 34
202782 4
202833 10
202848 34
202873 34
203100 29
203103 37
203111 10
203116 4
203151 7
203162 38
203201 10
203203 36
203204 37
203206 7
203207 10
203208 10
203209 10
203222 1
203226 1
203231 34
203235 1
203236 13
203255 6
203315 19
203331 34
203351 19
203352 25
203475 1
203714 4
203716 1
203722 13
203732 34
203736 13
203739 4
203743 13
203753 34
203821 19
203828 34
203879 1
204100 22
204101 36
204111 3
204202 1
204219 37
204231 1
204251 22
204321 34
204325 1
204341 19
204361 37
204363 34
204365 13
204381 4
204383 13
204432 4
204435 34
204451 10
204453 4
204471 34
204712 34
204721 13
204732 4
204735 1
205100 33
205103 37
205104 10
205105 9
205235 31
205239 1
205275 22
205303 19
205337 1
205355 4
205393 13
205712 13
205735 4
205783 34
206100 37
206101 31
206103 40
206107 5
206111 25
206113 10
206161 10
206171 28
206181 36
206191 31
206203 37
206211 1
206216 40
206217 13
206261 10
206267 6
206281 9
206300 22
206321 4
206324 31
206325 9
206327 31
206331 40
206335 13
206336 19
206341 4
206355 1
206362 21
206370 34
206381 13
206436 4
206437 10
206441 40
206717 4
206720 13
206721 4
206730 34
206736 34
206753 34
207100 25
207103 28
207105 22
207107 31
207109 6
207110 31
207115 19
207117 5
207123 22
207131 10
207135 4
207171 35
207173 31
207183 3
207187 40
207203 1
207205 31
207208 31
207213 33
207308 10
207310 1
207313 34
207323 34
207348 34
207401 13
207406 4
207701 1
207703 13
207705 4
207711 34
207741 34
208101 25
208140 10
208263 29
208270 1
208271 1
208272 34
208280 19
208321 10
208329 34
208343 4
208348 19
208425 1
208737 34
209201 7
209251 34
209301 19
209302 1
209303 13
209331 37
209351 31
209358 40
209361 37
209368 10
209375 10
210201 0
210202 13
210204 37
210343 13
210351 31
210383 19
210425 4
210434 34
210703 1
210704 13
210707 4
210731 34
210733 34
210743 34
211100 12
211311 13
211315 0
211319 22
211413 10
211440 19
211442 13
211495 34
211702 13
211889 4
213706 19
213707 10
213714 34
214261 34
214312 16
214341 4
214381 10
214414 19
214415 13
214421 4
215205 28
215206 22
215207 33
215208 22
215423 10
215424 19
215431 13
215475 1
215476 13
215485 4
215486 34
215734 34
215744 4
215752 10
215762 34
215785 34
217701 13
217703 4
217707 34
217734 4
217751 34
217775 4
218100 31
218101 34
218233 31
218235 1
218321 19
218323 1
218351 13
219761 4
219789 34
220703 34
226701 1
226702 13
226704 4
226711 4
226801 34
251101 19
251211 1
251213 34
251261 22
251281 22
251312 34
251313 19
251363 13
251374 34
251384 13
251419 4
251437 34
251438 1
251439 10
251451 19
251475 1
251701 1
251702 13
251703 34
251711 4
251715 34
251745 4
251751 19
251752 1
251757 13
251758 4
251776 19
251783 1
251784 13
251785 4
251790 34
252201 22
252211 7
252232 36
252282 19
252283 22
252285 7
252286 19
252301 10
252302 34
252317 33
252322 1
252325 40
252327 13
252330 37
252342 40
252363 13
252420 19
252421 4
252427 34
252444 4
252498 4
252702 1
252726 4
252746 13
252747 4
252791 34
253303 4
253314 4
253315 34
253455 13
253481 4
253701 34
253715 13
253717 37
253731 1
253732 13
253735 10
253736 4
253748 1
253754 19
254181 13
254205 37
254206 2
254211 34
254215 12
254216 31
254222 1
254231 23
254232 40
254252 40
254282 13
254302 16
254325 9
254333 3
254372 7
254373 13
254421 13
254426 4
254435 1
254436 4
254439 13
254442 37
254444 4
254451 34
254456 34
254459 4
254461 1
254471 19
254473 13
254700 34
254702 19
254703 13
254710 4
254711 1
254734 34
254736 19
254770 19
254804 1
254873 1
254875 4
255201 7
255215 14
255251 16
255290 40
255300 4
255320 25
255321 16
255330 3
255359 37
255415 13
255431 13
255432 4
255434 34
255454 34
255455 34
255492 13
255722 1
255734 13
255738 34
255750 4
255764 4
255770 13
255771 34
255772 4
255786 1
255811 4
255820 34
256100 13
256212 34
256281 22
256316 34
256333 37
256373 4
256418 4
256441 34
259103 34
259104 28
259106 4
259107 1
259108 24
259109 15
259191 31
259194 4
259201 17
259203 41
260402 13
260413 34
260701 34
260702 19
260705 1
260709 13
260716 1
260718 13
260772 4
261103 34
261111 13
261200 30
261210 3
261212 19
261216 1
261217 37
261304 16
261305 4
261335 13
261336 34
261342 40
261343 37
261361 10
261405 1
261434 34
261447 34
261458 19
261461 31
261469 13
261701 13
261702 4
261706 34
261739 1
261752 34
261754 4
261769 1
261791 13
261895 34
263701 13
263702 34
263720 1
263746 19
263760 4
263770 4
263771 1
264701 19
264703 1
264706 13
264710 13
264733 4
264791 34
266702 34
268721 34
269101 19
269102 37
269111 4
269200 25
269201 19
269202 1
269340 1
269430 10
269452 4
269462 4
269470 31
269493 34
301254 10
305202 7
311352 22
318322 34
318351 37
320351 16
321251 13
324703 34
328310 10
328313 34
330110 10
330111 4
351100 22
351200 31
351201 36
351301 1
351321 31
351331 4
351441 1
351442 13
351451 4
351466 34
351489 19
352103 7
352301 1
352311 37
352321 40
352323 31
352422 13
353210 4
353301 4
353311 1
353418 4
353421 34
353431 13
353451 31
354311 19
356100 40
356101 19
356102 6
356202 7
356210 13
356212 34
356261 13
356303 31
356304 19
356411 34
356416 19
357101 41
357110 40
357210 16
357322 13
357325 13
357417 1
357441 4
357491 31
359202 26
359203 24
359204 25
359210 19
359311 34
359409 34
359421 34
359465 4
360100 18
360400 1
360403 13
360423 4
360460 34
361210 2
361214 19
361301 1
361351 10
361442 4
361453 34
361461 31
361471 37
362211 33
363210 4
365321 1
365322 13
365324 4
365421 13
368200 0
400110 26
401382 31
403382 19
406385 4
406395 40
409281 40
409292 37
411281 1
411291 4
415291 16
420281 34
421281 19
421291 31
421385 1
421395 13
423382 34
428382 10
461100 28
461435 1
461472 34
461514 13
461523 4
462130 12
462151 10
462405 4
462409 34
462445 34
462541 13
462543 4
462584 34
463251 2
463311 10
463331 19
463341 37
463353 31
463402 9
463433 19
463455 31
463491 7
463503 10
463513 19
463545 34
463556 19
463571 34
464301 1
464311 5
464341 13
464401 37
464413 4
464441 1
464443 13
464444 28
464445 13
464502 13
501301 13
501302 31
504302 19
506303 4
506361 34
508203 37
508303 1
510201 9
510202 34
512303 34
513111 4
513114 10
513223 34
513224 37
513283 10
513315 31
513324 1
513328 13
513363 4
513371 19
513411 1
513429 13
513445 4
513471 34
514211 34
514241 7
514317 34
514323 1
514341 4
514343 13
514381 1
514383 31
514451 13
515201 10
515250 37
515306 19
515310 13
515334 4
515361 1
515364 13
515370 4
515373 34
518770 34
551312 10
552216 22
552217 10
552222 31
553311 19
554312 1
556412 13
561313 4
561314 34
562101 1
562211 10
601201 31
601302 13
601341 10
601344 19
601351 34
601422 1
601452 1
601456 4
601731 13
601758 4
601765 1
601842 34
602100 30
602102 36
602103 21
602111 4
602211 19
602315 10
602321 13
602322 34
602431 19
602432 13
602441 34
602464 1
602731 4
602761 34
603211 37
603321 10
603322 34
603351 19
603421 13
603441 4
603471 34
603496 34
603711 13
603723 4
603731 34
604304 19
604305 4
604312 40
604313 16
604351 34
604352 1
604451 34
604711 4
604715 34
605201 3
605204 22
605301 10
605313 4
605314 19
605321 19
605322 34
605701 1
605713 13
605741 4
605745 34
605751 34
606231 34
606242 19
606244 19
606263 10
606310 4
606343 34
610114 32
651104 37
651105 31
651109 10
651120 4
651210 31
651311 1
651312 13
651315 4
651316 34
701100 1
701101 13
701104 13
701181 10
701183 1
701201 22
701205 16
701211 1
701243 1
701281 9
701313 1
701321 34
701331 37
701341 4
701344 10
702100 34
702101 27
702205 10
702211 41
702213 13
702312 10
702316 10
702317 19
702341 1
702351 4
703103 16
703109 37
703202 15
703243 34
703244 40
703305 10
703308 37
703309 4
703310 1
703322 34
703323 34
703330 19
703331 13
703391 13
703404 4
703412 37
703447 19
703454 34
703498 1
705191 40
705211 0
705311 23
705329 4
705331 10
705332 19
705342 13
705351 10
705431 31
705438 25
705440 1
705441 10
705442 1
705444 4
705461 19
705493 34
705499 4
751100 13
751101 31
751102 31
751106 34
751202 10
751209 6
751301 25
751302 25
751303 4
751304 34
751305 34
751308 37
751309 37
751321 34
751326 13
751330 19
751345 34
751401 31
751403 4
751405 19
751408 13
751417 13
751418 40
751419 10
751422 4
751428 34
751440 1
751441 37
751443 13
751447 19
751451 16
751701 4
751702 34
751703 13
751704 1
751705 1
751706 13
751708 1
751712 34
751716 19
751724 4
751725 1
751726 4
751727 19
751729 19
751734 10
751744 13
751752 34
801100 21
801201 1
801225 31
801235 37
801321 22
801331 10
801333 37
801336 3
801421 4
801471 34
801481 10
803121 19
803123 10
803231 22
851100 40
851104 16
851105 13
851108 19
851200 4
851201 18
851202 10
851204 33
851205 41
851273 36
851305 2
851309 9
851313 10
851343 34
851344 34
851345 4
851360 19
851362 4
851367 34
851372 1
851375 19
851400 25
851404 1
851406 13
851407 37
951100 37
951101 10
951102 22
951125 1
951203 22
951302 13
951323 10
951331 19
951344 4
951348 13
951352 31
951497 1
953103 16
953111 31
953211 19
953212 25
953233 34
953261 31
953321 19
953322 1
953331 34
953361 1
953421 34
953494 31
954100 10
954140 34
954141 34
954245 12
954246 36
954260 9
954270 6
954311 4
954312 34
954320 10
954323 13
954343 13
954370 19
954374 37
954412 34
954413 34
954462 1
954471 13
954491 4
954498 13
