001101 2
001102 1
001112 31
001118 3
001201 31
001202 28
001210 24
001222 37
001223 4
001224 4
001225 4
001226 4
001227 10
001228 4
001229 4
001230 30
001231 13
001234 0
001250 37
001291 7
001292 34
001310 7
001311 3
001312 9
001314 41
001315 25
001320 31
001321 28
001323 13
001330 22
001341 7
001342 19
001352 19
001355 16
001361 37
001362 10
001391 31
001410 13
001423 34
001440 4
001445 22
001446 10
001463 7
001471 16
001472 0
002102 28
002111 10
002191 18
002202 37
002230 22
002260 16
002302 22
002311 19
002321 25
002331 0
002362 16
002402 7
002441 10
002471 16
003102 25
003191 15
003202 13
003314 19
003331 10
003332 34
003361 16
003367 10
003454 7
004282 21
004465 19
004472 25
004474 16
004476 12
006103 12
006226 22
006241 28
006253 19
006307 16
006326 10
006330 25
006349 22
006353 28
006423 25
006432 0
006443 34
006448 0
006475 10
008214 37
008314 22
008326 22
008402 25
008411 37
009103 41
009213 10
009234 22
009236 16
009254 25
009325 25
009327 22
009344 22
009355 7
009356 37
009358 13
009363 16
009446 13
011100 39
011101 36
011154 24
011156 37
011157 13
011251 34
011257 5
011268 34
011269 30
011276 21
011277 40
011278 33
011355 10
011367 16
011457 16
011479 25
012173 16
012200 0
012271 34
012272 13
013103 32
013110 7
013203 3
013204 28
013207 25
013208 25
013209 16
013216 40
013217 33
013301 37
013303 31
013306 13
013321 22
013335 28
013337 13
013410 19
013413 16
013422 7
013428 22
013431 22
013432 25
014210 7
014211 22
014270 12
014310 16
014311 16
014323 16
014370 19
014383 7
014390 7
014401 28
014410 16
014422 25
014423 34
014471 37
014481 0
015101 36
015102 10
016101 40
016102 13
017101 37
017102 37
017111 7
017112 13
017231 10
018104 34
018111 22
018112 6
018114 36
018126 25
018204 25
018271 30
018323 16
018352 16
018372 22
018468 16
019101 15
019104 31
019105 39
019106 28
019112 4
019204 16
019205 30
019206 28
019212 22
019222 24
019332 34
019351 19
019362 16
019373 3
019441 22
020101 28
020102 24
020212 22
020231 22
020232 16
020261 10
021101 24
021102 28
021203 3
021204 13
021270 34
024752 16
025110 16
025381 16
025481 16
026101 30
026102 10
026111 28
026112 13
026201 30
026202 28
050100 28
050103 12
050104 39
050106 27
050112 17
050113 7
051302 0
051304 12
051306 19
051310 10
051313 19
051412 7
051418 7
052203 24
052310 34
052323 34
052331 16
052350 13
052351 4
052353 37
052355 37
052400 22
052417 16
052420 7
052422 10
052441 34
052442 3
052445 10
052448 25
052449 22
052725 10
054821 16
054822 16
055702 10
055703 16
055711 7
055739 7
057121 18
057122 36
057123 20
057125 27
057126 11
057127 35
057128 38
057129 27
057130 27
057131 3
057132 36
057133 15
057134 34
057135 40
057136 10
057137 7
057138 7
057139 6
057213 9
057283 28
057286 7
057287 37
057290 16
057295 16
057297 34
057298 19
057301 19
057302 16
057305 30
057307 4
057316 37
057366 34
057401 25
057404 10
057407 10
057413 22
057419 10
057425 4
057427 4
057428 7
057450 16
059405 16
059413 22
059419 12
061106 19
061201 22
061205 16
061223 16
061224 19
061306 34
061312 7
061313 0
061317 25
061319 34
061401 22
061403 22
061405 25
061430 10
062342 37
062346 4
062360 1
062380 7
062411 37
062452 1
062460 16
062470 16
062499 25
063201 4
064204 1
064231 10
064232 4
064252 4
064303 7
064411 16
064412 25
064413 19
064417 16
064422 4
064423 7
064424 27
064474 4
065120 12
065121 34
065211 4
065212 30
065311 7
065320 37
065333 10
065420 31
065436 7
065437 4
065438 16
065782 7
065795 10
065797 16
065799 16
066222 16
066324 16
066412 4
066416 34
066426 7
067201 4
067203 16
067303 30
067311 34
067371 4
067433 13
067435 22
067436 10
067491 4
070200 7
070304 19
070305 10
070400 19
070401 10
070403 37
070404 10
070410 34
070411 19
070413 6
070414 33
070415 10
070416 16
070727 10
070731 16
070741 16
071411 10
071412 1
071413 16
071414 4
071415 1
071416 13
071417 10
071419 16
071420 4
071426 10
071724 16
074100 34
074101 9
076414 22
076426 4
076427 16
076428 10
076429 28
076430 1
076444 19
076466 37
078444 15
079444 33
088708 16
099101 34
099102 6
099103 22
100102 16
100104 1
100109 31
100110 22
100111 21
100112 4
100205 16
100206 25
100207 0
100208 37
100210 22
100212 0
100213 10
100214 34
100218 30
100219 21
100220 40
100222 12
100225 37
100227 25
100281 25
100306 30
100307 25
100308 4
100309 28
100310 12
100501 41
101201 16
101202 16
101205 10
101325 4
101405 16
101490 13
103271 40
104100 22
104201 16
104302 4
104310 7
104320 16
104327 10
104334 16
104435 22
104450 4
104490 25
109100 18
109114 40
112101 22
112105 16
112106 7
112109 10
112202 4
112205 4
112303 16
112321 16
112322 16
112406 16
112424 25
115300 16
116301 7
116302 16
126101 9
126102 34
126212 41
126213 4
126214 22
126324 34
126325 7
126328 16
126330 12
126331 37
126332 21
126400 4
126431 10
126434 4
126436 1
126437 28
126438 4
126442 19
127100 37
127101 14
127202 31
127205 34
127206 16
127303 25
127313 9
127320 13
127330 7
127332 1
127333 25
127336 10
127359 37
127411 21
127412 7
127413 10
127414 16
127415 16
127416 22
127424 7
127433 4
127492 10
127716 7
127720 10
127721 4
127730 16
128100 8
128101 19
128201 16
128304 22
128305 31
128306 16
128308 7
128310 25
128353 10
128401 7
128423 10
128425 10
128427 4
128429 10
128434 10
128445 4
128451 7
128462 10
128471 37
128484 16
128700 7
128712 4
128727 10
128734 16
128751 4
140101 7
140102 28
140103 30
140104 5
140105 22
152211 10
152301 25
152321 16
152331 25
154100 4
154104 29
154141 16
154152 25
154153 0
154173 22
154181 37
154251 24
154276 37
154281 21
154301 16
154330 19
154431 22
154479 4
154482 10
154492 25
159100 36
159101 6
159102 25
159151 16
159202 34
159203 0
159204 7
159331 41
159411 37
159412 25
159434 31
159462 10
160342 22
164261 16
164341 10
168101 16
168410 37
176100 6
176101 10
176104 37
177104 22
177113 16
177114 4
177141 1
177142 31
177181 28
177220 40
177222 25
177227 13
177228 16
177229 25
177300 34
177321 10
177332 19
177335 22
177341 38
177361 18
177362 2
177413 4
177420 10
177425 7
177429 16
177430 4
177431 7
177433 34
177460 37
177464 16
177465 12
177466 7
177470 7
177471 1
177483 33
177491 28
177494 16
177495 4
179402 4
179403 16
179404 10
179406 13
179443 7
201100 34
201110 12
201114 22
201116 19
201117 18
201190 4
202100 19
202101 9
202102 9
202147 22
202231 15
202303 4
202305 22
202311 19
202331 13
202356 16
202371 16
202405 10
202432 7
202442 7
202461 7
202471 22
202475 34
202476 16
202484 16
202731 10
202736 10
202749 16
202770 10
202804 16
202807 16
202833 16
202843 10
203100 6
203104 31
203108 21
203111 32
203113 31
203114 21
203131 24
203132 31
203151 4
203152 3
203154 39
203158 40
203159 22
203162 31
203202 19
203203 10
203204 31
203206 37
203207 40
203208 19
203209 19
203211 13
203222 34
203223 25
203226 24
203232 22
203236 14
203250 28
203287 0
203300 1
203304 10
203316 22
203351 37
203352 10
203413 13
203424 16
203425 16
203435 4
203459 19
203708 10
203715 16
203719 7
203721 16
203734 7
203735 10
203749 7
203754 16
203775 10
203804 16
203812 10
203825 7
203829 10
204100 19
204101 30
204113 10
204123 0
204202 7
204217 25
204232 12
204251 10
204306 19
204315 21
204320 37
204333 28
204355 13
204362 10
204382 25
204422 7
204425 22
204441 4
204443 21
204452 1
204456 16
204482 13
204483 37
204490 31
205100 27
205103 22
205105 24
205216 9
205232 16
205244 1
205252 13
205282 25
205324 10
205344 7
205358 22
205361 10
205382 16
205421 10
205473 16
206100 25
206103 25
206104 6
206108 31
206111 25
206112 37
206161 26
206162 25
206171 24
206172 25
206181 19
206182 25
206191 16
206211 24
206216 7
206217 10
206253 25
206255 21
206261 39
206266 37
206281 0
206311 7
206313 10
206321 13
206325 28
206327 1
206331 19
206336 16
206341 37
206342 34
206355 22
206357 16
206362 10
206364 16
206367 19
206368 37
206370 25
206421 7
206435 16
206437 19
206467 28
206471 25
206476 10
206481 22
206725 7
206726 10
206728 16
206729 16
206731 7
206734 10
206736 7
206737 7
206774 10
207100 4
207104 13
207105 10
207106 10
207108 21
207109 39
207110 16
207116 13
207117 22
207118 19
207125 34
207137 34
207162 19
207172 13
207181 22
207187 16
207188 34
207191 24
207195 13
207214 31
207302 16
207305 10
207306 13
207312 10
207321 10
207402 19
207408 7
207415 31
207442 22
207448 1
207449 16
207704 7
207706 10
207708 16
207712 16
207741 7
207766 16
207776 16
208101 20
208140 22
208141 10
208161 34
208250 16
208263 22
208264 10
208271 34
208272 9
208322 36
208345 30
208346 34
208353 9
208362 25
208373 16
208384 16
208423 1
208444 4
208446 22
208460 7
208738 4
208740 16
208770 7
208772 7
208774 10
208776 10
208873 16
209203 16
209204 19
209252 13
209253 7
209262 1
209263 19
209270 13
209271 22
209272 10
209322 16
209332 16
209341 4
209352 25
209370 10
209376 22
209382 19
209424 7
209452 28
209454 13
209456 1
209466 19
209486 16
209714 7
209772 16
209787 10
209789 7
210100 31
210200 13
210207 7
210221 34
210251 21
210276 1
210315 10
210331 25
210355 19
210432 7
210435 10
210448 4
210463 37
210702 16
210717 10
210734 7
210741 10
210743 7
210748 10
210787 7
211100 30
211303 22
211312 25
211315 34
211318 7
211319 7
211341 13
211342 10
211448 37
211449 4
211495 10
211709 16
212712 16
212714 10
212731 7
213708 16
213717 7
213718 10
213763 10
214301 1
214310 31
214340 18
214341 34
214352 13
214403 10
214412 37
214431 10
214442 4
214462 4
214491 16
215205 21
215206 13
215207 10
215208 7
215303 7
215312 10
215313 22
215314 10
215401 16
215462 22
215482 4
215711 10
215783 16
217705 10
217708 16
217773 4
218100 23
218234 34
218236 13
218244 37
218262 22
218352 37
218362 16
218372 22
218382 19
218481 10
218486 16
218496 16
219753 7
219781 10
226703 16
226704 10
226710 10
226805 16
229223 33
229351 34
251100 21
251211 13
251213 16
251216 40
251242 22
251261 0
251292 25
251312 19
251313 10
251333 13
251334 1
251342 21
251361 4
251363 25
251371 37
251372 16
251374 24
251399 34
251411 16
251417 16
251434 16
251436 4
251451 10
251455 7
251456 34
251457 10
251461 4
251465 37
251704 13
251707 16
251713 10
251716 4
251723 7
251724 16
251738 16
251746 4
251748 7
251754 4
251760 7
251763 10
251765 16
251773 4
251781 7
251784 16
252210 21
252212 7
252222 33
252235 24
252281 16
252282 3
252283 22
252285 12
252311 12
252320 16
252331 40
252353 22
252401 13
252402 1
252403 10
252404 37
252413 16
252420 16
252421 4
252422 16
252423 13
252427 1
252428 1
252429 25
252435 30
252440 25
252442 1
252443 4
252448 13
252450 22
252456 16
252459 10
252460 16
252479 4
252489 37
252706 10
252707 7
252714 4
252721 4
252727 7
252755 7
252765 10
252781 10
252792 16
253215 31
253318 1
253321 22
253332 4
253423 19
253433 7
253441 37
253443 4
253451 16
253452 16
253454 10
253721 16
253725 4
253731 4
253734 7
253735 7
253747 13
253749 37
253752 13
253754 10
253791 10
254182 24
254200 14
254205 22
254206 0
254207 25
254211 0
254215 37
254216 16
254222 27
254231 7
254232 30
254271 40
254282 1
254334 19
254352 25
254362 37
254371 1
254373 10
254400 13
254411 34
254412 4
254415 22
254421 30
254423 7
254424 10
254427 13
254435 25
254441 28
254443 10
254445 34
254446 16
254451 16
254452 13
254453 16
254466 16
254476 16
254477 4
254478 4
254495 37
254701 16
254721 10
254733 4
254737 7
254771 7
254816 16
254857 10
255210 12
255230 27
255300 19
255301 21
255316 10
255323 7
255328 24
255337 2
255340 13
255393 4
255422 10
255425 16
255430 16
255432 34
255433 16
255437 10
255440 4
255442 37
255445 10
255447 16
255451 16
255455 30
255463 13
255471 7
255497 4
255714 10
255735 16
255746 7
255750 4
255751 4
255769 4
255772 10
255783 13
255786 4
255791 37
255792 16
256100 33
256271 19
256281 7
256317 25
256318 10
256334 16
256415 13
256419 34
256442 16
256443 12
256456 37
256473 10
256474 34
256713 4
256741 16
256752 7
256753 10
256791 16
259103 28
259104 38
259106 4
259107 19
259108 28
259192 6
259193 37
259194 9
259195 21
259200 18
259201 34
259203 10
259401 16
260313 16
260334 10
260421 10
260702 4
260712 7
260719 10
260791 16
261102 7
261111 14
261112 36
261113 41
261205 16
261207 12
261208 25
261214 37
261215 28
261218 34
261305 1
261306 22
261332 6
261342 1
261343 34
261361 30
261411 16
261421 16
261430 28
261433 10
261444 13
261446 7
261447 19
261448 37
261449 10
261453 7
261465 13
261473 19
261479 25
261494 18
261497 41
261498 13
261499 16
261731 16
261736 16
261742 4
261745 13
261751 16
261752 10
261755 7
261763 4
261792 13
261796 10
261891 4
263710 4
263721 7
263724 10
263745 16
263751 16
264702 7
264703 10
264705 16
264755 4
264791 13
265706 7
265709 10
265710 16
266703 16
266801 10
268735 10
268741 16
268742 7
269103 4
269105 10
269130 19
269210 22
269341 13
269360 22
269370 16
269497 4
269498 4
270721 10
270791 10
305203 13
318322 10
329104 4
330112 22
351100 12
351201 22
351302 7
351331 28
351364 1
351371 13
351425 31
351426 10
351464 4
352103 33
352311 4
352314 10
352315 7
352323 10
352331 16
352332 25
352401 22
352412 16
352413 4
352421 13
352422 28
352433 37
352441 13
353313 4
353418 10
353431 0
353441 7
353471 13
353482 10
354311 22
354312 25
355411 16
356100 20
356101 15
356102 39
356210 13
356261 40
356306 1
356331 16
356333 13
356373 4
356375 16
356411 13
356412 10
356415 7
356416 10
356431 22
356432 37
356441 24
356442 13
356443 4
356444 28
356446 10
356447 4
356448 1
356449 7
356455 16
356472 25
356474 10
357110 31
357210 41
357322 7
357323 28
357418 16
357421 1
357432 4
357442 19
357444 4
357446 25
359202 33
359205 4
359206 22
359302 10
359305 13
359341 10
359350 4
359360 28
359401 13
359403 16
359419 10
359422 25
359452 10
359455 16
359460 37
359461 25
360100 41
360301 19
360402 7
360403 37
360411 22
360423 13
360441 16
360460 10
361210 34
361211 4
361214 19
361341 25
361414 16
361421 22
361433 4
361442 16
361461 22
361475 34
363210 13
365201 4
365211 7
365301 34
365324 1
365331 19
365422 10
365425 25
365426 16
368211 7
368310 19
368412 4
368417 25
368433 16
400110 3
400210 10
401281 1
401383 28
401391 19
403281 22
403383 13
406284 16
406294 7
406386 37
406396 16
408382 10
410381 25
413383 4
413391 7
415393 40
420282 10
421282 34
421292 37
421386 1
421396 31
422381 22
428281 13
428282 4
428381 34
428383 0
461170 27
461471 34
461472 4
461511 7
461526 7
462130 18
462531 4
462542 7
462545 10
462582 16
462587 37
462588 25
463201 10
463252 22
463331 16
463332 10
463342 40
463354 22
463512 4
463513 1
463534 19
463543 10
463544 16
463557 22
463559 31
463571 19
463592 16
464302 4
464312 28
464402 9
464403 13
464414 4
464442 40
464443 25
464445 16
464446 22
464500 25
464502 7
464504 13
464505 22
464506 4
464508 10
464544 16
464545 1
464546 19
464549 25
501201 16
501202 34
501305 4
501306 16
502313 19
502314 1
504202 13
504305 22
506202 25
508304 25
510306 7
512304 13
513113 10
513115 13
513212 13
513216 22
513217 25
513225 7
513284 16
513331 16
513343 22
513364 4
513373 37
513390 25
513411 10
513446 16
514202 16
514206 21
514222 37
514244 25
514272 34
514322 19
514336 25
514352 4
514358 31
514382 22
514384 34
514396 16
514398 10
515204 25
515205 21
515256 13
515257 16
515330 16
515337 1
515339 25
515362 7
515377 13
515378 22
515380 4
515407 4
515440 7
515441 10
515442 16
518724 16
518770 10
551311 7
552216 22
552217 16
552232 37
553312 25
554314 16
555313 10
556311 16
557433 22
558101 31
558432 10
561312 34
562101 19
562211 22
571115 16
601201 36
601202 13
601231 16
601242 0
601342 37
601346 16
601351 13
601361 1
601423 7
601424 10
601425 10
601436 10
601452 4
601471 7
601472 10
601745 10
601769 7
601775 16
602100 36
602102 33
602103 0
602120 4
602121 22
602122 16
602314 21
602421 37
602432 13
602453 7
602454 16
602455 16
602461 4
602463 10
602471 21
602741 10
602751 16
603200 34
603231 4
603321 16
603341 37
603396 22
603423 4
603496 16
603725 7
603743 10
603751 16
604101 34
604211 28
604311 30
604314 4
604315 10
604411 24
604415 13
604423 21
604431 1
604443 10
604454 16
604455 7
605203 22
605302 21
605313 19
605315 4
605316 28
605321 16
605331 4
605340 10
605412 16
605430 13
605711 10
605719 16
606211 10
606243 16
606245 34
606264 4
606310 19
606341 4
606342 7
606344 10
606451 37
606452 16
610114 26
651211 16
651212 22
651231 25
651234 13
651306 10
651313 37
651314 13
651317 16
651319 4
651416 7
651425 10
701100 16
701101 16
701181 3
701202 34
701211 16
701235 25
701243 10
701244 10
701283 37
701310 7
701335 16
701408 10
701409 10
701410 16
701496 4
702100 10
702101 41
702211 31
702213 27
702312 31
702317 34
702321 7
702331 25
702342 16
702354 21
702423 4
702443 7
702499 10
703103 40
703202 10
703204 28
703243 22
703244 10
703322 19
703324 1
703330 34
703331 40
703345 22
703351 6
703361 16
703413 4
703441 25
703444 10
703499 10
705191 6
705211 13
705311 13
705328 41
705331 1
705332 0
705343 40
705431 9
705438 30
705440 34
705441 33
705444 31
705446 7
705447 28
705461 7
705492 10
705499 16
751100 16
751101 37
751102 13
751106 22
751202 3
751209 28
751301 37
751302 39
751303 19
751305 10
751308 31
751309 0
751321 37
751326 10
751330 28
751345 16
751401 22
751403 25
751405 12
751408 40
751417 16
751418 16
751419 16
751421 4
751422 16
751424 37
751428 39
751440 22
751443 33
751447 28
751451 4
751701 37
751702 16
751703 13
751705 34
751706 16
751708 10
751710 4
751716 7
751718 7
751719 13
751727 4
751742 4
751744 7
801100 24
801122 22
801134 4
801204 10
801233 4
801236 34
801241 22
801322 16
801334 16
801371 22
803122 7
803124 22
803131 4
803230 22
803232 16
803260 7
851100 29
851103 31
851104 37
851105 13
851200 37
851201 34
851202 33
851204 21
851207 16
851241 22
851252 27
851253 19
851261 4
851263 25
851273 40
851305 2
851306 10
851309 6
851313 16
851363 10
851366 0
851375 13
851400 18
851401 22
851404 4
851406 34
851443 24
851445 24
851450 27
851462 34
851467 25
951100 12
951202 22
951231 22
951321 25
951324 25
951366 16
951421 10
951498-020 19
951498-021 7
953102 10
953104 16
953111 34
953201 28
953202 22
953214 34
953231 4
953232 25
953234 10
953323 4
953361 16
953421 34
953444 16
953494 31
953495 13
954100 4
954140 7
954142 10
954143 40
954170 31
954240 0
954244 16
954310 13
954340 31
954347 22
954371 13
954372 16
954374 10
954413 16
954421 19
954423 37
954464 10
954472 10
954491 34
954498 1
955102 4
955104 33
