001101 2
001102 1
001111 25
001113 4
001201 1
001202 41
001210 4
001230 37
001231 14
001250 6
001281 0
001291 4
001293 25
001310 28
001311 9
001312 9
001318 25
001320 28
001321 25
001323 4
001330 21
001342 7
001353 4
001354 28
001361 4
001362 25
001381 12
001410 31
001425 4
001443 4
001444 13
001445 28
002101 13
002110 31
002191 28
002201 10
002211 12
002221 22
002250 31
002301 28
002333 13
002365 31
003101 31
003191 3
003201 31
003414 25
003421 4
003436 31
004282 4
004301 37
004303 31
004324 25
004432 13
004473 25
004475 13
004483 19
006103 26
006126 16
006206 13
006226 28
006241 18
006242 28
006253 40
006303 7
006331 31
006346 25
006448 31
008214 31
008303 28
008314 4
008411 7
008417 31
009103 38
009105 4
009212 28
009230 37
009231 41
009326 4
009328 31
011100 14
011152 13
011153 41
011251 32
011257 25
011259 28
011269 29
011276 22
011353 7
011356 28
011362 13
011363 19
011374 28
011461 31
011464 31
011479 4
012100 19
012173 16
012200 40
012273 16
012371 28
013103 25
013110 4
013203 3
013204 9
013207 31
013209 25
013302 28
013306 31
013307 4
013317 7
013326 28
013329 4
013330 25
013413 4
013420 31
013433 7
014210 25
014211 13
014270 28
014310 31
014322 4
014323 21
014370 21
014371 31
014381 31
014401 13
014481 31
015101 19
016101 31
016102 4
017101 16
017102 31
017111 31
017210 31
018103 21
018111 7
018113 3
018125 6
018203 22
018211 28
018213 31
018231 25
018235 37
018271 16
018321 19
018351 31
019101 28
019102 13
019103 25
019105 4
019106 31
019108 4
019111 31
019203 19
019205 31
019211 31
019221 7
019303 19
019311 27
019331 22
019361 7
019371 31
019381 4
019471 31
020101 3
020102 28
020211 19
020231 31
020341 31
020362 22
021101 34
021102 13
021203 4
025108 31
025110 31
025310 13
025480 25
026101 17
026102 16
026111 13
029701 4
029711 31
050100 16
050103 17
050104 22
050106 35
050111 0
051300 31
051306 25
051313 13
051412 31
051418 16
051421 16
052202 10
052314 37
052350 18
052352 4
052357 28
052421 34
055701 31
055704 31
055771 31
057121 22
057122 19
057123 14
057125 26
057126 29
057127 13
057128 23
057129 39
057130 39
057131 22
057132 6
057133 29
057134 9
057135 6
057136 37
057137 31
057201 37
057213 19
057215 28
057284 28
057285 7
057288 4
057293 13
057294 13
057296 31
057300 37
057305 37
057403 25
057405 28
057410 31
057420 7
057425 4
057426 31
057428 4
057450 9
059419 28
061106 37
061201 19
061223 25
061306 13
061309 37
061312 31
061317 4
061403 28
062200 4
062320 25
062341 37
062342 22
062343 22
062344 4
062346 13
062360 7
062380 25
062411 10
062452 13
062460 7
062499 28
063710 4
064201 13
064206 28
064207 4
064271 25
064272 28
064281 13
064301 41
064410 16
064423 31
064424 7
065210 16
065212 28
065310 13
065320 21
065332 31
065436 31
065799 31
066221 22
066323 27
066410 13
066414 31
066425 22
067202 31
067303 0
067311 40
067372 34
067373 25
067432 37
070100 16
070201 19
070301 13
070303 28
070304 25
070308 4
070400 31
070401 13
070404 4
070413 10
070414 28
070415 31
070416 31
070711 13
070720 25
070721 4
070727 4
070731 31
070740 31
071411 18
071412 31
071413 16
071415 31
071416 33
071419 37
071420 31
071423 7
071425 4
071426 28
071724 31
074100 23
074101 31
074414 37
076312 31
076314 21
076414 40
076427 4
076428 28
076429 28
076444 13
076466 13
077422 31
078444 28
078454 16
099101 28
099102 28
100102 40
100103 40
100104 31
100105 40
100106 36
100107 0
100108 25
100205 3
100206 23
100207 31
100208 10
100209 8
100306 7
100307 26
100308 16
100309 19
100310 40
100501 25
101100 24
101105 13
101201 34
101211 22
101400 19
101405 4
103191 31
103271 37
104200 4
104201 40
104300 13
104301 28
104325 31
104340 31
104410 25
104495 4
105304 22
109100 21
109115 22
112101 31
112102 13
112103 28
112108 31
112110 37
112201 13
112203 31
112213 19
112300 31
112314 25
112411 4
115200 19
115300 31
115301 25
115302 7
126101 22
126321 19
126330 28
126428 13
126443 31
127100 39
127101 36
127203 21
127206 19
127207 16
127303 13
127312 25
127314 7
127315 25
127316 31
127320 4
127326 4
127329 25
127413 28
127711 13
127717 25
127718 4
127719 31
128100 7
128101 4
128202 41
128203 27
128204 9
128307 25
128309 28
128352 7
128354 31
128403 4
128701 31
128710 13
128730 25
128734 4
128740 4
128762 31
140103 22
152321 31
154104 4
154141 16
154151 12
154231 34
154262 13
154281 41
154311 31
154330 19
154352 4
154371 31
154384 34
154388 16
154443 4
154455 28
154482 4
154488 31
159100 13
159101 14
159151 39
159203 3
159221 25
159301 7
159351 25
159356 31
159403 31
159411 22
159412 4
159431 28
159454 31
164200 40
164341 31
168101 13
168313 4
176100 31
176101 28
176220 18
177103 4
177214 19
177216 16
177242 31
177283 22
177285 13
177321 22
177330 16
177336 4
177341 37
177361 13
177393 31
177404 7
177425 13
177426 25
177427 7
177434 4
177446 28
177447 25
177450 31
177464 25
177465 31
177467 4
177481 31
201100 19
201110 32
201114 10
201115 19
201116 37
201117 16
202100 13
202101 9
202141 34
202143 0
202145 27
202184 0
202231 26
202260 13
202321 25
202334 7
202342 22
202353 31
202361 7
202434 31
202473 25
202495 13
202742 4
202764 4
202765 25
202773 4
202782 4
202833 31
202848 25
202873 4
203100 40
203103 31
203111 34
203116 21
203151 36
203162 17
203201 25
203203 10
203204 13
203206 34
203207 33
203208 31
203209 20
203222 40
203226 3
203231 19
203235 30
203236 16
203255 37
203315 13
203331 31
203351 13
203352 21
203475 28
203714 25
203716 4
203722 7
203732 31
203736 25
203739 4
203743 25
203753 31
203821 13
203828 31
203879 4
204100 31
204101 10
204111 25
204202 16
204219 22
204231 31
204251 13
204321 4
204325 25
204341 16
204361 28
204363 4
204365 25
204381 28
204383 31
204432 31
204435 25
204451 21
204453 31
204471 4
204712 31
204721 25
204732 4
204735 13
205100 9
205103 24
205104 31
205105 22
205235 25
205239 37
205275 25
205303 22
205337 10
205355 25
205393 4
205712 25
205735 4
205783 31
206100 10
206101 18
206103 41
206107 19
206111 41
206113 13
206161 40
206171 40
206181 40
206191 28
206203 15
206211 31
206216 16
206217 19
206261 40
206267 34
206281 33
206300 25
206321 4
206324 10
206325 34
206327 9
206331 28
206335 4
206336 22
206341 31
206355 19
206362 16
206370 40
206381 13
206436 31
206437 10
206441 28
206717 4
206720 25
206721 4
206730 31
206736 31
206753 31
207100 10
207103 28
207105 3
207107 10
207109 37
207110 19
207115 21
207117 24
207123 37
207131 30
207135 13
207171 33
207173 22
207183 31
207187 36
207203 37
207205 13
207208 31
207213 25
207308 40
207310 28
207313 13
207323 4
207348 4
207401 25
207406 4
207701 13
207703 25
207705 4
207711 31
207741 31
208101 34
208140 31
208263 19
208270 13
208271 3
208272 31
208280 31
208321 19
208329 4
208343 28
208348 7
208425 31
208737 31
209201 41
209251 19
209301 4
209302 28
209303 13
209331 22
209351 25
209358 37
209361 22
209368 19
209375 25
210201 16
210202 22
210204 31
210343 13
210351 31
210383 4
210425 25
210434 19
210703 13
210704 25
210707 4
210731 31
210733 31
210743 31
211100 11
211311 16
211315 27
211319 10
211413 19
211440 4
211442 28
211495 13
211702 25
211889 4
213706 25
213707 31
213714 4
214261 10
214312 31
214341 4
214381 13
214414 7
214415 25
214421 25
215205 15
215206 6
215207 38
215208 6
215423 22
215424 28
215431 31
215475 13
215476 25
215485 4
215486 31
215734 4
215744 25
215752 31
215762 4
215785 4
217701 25
217703 4
217707 31
217734 4
217751 31
217775 4
218100 9
218101 19
218233 28
218235 13
218321 28
218323 13
218351 31
219761 4
219789 31
220703 31
226701 13
226702 25
226704 4
226711 4
226801 31
251101 13
251211 7
251213 13
251261 3
251281 16
251312 31
251313 7
251363 28
251374 25
251384 4
251419 4
251437 13
251438 31
251439 31
251451 25
251475 31
251701 13
251702 25
251703 31
251711 4
251715 31
251745 4
251751 28
251752 13
251757 25
251758 4
251776 28
251783 13
251784 25
251785 4
251790 31
252201 21
252211 19
252232 6
252282 27
252283 3
252285 27
252286 24
252301 19
252302 21
252317 12
252322 9
252325 37
252327 25
252330 28
252342 25
252363 31
252420 4
252421 31
252427 37
252444 37
252498 31
252702 13
252726 4
252746 25
252747 4
252791 31
253303 7
253314 10
253315 31
253455 25
253481 25
253701 31
253715 22
253717 28
253731 7
253732 22
253735 13
253736 4
253748 7
253754 25
254181 16
254205 4
254206 37
254211 28
254215 31
254216 12
254222 28
254231 21
254232 22
254252 19
254282 18
254302 40
254325 0
254333 6
254372 19
254373 13
254421 13
254426 31
254435 13
254436 7
254439 22
254442 25
254444 4
254451 28
254456 28
254459 31
254461 31
254471 4
254473 4
254700 31
254702 13
254703 4
254710 25
254711 7
254734 31
254736 13
254770 13
254804 7
254873 7
254875 25
255201 19
255215 15
255251 12
255290 37
255300 31
255320 31
255321 19
255330 24
255359 22
255415 28
255431 28
255432 4
255434 4
255454 31
255455 31
255492 13
255722 13
255734 25
255738 4
255750 31
255764 31
255770 25
255771 4
255772 31
255786 13
255811 4
255820 31
256100 22
256212 13
256281 22
256316 4
256333 19
256373 31
256418 31
256441 31
259103 14
259104 0
259106 36
259107 35
259108 30
259109 26
259191 9
259194 25
259201 32
259203 22
260402 4
260413 31
260701 31
260702 28
260705 13
260709 25
260716 13
260718 25
260772 4
261103 16
261111 37
261200 10
261210 22
261212 4
261216 36
261217 31
261304 4
261305 12
261335 25
261336 16
261342 12
261343 7
261361 4
261405 31
261434 9
261447 28
261458 7
261461 31
261469 25
261701 4
261702 31
261706 25
261739 13
261752 25
261754 31
261769 13
261791 4
261895 4
263701 25
263702 31
263720 28
263746 13
263760 4
263770 4
263771 28
264701 28
264703 13
264706 25
264710 25
264733 4
264791 31
266702 31
268721 4
269101 28
269102 31
269111 4
269200 13
269201 31
269202 6
269340 6
269430 25
269452 4
269462 4
269470 28
269493 31
301254 10
305202 19
311352 37
318322 31
318351 22
320351 40
321251 25
324703 31
328310 31
328313 25
330110 33
330111 15
351100 19
351200 12
351201 9
351301 4
351321 31
351331 25
351441 7
351442 28
351451 25
351466 4
351489 28
352103 16
352301 37
352311 22
352321 4
352323 28
352422 13
353210 31
353301 4
353311 25
353418 7
353421 25
353431 7
353451 28
354311 13
356100 28
356101 27
356102 10
356202 4
356210 3
356212 28
356261 22
356303 4
356304 31
356411 13
356416 28
357101 28
357110 10
357210 27
357322 7
357325 4
357417 22
357441 25
357491 28
359202 25
359203 10
359204 28
359210 22
359311 31
359409 31
359421 31
359465 25
360100 16
360400 13
360403 25
360423 4
360460 31
361210 41
361214 7
361301 31
361351 28
361442 25
361453 19
361461 4
361471 10
362211 37
363210 7
365321 13
365322 13
365324 25
365421 31
368200 31
400110 25
401382 10
403382 28
406385 4
406395 19
409281 6
409292 22
411281 13
411291 4
415291 40
420281 31
421281 28
421291 19
421385 7
421395 25
423382 31
428382 13
461100 40
461435 13
461472 7
461514 25
461523 4
462130 13
462151 16
462405 4
462409 31
462445 31
462541 25
462543 4
462584 31
463251 37
463311 19
463331 13
463341 4
463353 31
463402 28
463433 4
463455 31
463491 13
463503 13
463513 4
463545 31
463556 7
463571 7
464301 25
464311 7
464341 28
464401 21
464413 7
464441 10
464443 13
464444 25
464445 40
464502 25
501301 7
501302 28
504302 13
506303 4
506361 4
508203 25
508303 25
510201 34
510202 36
512303 31
513111 18
513114 41
513223 4
513224 28
513283 31
513315 13
513324 22
513328 28
513363 7
513371 4
513411 13
513429 25
513445 4
513471 31
514211 4
514241 13
514317 4
514323 31
514341 25
514343 13
514381 28
514383 7
514451 31
515201 22
515250 10
515306 28
515310 4
515334 25
515361 13
515364 25
515370 4
515373 31
518770 31
551312 22
552216 13
552217 4
552222 13
553311 28
554312 13
556412 25
561313 4
561314 31
562101 28
562211 31
601201 4
601302 31
601341 19
601344 4
601351 31
601422 13
601452 7
601456 28
601731 25
601758 4
601765 13
601842 31
602100 31
602102 22
602103 7
602111 31
602211 28
602315 31
602321 4
602322 13
602431 4
602432 28
602441 31
602464 13
602731 4
602761 31
603211 7
603321 22
603322 4
603351 37
603421 25
603441 4
603471 31
603496 31
603711 25
603723 4
603731 31
604304 7
604305 25
604312 4
604313 22
604351 28
604352 13
604451 31
604711 4
604715 31
605201 31
605204 25
605301 6
605313 25
605314 41
605321 4
605322 31
605701 13
605713 25
605741 4
605745 31
605751 31
606231 37
606242 10
606244 22
606263 4
606310 25
606343 31
610114 28
651104 4
651105 24
651109 13
651120 12
651210 31
651311 13
651312 25
651315 4
651316 31
701100 4
701101 31
701104 31
701181 28
701183 13
701201 31
701205 19
701211 36
701243 31
701281 30
701313 19
701321 4
701331 28
701341 25
701344 31
702100 28
702101 4
702205 4
702211 34
702213 37
702312 6
702316 7
702317 28
702341 25
702351 31
703103 22
703109 13
703202 17
703243 41
703244 13
703305 31
703308 4
703309 13
703310 9
703322 40
703323 28
703330 25
703331 6
703391 31
703404 13
703412 28
703447 7
703454 4
703498 25
705191 22
705211 16
705311 37
705329 10
705331 25
705332 16
705342 13
705351 16
705431 4
705438 19
705440 25
705441 25
705442 4
705444 31
705461 28
705493 7
705499 31
751100 7
751101 12
751102 14
751106 0
751202 25
751209 37
751301 39
751302 22
751303 7
751304 31
751305 31
751308 7
751309 7
751321 31
751326 28
751330 19
751345 13
751401 4
751403 13
751405 19
751408 28
751417 28
751418 13
751419 25
751422 25
751428 22
751440 31
751441 7
751443 28
751447 28
751451 4
751701 4
751702 31
751703 25
751704 22
751705 13
751706 25
751708 22
751712 31
751716 28
751724 4
751725 13
751726 4
751727 28
751729 28
751734 13
751744 25
751752 31
801100 25
801201 19
801225 13
801235 31
801321 7
801331 28
801333 31
801336 4
801421 25
801471 28
801481 4
803121 28
803123 4
803231 13
851100 28
851104 31
851105 19
851108 13
851200 28
851201 26
851202 33
851204 40
851205 30
851273 20
851305 23
851309 9
851313 4
851343 13
851344 31
851345 28
851360 10
851362 4
851367 31
851372 31
851375 41
851400 34
851404 7
851406 25
851407 13
951100 10
951101 31
951102 41
951125 28
951203 16
951302 31
951323 4
951331 28
951344 31
951348 28
951352 4
951497 13
953103 28
953111 34
953211 31
953212 22
953233 28
953261 19
953321 25
953322 28
953331 31
953361 31
953421 4
953494 7
954100 7
954140 37
954141 28
954245 6
954246 10
954260 31
954270 4
954311 22
954312 7
954320 28
954323 4
954343 4
954370 31
954374 25
954412 31
954413 28
954462 25
954471 4
954491 4
954498 31
