001101 38
001102 1
001112 7
001118 15
001201 5
001202 22
001210 33
001222 41
001223 26
001224 6
001225 2
001226 15
001227 35
001228 30
001229 28
001230 15
001231 37
001234 31
001250 37
001291 31
001292 19
001310 10
001311 23
001312 9
001314 7
001315 34
001320 7
001321 16
001323 10
001330 37
001341 22
001342 22
001352 16
001355 19
001361 41
001362 25
001391 28
001410 19
001423 13
001440 37
001445 7
001446 25
001463 16
001471 37
001472 12
002102 6
002111 37
002191 4
002202 13
002230 7
002260 28
002302 37
002311 7
002321 25
002331 13
002362 16
002402 31
002441 28
002471 19
003102 37
003191 39
003202 28
003314 37
003331 7
003332 19
003361 16
003367 7
003454 28
004282 4
004465 13
004472 19
004474 37
004476 25
006103 21
006226 13
006241 25
006253 16
006307 0
006326 13
006330 37
006349 13
006353 25
006423 19
006432 28
006443 40
006448 16
006475 7
008214 37
008314 0
008326 31
008402 22
008411 28
009103 35
009213 25
009234 22
009236 0
009254 4
009325 37
009327 31
009344 19
009355 13
009356 28
009358 7
009363 40
009446 7
011100 34
011101 39
011154 4
011156 25
011157 31
011251 21
011257 18
011268 31
011269 9
011276 18
011277 31
011278 0
011355 13
011367 37
011457 31
011479 7
012173 22
012200 41
012271 4
012272 25
013103 39
013110 4
013203 31
013204 12
013207 37
013208 12
013209 22
013216 37
013217 16
013301 37
013303 9
013306 40
013321 7
013335 28
013337 40
013410 25
013413 25
013422 28
013428 7
013431 7
013432 19
014210 7
014211 37
014270 41
014310 31
014311 4
014323 31
014370 15
014383 31
014390 37
014401 25
014410 22
014422 16
014423 34
014471 19
014481 41
015101 27
015102 31
016101 13
016102 13
017101 19
017102 28
017111 16
017112 37
017231 13
018104 4
018111 25
018112 39
018114 28
018126 37
018204 31
018271 25
018323 7
018352 37
018372 7
018468 37
019101 15
019104 19
019105 9
019106 25
019112 37
019204 7
019205 40
019206 25
019212 28
019222 41
019332 16
019351 19
019362 7
019373 22
019441 28
020101 25
020102 25
020212 28
020231 19
020232 7
020261 7
021101 25
021102 22
021203 31
021204 31
021270 33
024752 7
025110 37
025381 37
025481 37
026101 18
026102 18
026111 25
026112 31
026201 18
026202 25
050100 25
050103 6
050104 3
050106 26
050112 35
050113 15
051302 16
051304 31
051306 19
051310 28
051313 37
051412 25
051418 7
052203 16
052310 28
052323 28
052331 31
052350 19
052351 10
052353 13
052355 12
052400 31
052417 7
052420 9
052422 19
052441 34
052442 22
052445 37
052448 15
052449 37
052725 37
054821 7
054822 7
055702 37
055703 7
055711 13
055739 13
057121 39
057122 30
057123 24
057125 21
057126 12
057127 23
057128 8
057129 27
057130 3
057131 15
057132 22
057133 10
057134 41
057135 6
057136 7
057137 34
057138 28
057139 31
057213 13
057283 7
057286 34
057287 31
057290 13
057295 34
057297 40
057298 16
057301 34
057302 28
057305 19
057307 13
057316 16
057366 22
057401 19
057404 16
057407 31
057413 16
057419 13
057425 19
057427 37
057428 37
057450 7
059405 19
059413 13
059419 0
061106 13
061201 13
061205 37
061223 13
061224 13
061306 0
061312 37
061313 15
061317 34
061319 34
061401 37
061403 16
061405 25
061430 22
062342 31
062346 25
062360 28
062380 22
062411 31
062452 28
062460 25
062470 13
062499 7
063201 13
064204 25
064231 13
064232 16
064252 16
064303 19
064411 13
064412 7
064413 7
064417 13
064422 22
064423 19
064424 12
064474 31
065120 28
065121 34
065211 22
065212 31
065311 28
065320 13
065333 37
065420 22
065436 19
065437 27
065438 37
065782 13
065795 37
065797 7
065799 7
066222 28
066324 7
066412 13
066416 31
066426 13
067201 13
067203 25
067303 19
067311 13
067371 28
067433 9
067435 37
067436 12
067491 7
070200 40
070304 13
070305 7
070400 7
070401 19
070403 12
070404 19
070410 22
070411 13
070413 21
070414 3
070415 19
070416 16
070727 37
070731 7
070741 7
071411 37
071412 7
071413 16
071414 31
071415 7
071416 9
071417 7
071419 19
071420 25
071426 13
071724 7
074100 31
074101 33
076414 16
076426 34
076427 13
076428 37
076429 19
076430 9
076444 7
076466 21
078444 21
079444 34
088708 7
099101 7
099102 22
099103 16
100102 37
100104 36
100109 34
100110 19
100111 37
100112 36
100205 40
100206 34
100207 31
100208 21
100210 34
100212 10
100213 37
100214 13
100218 21
100219 27
100220 13
100222 7
100225 7
100227 13
100281 0
100306 27
100307 0
100308 41
100309 10
100310 25
100501 28
101201 37
101202 18
101205 7
101325 10
101405 37
101490 36
103271 34
104100 4
104201 13
104302 31
104310 19
104320 0
104327 37
104334 31
104435 37
104450 7
104490 13
109100 39
109114 18
112101 4
112105 37
112106 28
112109 10
112202 25
112205 37
112303 7
112321 13
112322 13
112406 37
112424 7
115300 19
116301 13
116302 16
126101 9
126102 37
126212 28
126213 36
126214 40
126324 31
126325 37
126328 22
126330 12
126331 37
126332 40
126400 13
126431 19
126434 37
126436 30
126437 13
126438 19
126442 16
127100 31
127101 27
127202 37
127205 41
127206 25
127303 7
127313 0
127320 31
127330 21
127332 41
127333 15
127336 28
127359 31
127411 7
127412 28
127413 13
127414 19
127415 37
127416 28
127424 19
127433 19
127492 7
127716 13
127720 37
127721 28
127730 7
128100 37
128101 37
128201 4
128304 0
128305 41
128306 19
128308 19
128310 0
128353 28
128401 25
128423 7
128425 7
128427 37
128429 31
128434 16
128445 7
128451 37
128462 37
128471 28
128484 7
128700 28
128712 37
128727 13
128734 7
128751 37
140101 7
140102 13
140103 7
140104 32
140105 13
152211 28
152301 37
152321 37
152331 37
154100 25
154104 37
154141 15
154152 19
154153 36
154173 10
154181 22
154251 25
154276 0
154281 36
154301 37
154330 7
154431 19
154479 28
154482 10
154492 16
159100 29
159101 13
159102 34
159151 10
159202 37
159203 13
159204 16
159331 0
159411 28
159412 7
159434 19
159462 31
160342 37
164261 31
164341 28
168101 16
168410 37
176100 27
176101 7
176104 37
177104 13
177113 7
177114 4
177141 30
177142 25
177181 19
177220 40
177222 37
177227 7
177228 13
177229 28
177300 2
177321 4
177332 37
177335 16
177341 22
177361 17
177362 19
177413 28
177420 7
177425 10
177429 22
177430 31
177431 28
177433 10
177460 13
177464 37
177465 40
177466 31
177470 31
177471 19
177483 25
177491 9
177494 34
177495 31
179402 31
179403 31
179404 7
179406 37
179443 10
201100 31
201110 28
201114 19
201116 21
201117 18
201190 34
202100 24
202101 31
202102 6
202147 40
202231 3
202303 31
202305 10
202311 13
202331 28
202356 13
202371 31
202405 22
202432 31
202442 19
202461 13
202471 37
202475 13
202476 37
202484 37
202731 37
202736 13
202749 7
202770 37
202804 7
202807 7
202833 7
202843 37
203100 6
203104 28
203108 32
203111 20
203113 10
203114 4
203131 31
203132 34
203151 28
203152 28
203154 19
203158 10
203159 6
203162 28
203202 19
203203 37
203204 41
203206 28
203207 7
203208 28
203209 16
203211 37
203222 16
203223 3
203226 21
203232 0
203236 7
203250 28
203287 10
203300 31
203304 37
203316 12
203351 4
203352 15
203413 19
203424 7
203425 7
203435 28
203459 9
203708 37
203715 7
203719 13
203721 7
203734 37
203735 37
203749 13
203754 7
203775 37
203804 7
203812 37
203825 13
203829 37
204100 16
204101 40
204113 37
204123 9
204202 37
204217 19
204232 12
204251 0
204306 37
204315 7
204320 25
204333 28
204355 16
204362 22
204382 13
204422 16
204425 40
204441 10
204443 27
204452 41
204456 7
204482 31
204483 16
204490 30
205100 30
205103 19
205105 27
205216 12
205232 13
205244 31
205252 28
205282 10
205324 19
205344 16
205358 37
205361 7
205382 31
205421 37
205473 7
206100 22
206103 4
206104 4
206108 40
206111 41
206112 16
206161 37
206162 22
206171 3
206172 4
206181 28
206182 37
206191 37
206211 30
206216 0
206217 19
206253 40
206255 13
206261 41
206266 41
206281 40
206311 7
206313 31
206321 19
206325 41
206327 37
206331 22
206336 7
206341 13
206342 13
206355 25
206357 37
206362 40
206364 7
206367 18
206368 7
206370 16
206421 37
206435 7
206437 28
206467 10
206471 13
206476 31
206481 12
206725 13
206726 37
206728 7
206729 7
206731 13
206734 37
206736 13
206737 13
206774 37
207100 37
207104 3
207105 16
207106 7
207108 37
207109 21
207110 16
207116 10
207117 13
207118 4
207125 40
207137 16
207162 40
207172 25
207181 10
207187 4
207188 37
207191 12
207195 3
207214 10
207302 37
207305 16
207306 28
207312 28
207321 13
207402 16
207408 28
207415 10
207442 37
207448 7
207449 19
207704 13
207706 37
207708 7
207712 7
207741 13
207766 7
207776 7
208101 40
208140 4
208141 16
208161 13
208250 37
208263 19
208264 37
208271 28
208272 40
208322 4
208345 7
208346 19
208353 22
208362 10
208373 37
208384 37
208423 7
208444 37
208446 28
208460 16
208738 28
208740 7
208770 13
208772 13
208774 37
208776 37
208873 7
209203 28
209204 13
209252 12
209253 22
209262 19
209263 28
209270 31
209271 7
209272 36
209322 22
209332 22
209341 31
209352 22
209370 7
209376 28
209382 13
209424 19
209452 25
209454 31
209456 10
209466 13
209486 37
209714 13
209772 7
209787 37
209789 13
210100 19
210200 40
210207 27
210221 12
210251 9
210276 22
210315 31
210331 40
210355 16
210432 13
210435 19
210448 16
210463 7
210702 7
210717 37
210734 13
210741 37
210743 13
210748 37
210787 13
211100 30
211303 16
211312 12
211315 22
211318 37
211319 18
211341 21
211342 28
211448 31
211449 10
211495 37
211709 7
212712 7
212714 37
212731 13
213708 7
213717 13
213718 37
213763 37
214301 19
214310 30
214340 13
214341 7
214352 28
214403 16
214412 19
214431 7
214442 37
214462 37
214491 28
215205 6
215206 9
215207 40
215208 25
215303 13
215312 30
215313 19
215314 28
215401 7
215462 37
215482 19
215711 37
215783 7
217705 37
217708 7
217773 28
218100 22
218234 4
218236 19
218244 25
218262 37
218352 9
218362 16
218372 31
218382 13
218481 28
218486 13
218496 37
219753 13
219781 37
226703 7
226704 37
226710 37
226805 7
229223 36
229351 40
251100 18
251211 37
251213 13
251216 37
251242 15
251261 10
251292 28
251312 31
251313 31
251333 7
251334 40
251342 16
251361 22
251363 28
251371 10
251372 40
251374 19
251399 12
251411 28
251417 31
251434 19
251436 13
251451 31
251455 25
251456 25
251457 7
251461 37
251465 22
251704 19
251707 7
251713 37
251716 28
251723 13
251724 7
251738 7
251746 28
251748 13
251754 28
251760 13
251763 37
251765 7
251773 28
251781 13
251784 7
252210 28
252212 10
252222 15
252235 4
252281 28
252282 9
252283 19
252285 13
252311 37
252320 13
252331 0
252353 10
252401 19
252402 19
252403 41
252404 31
252413 37
252420 16
252421 15
252422 37
252423 31
252427 19
252428 41
252429 37
252435 28
252440 28
252442 16
252443 28
252448 37
252450 37
252456 16
252459 13
252460 7
252479 7
252489 37
252706 37
252707 13
252714 28
252721 28
252727 13
252755 13
252765 37
252781 37
252792 7
253215 28
253318 16
253321 7
253332 19
253423 25
253433 37
253441 12
253443 7
253451 28
253452 31
253454 31
253721 7
253725 28
253731 28
253734 13
253735 13
253747 19
253749 31
253752 19
253754 37
253791 37
254182 27
254200 12
254205 6
254206 16
254207 7
254211 16
254215 27
254216 10
254222 37
254231 22
254232 22
254271 19
254282 40
254334 16
254352 7
254362 32
254371 20
254373 40
254400 13
254411 13
254412 7
254415 31
254421 22
254423 7
254424 37
254427 19
254435 7
254441 27
254443 7
254445 31
254446 16
254451 28
254452 37
254453 28
254466 22
254476 10
254477 31
254478 19
254495 13
254701 7
254721 37
254733 28
254737 13
254771 13
254816 7
254857 37
255210 40
255230 23
255300 13
255301 31
255316 36
255323 37
255328 0
255337 20
255340 10
255393 16
255422 7
255425 37
255430 37
255432 28
255433 7
255437 7
255440 19
255442 13
255445 37
255447 16
255451 7
255455 9
255463 37
255471 28
255497 22
255714 37
255735 7
255746 13
255750 28
255751 28
255769 28
255772 37
255783 19
255786 28
255791 31
255792 7
256100 3
256271 31
256281 19
256317 16
256318 31
256334 13
256415 16
256419 19
256442 7
256443 19
256456 7
256473 28
256474 40
256713 28
256741 7
256752 13
256753 37
256791 7
259103 25
259104 3
259106 19
259107 16
259108 25
259192 24
259193 7
259194 40
259195 9
259200 22
259201 31
259203 27
259401 7
260313 28
260334 37
260421 7
260702 28
260712 13
260719 37
260791 7
261102 31
261111 11
261112 21
261113 31
261205 25
261207 0
261208 10
261214 12
261215 18
261218 28
261305 31
261306 7
261332 16
261342 19
261343 16
261361 16
261411 37
261421 37
261430 21
261433 7
261444 13
261446 13
261447 7
261448 10
261449 37
261453 28
261465 19
261473 13
261479 10
261494 22
261497 9
261498 37
261499 25
261731 7
261736 7
261742 28
261745 37
261751 7
261752 13
261755 28
261763 37
261792 19
261796 13
261891 37
263710 28
263721 13
263724 37
263745 7
263751 7
264702 13
264703 37
264705 7
264755 28
264791 19
265706 13
265709 37
265710 7
266703 7
266801 37
268735 37
268741 7
268742 13
269103 34
269105 16
269130 13
269210 31
269341 19
269360 28
269370 31
269497 25
269498 16
270721 37
270791 37
305203 7
318322 37
329104 22
330112 19
351100 9
351201 16
351302 16
351331 40
351364 7
351371 0
351425 25
351426 19
351464 13
352103 29
352311 37
352314 28
352315 40
352323 13
352331 19
352332 37
352401 0
352412 16
352413 7
352421 13
352422 25
352433 25
352441 31
353313 19
353418 34
353431 31
353441 7
353471 13
353482 16
354311 28
354312 37
355411 25
356100 15
356101 3
356102 12
356210 34
356261 6
356306 16
356331 31
356333 31
356373 10
356375 7
356411 19
356412 16
356415 37
356416 16
356431 0
356432 37
356441 19
356442 4
356443 41
356444 7
356446 13
356447 37
356448 7
356449 28
356455 7
356472 37
356474 19
357110 21
357210 10
357322 37
357323 19
357418 16
357421 22
357432 7
357442 40
357444 7
357446 13
359202 30
359205 13
359206 25
359302 13
359305 0
359341 7
359350 7
359360 25
359401 37
359403 19
359419 13
359422 10
359452 13
359455 7
359460 16
359461 10
360100 41
360301 7
360402 31
360403 16
360411 37
360423 28
360441 28
360460 7
361210 13
361211 7
361214 31
361341 16
361414 7
361421 19
361433 28
361442 37
361461 16
361475 13
363210 10
365201 31
365211 25
365301 10
365324 40
365331 13
365422 31
365425 19
365426 37
368211 31
368310 7
368412 16
368417 25
368433 37
400110 26
400210 7
401281 16
401383 40
401391 10
403281 25
403383 19
406284 7
406294 13
406386 31
406396 7
408382 37
410381 34
413383 28
413391 13
415393 1
420282 37
421282 22
421292 31
421386 16
421396 4
422381 25
428281 19
428282 28
428381 22
428383 41
461170 31
461471 22
461472 37
461511 34
461526 22
462130 17
462531 28
462542 13
462545 37
462582 7
462587 19
462588 37
463201 7
463252 37
463331 19
463332 37
463342 16
463354 7
463512 37
463513 22
463534 31
463543 31
463544 13
463557 7
463559 28
463571 10
463592 25
464302 31
464312 28
464402 16
464403 13
464414 31
464442 28
464443 19
464445 25
464446 7
464500 37
464502 22
464504 31
464505 28
464506 13
464508 37
464544 7
464545 37
464546 37
464549 19
501201 13
501202 19
501305 37
501306 7
502313 22
502314 31
504202 28
504305 16
506202 7
508304 13
510306 19
512304 28
513113 10
513115 31
513212 19
513216 37
513217 28
513225 13
513284 7
513331 7
513343 13
513364 37
513373 19
513390 28
513411 37
513446 7
514202 19
514206 22
514222 25
514244 28
514272 31
514322 25
514336 28
514352 7
514358 22
514382 31
514384 19
514396 37
514398 13
515204 7
515205 19
515256 28
515257 37
515330 37
515337 22
515339 31
515362 19
515377 7
515378 28
515380 13
515407 28
515440 13
515441 37
515442 7
518724 7
518770 37
551311 13
552216 37
552217 7
552232 13
553312 19
554314 37
555313 37
556311 7
557433 28
558101 18
558432 13
561312 7
562101 36
562211 13
571115 19
601201 12
601202 31
601231 0
601242 31
601342 28
601346 0
601351 19
601361 7
601423 37
601424 13
601425 40
601436 40
601452 25
601471 19
601472 37
601745 37
601769 13
601775 7
602100 33
602102 14
602103 39
602120 36
602121 6
602122 37
602314 3
602421 7
602432 16
602453 13
602454 37
602455 37
602461 25
602463 7
602471 31
602741 37
602751 7
603200 30
603231 0
603321 25
603341 40
603396 28
603423 31
603496 37
603725 13
603743 37
603751 7
604101 41
604211 12
604311 15
604314 7
604315 16
604411 27
604415 12
604423 40
604431 22
604443 19
604454 13
604455 37
605203 4
605302 7
605313 16
605315 0
605316 31
605321 13
605331 10
605340 7
605412 37
605430 16
605711 37
605719 7
606211 13
606243 13
606245 0
606264 37
606310 16
606341 28
606342 13
606344 37
606451 31
606452 7
610114 24
651211 13
651212 19
651231 22
651234 37
651306 7
651313 31
651314 19
651317 7
651319 28
651416 13
651425 37
701100 13
701101 36
701181 41
701202 40
701211 28
701235 19
701243 7
701244 37
701283 25
701310 13
701335 7
701408 28
701409 28
701410 37
701496 7
702100 27
702101 29
702211 28
702213 9
702312 31
702317 15
702321 10
702331 28
702342 37
702354 31
702423 28
702443 31
702499 37
703103 34
703202 7
703204 16
703243 0
703244 7
703322 15
703324 41
703330 19
703331 0
703345 10
703351 37
703361 28
703413 13
703441 16
703444 7
703499 31
705191 30
705211 10
705311 10
705328 22
705331 16
705332 37
705343 7
705431 12
705438 18
705440 31
705441 18
705444 22
705446 13
705447 27
705461 39
705492 7
705499 37
751100 13
751101 28
751102 10
751106 31
751202 18
751209 37
751301 22
751302 34
751303 22
751305 12
751308 9
751309 0
751321 28
751326 37
751330 25
751345 13
751401 19
751403 4
751405 24
751408 16
751417 37
751418 37
751419 28
751421 7
751422 7
751424 7
751428 34
751440 31
751443 15
751447 28
751451 12
751701 31
751702 7
751703 19
751705 22
751706 7
751708 37
751710 28
751716 13
751718 13
751719 19
751727 28
751742 28
751744 13
801100 18
801122 16
801134 10
801204 40
801233 10
801236 0
801241 19
801322 37
801334 37
801371 13
803122 4
803124 25
803131 13
803230 16
803232 13
803260 37
851100 39
851103 34
851104 16
851105 37
851200 9
851201 21
851202 32
851204 13
851207 13
851241 19
851252 41
851253 16
851261 16
851263 16
851273 0
851305 37
851306 7
851309 36
851313 37
851363 28
851366 30
851375 28
851400 21
851401 41
851404 27
851406 31
851443 31
851445 36
851450 25
851462 19
851467 10
951100 9
951202 7
951231 16
951321 16
951324 13
951366 13
951421 7
951498-020 19
951498-021 37
953102 28
953104 37
953111 21
953201 10
953202 25
953214 40
953231 4
953232 28
953234 31
953323 28
953361 37
953421 7
953444 37
953494 13
953495 22
954100 37
954140 6
954142 37
954143 10
954170 13
954240 37
954244 7
954310 0
954340 10
954347 28
954371 16
954372 37
954374 7
954413 7
954421 40
954423 13
954464 7
954472 13
954491 41
954498 31
955102 37
955104 7
