001101 7
001102 1
001112 6
001118 22
001201 19
001202 37
001210 9
001222 7
001223 7
001224 4
001225 4
001226 4
001227 22
001228 7
001229 7
001230 21
001231 0
001234 31
001250 25
001291 25
001292 37
001310 10
001311 16
001312 34
001314 16
001320 16
001321 19
001323 4
001330 4
001341 34
001342 16
001352 6
001355 22
001361 34
001362 0
001410 10
001423 28
001440 13
001445 10
001447 7
001471 4
001472 7
002102 25
002111 22
002191 40
002192 37
002202 28
002230 4
002260 22
002302 28
002311 37
002321 10
002331 7
002362 22
002402 10
002441 4
002471 22
002472 34
003101 30
003102 37
003191 24
003202 13
003332 22
003414 10
003421 34
003436 16
003454 4
004282 28
004465 37
004470 10
004472 16
004474 33
004476 4
006103 27
006126 13
006226 16
006241 31
006253 37
006307 22
006326 16
006330 28
006349 22
006443 28
006448 34
006454 16
006475 4
008214 31
008314 22
008326 4
008402 16
008411 4
009103 33
009213 10
009234 4
009236 25
009254 31
009301 3
009344 16
009355 22
009356 31
009358 19
009363 37
009446 10
011100 6
011101 25
011151 37
011154 16
011156 37
011157 37
011251 9
011268 13
011269 33
011276 30
011277 27
011278 28
011355 25
011367 4
011457 13
011479 4
012173 9
012174 22
012200 9
012374 31
012475 10
013103 9
013110 16
013203 10
013204 10
013207 6
013208 37
013209 4
013216 16
013217 37
013301 25
013303 18
013306 19
013321 34
013335 12
013337 28
013410 10
013413 22
013428 4
013431 19
013432 10
013433 40
014211 25
014270 16
014310 16
014311 4
014323 10
014370 28
014371 25
014383 10
014401 40
014422 22
014423 4
014471 37
014481 13
014483 22
015101 18
015102 4
016101 37
016102 16
017101 34
017102 13
017111 13
017231 31
018104 25
018112 35
018114 25
018126 4
018204 4
018271 19
018323 4
018352 31
018372 4
018467 4
018471 22
019101 32
019104 6
019105 15
019106 19
019112 22
019204 19
019205 28
019206 19
019212 4
019222 31
019332 13
019351 28
019362 22
019371 25
019373 25
019441 31
020101 41
020102 22
020212 22
020231 25
020232 16
020261 4
021101 34
021102 34
021203 4
021204 19
021270 4
024752 4
025110 16
025310 4
025481 19
026101 18
026102 34
026111 37
026112 31
026201 18
029732 22
030101 16
050100 29
050103 36
050104 27
050106 30
050112 22
050113 39
051302 18
051304 34
051306 13
051310 12
051313 25
051418 10
052203 19
052310 13
052314 34
052323 16
052331 22
052350 10
052351 34
052353 9
052355 37
052400 37
052417 34
052419 16
052422 22
052442 7
052447 19
052448 4
052449 16
053713 4
054821 4
055702 34
055734 16
055739 22
055757 4
057121 33
057122 2
057123 41
057125 0
057126 0
057127 41
057128 30
057129 14
057130 34
057131 27
057132 15
057133 24
057134 19
057135 12
057136 27
057137 19
057138 21
057139 33
057213 41
057283 16
057286 25
057287 22
057290 28
057295 7
057297 13
057298 10
057301 37
057302 31
057305 41
057316 25
057366 10
057401 10
057404 4
057407 4
057411 19
057413 16
057419 7
057427 3
057428 31
059405 7
059419 37
061103 37
061106 37
061201 4
061223 13
061224 25
061306 19
061307 4
061312 34
061313 10
061403 37
061405 10
062200 13
062210 31
062320 13
062343 10
062499 7
063201 22
064204 9
064231 22
064331 22
064411 4
064412 4
064421 13
064422 4
064423 22
064424 28
064430 7
064474 25
065120 25
065121 19
065211 22
065212 13
065311 4
065320 4
065333 22
065420 13
065435 4
065436 4
065437 16
065438 4
065797 4
066222 22
066324 31
066412 7
066414 4
067201 16
067203 19
067311 4
067371 7
067433 22
067435 22
067436 19
067491 7
070200 10
070201 10
070301 37
070303 37
070305 31
070401 37
070411 4
070413 39
070414 19
070416 4
070792 4
071411 34
071412 16
071414 7
071415 4
071416 33
071418 13
071419 22
071420 28
071423 4
071426 16
073721 4
074100 39
074101 34
074414 22
076425 4
076426 34
076427 13
076430 4
076444 6
076466 37
078444 18
078454 37
079220 22
099101 28
099102 0
099103 16
100104 16
100109 24
100110 37
100111 13
100112 33
100207 19
100220 30
100222 18
100228 34
100229 3
100230 4
100231 37
100233 40
100307 22
100308 31
100309 28
100310 25
100311 40
100312 12
100313 6
100314 25
100501 22
101201 28
101202 22
101205 31
101325 4
101405 4
101490 16
103271 14
104100 16
104302 4
104310 25
104320 31
104327 4
104334 22
104340 16
104435 22
104471 22
104490 4
109100 27
109114 40
112101 28
112105 16
112106 22
112109 4
112202 34
112205 22
112303 25
112321 4
112322 16
112406 22
112424 28
115301 4
115401 22
116301 13
116302 40
126101 22
126102 19
126212 6
126213 40
126214 10
126324 25
126326 37
126328 28
126330 7
126332 31
126400 10
126431 19
126436 22
126442 16
127100 31
127101 36
127202 22
127205 36
127313 22
127329 1
127330 0
127332 19
127333 16
127359 13
127411 22
127415 3
127416 27
127424 19
127433 13
127492 10
127493 37
127716 16
127720 22
127721 34
127727 4
128100 17
128101 40
128201 16
128304 12
128305 7
128306 0
128308 34
128310 13
128401 16
128423 25
128425 22
128427 1
128434 7
128443 22
128445 34
128451 41
128471 3
128481 37
128484 31
128700 22
128714 16
128727 4
128734 34
140101 4
140102 34
140103 12
140104 4
140105 6
152211 22
152301 7
152321 6
152331 28
154100 37
154104 36
154141 6
154152 31
154153 28
154173 19
154181 10
154251 10
154262 22
154276 6
154281 20
154301 22
154330 13
154431 34
154479 4
154492 37
159100 40
159101 15
159102 21
159151 28
159202 34
159204 37
159331 16
159351 22
159411 12
159434 41
160342 31
164261 10
164341 22
168100 27
168101 9
168410 13
176100 21
176101 25
176104 13
177103 37
177104 13
177113 40
177114 30
177141 10
177142 18
177181 16
177220 40
177222 31
177227 4
177228 25
177229 1
177300 34
177321 20
177332 25
177335 13
177336 31
177341 24
177361 7
177413 4
177420 1
177425 37
177429 15
177430 9
177431 28
177433 31
177441 34
177447 19
177460 10
177464 37
177465 3
177466 31
177470 6
177483 12
177491 40
177494 19
177495 34
179404 10
179406 13
179443 22
201100 30
201110 18
201114 34
201116 12
201117 4
201190 4
202100 3
202101 13
202102 13
202147 19
202231 24
202302 37
202303 4
202305 40
202311 10
202356 37
202362 22
202371 13
202405 34
202421 4
202432 16
202446 37
202461 4
202471 7
202475 28
202476 10
202484 4
202731 4
202744 16
202749 22
202802 22
202833 4
202843 22
203100 20
203104 33
203108 15
203111 32
203113 18
203114 6
203131 13
203132 3
203151 22
203152 22
203154 7
203158 7
203159 31
203162 32
203202 13
203204 7
203206 40
203208 28
203209 25
203211 7
203222 25
203223 22
203226 36
203232 28
203236 8
203250 37
203287 10
203300 1
203304 15
203316 34
203351 16
203352 19
203404 22
203413 22
203424 7
203425 13
203435 10
203459 25
203474 4
203708 22
203715 16
203719 22
203721 16
203725 16
203734 22
203735 4
203754 4
203775 22
203812 4
203825 22
203829 4
203879 4
204100 10
204101 13
204113 6
204123 21
204202 34
204217 31
204232 10
204251 13
204306 15
204315 7
204320 40
204333 31
204355 22
204362 3
204382 31
204422 4
204423 10
204424 34
204425 13
204443 37
204456 34
204482 25
204483 10
204490 6
204725 4
204735 16
204792 22
205100 24
205103 22
205105 27
205216 28
205232 31
205244 7
205252 31
205282 25
205324 16
205344 31
205358 22
205382 7
205421 31
205441 13
205473 37
205476 4
205731 16
205742 22
205764 16
205789 22
205796 4
206100 26
206103 24
206104 21
206108 10
206111 27
206112 22
206161 28
206162 28
206171 28
206172 24
206181 19
206182 10
206191 16
206203 37
206216 6
206217 28
206253 7
206255 7
206261 2
206266 18
206267 34
206281 16
206311 7
206313 13
206321 41
206324 28
206327 28
206331 10
206336 7
206341 22
206342 31
206362 19
206364 10
206367 10
206368 1
206370 34
206428 15
206435 4
206437 1
206457 37
206476 31
206481 36
206703 16
206714 16
206724 16
206734 4
206736 22
206737 22
206774 4
207104 15
207105 22
207106 22
207108 25
207109 41
207110 31
207116 19
207117 40
207118 37
207125 4
207162 4
207172 19
207181 13
207187 16
207188 40
207191 3
207195 37
207214 40
207302 22
207305 19
207306 7
207312 4
207321 4
207402 34
207408 31
207415 7
207442 7
207448 28
207481 4
207704 16
207706 22
207708 4
207712 4
207766 4
208101 41
208140 31
208141 16
208250 37
208263 31
208264 19
208272 27
208322 10
208345 13
208346 37
208353 37
208362 7
208373 13
208423 31
208444 10
208446 16
208460 22
208738 22
208772 4
208873 4
209203 6
209204 19
209252 34
209253 7
209262 37
209263 13
209270 34
209271 10
209272 31
209322 31
209332 31
209341 28
209352 34
209370 22
209376 13
209382 7
209424 34
209452 4
209454 22
209456 28
209466 31
209486 4
209712 16
209714 22
209716 22
209772 4
209787 16
210100 16
210200 10
210207 34
210221 6
210251 37
210276 19
210315 19
210331 16
210355 10
210432 25
210435 4
210463 37
210497 4
210702 4
210717 22
210741 22
210743 16
210744 22
210748 22
211100 27
211303 4
211312 34
211315 30
211318 13
211319 7
211341 10
211342 22
211444 31
211445 31
211446 10
211448 6
211449 37
211709 22
211843 4
212712 22
212721 4
212731 16
213706 16
213707 22
213708 4
213717 4
214301 6
214310 22
214340 34
214341 31
214352 16
214403 37
214412 13
214431 4
214491 22
215205 25
215206 10
215207 25
215208 16
215303 13
215311 7
215312 25
215313 31
215314 31
215401 28
215462 37
215482 4
215495 22
215497 10
215711 4
215742 4
217705 22
217708 4
217773 16
218100 34
218234 25
218236 7
218244 22
218262 10
218352 37
218362 7
218372 22
218382 34
218474 4
218481 34
218496 37
219741 4
219753 22
219766 13
219789 4
225702 34
225704 16
225706 22
225707 4
226703 4
226704 4
226711 16
226805 4
229223 28
229351 19
251100 34
251211 36
251213 37
251216 15
251242 28
251261 6
251292 22
251312 25
251313 4
251333 1
251334 13
251342 37
251361 7
251363 34
251371 1
251372 22
251374 6
251399 22
251411 10
251417 1
251434 19
251436 16
251451 4
251455 22
251456 37
251457 10
251461 31
251476 28
251477 25
251704 34
251707 4
251713 4
251716 22
251723 34
251724 16
251746 16
251748 22
251754 34
251760 16
251763 22
251765 4
251776 34
251781 16
251784 22
252210 7
252212 31
252222 36
252235 22
252281 16
252282 41
252283 10
252285 18
252311 28
252320 37
252328 22
252331 16
252353 31
252401 22
252402 19
252403 13
252404 6
252413 28
252420 25
252421 3
252422 4
252423 15
252427 19
252428 28
252429 13
252435 10
252440 10
252442 1
252443 13
252448 25
252450 31
252456 16
252459 9
252460 27
252479 34
252489 37
252706 16
252707 34
252727 4
252785 34
252789 16
252792 22
253215 41
253318 4
253321 28
253332 37
253416 4
253417 28
253423 37
253433 22
253441 10
253443 10
253451 16
253452 19
253454 25
253716 16
253721 4
253725 34
253734 10
253735 34
253747 16
253749 25
253752 34
253754 22
253791 22
254182 13
254200 6
254205 31
254206 16
254207 10
254211 12
254215 21
254216 40
254222 16
254231 28
254232 37
254271 13
254282 22
254302 25
254325 37
254334 22
254352 31
254362 12
254371 28
254373 1
254400 25
254411 10
254412 25
254415 28
254421 37
254422 4
254423 16
254424 4
254435 16
254441 22
254443 10
254445 4
254451 34
254452 37
254453 19
254454 10
254466 37
254476 25
254477 13
254478 0
254495 4
254701 4
254702 4
254721 4
254733 34
254737 4
254791 34
254816 22
254817 16
254857 16
255201 31
255210 21
255230 6
255300 13
255301 24
255316 3
255323 16
255328 31
255337 33
255340 37
255393 7
255422 30
255425 34
255429 15
255430 0
255431 28
255432 22
255433 10
255440 16
255442 3
255444 40
255445 4
255447 34
255451 19
255455 40
255462 13
255463 25
255471 34
255492 0
255497 41
255499 37
255714 4
255735 22
255750 34
255751 10
255769 34
255772 34
255783 16
256100 30
256271 19
256317 10
256318 7
256334 25
256418 13
256419 19
256441 22
256444 37
256456 4
256473 10
256474 4
256791 4
259103 11
259104 35
259106 5
259107 40
259108 9
259192 7
259193 18
259194 21
259195 34
259200 13
259201 25
259203 34
259401 24
260313 34
260334 22
260416 16
260421 16
260432 4
260702 22
261102 3
261111 13
261112 41
261113 4
261205 10
261207 39
261208 27
261214 12
261215 25
261218 10
261305 37
261306 40
261332 7
261342 34
261343 6
261361 31
261421 16
261430 10
261433 31
261438 0
261444 22
261446 37
261447 10
261448 4
261449 19
261453 16
261465 34
261473 34
261479 13
261494 16
261497-002 10
261497-008 28
261497-802 16
261497-808 22
261499 19
261736 16
261738 34
261745 4
261751 34
261752 16
261755 22
261763 22
261781 34
261795 22
261891 34
263710 10
263721 4
263724 34
263745 16
263751 22
264702 16
264705 22
264709 4
264755 34
265706 16
265709 22
265710 4
266801 4
268732 4
268735 16
268741 22
269103 22
269105 7
269111 12
269130 16
269210 22
269341 13
269360 25
269370 31
269452 4
269498 31
270712 22
270721 16
305203 10
318322 7
329105 30
329106 0
330115 7
351100 0
351201 13
351302 25
351321 13
351364 34
351371 4
351425 7
351426 16
351464 10
352103 40
352311 34
352313 0
352314 28
352401 34
352412 37
352421 4
352422 6
352433 10
352441 4
353313 7
353418 4
353431 16
353441 31
353471 4
353482 34
354311 4
354312 13
355411 31
356100 12
356101 15
356102 36
356210 37
356261 37
356333 13
356361 16
356373 22
356374 4
356411 6
356414 25
356415 31
356416 16
356431 4
356432 28
356441 28
356442 0
356443 6
356444 41
356446 4
356447 22
356449 7
356451 4
356455 34
356471 34
356472 34
356474 22
356496 4
357101 0
357110 18
357210 22
357322 7
357323 28
357418 31
357421 13
357432 16
357441 7
357444 16
357446 31
359202 23
359205 34
359206 13
359302 13
359303 4
359305 37
359341 34
359350 19
359360 7
359380 13
359401 31
359403 6
359408 25
359422 1
359423 22
359452 13
359460 13
359461 37
359465 9
360100 41
360301 16
360304 4
360441 37
361210 16
361211 16
361214 34
361341 13
361413 28
361414 16
361421 4
361433 31
361442 4
361452 37
361461 13
361475 22
363210 37
363401 22
363402 4
365201 6
365211 10
365322 22
365324 22
365422 13
365425 4
365426 16
368211 7
368310 37
368412 25
368417 34
400110 30
400210 5
401281 19
401383 31
401391 19
403281 7
403383 4
406284 37
406294 25
406386 25
406396 16
408382 13
410381 28
413383 1
413391 40
415393 34
420282 10
421282 34
421292 16
421386 7
421396 37
422381 41
428281 22
428282 4
428381 22
428383 10
461170 10
461471 25
461472 34
461511 13
461523 22
461526 13
461527 28
461532 34
462130 35
462544 4
462587 28
462588 10
463201 16
463252 10
463331 13
463332 31
463342 16
463354 9
463433 25
463512 22
463513 25
463543 37
463544 19
463557 28
463559 4
463571 13
463592 37
464302 22
464312 7
464402 16
464403 10
464414 37
464442 7
464443 34
464445 4
464446 22
464500 22
464502 13
464504 15
464505 4
464506 37
464508 22
464545 13
464549 22
501201 9
501202 1
501305 22
501306 13
502313 9
502314 7
504202 16
504305 16
506202 37
508304 4
510306 34
512304 37
513113 37
513115 4
513212 7
513216 19
513217 16
513225 37
513284 22
513331 10
513343 22
513364 34
513373 4
513390 16
513411 22
513446 4
514202 37
514206 28
514222 22
514244 16
514272 25
514322 34
514336 37
514352 19
514358 4
514382 31
514384 28
514396 16
514398 22
514436 16
514462 4
514742 16
514752 22
515204 37
515205 16
515256 22
515257 7
515330 22
515337 16
515339 7
515362 31
515377 37
515378 28
515380 4
518724 4
518770 22
551461 34
552216 10
552217 16
552232 31
557433 16
558101 3
558411 22
558432 13
562101 10
562211 34
601201 12
601202 28
601231 13
601242 3
601342 7
601346 16
601351 25
601361 4
601423 25
601424 13
601431 22
601436 9
601452 31
601471 28
601472 16
601724 4
601731 16
601745 22
601769 16
601775 4
602100 26
602102 18
602103 20
602120 28
602121 10
602122 22
602301 4
602314 4
602421 6
602453 25
602454 22
602455 9
602461 16
602472 31
602741 4
602751 4
603200 37
603231 33
603321 3
603341 10
603396 13
603423 16
603496 4
603743 16
604101 16
604211 16
604311 4
604314 7
604315 21
604411 36
604415 4
604423 31
604431 34
604443 10
604454 4
605203 37
605302 40
605313 4
605315 3
605316 31
605321 13
605331 7
605340 22
605412 4
605413 34
605430 22
605476 4
605701 22
605711 16
605719 4
605742 22
606211 37
606243 31
606245 4
606264 10
606310 13
606341 10
606342 34
606344 16
606451 22
606452 4
610114 28
651210 22
651211 7
651212 16
651234 13
651306 37
651313 10
651314 16
651317 22
651319 4
651416 7
651425 37
701100 40
701181 6
701202 31
701235 37
701244 0
701283 20
701335 37
701408 22
701423 4
701496 4
702100 25
702101 24
702211 40
702312 30
702313 0
702317 4
702321 22
702331 22
702342 37
702354 7
702418 22
702443 6
702499 4
703103 38
703109 4
703202 19
703204 31
703243 34
703244 5
703309 1
703322 25
703324 41
703330 28
703331 27
703345 3
703351 9
703361 16
703413 31
703441 22
703499 4
705191 15
705211 22
705311 33
705328 22
705331 19
705332 28
705343 34
705431 16
705438 25
705440 25
705441 17
705442 37
705444 21
705447 25
705448 7
705499 4
751100 37
751101 31
751102 40
751106 19
751202 16
751209 31
751301 3
751302 2
751303 15
751305 28
751308 39
751309 37
751320 16
751326 4
751327 34
751330 28
751401 33
751403 6
751405 41
751408 13
751417 31
751418 22
751421 25
751422 4
751428 4
751440 19
751443 1
751701 22
751702 4
751703 16
751705 10
751706 4
751708 22
751716 10
751718 25
751719 25
751728 34
751734 16
751752 22
801100 23
801122 37
801134 34
801204 4
801233 31
801236 13
801241 7
801322 37
801334 4
801371 22
803122 19
803124 28
803131 16
803230 13
803232 22
803260 13
851100 15
851103 12
851104 9
851105 3
851201 7
851202 34
851204 16
851207 4
851241 22
851252 13
851253 10
851261 20
851263 10
851273 25
851305 37
851309 28
851345 22
851363 1
851366 1
851400 31
851404 3
851406 4
851407 0
851441 16
851462 22
851467 13
852100 25
951100 39
951231 1
951324 16
951344 22
951366 16
951421 4
951498-004 4
951498-007 13
951498-011 4
951498-015 4
951498-020 28
951498-021 37
953102 22
953111 11
953201 19
953202 37
953211 31
953214 25
953231 19
953232 31
953234 28
953323 13
953422 22
953494 4
954100 4
954140 21
954142 13
954143 37
954170 22
954240 9
954326 37
954340 4
954371 22
954374 34
954423 34
954462 4
954464 16
954472 25
954491-001 13
954491-002 6
954491-003 13
954498 10
955102 22
955104 16
