001101 31
001102 1
001112 32
001118 20
001201 1
001202 28
001210 11
001212 39
001218 16
001222 41
001223 12
001224 15
001225 5
001226 9
001227 35
001228 26
001229 41
001230 21
001231 34
001234 37
001250 31
001281 25
001291 7
001292 7
001310 7
001311 9
001312 37
001314 21
001315 31
001320 19
001321 10
001323 28
001330 28
001341 7
001342 10
001352 13
001355 34
001361 19
001362 7
001391 7
001410 22
001440 16
001445 37
001463 19
001472 16
002102 13
002111 16
002191 28
002202 16
002230 37
002260 28
002302 34
002321 7
002362 16
003102 16
003191 10
003202 16
003213 37
003261 34
003454 19
004465 31
004472 37
004474 19
004476 22
006103 19
006226 19
006241 31
006253 31
006307 25
006325 7
006443 19
006448 31
008314 19
008402 37
008411 37
009103 28
009213 16
009232 25
009254 37
009301 19
009327 19
009344 19
009355 16
009358 16
009363 31
011100 11
011101 31
011153 0
011154 36
011156 33
011157 34
011251 39
011257 7
011268 22
011269 11
011276 0
011277 19
011278 40
011358 28
011367 31
011457 16
012173 36
012200 24
012271 3
012272 34
012374 31
013103 4
013110 7
013203 34
013204 28
013206 24
013207 16
013208 41
013209 15
013216 31
013301 31
013303 19
013305 37
013314 7
013337 16
013413 7
013425 31
013431 31
013432 19
013433 19
014210 19
014211 13
014270 37
014310 40
014311 7
014370 19
014371 37
014390 19
014401 30
014410 31
014423 34
014471 10
014481 37
015101 31
015102 31
016101 4
017101 37
017102 34
017111 7
017201 31
017231 16
018104 13
018111 28
018112 31
018114 7
018126 7
018204 16
018271 22
018323 19
018332 28
018352 13
018372 16
019101 6
019104 13
019105 0
019106 34
019112 31
019204 34
019205 34
019206 16
019211 16
019212 0
019221 19
019222 36
019332 34
019351 7
019362 16
019371 19
019382 31
019441 19
020101 16
020102 7
020211 28
020212 37
020231 7
020232 34
020261 13
020341 16
021101 19
021102 10
021203 16
021204 31
021270 31
024752 16
025110 19
025381 19
025481 31
026101 28
026102 7
026111 28
026112 31
026201 31
050100 19
050103 22
050104 10
050106 29
050112 29
050113 10
051300 13
051302 0
051304 31
051306 25
051310 19
051313 31
052201 7
052203 19
052310 25
052323 34
052331 10
052351 13
052353 13
052355 7
052417 31
052422 28
052442 19
052449 7
052466 34
057121 26
057122 25
057123 41
057125 21
057126 39
057127 22
057128 36
057129 4
057130 0
057131 37
057132 17
057133 41
057134 19
057135 37
057136 33
057137 31
057138 41
057205 37
057213 41
057276 25
057283 28
057286 13
057287 28
057289 22
057290 16
057295 22
057297 7
057298 37
057301 10
057302 19
057305 0
057316 31
057366 22
057404 19
057407 28
057425 7
057428 7
059405 19
059419 19
061103 10
061106 7
061201 31
061205 25
061223 22
061306 13
061312 19
061313 7
061317 25
061401 28
061403 19
061430 13
062320 31
062341 16
062342 28
062343 13
062344 22
062345 19
062346 37
062360 13
062380 31
062411 28
062452 19
062460 37
062470 34
064202 19
064204 22
064207 31
064272 16
064273 7
064303 31
064410 28
064413 37
064417 28
064418 28
064422 7
064424 7
065120 31
065121 16
065211 19
065212 28
065311 31
065333 10
065420 37
065795 7
065797 16
065799 16
066222 19
066324 34
066412 31
066416 16
066426 19
067201 4
067203 31
067311 13
067371 18
067433 37
067435 28
067436 31
067491 16
067492 19
070100 19
070200 19
070301 31
070303 7
070304 34
070305 19
070308 19
070400 19
070403 31
070404 31
070410 7
070411 7
070413 31
070414 7
070415 16
070416 34
070711 7
070726 7
070740 16
070741 16
070792 16
071412 19
071413 28
071414 31
071415 0
071417 7
074100 14
074101 38
074201 7
076312 25
076314 19
076414 34
076426 19
076427 19
076428 7
076429 16
076444 28
076466 19
078444 10
078454 19
079444 16
099101 41
099102 36
100104 24
100105 9
100106 15
100107 19
100108 9
100205 24
100206 31
100207 26
100208 28
100209 12
100211 33
100306 6
100307 39
100308 30
100309 2
100310 16
100501 13
101201 7
101202 0
101205 3
101325 37
101490 16
103112 19
103271 25
104100 7
104302 28
104310 22
104320 7
104327 19
104334 31
104450 16
104490 31
109100 25
109114 9
112101 16
112105 22
112106 25
112109 19
112202 7
112205 31
112321 7
112322 19
112406 7
112424 37
115200 25
115300 7
115301 19
116301 16
126101 32
126102 7
126212 31
126213 40
126214 34
126325 18
126326 19
126328 7
126331 16
126332 30
126431 31
126436 16
126442 31
127100 10
127101 19
127202 27
127204 12
127205 7
127303 19
127313 39
127330 37
127359 19
127411 28
127412 16
127414 31
127716 34
127720 7
127721 16
127726 37
128100 21
128101 16
128201 36
128304 12
128305 22
128306 7
128308 37
128310 16
128351 34
128355 37
128423 7
128427 19
128434 28
128443 19
128700 37
128727 34
128734 7
128751 16
140104 21
152211 31
152301 7
152331 37
154104 20
154141 22
154152 13
154153 3
154173 19
154181 25
154251 28
154276 19
154281 9
154301 37
154330 16
154340 34
154363 19
154385 19
154431 28
154457 19
154481 16
159100 11
159101 21
159102 28
159151 31
159202 13
159204 31
159231 24
159331 19
159332 7
159401 19
159411 37
159412 28
159431 16
159434 16
160242 28
164261 7
168335 16
176100 9
176101 24
176104 16
177104 25
177113 37
177114 19
177141 21
177142 9
177181 7
177215 41
177217 0
177227 4
177228 13
177229 30
177300 19
177321 16
177332 7
177335 37
177341 34
177362 25
177443 31
177460 31
177463 31
177471 16
177472 34
177483 28
177491 7
179443 19
201100 40
201110 22
201114 13
201116 8
201117 21
202100 22
202101 39
202102 6
202147 22
202231 3
202302 16
202303 13
202305 16
202356 34
202362 19
202371 19
202405 7
202421 34
202446 16
202471 19
202475 31
202476 31
202484 31
202701 16
202731 16
202736 7
202744 16
202749 16
202775 34
202776 7
202803 7
202833 16
202849 16
203100 40
203104 40
203108 9
203111 14
203113 30
203114 24
203131 37
203132 34
203151 28
203152 18
203154 33
203158 27
203159 22
203162 19
203202 24
203203 33
203204 0
203206 14
203207 25
203208 22
203209 24
203211 37
203222 22
203223 13
203226 31
203232 31
203236 27
203250 7
203287 16
203316 19
203351 28
203459 13
203715 31
203719 7
203721 16
203725 31
203726 31
203734 16
203735 7
203749 16
203752 7
203754 19
203775 7
203812 16
203825 7
203829 19
203833 19
203879 31
204100 16
204101 19
204113 21
204202 22
204211 6
204217 19
204232 18
204251 21
204306 34
204315 41
204333 28
204355 7
204362 19
204382 31
204422 31
204423 28
204424 16
204441 7
204443 25
204452 31
204482 37
204483 7
204490 16
204725 37
204728 16
204755 7
204792 34
204891 16
205100 41
205103 7
205105 10
205216 40
205232 28
205244 37
205252 31
205282 28
205324 28
205344 7
205358 31
205382 19
205731 34
205742 7
205796 16
206100 34
206101 6
206103 33
206104 30
206111 35
206112 34
206113 16
206161 38
206162 26
206171 6
206172 33
206181 19
206182 22
206191 16
206211 19
206216 25
206217 10
206253 19
206255 37
206261 0
206266 34
206267 34
206281 37
206313 28
206321 40
206324 28
206325 22
206327 28
206331 34
206336 36
206341 18
206342 28
206355 16
206362 0
206364 25
206367 19
206368 31
206370 21
206421 34
206427 7
206428 31
206435 16
206437 19
206476 19
206481 7
206703 34
206722 37
206724 34
206725 7
206731 16
206737 7
206774 16
207100 22
207104 21
207105 41
207106 33
207108 6
207109 23
207110 16
207116 6
207117 3
207118 10
207125 13
207137 16
207162 31
207172 37
207181 9
207187 15
207188 16
207191 27
207195 25
207214 37
207302 16
207305 9
207306 21
207312 37
207402 28
207448 25
207704 37
207706 34
207708 7
207712 16
207766 16
207794 16
208101 18
208140 21
208141 16
208150 31
208263 13
208264 31
208271 36
208272 7
208322 36
208345 21
208346 16
208353 9
208362 16
208373 28
208384 28
208423 31
208444 28
208446 7
208460 31
208738 34
208772 7
208774 16
209203 37
209204 19
209252 10
209253 13
209262 36
209263 28
209270 10
209271 40
209272 31
209352 28
209370 34
209376 7
209382 31
209456 7
209466 31
210200 19
210207 28
210221 16
210251 37
210276 10
210315 19
210331 31
210355 7
210432 37
210448 7
210463 34
210702 16
210705 19
210743 7
210745 7
210748 31
210789 31
211100 17
211315 37
211319 4
211341 16
211342 13
211444 16
211709 16
211889 19
213708 16
213717 34
213718 37
213763 7
214100 31
214301 10
214310 28
214340 37
214341 37
214352 7
214412 7
214491 16
215205 12
215206 39
215207 33
215208 40
215303 28
215312 31
215313 37
215401 16
215482 37
215711 7
215741 34
215742 7
215743 16
215781 16
215783 34
217705 34
217708 7
217752 16
217773 16
218100 38
218234 40
218236 37
218244 13
218262 31
218352 7
218362 16
218372 19
218382 31
226703 34
226709 16
226710 7
226789 16
229123 28
229223 7
251100 16
251211 28
251213 25
251216 7
251242 31
251261 36
251292 0
251312 28
251333 37
251334 34
251342 10
251361 19
251363 24
251371 37
251372 31
251399 34
251411 7
251434 19
251436 16
251452 34
251455 7
251456 31
251461 16
251477 31
251704 34
251707 16
251723 7
251724 16
251746 16
251748 7
251754 37
251760 16
251763 34
251765 7
251773 37
251781 34
252210 24
252212 19
252222 0
252235 22
252282 39
252283 9
252285 19
252311 13
252320 28
252331 37
252353 31
252402 25
252403 19
252404 7
252413 7
252420 31
252423 7
252427 37
252428 34
252429 16
252435 19
252440 16
252459 34
252460 19
252479 7
252489 37
252706 7
252714 37
252727 28
252755 34
252774 16
252781 37
252785 16
252789 16
252792 7
253215 19
253433 34
253441 7
253443 31
253451 19
253452 16
253454 16
253716 28
253721 7
253722 37
253725 37
253734 7
253747 16
253749 13
253752 28
253754 34
253791 34
254182 28
254200 4
254205 36
254206 24
254211 34
254215 27
254216 6
254222 13
254231 7
254232 40
254271 21
254282 7
254325 19
254334 16
254352 34
254362 9
254371 37
254373 30
254400 37
254411 16
254412 7
254415 7
254421 16
254423 31
254424 19
254435 22
254445 7
254451 19
254452 10
254453 19
254466 7
254476 28
254477 13
254478 31
254495 28
254701 31
254721 16
254733 19
254737 7
254771 19
254803 16
254817 19
254857 16
255210 22
255230 36
255301 6
255316 28
255323 19
255328 10
255337 25
255340 31
255422 19
255425 16
255427 31
255432 7
255437 16
255440 7
255447 16
255455 25
255497 19
255714 37
255735 34
255750 37
255766 7
255769 16
255772 16
255779 16
255783 28
256100 10
256271 19
256317 10
256318 13
256334 19
256382 7
256383 34
256462 31
259103 21
259104 10
259106 3
259107 14
259108 31
259192 25
259193 16
259194 10
259195 22
259200 19
259201 16
259203 37
259401 13
260704 19
260708 34
260712 7
260719 31
260791 16
261102 15
261111 37
261112 40
261113 10
261205 28
261207 31
261208 36
261214 13
261215 16
261218 21
261305 16
261306 31
261332 19
261342 37
261343 18
261361 19
261430 31
261433 30
261444 19
261446 28
261447 19
261448 7
261449 19
261465 19
261473 31
261494 34
261497 16
261499 7
261742 16
261745 16
261755 16
261763 7
261764 37
261793 34
261795 34
261796 7
263710 7
263721 37
263724 28
263745 28
263751 34
264702 37
264705 34
264755 7
264789 16
265706 34
265709 7
265710 16
266703 7
266801 16
268732 16
268735 7
268741 34
268742 37
269103 16
269105 31
269130 19
269210 24
269341 31
269360 25
269370 16
269421 7
269431 37
269497 7
270701 7
270702 16
305203 28
318322 19
329104 12
330112 30
351100 16
351201 31
351364 7
351371 16
351426 31
352103 10
352311 16
352314 28
352315 28
352331 7
352332 16
352401 19
352412 0
352413 31
352421 34
352422 28
352433 7
352441 16
353313 19
353431 31
353441 16
353471 7
355411 31
356100 37
356101 40
356102 9
356210 37
356261 16
356311 28
356331 34
356431 19
356432 31
356441 28
356442 7
356443 16
356449 16
356455 16
356472 28
356475 16
357101 7
357110 28
357210 18
357323 28
357360 31
357418 7
357442 19
357444 16
359202 16
359205 16
359401 16
359408 19
359431 16
359455 31
360100 22
360210 13
361210 18
361321 19
361322 34
361341 16
361421 7
361433 22
361452 31
361461 16
361475 25
362211 40
363210 28
365425 7
368211 13
368317 28
400110 29
400210 6
401281 34
401383 34
401391 1
403281 7
403383 28
406284 10
406294 13
406386 22
406396 40
408382 18
410381 37
413383 25
413391 10
415393 19
420282 28
421282 19
421292 31
421386 16
421396 7
422381 30
428281 16
428282 37
428381 31
428383 13
461170 5
461471 10
461472 34
461511 13
461521 34
461526 19
461551 28
461566 37
461584 16
462130 22
462412 34
462413 7
462414 28
462503 37
462587 16
462588 7
463201 19
463252 7
463331 37
463332 19
463342 34
463354 7
463506 34
463512 28
463513 25
463543 19
463544 34
463557 7
463559 16
463571 19
463592 37
464302 31
464312 16
464402 31
464403 28
464414 37
464442 22
464443 7
464445 34
464446 16
501201 16
501202 31
501305 10
501306 13
502313 37
502314 34
504202 25
504305 28
506202 7
508304 13
510306 7
512304 16
513113 13
513115 31
513212 34
513216 16
513217 31
513225 7
513284 19
513331 7
513343 34
513364 16
513373 19
513390 31
513446 16
514202 13
514206 34
514222 31
514244 7
514272 16
514322 31
514352 16
514358 28
514382 19
514384 7
515204 7
515205 31
515256 28
515257 16
515337 34
515362 7
515380 16
552216 19
552217 7
552232 19
554413 28
555312 37
557432 34
558101 12
558313 7
558441 16
562101 6
562211 31
601201 40
601202 22
601231 19
601242 37
601342 7
601346 16
601361 28
601423 31
601425 34
601454 31
601455 19
601724 16
601745 7
601775 16
602100 34
602102 34
602103 31
602111 4
602120 28
602121 6
602122 25
602301 19
602314 0
602421 31
602453 34
602454 16
602455 7
602461 7
602471 16
602722 7
602741 16
602751 34
603200 16
603231 16
603321 25
603396 16
603496 16
603725 34
603743 7
603751 16
604101 3
604211 6
604311 30
604314 13
604315 41
604411 16
604415 31
604423 28
604431 19
604455 34
605203 7
605302 7
605313 19
605315 30
605316 28
605331 16
605430 31
605701 7
605711 34
605719 16
605742 7
606211 16
606243 40
606245 28
606264 31
606310 19
606451 7
606452 19
610114 11
651211 34
651212 31
651231 31
651234 19
651313 13
651314 28
651317 16
651319 37
651416 34
651425 7
701100 37
701101 37
701181 22
701183 6
701202 37
701235 19
701243 16
701244 22
701283 13
701295 34
701310 28
701335 16
701341 22
701408 31
701423 19
702100 13
702101 40
702211 24
702213 18
702312 21
702317 10
702321 31
702331 18
702342 28
702354 19
702418 7
703103 10
703202 4
703204 22
703243 31
703244 0
703309 7
703311 19
703322 28
703324 16
703330 28
703331 19
703345 7
703351 25
703361 28
703413 19
703441 16
703499 19
705191 0
705211 32
705311 30
705328 19
705331 16
705332 28
705343 31
705351 13
705431 37
705438 31
705440 19
705441 25
705444 22
705446 13
705448 19
705492 19
705499 16
751100 4
751101 3
751102 30
751106 31
751202 30
751209 28
751301 25
751302 0
751303 13
751304 19
751305 25
751308 27
751309 27
751321 19
751326 28
751330 34
751345 37
751401 10
751403 7
751405 16
751408 28
751413 19
751418 19
751419 16
751421 16
751428 10
751440 34
751443 31
751701 28
751702 37
751703 7
751705 16
751706 37
751708 16
751710 13
751712 13
751716 28
751724 37
751728 13
751732 34
751734 7
751744 34
751745 34
751751 7
751752 34
801100 41
801122 19
801134 31
801201 31
801204 37
801233 31
801236 7
801241 22
801322 7
801371 31
803122 25
803124 7
803131 19
803230 7
803232 31
851100 30
851103 27
851104 9
851105 28
851200 31
851201 15
851202 36
851204 24
851205 40
851241 19
851261 15
851273 18
851305 41
851306 19
851309 21
851310 33
851341 28
851342 37
851344 34
851350 22
851363 22
851366 34
851371 6
851375 31
851400 7
851401 16
851404 37
851443 7
851445 18
851450 7
851467 22
951100 38
951106 37
951124 16
951202 16
951231 7
951321 31
951366 16
951421 34
951497 31
951498 16
953102 7
953104 31
953111 12
953201 28
953202 19
953214 10
953231 16
953232 16
953234 19
953323 19
953494 37
953495 7
954140 22
954141 33
954142 3
954240 19
954244 16
954310 28
954326 7
954340 24
954364 19
954371 16
954372 31
954373 28
954413 19
954420 31
954422 37
954423 19
954443 19
954472 7
954498 37
