001101 4
001102 1
001112 6
001118 13
001201 1
001202 34
001210 28
001222 0
001223 4
001224 4
001225 4
001226 14
001227 4
001228 12
001229 4
001230 0
001231 28
001234 4
001250 19
001291 22
001292 25
001310 2
001311 16
001312 16
001314 16
001315 13
001320 3
001321 4
001323 24
001330 34
001341 34
001342 31
001352 9
001355 27
001361 10
001362 25
001391 37
001410 7
001423 31
001440 40
001445 16
001446 37
001463 37
001471 19
001472 7
002102 12
002111 27
002191 19
002202 13
002230 31
002260 34
002302 28
002311 13
002321 31
002331 10
002362 7
002402 37
002441 28
002471 19
003102 25
003191 34
003202 19
003314 19
003331 28
003332 37
003361 10
003367 28
003454 28
004282 19
004465 37
004472 31
004474 13
004476 21
006103 25
006226 16
006241 10
006253 19
006307 34
006326 31
006330 22
006349 37
006353 31
006423 28
006432 28
006443 19
006448 25
006475 16
008214 37
008314 10
008326 10
008402 7
008411 19
009103 28
009213 13
009234 41
009236 37
009254 0
009325 19
009327 37
009344 37
009355 34
009356 22
009358 13
009363 7
009446 28
011100 29
011101 22
011154 37
011156 3
011157 19
011251 28
011257 27
011268 34
011269 28
011276 13
011277 12
011278 40
011355 25
011367 37
011457 34
011479 28
012173 0
012200 10
012271 27
012272 19
013103 21
013110 10
013203 24
013204 0
013207 3
013208 36
013209 13
013216 40
013217 31
013301 22
013303 16
013306 1
013321 16
013335 25
013337 13
013410 31
013413 10
013422 10
013428 19
013431 19
013432 28
014210 31
014211 16
014270 10
014310 31
014311 16
014323 37
014370 10
014383 37
014390 19
014401 3
014410 16
014422 13
014423 31
014471 28
014481 34
015101 37
015102 37
016101 31
016102 19
017101 10
017102 37
017111 25
017112 28
017231 37
018104 10
018111 37
018112 12
018114 25
018126 31
018204 31
018271 21
018323 28
018352 31
018372 40
018468 28
019101 32
019104 22
019105 37
019106 25
019112 13
019204 34
019205 28
019206 31
019212 7
019222 28
019332 28
019351 13
019362 31
019373 0
019441 16
020101 37
020102 25
020212 13
020231 7
020232 16
020261 13
021101 28
021102 41
021203 0
021204 34
021270 34
024752 19
025110 28
025381 19
025481 19
026101 23
026102 25
026111 19
026112 34
026201 25
026202 25
050100 13
050103 37
050104 36
050106 41
050112 20
050113 31
051302 22
051304 0
051306 34
051310 25
051313 22
051412 13
051418 19
052203 31
052310 16
052323 19
052331 16
052350 25
052351 34
052353 7
052355 13
052400 37
052417 31
052420 28
052422 0
052441 41
052442 34
052445 19
052448 16
052449 10
052725 28
054821 19
054822 19
055702 28
055703 19
055711 37
055739 37
057121 41
057122 34
057123 9
057125 36
057126 36
057127 19
057128 38
057129 27
057130 18
057131 22
057132 10
057133 10
057134 16
057135 19
057136 28
057137 25
057138 19
057139 28
057213 24
057283 31
057286 13
057287 28
057290 16
057295 31
057297 37
057298 25
057301 0
057302 16
057305 0
057307 16
057316 25
057366 34
057401 10
057404 19
057407 31
057413 31
057419 19
057425 28
057427 16
057428 10
057450 28
059405 37
059413 31
059419 10
061106 27
061201 10
061205 19
061223 7
061224 13
061306 25
061312 37
061313 25
061317 25
061319 28
061401 25
061403 16
061405 16
061430 22
062342 13
062346 16
062360 31
062380 10
062411 13
062452 31
062460 37
062470 37
062499 31
063201 25
064204 7
064231 28
064232 13
064252 31
064303 37
064411 16
064412 31
064413 41
064417 16
064422 16
064423 31
064424 18
064474 37
065120 13
065121 16
065211 16
065212 13
065311 28
065320 41
065333 10
065420 1
065436 28
065437 40
065438 19
065782 37
065795 28
065797 19
065799 19
066222 13
066324 31
066412 16
066416 37
066426 28
067201 37
067203 28
067303 25
067311 16
067371 16
067433 13
067435 31
067436 25
067491 7
070200 0
070304 28
070305 19
070400 28
070401 25
070403 31
070404 19
070410 10
070411 28
070413 28
070414 18
070415 19
070416 7
070727 28
070731 19
070741 19
071411 25
071412 25
071413 7
071414 16
071415 22
071416 31
071417 19
071419 28
071420 19
071426 25
071724 19
074100 22
074101 8
076414 19
076426 40
076427 7
076428 19
076429 31
076430 28
076444 3
076466 16
078444 35
079444 19
088708 19
099101 0
099102 25
099103 1
100102 31
100104 27
100109 21
100110 37
100111 39
100112 34
100205 10
100206 19
100207 37
100208 0
100210 40
100212 28
100213 37
100214 25
100218 4
100219 21
100220 21
100222 22
100225 41
100227 10
100281 19
100306 13
100307 4
100308 40
100309 19
100310 33
100501 13
101201 37
101202 34
101205 7
101325 40
101405 19
101490 10
103271 5
104100 16
104201 19
104302 41
104310 25
104320 4
104327 19
104334 28
104435 37
104450 16
104490 19
109100 37
109114 41
112101 28
112105 19
112106 31
112109 25
112202 37
112205 19
112303 19
112321 28
112322 28
112406 31
112424 19
115300 19
116301 37
116302 16
126101 41
126102 19
126212 22
126213 4
126214 34
126324 41
126325 37
126328 31
126330 16
126331 0
126332 19
126400 28
126431 22
126434 16
126436 3
126437 31
126438 37
126442 7
127100 22
127101 28
127202 28
127205 34
127206 7
127303 27
127313 24
127320 13
127330 27
127332 36
127333 13
127336 25
127359 3
127411 21
127412 31
127413 25
127414 37
127415 25
127416 34
127424 28
127433 31
127492 37
127716 37
127720 28
127721 25
127730 19
128100 11
128101 16
128201 16
128304 13
128305 27
128306 7
128308 9
128310 37
128353 16
128401 16
128423 13
128425 34
128427 40
128429 16
128434 28
128445 41
128451 19
128462 31
128471 37
128484 25
128700 37
128712 25
128727 28
128734 19
128751 25
140101 19
140102 19
140103 9
140104 23
140105 10
152211 28
152301 19
152321 19
152331 19
154100 13
154104 14
154141 10
154152 16
154153 12
154173 40
154181 13
154251 13
154276 19
154281 9
154301 10
154330 19
154431 37
154479 19
154482 34
154492 28
159100 9
159101 25
159102 28
159151 25
159202 27
159203 37
159204 40
159331 24
159411 34
159412 37
159434 1
159462 19
160342 31
164261 19
164341 37
168101 7
168410 25
176100 20
176101 40
176104 27
177104 13
177113 15
177114 3
177141 0
177142 40
177181 7
177220 16
177222 31
177227 22
177228 10
177229 31
177300 16
177321 37
177332 3
177335 0
177341 19
177361 41
177362 7
177413 31
177420 37
177425 28
177429 19
177430 28
177431 13
177433 16
177460 10
177464 37
177465 22
177466 13
177470 28
177471 16
177483 25
177491 40
177494 19
177495 19
179402 19
179403 19
179404 37
179406 28
179443 13
201100 19
201110 17
201114 16
201116 17
201117 18
201190 37
202100 25
202101 21
202102 6
202147 27
202231 34
202303 19
202305 37
202311 7
202331 13
202356 19
202371 4
202405 28
202432 19
202442 19
202461 37
202471 25
202475 31
202476 10
202484 13
202731 28
202736 28
202749 19
202770 37
202804 19
202807 19
202833 19
202843 28
203100 3
203104 37
203108 15
203111 15
203113 39
203114 30
203131 4
203132 31
203151 27
203152 39
203154 4
203158 21
203159 19
203162 19
203202 16
203203 25
203204 22
203206 38
203207 19
203208 9
203209 25
203211 9
203222 28
203223 31
203226 40
203232 0
203236 6
203250 31
203287 24
203300 0
203304 31
203316 28
203351 34
203352 36
203413 19
203424 16
203425 37
203435 28
203459 25
203708 28
203715 19
203719 37
203721 19
203734 37
203735 28
203749 37
203754 19
203775 28
203804 19
203812 28
203825 37
203829 28
204100 25
204101 40
204113 28
204123 25
204202 25
204217 31
204232 24
204251 31
204306 10
204315 36
204320 19
204333 34
204355 13
204362 40
204382 0
204422 13
204425 16
204441 19
204443 6
204452 28
204456 31
204482 28
204483 13
204490 37
205100 33
205103 10
205105 25
205216 27
205232 28
205244 0
205252 22
205282 40
205324 31
205344 25
205358 13
205361 19
205382 37
205421 28
205473 19
206100 31
206103 22
206104 3
206108 31
206111 32
206112 30
206161 30
206162 39
206171 32
206172 3
206181 25
206182 10
206191 37
206211 3
206216 28
206217 7
206253 16
206255 19
206261 0
206266 39
206281 0
206311 31
206313 19
206321 31
206325 34
206327 10
206331 28
206336 37
206341 24
206342 16
206355 21
206357 19
206362 0
206364 19
206367 37
206368 19
206370 19
206421 37
206435 28
206437 7
206467 22
206471 31
206476 25
206481 0
206725 37
206726 28
206728 19
206729 19
206731 37
206734 28
206736 37
206737 37
206774 28
207100 19
207104 24
207105 22
207106 12
207108 16
207109 37
207110 25
207116 3
207117 18
207118 13
207125 21
207137 4
207162 25
207172 13
207181 40
207187 23
207188 25
207191 28
207195 6
207214 25
207302 10
207305 22
207306 1
207312 4
207321 37
207402 34
207408 16
207415 19
207442 7
207448 28
207449 19
207704 25
207706 37
207708 28
207712 19
207741 19
207766 19
207776 19
208101 8
208140 37
208141 15
208161 16
208250 28
208263 16
208264 25
208271 25
208272 30
208322 6
208345 25
208346 37
208353 37
208362 28
208373 10
208384 13
208423 19
208444 13
208446 16
208460 37
208738 25
208740 19
208770 28
208772 28
208774 37
208776 28
208873 19
209203 7
209204 31
209252 41
209253 0
209262 16
209263 19
209270 16
209271 10
209272 25
209322 13
209332 13
209341 31
209352 13
209370 16
209376 28
209382 25
209424 28
209452 0
209454 28
209456 31
209466 16
209486 19
209714 37
209772 19
209787 28
209789 37
210100 19
210200 0
210207 28
210221 10
210251 25
210276 19
210315 13
210331 34
210355 37
210432 25
210435 28
210448 37
210463 28
210702 19
210717 28
210734 37
210741 28
210743 37
210748 28
210787 37
211100 14
211303 16
211312 31
211315 19
211318 25
211319 9
211341 28
211342 34
211448 19
211449 0
211495 37
211709 19
212712 19
212714 28
212731 37
213708 19
213717 28
213718 28
213763 37
214301 16
214310 19
214340 13
214341 9
214352 25
214403 13
214412 16
214431 28
214442 28
214462 28
214491 19
215205 2
215206 24
215207 31
215208 40
215303 19
215312 37
215313 25
215314 28
215401 34
215462 37
215482 13
215711 28
215783 19
217705 37
217708 28
217773 19
218100 17
218234 28
218236 16
218244 13
218262 37
218352 7
218362 13
218372 37
218382 34
218481 28
218486 19
218496 19
219753 37
219781 28
226703 19
226704 28
226710 28
226805 19
229223 41
229351 19
251100 34
251211 19
251213 31
251216 19
251242 34
251261 0
251292 10
251312 37
251313 4
251333 31
251334 34
251342 1
251361 7
251363 16
251371 31
251372 40
251374 40
251399 25
251411 37
251417 28
251434 16
251436 16
251451 37
251455 12
251456 25
251457 28
251461 19
251465 28
251704 31
251707 19
251713 19
251716 25
251723 37
251724 28
251738 19
251746 25
251748 37
251754 25
251760 37
251763 19
251765 28
251773 25
251781 37
251784 28
252210 0
252212 37
252222 22
252235 34
252281 13
252282 41
252283 0
252285 22
252311 13
252320 24
252331 10
252353 21
252401 16
252402 1
252403 34
252404 37
252413 40
252420 28
252421 4
252422 28
252423 16
252427 7
252428 31
252429 6
252435 40
252440 31
252442 7
252443 28
252448 16
252450 31
252456 28
252459 25
252460 10
252479 37
252489 31
252706 28
252707 37
252714 25
252721 25
252727 37
252755 37
252765 28
252781 28
252792 19
253215 28
253318 31
253321 25
253332 13
253423 10
253433 19
253441 28
253443 25
253451 37
253452 37
253454 28
253721 19
253725 25
253731 25
253734 37
253735 37
253747 31
253749 13
253752 31
253754 28
253791 28
254182 22
254200 31
254205 6
254206 34
254207 25
254211 25
254215 24
254216 19
254222 21
254231 41
254232 39
254271 27
254282 7
254334 24
254352 40
254362 37
254371 12
254373 6
254400 10
254411 10
254412 19
254415 34
254421 25
254423 13
254424 16
254427 19
254435 31
254441 28
254443 25
254445 34
254446 37
254451 19
254452 19
254453 37
254466 25
254476 31
254477 37
254478 28
254495 28
254701 19
254721 28
254733 25
254737 37
254771 37
254816 19
254857 28
255210 34
255230 14
255300 16
255301 20
255316 29
255323 19
255328 6
255337 32
255340 12
255393 1
255422 16
255425 31
255430 31
255432 19
255433 28
255437 19
255440 37
255442 19
255445 37
255447 28
255451 28
255455 1
255463 31
255471 28
255497 37
255714 31
255735 37
255746 19
255750 25
255751 25
255769 28
255772 28
255783 25
255786 28
255791 13
255792 28
256100 33
256271 37
256281 16
256317 28
256318 13
256334 1
256415 19
256419 28
256442 28
256443 31
256456 37
256473 25
256474 10
256713 25
256741 19
256752 37
256753 28
256791 19
259103 9
259104 35
259106 37
259107 25
259108 36
259192 13
259193 26
259194 22
259195 30
259200 16
259201 17
259203 25
259401 37
260313 25
260334 28
260421 28
260702 25
260712 37
260719 28
260791 19
261102 24
261111 24
261112 34
261113 0
261205 37
261207 27
261208 34
261214 40
261215 16
261218 19
261305 1
261306 19
261332 25
261342 37
261343 16
261361 25
261411 13
261421 31
261430 16
261433 19
261444 37
261446 28
261447 19
261448 34
261449 28
261453 28
261465 10
261473 7
261479 13
261494 10
261497 37
261498 10
261499 31
261731 19
261736 19
261742 31
261745 25
261751 19
261752 37
261755 28
261763 25
261792 31
261796 37
261891 25
263710 25
263721 37
263724 28
263745 19
263751 19
264702 37
264703 28
264705 19
264755 25
264791 31
265706 37
265709 28
265710 19
266703 19
266801 28
268735 25
268741 37
268742 19
269103 10
269105 13
269130 19
269210 28
269341 37
269360 10
269370 25
269497 13
269498 31
270721 37
270791 37
305203 31
318322 19
329104 16
330112 30
351100 28
351201 25
351302 40
351331 13
351364 19
351371 25
351425 37
351426 37
351464 28
352103 22
352311 10
352314 37
352315 28
352323 25
352331 10
352332 37
352401 7
352412 13
352413 31
352421 19
352422 4
352433 16
352441 28
353313 19
353418 19
353431 13
353441 37
353471 28
353482 25
354311 22
354312 31
355411 16
356100 37
356101 40
356102 28
356210 3
356261 10
356306 37
356331 16
356333 13
356373 16
356375 31
356411 16
356412 19
356415 28
356416 19
356431 25
356432 40
356441 34
356442 31
356443 22
356444 13
356446 19
356447 37
356448 13
356449 28
356455 19
356472 10
356474 19
357110 9
357210 21
357322 19
357323 7
357418 16
357421 16
357432 37
357442 25
357444 31
357446 28
359202 21
359205 19
359206 31
359302 31
359305 13
359341 19
359350 9
359360 16
359401 34
359403 28
359419 19
359422 40
359452 37
359455 28
359460 13
359461 40
360100 33
360301 37
360402 19
360403 13
360411 37
360423 19
360441 10
360460 31
361210 0
361211 31
361214 25
361341 37
361414 19
361421 10
361433 28
361442 19
361461 25
361475 13
363210 6
365201 31
365211 19
365301 7
365324 13
365331 37
365422 28
365425 25
365426 19
368211 7
368310 34
368412 37
368417 40
368433 28
400110 11
400210 34
401281 16
401383 13
401391 31
403281 10
403383 28
406284 28
406294 7
406386 4
406396 34
408382 19
410381 40
413383 1
413391 7
415393 16
420282 19
421282 13
421292 31
421386 25
421396 10
422381 22
428281 25
428282 37
428381 37
428383 41
461170 39
461471 10
461472 13
461511 1
461526 28
462130 7
462531 25
462542 37
462545 28
462582 19
462587 25
462588 28
463201 19
463252 37
463331 25
463332 13
463342 28
463354 37
463512 28
463513 1
463534 28
463543 13
463544 37
463557 19
463559 25
463571 28
463592 31
464302 16
464312 19
464402 19
464403 37
464414 10
464442 7
464443 25
464445 31
464446 16
464500 28
464502 31
464504 25
464505 13
464506 37
464508 28
464544 19
464545 28
464546 28
464549 10
501201 25
501202 37
501305 28
501306 19
502313 16
502314 10
504202 10
504305 25
506202 28
508304 37
510306 13
512304 31
513113 16
513115 19
513212 37
513216 19
513217 31
513225 25
513284 28
513331 28
513343 37
513364 19
513373 31
513390 25
513411 37
513446 19
514202 16
514206 7
514222 25
514244 28
514272 10
514322 16
514336 10
514352 19
514358 37
514382 31
514384 25
514396 28
514398 13
515204 25
515205 37
515256 31
515257 19
515330 31
515337 10
515339 13
515362 37
515377 25
515378 28
515380 19
515407 25
515440 37
515441 28
515442 19
518724 19
518770 28
551311 37
552216 28
552217 19
552232 28
553312 37
554314 28
555313 28
556311 19
557433 31
558101 12
558432 25
561312 19
562101 36
562211 28
571115 19
601201 31
601202 28
601231 13
601242 37
601342 1
601346 31
601351 31
601361 10
601423 19
601424 37
601425 28
601436 13
601452 37
601471 28
601472 19
601745 28
601769 37
601775 19
602100 34
602102 31
602103 18
602120 30
602121 6
602122 19
602314 27
602421 40
602432 25
602453 10
602454 19
602455 19
602461 16
602463 37
602471 13
602741 28
602751 19
603200 25
603231 9
603321 41
603341 28
603396 25
603423 19
603496 37
603725 37
603743 28
603751 19
604101 19
604211 22
604311 31
604314 16
604315 40
604411 37
604415 34
604423 6
604431 27
604443 28
604454 37
604455 19
605203 28
605302 13
605313 37
605315 0
605316 16
605321 37
605331 40
605340 19
605412 28
605430 28
605711 28
605719 19
606211 10
606243 37
606245 31
606264 10
606310 25
606341 25
606342 37
606344 28
606451 13
606452 19
610114 34
651211 37
651212 28
651231 16
651234 19
651306 19
651313 13
651314 31
651317 19
651319 25
651416 37
651425 28
701100 33
701101 34
701181 21
701202 4
701211 28
701235 31
701243 19
701244 16
701283 31
701310 37
701335 19
701408 19
701409 19
701410 31
701496 28
702100 9
702101 37
702211 27
702213 25
702312 22
702317 0
702321 22
702331 7
702342 40
702354 10
702423 37
702443 28
702499 19
703103 22
703202 3
703204 4
703243 36
703244 25
703322 7
703324 19
703330 28
703331 16
703345 7
703351 0
703361 37
703413 19
703441 4
703444 16
703499 13
705191 19
705211 21
705311 19
705328 7
705331 9
705332 16
705343 34
705431 28
705438 1
705440 21
705441 30
705444 25
705446 25
705447 0
705461 34
705492 28
705499 19
751100 7
751101 35
751102 19
751106 16
751202 6
751209 25
751301 29
751302 41
751303 34
751305 16
751308 36
751309 36
751321 19
751326 34
751330 25
751345 37
751401 7
751403 27
751405 31
751408 10
751417 13
751418 13
751419 37
751421 37
751422 19
751424 19
751428 24
751440 16
751443 19
751447 4
751451 10
751701 13
751702 19
751703 31
751705 10
751706 19
751708 28
751710 37
751716 25
751718 25
751719 31
751727 25
751742 37
751744 37
801100 39
801122 19
801134 28
801204 19
801233 31
801236 16
801241 40
801322 19
801334 37
801371 19
803122 31
803124 28
803131 25
803230 28
803232 31
803260 37
851100 35
851103 3
851104 9
851105 22
851200 22
851201 19
851202 24
851204 10
851207 34
851241 31
851252 9
851253 22
851261 12
851263 37
851273 7
851305 40
851306 36
851309 10
851313 19
851363 25
851366 27
851375 1
851400 13
851401 41
851404 34
851406 16
851443 16
851445 16
851450 7
851462 19
851467 19
951100 26
951202 16
951231 31
951321 28
951324 16
951366 19
951421 25
951498-020 28
951498-021 37
953102 37
953104 31
953111 27
953201 37
953202 19
953214 13
953231 28
953232 28
953234 16
953323 31
953361 28
953421 25
953444 19
953494 19
953495 10
954100 19
954140 4
954142 31
954143 25
954170 7
954240 39
954244 21
954310 10
954340 7
954347 19
954371 37
954372 28
954374 31
954413 19
954421 10
954423 25
954464 13
954472 13
954491 19
954498 22
955102 16
955104 28
