001101 1
001102 1
001112 22
001118 10
001201 1
001202 13
001210 17
001222 19
001223 10
001224 5
001225 13
001226 31
001227 2
001228 11
001229 6
001230 41
001231 25
001234 22
001250 36
001291 37
001292 16
001310 7
001311 4
001312 4
001314 13
001320 31
001321 25
001323 15
001330 34
001341 31
001342 13
001352 40
001355 19
001361 4
001362 7
001410 25
001423 13
001440 25
001445 22
001447 37
001471 13
001472 27
002102 22
002111 40
002191 24
002192 28
002202 37
002230 28
002260 16
002302 13
002311 25
002321 22
002331 37
002362 7
002402 13
002441 4
002471 34
002472 31
003101 0
003102 34
003191 16
003202 28
003332 31
003414 37
003421 34
003436 25
003454 13
004282 27
004465 21
004470 13
004472 13
004474 19
004476 31
006103 0
006126 34
006226 31
006241 30
006253 28
006307 16
006326 40
006330 37
006349 22
006443 19
006448 40
006454 34
006475 13
008214 7
008314 13
008326 31
008402 13
008411 34
009103 40
009213 41
009234 0
009236 13
009254 40
009301 28
009344 22
009355 25
009356 19
009358 31
009363 16
009446 13
011100 12
011101 18
011151 41
011154 27
011156 34
011157 28
011251 19
011268 34
011269 7
011276 31
011277 28
011278 37
011355 13
011367 13
011457 0
011479 24
012173 18
012174 13
012200 19
012374 37
012475 6
013103 41
013110 4
013203 3
013204 36
013207 40
013208 16
013209 22
013216 18
013217 40
013301 0
013303 15
013306 34
013321 19
013335 37
013337 37
013410 31
013413 25
013428 13
013431 13
013432 31
013433 34
014211 40
014270 12
014310 40
014311 13
014323 7
014370 34
014371 28
014383 31
014401 7
014422 19
014423 13
014471 13
014481 3
014483 34
015101 24
015102 25
016101 34
016102 31
017101 34
017102 37
017111 28
017231 13
018104 40
018112 34
018114 34
018126 13
018204 13
018271 16
018323 13
018352 13
018372 34
018467 13
018471 31
019101 25
019104 28
019105 41
019106 25
019112 19
019204 31
019205 0
019206 18
019212 13
019222 28
019332 22
019351 13
019362 25
019371 37
019373 34
019441 37
020101 37
020102 13
020212 13
020231 40
020232 19
020261 28
021101 18
021102 7
021203 31
021204 31
021270 34
024752 13
025110 34
025310 34
025481 13
026101 36
026102 34
026111 36
026112 40
026201 27
029732 31
030101 4
050100 28
050103 13
050104 34
050106 5
050112 9
050113 24
051302 18
051304 12
051306 28
051310 19
051313 34
051418 34
052203 22
052310 22
052314 31
052323 40
052331 31
052350 10
052351 31
052353 28
052355 28
052400 22
052417 41
052419 19
052422 7
052442 40
052447 37
052448 13
052449 13
053713 13
054821 13
055702 25
055734 34
055739 31
055757 13
057121 36
057122 34
057123 13
057125 7
057126 31
057127 40
057128 6
057129 21
057130 36
057131 33
057132 18
057133 3
057134 25
057135 30
057136 11
057137 19
057138 18
057139 31
057213 24
057283 19
057286 34
057287 28
057290 10
057295 40
057297 31
057298 34
057301 34
057302 13
057305 37
057316 7
057366 22
057401 22
057404 13
057407 40
057411 34
057413 28
057419 31
057427 19
057428 25
059405 28
059419 25
061103 10
061106 0
061201 13
061223 31
061224 34
061306 31
061307 13
061312 34
061313 19
061403 28
061405 13
062200 34
062210 19
062320 34
062343 28
062499 25
063201 7
064204 22
064231 34
064331 19
064411 13
064412 31
064421 34
064422 13
064423 34
064424 34
064430 34
064474 37
065120 24
065121 9
065211 7
065212 34
065311 7
065320 13
065333 34
065420 13
065435 25
065436 25
065437 31
065438 34
065797 13
066222 13
066324 37
066412 28
066414 13
067201 34
067203 28
067311 19
067371 22
067433 10
067435 22
067436 28
067491 31
070200 25
070201 34
070301 10
070303 10
070305 25
070401 19
070411 13
070413 30
070414 34
070416 13
070792 13
071411 28
071412 34
071414 13
071415 25
071416 15
071418 19
071419 31
071420 10
071423 31
071426 34
073721 13
074100 18
074101 4
074414 34
076425 31
076426 13
076427 22
076430 13
076444 28
076466 19
078444 24
078454 34
079220 34
099101 34
099102 0
099103 22
100104 28
100109 19
100110 21
100111 37
100112 36
100207 10
100220 28
100222 10
100228 19
100229 13
100230 37
100231 25
100233 4
100307 31
100308 37
100309 34
100310 7
100311 12
100312 15
100313 31
100314 39
100501 0
101201 28
101202 33
101205 12
101325 40
101405 28
101490 9
103271 31
104100 34
104302 4
104310 22
104320 40
104327 10
104334 40
104340 34
104435 13
104471 13
104490 28
109100 34
109114 24
112101 10
112105 40
112106 34
112109 13
112202 31
112205 40
112303 37
112321 34
112322 31
112406 10
112424 31
115301 25
115401 13
116301 28
116302 19
126101 18
126102 13
126212 28
126213 22
126214 31
126324 40
126326 6
126328 19
126330 33
126332 7
126400 22
126431 25
126436 13
126442 31
127100 16
127101 17
127202 18
127205 3
127313 21
127329 13
127330 31
127332 19
127333 16
127359 21
127411 41
127415 25
127416 13
127424 7
127433 31
127492 22
127493 31
127716 34
127720 31
127721 25
127727 13
128100 35
128101 25
128201 28
128304 31
128305 37
128306 22
128308 27
128310 27
128401 21
128423 24
128425 13
128427 7
128434 36
128443 13
128445 13
128451 15
128471 30
128481 34
128484 34
128700 31
128714 34
128727 13
128734 25
140101 13
140102 34
140103 25
140104 13
140105 10
152211 34
152301 13
152321 28
152331 10
154100 4
154104 3
154141 27
154152 10
154153 6
154173 34
154181 28
154251 28
154262 34
154276 41
154281 9
154301 13
154330 25
154431 19
154479 13
154492 34
159100 16
159101 33
159102 36
159151 19
159202 0
159204 13
159331 9
159351 31
159411 24
159434 12
160342 13
164261 28
164341 19
168100 34
168101 19
168410 13
176100 36
176101 26
176104 28
177103 40
177104 10
177113 21
177114 34
177141 13
177142 16
177181 19
177220 0
177222 40
177227 31
177228 25
177229 19
177300 22
177321 10
177332 41
177335 4
177336 19
177341 28
177361 13
177413 3
177420 34
177425 16
177429 25
177430 13
177431 6
177433 4
177441 19
177447 40
177460 31
177464 34
177465 0
177466 7
177470 34
177483 0
177491 7
177494 27
177495 31
179404 7
179406 31
179443 37
201100 8
201110 31
201114 22
201116 27
201117 13
201190 13
202100 4
202101 17
202102 15
202147 31
202231 30
202302 34
202303 25
202305 10
202311 19
202356 37
202362 4
202371 13
202405 31
202421 25
202432 22
202446 25
202461 13
202471 7
202475 37
202476 13
202484 13
202731 34
202744 31
202749 13
202802 13
202833 34
202843 13
203100 30
203104 33
203108 10
203111 33
203113 19
203114 15
203131 24
203132 15
203151 28
203152 3
203154 13
203158 31
203159 10
203162 3
203202 0
203204 22
203206 9
203208 6
203209 19
203211 10
203222 28
203223 15
203226 10
203232 22
203236 27
203250 34
203287 7
203300 24
203304 22
203316 28
203351 41
203352 19
203404 34
203413 31
203424 19
203425 34
203435 21
203459 40
203474 13
203708 31
203715 13
203719 34
203721 34
203725 13
203734 13
203735 13
203754 31
203775 31
203812 31
203825 31
203829 13
203879 13
204100 10
204101 30
204113 19
204123 25
204202 28
204217 15
204232 10
204251 0
204306 6
204315 31
204320 33
204333 19
204355 13
204362 27
204382 19
204422 16
204423 31
204424 13
204425 40
204443 3
204456 34
204482 40
204483 13
204490 22
204725 13
204735 34
204792 31
205100 25
205103 28
205105 25
205216 0
205232 22
205244 19
205252 6
205282 22
205324 19
205344 4
205358 31
205382 34
205421 13
205441 31
205473 25
205476 22
205731 34
205742 31
205764 34
205789 31
205796 13
206100 22
206103 31
206104 36
206108 34
206111 8
206112 39
206161 28
206162 27
206171 23
206172 33
206181 34
206182 24
206191 19
206203 41
206216 31
206217 37
206253 28
206255 19
206261 9
206266 19
206267 34
206281 28
206311 40
206313 31
206321 18
206324 37
206327 7
206331 37
206336 36
206341 34
206342 34
206362 24
206364 31
206367 40
206368 24
206370 22
206428 16
206435 13
206437 25
206457 37
206476 31
206481 19
206703 34
206714 34
206724 34
206734 13
206736 31
206737 31
206774 13
207104 28
207105 30
207106 30
207108 30
207109 21
207110 34
207116 39
207117 27
207118 40
207125 34
207162 10
207172 34
207181 40
207187 24
207188 31
207191 12
207195 28
207214 10
207302 18
207305 7
207306 31
207312 13
207321 13
207402 28
207408 7
207415 41
207442 34
207448 33
207481 13
207704 34
207706 31
207708 13
207712 13
207766 13
208101 15
208140 19
208141 10
208250 10
208263 17
208264 4
208272 12
208322 19
208345 22
208346 34
208353 9
208362 6
208373 28
208423 22
208444 15
208446 4
208460 19
208738 31
208772 13
208873 13
209203 31
209204 15
209252 41
209253 22
209262 25
209263 34
209270 22
209271 7
209272 19
209322 25
209332 7
209341 31
209352 37
209370 19
209376 37
209382 22
209424 31
209452 13
209454 25
209456 22
209466 19
209486 13
209712 34
209714 31
209716 31
209772 13
209787 34
210100 7
210200 31
210207 25
210221 27
210251 22
210276 7
210315 4
210331 7
210355 25
210432 22
210435 13
210463 31
210497 13
210702 13
210717 31
210741 31
210743 34
210744 31
210748 31
211100 37
211303 13
211312 7
211315 0
211318 25
211319 33
211341 16
211342 34
211444 31
211445 41
211446 19
211448 31
211449 37
211709 31
211843 13
212712 31
212721 13
212731 34
213706 34
213707 13
213708 31
213717 13
214301 40
214310 10
214340 19
214341 28
214352 34
214403 19
214412 31
214431 25
214491 13
215205 15
215206 31
215207 30
215208 22
215303 34
215311 22
215312 15
215313 22
215314 28
215401 34
215462 31
215482 7
215495 13
215497 37
215711 13
215742 13
217705 31
217708 13
217773 34
218100 25
218234 37
218236 7
218244 22
218262 31
218352 25
218362 37
218372 34
218382 31
218474 13
218481 31
218496 34
219741 13
219753 34
219766 31
219789 13
225702 25
225704 34
225706 31
225707 13
226703 13
226704 13
226711 34
226805 13
229223 37
229351 25
251100 34
251211 37
251213 37
251216 28
251242 28
251261 0
251292 10
251312 13
251313 13
251333 18
251334 7
251342 13
251361 19
251363 31
251371 7
251372 25
251374 34
251399 31
251411 37
251417 13
251434 31
251436 22
251451 25
251455 40
251456 34
251457 16
251461 15
251476 36
251477 4
251704 25
251707 13
251713 13
251716 31
251723 25
251724 34
251746 34
251748 31
251754 25
251760 34
251763 31
251765 13
251776 25
251781 34
251784 31
252210 24
252212 0
252222 6
252235 30
252281 15
252282 19
252283 12
252285 18
252311 28
252320 28
252328 34
252331 37
252353 0
252401 3
252402 22
252403 4
252404 25
252413 7
252420 33
252421 22
252422 31
252423 25
252427 4
252428 21
252429 6
252435 16
252440 41
252442 41
252443 31
252448 34
252450 16
252456 13
252459 19
252460 7
252479 37
252489 15
252706 34
252707 25
252727 13
252785 25
252789 34
252792 31
253215 10
253318 13
253321 22
253332 22
253416 13
253417 34
253423 37
253433 19
253441 7
253443 7
253451 25
253452 25
253454 31
253716 31
253721 13
253725 25
253734 22
253735 25
253747 31
253749 7
253752 25
253754 34
253791 34
254182 10
254200 31
254205 12
254206 16
254207 31
254211 15
254215 6
254216 37
254222 19
254231 28
254232 28
254271 0
254282 40
254302 21
254325 19
254334 35
254352 30
254362 39
254371 17
254373 27
254400 4
254411 28
254412 34
254415 19
254421 21
254422 13
254423 15
254424 13
254435 37
254441 7
254443 31
254445 13
254451 25
254452 24
254453 25
254454 31
254466 24
254476 37
254477 34
254478 34
254495 13
254701 13
254702 13
254721 13
254733 25
254737 13
254791 25
254816 31
254817 34
254857 34
255201 0
255210 39
255230 6
255300 18
255301 40
255316 3
255323 4
255328 31
255337 16
255340 21
255393 34
255422 16
255425 25
255429 6
255430 36
255431 22
255432 0
255433 31
255440 4
255442 6
255444 19
255445 13
255447 25
255451 15
255455 41
255462 7
255463 33
255471 34
255492 36
255497 37
255499 34
255714 13
255735 25
255750 13
255751 37
255769 34
255772 34
255783 31
256100 31
256271 34
256317 7
256318 31
256334 22
256418 13
256419 16
256441 34
256444 37
256456 25
256473 4
256474 13
256791 13
259103 20
259104 36
259106 12
259107 15
259108 41
259192 29
259193 24
259194 34
259195 23
259200 34
259201 33
259203 15
259401 37
260313 25
260334 34
260416 31
260421 34
260432 13
260702 13
261102 19
261111 7
261112 14
261113 16
261205 10
261207 40
261208 24
261214 22
261215 6
261218 18
261305 0
261306 31
261332 0
261342 7
261343 37
261361 16
261421 19
261430 37
261433 31
261438 19
261444 28
261446 19
261447 13
261448 7
261449 34
261453 19
261465 34
261473 25
261479 7
261494 18
261497-002 4
261497-008 37
261497-802 31
261497-808 13
261499 25
261736 34
261738 25
261745 13
261751 25
261752 34
261755 31
261763 31
261781 31
261795 34
261891 25
263710 22
263721 13
263724 25
263745 34
263751 31
264702 25
264705 34
264709 31
264755 13
265706 25
265709 34
265710 31
266801 13
268732 13
268735 25
268741 31
269103 34
269105 40
269111 41
269130 31
269210 34
269341 31
269360 4
269370 25
269452 22
269498 41
270712 34
270721 25
305203 7
318322 13
329105 40
329106 28
330115 10
351100 28
351201 31
351302 19
351321 40
351364 40
351371 31
351425 12
351426 34
351464 13
352103 33
352311 10
352313 41
352314 31
352401 13
352412 37
352421 10
352422 10
352433 19
352441 0
353313 19
353418 37
353431 13
353441 13
353471 37
353482 25
354311 0
354312 31
355411 4
356100 7
356101 25
356102 34
356210 41
356261 21
356333 4
356361 10
356373 34
356374 13
356411 18
356414 40
356415 19
356416 31
356431 13
356432 34
356441 16
356442 25
356443 19
356444 28
356446 37
356447 31
356449 41
356451 13
356455 34
356471 7
356472 34
356474 31
356496 13
357101 38
357110 31
357210 15
357322 10
357323 28
357418 37
357421 34
357432 13
357441 28
357444 13
357446 31
359202 0
359205 31
359206 34
359302 34
359303 13
359305 37
359341 40
359350 10
359360 28
359380 34
359401 13
359403 15
359408 22
359422 37
359423 31
359452 7
359460 22
359461 28
359465 31
360100 24
360301 10
360304 0
360441 40
361210 13
361211 16
361214 28
361341 22
361413 10
361414 31
361421 34
361433 28
361442 40
361452 13
361461 7
361475 19
363210 15
363401 31
363402 34
365201 22
365211 16
365322 13
365324 40
365422 10
365425 13
365426 31
368211 10
368310 3
368412 7
368417 19
400110 21
400210 3
401281 40
401383 4
401391 28
403281 28
403383 13
406284 19
406294 7
406386 22
406396 34
408382 16
410381 40
413383 15
413391 3
415393 25
420282 22
421282 25
421292 34
421386 19
421396 7
422381 36
428281 31
428282 13
428381 31
428383 37
461170 15
461471 19
461472 28
461511 16
461523 25
461526 28
461527 22
461532 7
462130 16
462544 13
462587 13
462588 31
463201 34
463252 13
463331 34
463332 7
463342 31
463354 13
463433 19
463512 37
463513 7
463543 25
463544 28
463557 4
463559 13
463571 16
463592 22
464302 37
464312 25
464402 34
464403 31
464414 4
464442 25
464443 28
464445 13
464446 37
464500 13
464502 31
464504 25
464505 34
464506 37
464508 13
464545 22
464549 13
501201 40
501202 7
501305 40
501306 7
502313 4
502314 37
504202 34
504305 19
506202 19
508304 13
510306 34
512304 22
513113 28
513115 13
513212 28
513216 25
513217 34
513225 10
513284 13
513331 22
513343 31
513364 25
513373 13
513390 34
513411 31
513446 13
514202 28
514206 22
514222 25
514244 37
514272 4
514322 19
514336 25
514352 34
514358 13
514382 22
514384 7
514396 37
514398 31
514436 31
514462 13
514742 34
514752 31
515204 13
515205 34
515256 22
515257 37
515330 19
515337 37
515339 22
515362 31
515377 34
515378 13
515380 25
518724 13
518770 31
551461 37
552216 25
552217 13
552232 25
557433 25
558101 33
558411 34
558432 13
562101 36
562211 13
601201 12
601202 16
601231 13
601242 0
601342 19
601346 22
601351 7
601361 13
601423 31
601424 34
601431 25
601436 28
601452 37
601471 22
601472 31
601724 13
601731 34
601745 31
601769 34
601775 13
602100 23
602102 37
602103 0
602120 15
602121 40
602122 10
602301 7
602314 13
602421 40
602453 37
602454 13
602455 31
602461 25
602472 19
602741 13
602751 13
603200 15
603231 33
603321 22
603341 40
603396 19
603423 34
603496 13
603743 34
604101 4
604211 4
604311 22
604314 28
604315 6
604411 22
604415 31
604423 13
604431 36
604443 13
604454 25
605203 10
605302 18
605313 34
605315 31
605316 28
605321 37
605331 40
605340 13
605412 34
605413 31
605430 7
605476 34
605701 13
605711 34
605719 31
605742 13
606211 0
606243 40
606245 13
606264 34
606310 10
606341 22
606342 25
606344 34
606451 31
606452 13
610114 20
651210 19
651211 34
651212 13
651234 19
651306 31
651313 22
651314 37
651317 34
651319 25
651416 31
651425 13
701100 39
701181 33
701202 6
701235 28
701244 0
701283 28
701335 13
701408 31
701423 13
701496 13
702100 34
702101 5
702211 36
702312 13
702313 41
702317 15
702321 37
702331 19
702342 31
702354 19
702418 31
702443 28
702499 13
703103 19
703109 34
703202 9
703204 24
703243 40
703244 10
703309 37
703322 19
703324 12
703330 0
703331 40
703345 19
703351 4
703361 7
703413 13
703441 16
703499 33
705191 23
705211 20
705311 34
705328 31
705331 19
705332 22
705343 0
705431 16
705438 37
705440 28
705441 13
705442 18
705444 21
705447 3
705448 25
705499 6
751100 25
751101 30
751102 39
751106 31
751202 29
751209 6
751301 36
751302 4
751303 24
751305 7
751308 21
751309 0
751320 19
751326 25
751327 34
751330 34
751401 27
751403 36
751405 31
751408 21
751417 13
751418 37
751421 13
751422 13
751428 29
751440 4
751443 30
751701 22
751702 31
751703 34
751705 7
751706 31
751708 22
751716 7
751718 25
751719 25
751728 13
751734 34
751752 13
801100 32
801122 10
801134 34
801204 7
801233 31
801236 13
801241 19
801322 31
801334 34
801371 31
803122 34
803124 40
803131 19
803230 34
803232 28
803260 34
851100 37
851103 32
851104 28
851105 25
851201 34
851202 34
851204 34
851207 3
851241 19
851252 13
851253 6
851261 21
851263 31
851273 37
851305 27
851309 0
851345 25
851363 13
851366 19
851400 13
851404 6
851406 13
851407 24
851441 28
851462 33
851467 13
852100 3
951100 38
951231 31
951324 13
951344 13
951366 13
951421 34
951498-004 13
951498-007 13
951498-011 13
951498-015 13
951498-020 28
951498-021 25
953102 31
953111 41
953201 16
953202 22
953211 40
953214 34
953231 10
953232 7
953234 10
953323 37
953422 7
953494 13
954100 13
954140 34
954142 34
954143 31
954170 19
954240 13
954326 4
954340 19
954371 28
954374 37
954423 37
954462 13
954464 10
954472 31
954491-001 34
954491-002 31
954491-003 37
954498 40
955102 28
955104 37
