001101 33
001102 11
001112 13
001118 21
001201 1
001202 34
001210 28
001222 4
001223 4
001224 14
001225 4
001226 12
001227 2
001228 4
001229 5
001230 9
001231 19
001234 31
001250 37
001291 18
001292 25
001310 11
001311 39
001312 21
001314 28
001315 30
001320 37
001321 28
001323 7
001330 25
001341 40
001342 13
001352 7
001355 4
001361 1
001362 0
001391 31
001410 34
001423 22
001440 37
001445 34
001446 28
001463 37
001471 28
001472 22
002102 13
002111 27
002191 19
002202 34
002230 31
002260 7
002302 13
002311 16
002321 31
002331 37
002362 40
002402 13
002441 7
002471 28
003102 37
003191 15
003202 22
003314 28
003331 16
003332 13
003361 7
003367 16
003454 25
004282 40
004465 6
004472 7
004474 31
004476 22
006103 19
006226 7
006241 36
006253 28
006307 25
006326 7
006330 13
006349 16
006353 13
006423 7
006432 34
006443 7
006448 34
006475 40
008214 34
008314 37
008326 34
008402 13
008411 28
009103 28
009213 28
009234 16
009236 37
009254 13
009325 7
009327 16
009344 16
009355 34
009356 13
009358 37
009363 31
009446 25
011100 29
011101 13
011154 9
011156 30
011157 19
011251 28
011257 18
011268 7
011269 28
011276 13
011277 33
011278 22
011355 25
011367 37
011457 7
011479 16
012173 10
012200 31
012271 0
012272 28
013103 36
013110 10
013203 10
013204 21
013207 25
013208 40
013209 22
013216 31
013217 28
013301 15
013303 34
013306 7
013321 34
013335 25
013337 16
013410 31
013413 31
013422 13
013428 7
013431 37
013432 7
014210 24
014211 13
014270 36
014310 28
014311 41
014323 34
014370 16
014383 28
014390 28
014401 6
014410 13
014422 4
014423 7
014471 31
014481 15
015101 9
015102 28
016101 34
016102 7
017101 33
017102 28
017111 7
017112 4
017231 37
018104 40
018111 7
018112 32
018114 0
018126 4
018204 34
018271 34
018323 16
018352 28
018372 37
018468 28
019101 28
019104 13
019105 1
019106 25
019112 37
019204 7
019205 16
019206 34
019212 40
019222 28
019332 28
019351 25
019362 34
019373 22
019441 13
020101 21
020102 13
020212 13
020231 37
020232 28
020261 25
021101 16
021102 13
021203 16
021204 34
021270 25
024752 16
025110 31
025381 37
025481 25
026101 23
026102 10
026111 19
026112 7
026201 34
026202 37
050100 13
050103 3
050104 27
050106 41
050112 1
050113 30
051302 18
051304 22
051306 7
051310 37
051313 28
051412 13
051418 28
052203 24
052310 7
052323 22
052331 37
052350 36
052351 13
052353 34
052355 18
052400 22
052417 25
052420 37
052422 31
052441 13
052442 28
052445 16
052448 7
052449 16
052725 7
054821 16
054822 16
055702 7
055703 16
055711 13
055739 13
057121 41
057122 34
057123 6
057125 12
057126 18
057127 19
057128 38
057129 12
057130 41
057131 30
057132 0
057133 10
057134 16
057135 37
057136 28
057137 19
057138 18
057139 5
057213 37
057283 25
057286 31
057287 22
057290 28
057295 22
057297 37
057298 31
057301 19
057302 28
057305 27
057307 25
057316 25
057366 15
057401 16
057404 7
057407 31
057413 31
057419 25
057425 37
057427 37
057428 36
057450 28
059405 25
059413 28
059419 34
061106 18
061201 37
061205 37
061223 22
061224 34
061306 37
061312 34
061313 25
061317 28
061319 7
061401 34
061403 16
061405 37
061430 31
062342 31
062346 7
062360 25
062380 31
062411 25
062452 22
062460 13
062470 22
062499 25
063201 37
064204 4
064231 7
064232 31
064252 28
064303 7
064411 37
064412 16
064413 7
064417 25
064422 28
064423 22
064424 34
064474 31
065120 25
065121 18
065211 13
065212 3
065311 22
065320 25
065333 19
065420 25
065436 28
065437 7
065438 28
065782 13
065795 7
065797 16
065799 16
066222 13
066324 16
066412 34
066416 7
066426 3
067201 34
067203 28
067303 31
067311 1
067371 13
067433 37
067435 25
067436 25
067491 31
070200 10
070304 7
070305 16
070400 13
070401 7
070403 19
070404 16
070410 28
070411 28
070413 28
070414 19
070415 16
070416 31
070727 7
070731 16
070741 16
071411 31
071412 28
071413 25
071414 34
071415 19
071416 37
071417 28
071419 24
071420 25
071426 37
071724 16
074100 35
074101 8
076414 31
076426 13
076427 25
076428 4
076429 25
076430 7
076444 31
076466 34
078444 35
079444 22
088708 16
099101 0
099102 10
099103 13
100102 10
100104 24
100109 6
100110 13
100111 31
100112 4
100205 10
100206 28
100207 19
100208 34
100210 25
100212 15
100213 4
100214 37
100218 40
100219 40
100220 22
100222 1
100225 34
100227 25
100281 18
100306 13
100307 28
100308 10
100309 4
100310 40
100501 18
101201 37
101202 40
101205 0
101325 34
101405 25
101490 22
103271 22
104100 22
104201 28
104302 1
104310 25
104320 19
104327 25
104334 37
104435 7
104450 28
104490 28
109100 37
109114 0
112101 25
112105 37
112106 7
112109 16
112202 28
112205 22
112303 28
112321 28
112322 28
112406 28
112424 13
115300 37
116301 7
116302 25
126101 3
126102 1
126212 16
126213 22
126214 3
126324 0
126325 16
126328 30
126330 31
126331 40
126332 28
126400 16
126431 22
126434 13
126436 4
126437 37
126438 25
126442 36
127100 34
127101 37
127202 25
127205 7
127206 21
127303 6
127313 4
127320 22
127330 6
127332 34
127333 12
127336 28
127359 41
127411 31
127412 34
127413 13
127414 7
127415 37
127416 25
127424 31
127433 16
127492 28
127716 13
127720 7
127721 25
127730 16
128100 5
128101 34
128201 7
128304 27
128305 38
128306 31
128308 30
128310 4
128353 37
128401 25
128423 7
128425 34
128427 37
128429 34
128434 28
128445 16
128451 28
128462 37
128471 13
128484 7
128700 25
128712 7
128727 13
128734 16
128751 7
140101 28
140102 19
140103 18
140104 0
140105 41
152211 28
152301 22
152321 22
152331 22
154100 37
154104 10
154141 31
154152 13
154153 22
154173 16
154181 37
154251 31
154276 16
154281 41
154301 25
154330 34
154431 28
154479 34
154482 37
154492 22
159100 33
159101 12
159102 31
159151 25
159202 16
159203 28
159204 25
159331 37
159411 22
159412 22
159434 7
159462 28
160342 34
164261 31
164341 28
168101 22
168410 37
176100 20
176101 40
176104 13
177104 21
177113 1
177114 13
177141 41
177142 16
177181 28
177220 16
177222 25
177227 31
177228 16
177229 24
177300 12
177321 37
177332 19
177335 28
177341 7
177361 31
177362 21
177413 22
177420 25
177425 7
177429 34
177430 13
177431 7
177433 19
177460 16
177464 37
177465 27
177466 25
177470 31
177471 7
177483 25
177491 22
177494 34
177495 31
179402 7
179403 7
179404 28
179406 16
179443 4
201100 19
201110 10
201114 16
201116 17
201117 18
201190 25
202100 16
202101 36
202102 39
202147 21
202231 12
202303 25
202305 7
202311 34
202331 28
202356 34
202371 37
202405 16
202432 31
202442 22
202461 13
202471 40
202475 16
202476 40
202484 28
202731 7
202736 13
202749 16
202770 13
202804 16
202807 16
202833 16
202843 7
203100 21
203104 15
203108 3
203111 15
203113 26
203114 4
203131 36
203132 31
203151 40
203152 27
203154 21
203158 40
203159 16
203162 1
203202 6
203203 19
203204 22
203206 38
203207 4
203208 27
203209 25
203211 27
203222 33
203223 31
203226 24
203232 25
203236 41
203250 13
203287 16
203300 34
203304 22
203316 16
203351 12
203352 22
203413 25
203424 10
203425 28
203435 4
203459 28
203708 7
203715 16
203719 13
203721 16
203734 7
203735 7
203749 13
203754 16
203775 7
203804 16
203812 7
203825 13
203829 7
204100 25
204101 28
204113 34
204123 25
204202 28
204217 16
204232 31
204251 15
204306 13
204315 24
204320 7
204333 7
204355 28
204362 40
204382 22
204422 34
204425 37
204441 4
204443 25
204452 19
204456 10
204482 25
204483 37
204490 31
205100 15
205103 34
205105 24
205216 15
205232 25
205244 22
205252 12
205282 31
205324 7
205344 28
205358 10
205361 37
205382 25
205421 34
205473 7
206100 31
206103 30
206104 31
206108 22
206111 32
206112 30
206161 12
206162 13
206171 32
206172 30
206181 36
206182 4
206191 34
206211 41
206216 12
206217 25
206253 13
206255 7
206261 15
206266 18
206281 34
206311 22
206313 31
206321 34
206325 27
206327 28
206331 34
206336 37
206341 31
206342 7
206355 16
206357 34
206362 15
206364 10
206367 34
206368 37
206370 22
206421 16
206435 28
206437 41
206467 19
206471 7
206476 13
206481 16
206725 13
206726 7
206728 16
206729 16
206731 13
206734 7
206736 13
206737 13
206774 7
207100 28
207104 40
207105 25
207106 39
207108 19
207109 37
207110 34
207116 9
207117 23
207118 40
207125 27
207137 40
207162 25
207172 37
207181 16
207187 2
207188 28
207191 7
207195 19
207214 25
207302 25
207305 30
207306 6
207312 7
207321 28
207402 34
207408 10
207415 22
207442 28
207448 16
207449 28
207704 25
207706 13
207708 7
207712 16
207741 16
207766 16
207776 16
208101 8
208140 24
208141 40
208161 6
208250 10
208263 16
208264 34
208271 34
208272 9
208322 40
208345 34
208346 28
208353 37
208362 18
208373 4
208384 28
208423 28
208444 13
208446 25
208460 28
208738 25
208740 16
208770 7
208772 7
208774 13
208776 7
208873 16
209203 7
209204 1
209252 6
209253 37
209262 40
209263 22
209270 12
209271 25
209272 16
209322 7
209332 7
209341 16
209352 40
209370 34
209376 10
209382 25
209424 16
209452 34
209454 37
209456 19
209466 10
209486 28
209714 13
209772 16
209787 7
209789 13
210100 18
210200 13
210207 19
210221 40
210251 28
210276 21
210315 7
210331 34
210355 22
210432 19
210435 16
210448 34
210463 28
210702 16
210717 7
210734 13
210741 7
210743 13
210748 7
210787 13
211100 27
211303 7
211312 28
211315 24
211318 19
211319 19
211341 36
211342 25
211448 31
211449 13
211495 37
211709 16
212712 16
212714 7
212731 13
213708 16
213717 7
213718 7
213763 13
214301 18
214310 24
214340 34
214341 13
214352 4
214403 28
214412 22
214431 16
214442 13
214462 13
214491 28
215205 2
215206 40
215207 31
215208 18
215303 16
215312 16
215313 25
215314 28
215401 37
215462 7
215482 13
215711 7
215783 16
217705 13
217708 7
217773 16
218100 36
218234 40
218236 28
218244 16
218262 25
218352 37
218362 7
218372 25
218382 34
218481 28
218486 7
218496 10
219753 13
219781 7
226703 16
226704 7
226710 7
226805 16
229223 25
229351 16
251100 25
251211 10
251213 34
251216 31
251242 34
251261 27
251292 41
251312 19
251313 18
251333 40
251334 37
251342 12
251361 4
251363 22
251371 37
251372 25
251374 1
251399 15
251411 25
251417 28
251434 34
251436 34
251451 28
251455 7
251456 22
251457 10
251461 31
251465 16
251704 31
251707 16
251713 16
251716 25
251723 13
251724 7
251738 16
251746 25
251748 13
251754 25
251760 13
251763 16
251765 7
251773 25
251781 13
251784 7
252210 37
252212 27
252222 15
252235 33
252281 28
252282 19
252283 16
252285 6
252311 0
252320 31
252331 40
252353 16
252401 37
252402 10
252403 25
252404 34
252413 37
252420 31
252421 34
252422 28
252423 21
252427 22
252428 0
252429 13
252435 36
252440 22
252442 7
252443 28
252448 37
252450 31
252456 37
252459 25
252460 40
252479 28
252489 37
252706 7
252707 13
252714 25
252721 25
252727 13
252755 13
252765 7
252781 7
252792 16
253215 18
253318 25
253321 28
253332 31
253423 16
253433 7
253441 34
253443 37
253451 4
253452 37
253454 34
253721 16
253725 25
253731 25
253734 13
253735 13
253747 31
253749 37
253752 31
253754 7
253791 7
254182 19
254200 33
254205 19
254206 24
254207 37
254211 2
254215 41
254216 7
254222 30
254231 13
254232 3
254271 27
254282 40
254334 24
254352 36
254362 12
254371 19
254373 40
254400 34
254411 34
254412 16
254415 37
254421 15
254423 7
254424 37
254427 28
254435 22
254441 28
254443 34
254445 34
254446 31
254451 7
254452 22
254453 10
254466 25
254476 10
254477 13
254478 34
254495 16
254701 16
254721 7
254733 25
254737 13
254771 13
254816 16
254857 7
255210 9
255230 12
255300 16
255301 41
255316 24
255323 22
255328 27
255337 5
255340 33
255393 36
255422 25
255425 28
255430 28
255432 18
255433 28
255437 13
255440 31
255442 31
255445 16
255447 28
255451 28
255455 22
255463 37
255471 7
255497 13
255714 31
255735 13
255746 16
255750 25
255751 25
255769 7
255772 7
255783 25
255786 7
255791 37
255792 7
256100 9
256271 28
256281 7
256317 37
256318 28
256334 22
256415 28
256419 10
256442 16
256443 16
256456 25
256473 19
256474 34
256713 25
256741 16
256752 13
256753 7
256791 16
259103 27
259104 36
259106 37
259107 32
259108 25
259192 6
259193 30
259194 19
259195 9
259200 7
259201 21
259203 16
259401 28
260313 25
260334 28
260421 28
260702 25
260712 13
260719 7
260791 16
261102 4
261111 24
261112 41
261113 22
261205 28
261207 31
261208 13
261214 34
261215 40
261218 22
261305 30
261306 22
261332 27
261342 34
261343 37
261361 25
261411 41
261421 16
261430 41
261433 10
261444 28
261446 40
261447 31
261448 16
261449 37
261453 6
261465 10
261473 28
261479 16
261494 10
261497 37
261498 28
261499 7
261731 16
261736 16
261742 25
261745 13
261751 16
261752 7
261755 25
261763 13
261792 31
261796 7
261891 13
263710 25
263721 13
263724 7
263745 16
263751 16
264702 13
264703 7
264705 16
264755 25
264791 31
265706 13
265709 7
265710 16
266703 16
266801 7
268735 25
268741 13
268742 16
269103 7
269105 22
269130 34
269210 19
269341 34
269360 28
269370 25
269497 7
269498 15
270721 13
270791 13
305203 37
318322 4
329104 30
330112 4
351100 18
351201 25
351302 31
351331 7
351364 25
351371 13
351425 37
351426 16
351464 28
352103 22
352311 28
352314 16
352315 31
352323 16
352331 19
352332 4
352401 28
352412 37
352413 34
352421 25
352422 22
352433 13
352441 7
353313 37
353418 7
353431 34
353441 4
353471 31
353482 7
354311 25
354312 28
355411 13
356100 37
356101 40
356102 28
356210 40
356261 28
356306 28
356331 13
356333 34
356373 31
356375 25
356411 24
356412 28
356415 22
356416 19
356431 16
356432 22
356441 6
356442 31
356443 34
356444 25
356446 28
356447 4
356448 25
356449 7
356455 16
356472 22
356474 7
357110 0
357210 3
357322 31
357323 40
357418 31
357421 28
357432 28
357442 16
357444 37
357446 22
359202 3
359205 37
359206 31
359302 31
359305 31
359341 13
359350 19
359360 28
359401 4
359403 40
359419 16
359422 13
359452 31
359455 28
359460 7
359461 13
360100 34
360301 34
360402 37
360403 37
360411 34
360423 37
360441 4
360460 31
361210 27
361211 28
361214 25
361341 31
361414 28
361421 34
361433 37
361442 28
361461 16
361475 16
363210 1
365201 37
365211 31
365301 22
365324 7
365331 25
365422 37
365425 34
365426 28
368211 40
368310 25
368412 37
368417 34
368433 34
400110 0
400210 18
401281 37
401383 25
401391 22
403281 31
403383 16
406284 16
406294 34
406386 27
406396 19
408382 21
410381 40
413383 1
413391 34
415393 37
420282 28
421282 25
421292 22
421386 13
421396 31
422381 4
428281 13
428282 7
428381 7
428383 28
461170 0
461471 4
461472 31
461511 37
461526 4
462130 7
462531 25
462542 13
462545 7
462582 16
462587 22
462588 28
463201 34
463252 16
463331 31
463332 31
463342 28
463354 16
463512 28
463513 1
463534 37
463543 31
463544 7
463557 16
463559 13
463571 34
463592 28
464302 34
464312 7
464402 16
464403 13
464414 37
464442 7
464443 22
464445 34
464446 25
464500 28
464502 25
464504 22
464505 13
464506 7
464508 28
464544 16
464545 28
464546 28
464549 37
501201 7
501202 16
501305 16
501306 28
502313 31
502314 25
504202 22
504305 7
506202 28
508304 34
510306 22
512304 13
513113 16
513115 37
513212 16
513216 28
513217 25
513225 22
513284 7
513331 7
513343 16
513364 28
513373 22
513390 13
513411 28
513446 16
514202 25
514206 16
514222 31
514244 28
514272 7
514322 25
514336 7
514352 16
514358 13
514382 34
514384 22
514396 28
514398 31
515204 34
515205 37
515256 7
515257 28
515330 28
515337 25
515339 22
515362 13
515377 31
515378 7
515380 16
515407 25
515440 13
515441 7
515442 16
518724 16
518770 7
551311 13
552216 16
552217 28
552232 16
553312 7
554314 16
555313 7
556311 16
557433 25
558101 30
558432 22
561312 28
562101 18
562211 28
571115 28
601201 34
601202 40
601231 37
601242 7
601342 34
601346 7
601351 31
601361 25
601423 28
601424 4
601425 19
601436 4
601452 31
601471 37
601472 28
601745 7
601769 13
601775 16
602100 34
602102 31
602103 18
602120 41
602121 16
602122 7
602314 21
602421 28
602432 31
602453 7
602454 28
602455 37
602461 4
602463 34
602471 22
602741 7
602751 16
603200 9
603231 13
603321 21
603341 34
603396 16
603423 7
603496 37
603725 13
603743 7
603751 16
604101 6
604211 4
604311 27
604314 4
604315 25
604411 40
604415 12
604423 31
604431 15
604443 28
604454 16
604455 13
605203 13
605302 28
605313 34
605315 13
605316 34
605321 13
605331 25
605340 25
605412 28
605430 40
605711 7
605719 16
606211 28
606243 37
606245 7
606264 4
606310 28
606341 25
606342 13
606344 7
606451 37
606452 16
610114 34
651211 22
651212 7
651231 30
651234 16
651306 22
651313 37
651314 31
651317 16
651319 25
651416 13
651425 7
701100 15
701101 28
701181 12
701202 16
701211 28
701235 13
701243 37
701244 25
701283 18
701310 37
701335 16
701408 16
701409 13
701410 7
701496 28
702100 39
702101 37
702211 6
702213 0
702312 19
702317 6
702321 13
702331 7
702342 25
702354 4
702423 31
702443 13
702499 25
703103 22
703202 33
703204 13
703243 7
703244 15
703322 31
703324 41
703330 28
703331 25
703345 7
703351 33
703361 31
703413 16
703441 13
703444 4
703499 37
705191 9
705211 21
705311 19
705328 25
705331 16
705332 34
705343 16
705431 12
705438 22
705440 12
705441 18
705444 0
705446 7
705447 25
705461 37
705492 34
705499 28
751100 7
751101 35
751102 19
751106 7
751202 1
751209 36
751301 21
751302 31
751303 7
751305 30
751308 33
751309 13
751321 13
751326 25
751330 40
751345 4
751401 7
751403 5
751405 3
751408 34
751417 21
751418 28
751419 28
751421 37
751422 28
751424 25
751428 16
751440 37
751443 27
751447 22
751451 34
751701 37
751702 16
751703 31
751705 34
751706 16
751708 7
751710 13
751716 25
751718 25
751719 31
751727 25
751742 13
751744 13
801100 39
801122 28
801134 16
801204 13
801233 37
801236 31
801241 16
801322 28
801334 37
801371 7
803122 31
803124 37
803131 7
803230 37
803232 28
803260 37
851100 18
851103 6
851104 34
851105 18
851200 22
851201 28
851202 24
851204 25
851207 40
851241 7
851252 15
851253 6
851261 0
851263 34
851273 0
851305 12
851306 27
851309 37
851313 7
851363 25
851366 24
851375 1
851400 13
851401 31
851404 4
851406 28
851443 34
851445 37
851450 41
851462 25
851467 25
951100 26
951202 16
951231 16
951321 31
951324 7
951366 7
951421 25
951498-020 28
951498-021 37
953102 7
953104 28
953111 36
953201 31
953202 31
953214 37
953231 37
953232 19
953234 10
953323 22
953361 4
953421 31
953444 4
953494 7
953495 13
954100 13
954140 24
954142 25
954143 28
954170 13
954240 37
954244 0
954310 21
954340 7
954347 34
954371 25
954372 40
954374 37
954413 34
954421 37
954423 28
954464 7
954472 28
954491 34
954498 19
955102 25
955104 31
