001101 2
001102 1
001112 3
001118 34
001201 25
001202 28
001210 9
001212 25
001218 19
001222 40
001223 4
001224 4
001225 4
001226 4
001227 4
001228 4
001229 4
001230 24
001231 37
001234 4
001250 12
001281 22
001291 31
001292 19
001310 10
001311 7
001312 25
001314 0
001315 25
001320 34
001321 7
001323 37
001330 31
001341 37
001342 16
001352 33
001355 28
001361 34
001362 41
001391 13
001410 37
001440 10
001445 13
001463 34
001472 10
002102 16
002111 13
002191 21
002202 34
002230 31
002260 13
002302 25
002321 10
002362 34
003102 37
003191 41
003202 28
003213 0
003261 40
003454 10
004465 15
004472 25
004474 37
004476 13
006103 34
006226 34
006241 22
006253 40
006307 25
006325 40
006443 34
006448 34
008314 4
008402 37
008411 10
009103 38
009213 3
009232 37
009254 7
009301 34
009327 13
009344 34
009355 10
009358 0
009363 34
011100 18
011101 30
011153 30
011154 21
011156 28
011157 13
011251 33
011257 15
011268 34
011269 6
011276 31
011277 41
011278 22
011358 0
011367 25
011457 34
012173 31
012200 37
012271 34
012272 10
012374 16
013103 10
013110 7
013203 16
013204 13
013206 7
013207 3
013208 16
013209 19
013216 13
013301 7
013303 34
013305 0
013314 10
013337 37
013413 7
013425 10
013431 10
013432 13
013433 41
014210 4
014211 34
014270 13
014310 15
014311 25
014370 10
014371 25
014390 37
014401 25
014410 34
014423 40
014471 6
014481 22
015101 21
015102 34
016101 28
017101 10
017102 7
017111 13
017201 34
017231 10
018104 7
018111 13
018112 15
018114 34
018126 4
018204 37
018271 10
018323 13
018332 34
018352 0
018372 28
019101 6
019104 13
019105 34
019106 9
019112 3
019204 16
019205 34
019206 25
019211 22
019212 10
019221 34
019222 0
019332 25
019351 10
019362 13
019371 34
019382 7
019441 37
020101 13
020102 7
020211 37
020212 37
020231 13
020232 28
020261 34
020341 34
021101 31
021102 22
021203 10
021204 10
021270 34
024752 34
025110 28
025381 37
025481 7
026101 30
026102 41
026111 21
026112 34
026201 16
050100 34
050103 9
050104 25
050106 29
050112 26
050113 37
051300 31
051302 31
051304 10
051306 25
051310 10
051313 34
052201 34
052203 7
052310 4
052323 15
052331 25
052351 0
052353 7
052355 3
052417 34
052422 0
052442 4
052449 22
052466 31
057121 24
057122 36
057123 27
057125 22
057126 9
057127 23
057128 20
057129 20
057130 0
057131 31
057132 21
057133 18
057134 13
057135 22
057136 31
057137 13
057138 3
057205 31
057213 15
057276 36
057283 40
057286 28
057287 40
057289 16
057290 34
057295 22
057297 31
057298 37
057301 37
057302 34
057305 10
057316 0
057366 40
057404 15
057407 4
057425 22
057428 22
059405 4
059419 22
061103 33
061106 28
061201 4
061205 13
061223 15
061306 25
061312 37
061313 25
061317 4
061401 40
061403 25
061430 4
062320 0
062341 4
062342 10
062343 10
062344 28
062345 25
062346 1
062360 34
062380 40
062411 34
062452 28
062460 40
062470 25
064202 40
064204 37
064207 37
064272 34
064273 13
064303 31
064410 4
064413 22
064417 31
064418 25
064422 25
064424 31
065120 40
065121 34
065211 22
065212 34
065311 4
065333 31
065420 37
065795 34
065797 4
065799 4
066222 16
066324 22
066412 10
066416 4
066426 10
067201 25
067203 16
067311 37
067371 37
067433 31
067435 4
067436 37
067491 34
067492 4
070100 41
070200 13
070301 4
070303 13
070304 13
070305 4
070308 28
070400 28
070403 10
070404 25
070410 4
070411 34
070413 10
070414 22
070415 4
070416 37
070711 34
070726 34
070740 4
070741 4
070792 4
071412 34
071413 4
071414 4
071415 16
071417 37
074100 27
074101 30
074201 10
076312 7
076314 28
076414 15
076426 34
076427 4
076428 28
076429 13
076444 13
076466 28
078444 22
078454 37
079444 31
099101 9
099102 37
100104 7
100105 12
100106 4
100107 4
100108 13
100205 25
100206 4
100207 21
100208 40
100209 1
100211 40
100306 2
100307 15
100308 28
100309 34
100310 13
100501 25
101201 10
101202 13
101205 4
101325 22
101490 16
103112 4
103271 36
104100 28
104302 7
104310 25
104320 3
104327 4
104334 34
104450 13
104490 13
109100 36
109114 18
112101 34
112105 13
112106 25
112109 31
112202 4
112205 10
112321 13
112322 34
112406 4
112424 10
115200 37
115300 25
115301 34
116301 25
126101 40
126102 10
126212 12
126213 3
126214 37
126325 28
126326 37
126328 13
126331 34
126332 15
126431 4
126436 4
126442 37
127100 6
127101 18
127202 21
127204 40
127205 28
127303 34
127313 1
127330 7
127359 37
127411 25
127412 10
127414 34
127716 10
127720 34
127721 4
127726 25
128100 24
128101 37
128201 4
128304 19
128305 0
128306 37
128308 28
128310 34
128351 4
128355 13
128423 25
128427 25
128434 10
128443 10
128700 25
128727 10
128734 34
128751 4
140104 9
152211 10
152301 25
152331 25
154104 33
154141 12
154152 13
154153 37
154173 3
154181 34
154251 19
154276 28
154281 37
154301 37
154330 34
154340 10
154363 34
154385 4
154431 40
154457 34
154481 4
159100 12
159101 12
159102 3
159151 9
159202 0
159204 7
159231 25
159331 25
159332 34
159401 25
159411 10
159412 34
159431 4
159434 7
160242 13
164261 28
168335 4
176100 36
176101 28
176104 37
177104 4
177113 13
177114 19
177141 13
177142 11
177181 28
177215 40
177217 2
177227 19
177228 10
177229 25
177300 28
177321 22
177332 25
177335 1
177341 37
177362 41
177443 10
177460 16
177463 10
177471 25
177472 34
177483 34
177491 13
179443 4
201100 31
201110 38
201114 19
201116 39
201117 10
202100 9
202101 30
202102 8
202147 19
202231 11
202302 4
202303 10
202305 28
202356 7
202362 13
202371 3
202405 34
202421 25
202446 10
202471 25
202475 37
202476 4
202484 4
202701 4
202731 4
202736 34
202744 4
202749 4
202775 10
202776 34
202803 34
202833 4
202849 4
203100 27
203104 3
203108 19
203111 40
203113 16
203114 16
203131 40
203132 21
203151 13
203152 3
203154 18
203158 13
203159 13
203162 28
203202 13
203203 3
203204 12
203206 9
203207 40
203208 0
203209 12
203211 28
203222 12
203223 31
203226 16
203232 7
203236 40
203250 25
203287 16
203316 4
203351 31
203459 37
203715 34
203719 25
203721 34
203725 10
203726 10
203734 10
203735 25
203749 10
203752 25
203754 4
203775 25
203812 34
203825 25
203829 4
203833 4
203879 34
204100 16
204101 16
204113 31
204202 34
204211 1
204217 25
204232 6
204251 25
204306 37
204315 31
204333 25
204355 25
204362 1
204382 10
204422 10
204423 13
204424 4
204441 25
204443 4
204452 13
204482 34
204483 7
204490 28
204725 25
204728 4
204755 34
204792 10
204891 4
205100 41
205103 3
205105 16
205216 31
205232 13
205244 16
205252 13
205282 34
205324 4
205344 37
205358 25
205382 10
205731 10
205742 34
205796 4
206100 22
206101 28
206103 13
206104 7
206111 19
206112 22
206113 34
206161 21
206162 7
206171 8
206172 8
206181 28
206182 16
206191 13
206211 6
206216 10
206217 41
206253 13
206255 34
206261 36
206266 10
206267 34
206281 41
206313 37
206321 12
206324 4
206325 25
206327 34
206331 37
206336 22
206341 1
206342 34
206355 34
206362 34
206364 10
206367 6
206368 16
206370 31
206421 25
206427 10
206428 13
206435 34
206437 4
206476 25
206481 7
206703 10
206722 25
206724 10
206725 34
206731 4
206737 34
206774 4
207100 16
207104 41
207105 13
207106 13
207108 28
207109 31
207110 4
207116 16
207117 13
207118 28
207125 22
207137 22
207162 41
207172 34
207181 13
207187 4
207188 37
207191 19
207195 41
207214 31
207302 28
207305 37
207306 25
207312 25
207402 4
207448 4
207704 25
207706 10
207708 34
207712 4
207766 4
207794 4
208101 41
208140 16
208141 41
208150 4
208263 19
208264 10
208271 34
208272 2
208322 16
208345 31
208346 25
208353 1
208362 37
208373 34
208384 4
208423 34
208444 13
208446 4
208460 34
208738 10
208772 34
208774 4
209203 34
209204 22
209252 37
209253 40
209262 28
209263 1
209270 1
209271 16
209272 25
209352 13
209370 13
209376 37
209382 34
209456 37
209466 4
210200 25
210207 13
210221 1
210251 40
210276 28
210315 10
210331 37
210355 34
210432 25
210448 4
210463 4
210702 34
210705 4
210743 25
210745 25
210748 10
210789 10
211100 14
211315 12
211319 10
211341 4
211342 37
211444 34
211709 34
211889 4
213708 4
213717 10
213718 25
213763 34
214100 10
214301 37
214310 1
214340 16
214341 4
214352 4
214412 25
214491 34
215205 41
215206 28
215207 9
215208 7
215303 37
215312 15
215313 1
215401 4
215482 37
215711 34
215741 10
215742 34
215743 4
215781 4
215783 34
217705 10
217708 34
217752 4
217773 4
218100 28
218234 13
218236 15
218244 25
218262 34
218352 37
218362 25
218372 34
218382 4
226703 10
226709 4
226710 34
226789 4
229123 13
229223 34
251100 4
251211 40
251213 10
251216 22
251242 2
251261 13
251292 37
251312 25
251333 13
251334 25
251342 34
251361 13
251363 40
251371 7
251372 37
251399 4
251411 10
251434 37
251436 34
251452 13
251455 25
251456 4
251461 34
251477 4
251704 10
251707 4
251723 34
251724 4
251746 4
251748 34
251754 25
251760 4
251763 10
251765 34
251773 25
251781 10
252210 12
252212 0
252222 18
252235 25
252282 0
252283 15
252285 25
252311 40
252320 13
252331 16
252353 1
252402 13
252403 34
252404 10
252413 10
252420 34
252423 40
252427 4
252428 40
252429 34
252435 37
252440 4
252459 7
252460 34
252479 4
252489 4
252706 25
252714 34
252727 10
252755 37
252774 4
252781 34
252785 4
252789 4
252792 25
253215 37
253433 25
253441 25
253443 4
253451 37
253452 4
253454 34
253716 37
253721 34
253722 25
253725 25
253734 34
253747 4
253749 13
253752 37
253754 10
253791 10
254182 13
254200 18
254205 12
254206 37
254211 22
254215 22
254216 1
254222 7
254231 16
254232 40
254271 9
254282 34
254325 4
254334 16
254352 21
254362 0
254371 31
254373 13
254400 34
254411 34
254412 25
254415 10
254421 34
254423 13
254424 10
254435 10
254445 10
254451 4
254452 28
254453 34
254466 25
254476 7
254477 37
254478 34
254495 4
254701 4
254721 10
254733 10
254737 25
254771 34
254803 10
254817 34
254857 34
255210 34
255230 40
255301 37
255316 31
255323 10
255328 16
255337 4
255340 25
255422 4
255425 34
255427 37
255432 25
255437 34
255440 25
255447 10
255455 4
255497 4
255714 10
255735 34
255750 25
255766 4
255769 37
255772 4
255779 37
255783 25
256100 6
256271 31
256317 25
256318 37
256334 4
256382 0
256383 16
256462 34
259103 34
259104 41
259106 19
259107 22
259108 27
259192 10
259193 12
259194 34
259195 25
259200 4
259201 31
259203 9
259401 7
260704 4
260708 37
260712 25
260719 34
260791 10
261102 3
261111 32
261112 33
261113 6
261205 13
261207 37
261208 28
261214 40
261215 13
261218 15
261305 13
261306 25
261332 0
261342 13
261343 31
261361 37
261430 10
261433 37
261444 34
261446 25
261447 40
261448 25
261449 4
261465 4
261473 1
261494 41
261497 4
261499 34
261742 4
261745 4
261755 4
261763 34
261764 25
261793 10
261795 10
261796 34
263710 34
263721 25
263724 37
263745 37
263751 10
264702 25
264705 10
264755 34
264789 4
265706 10
265709 34
265710 4
266703 34
266801 4
268732 10
268735 4
268741 34
268742 25
269103 4
269105 28
269130 25
269210 1
269341 4
269360 7
269370 10
269421 37
269431 34
269497 4
270701 34
270702 4
305203 16
318322 13
329104 13
330112 4
351100 34
351201 37
351364 25
351371 34
351426 13
352103 25
352311 37
352314 7
352315 1
352331 37
352332 25
352401 10
352412 37
352413 34
352421 4
352422 10
352433 13
352441 25
353313 34
353431 10
353441 4
353471 13
355411 25
356100 6
356101 24
356102 33
356210 37
356261 13
356311 4
356331 28
356431 7
356432 4
356441 1
356442 34
356443 37
356449 4
356455 4
356472 37
356475 4
357101 35
357110 18
357210 26
357323 10
357360 34
357418 13
357442 25
357444 4
359202 17
359205 10
359401 34
359408 4
359431 34
359455 4
360100 39
360210 28
361210 40
361321 34
361322 13
361341 37
361421 7
361433 25
361452 10
361461 4
361475 13
362211 31
363210 15
365425 4
368211 25
368317 34
400110 30
400210 4
401281 37
401383 37
401391 1
403281 25
403383 22
406284 13
406294 4
406386 10
406396 13
408382 41
410381 7
413383 19
413391 31
415393 40
420282 10
421282 1
421292 16
421386 34
421396 25
422381 28
428281 34
428282 7
428381 16
428383 4
461170 11
461471 40
461472 31
461511 34
461521 10
461526 4
461551 37
461566 25
461584 4
462130 26
462412 10
462413 34
462414 37
462503 25
462587 4
462588 34
463201 13
463252 1
463331 37
463332 4
463342 13
463354 16
463506 37
463512 37
463513 37
463543 4
463544 25
463557 10
463559 34
463571 4
463592 7
464302 34
464312 1
464402 13
464403 10
464414 37
464442 16
464443 25
464445 3
464446 1
501201 19
501202 37
501305 7
501306 13
502313 25
502314 10
504202 25
504305 37
506202 28
508304 13
510306 34
512304 4
513113 37
513115 4
513212 19
513216 28
513217 13
513225 37
513284 1
513331 4
513343 10
513364 34
513373 13
513390 25
513446 4
514202 31
514206 1
514222 25
514244 10
514272 7
514322 25
514352 4
514358 34
514382 37
514384 10
515204 18
515205 28
515256 37
515257 22
515337 10
515362 34
515380 4
552216 19
552217 22
552232 40
554413 37
555312 25
557432 10
558101 7
558313 34
558441 4
562101 5
562211 16
601201 18
601202 18
601231 28
601242 7
601342 10
601346 34
601361 4
601423 25
601425 13
601454 37
601455 25
601724 4
601745 34
601775 4
602100 35
602102 21
602103 27
602111 10
602120 25
602121 4
602122 4
602301 34
602314 0
602421 7
602453 25
602454 4
602455 10
602461 34
602471 34
602722 10
602741 4
602751 34
603200 10
603231 0
603321 37
603396 34
603496 4
603725 10
603743 34
603751 4
604101 16
604211 33
604311 25
604314 7
604315 40
604411 34
604415 4
604423 1
604431 34
604455 10
605203 3
605302 37
605313 13
605315 13
605316 25
605331 10
605430 34
605701 34
605711 10
605719 4
605742 34
606211 28
606243 13
606245 25
606264 28
606310 1
606451 34
606452 4
610114 33
651211 10
651212 7
651231 4
651234 1
651313 13
651314 37
651317 4
651319 25
651416 10
651425 34
701100 40
701101 3
701181 12
701183 40
701202 19
701235 1
701243 10
701244 40
701283 40
701295 31
701310 4
701335 34
701341 13
701408 37
701423 25
702100 37
702101 6
702211 28
702213 34
702312 3
702317 16
702321 13
702331 25
702342 1
702354 4
702418 34
703103 37
703202 10
703204 19
703243 13
703244 10
703309 4
703311 34
703322 28
703324 16
703330 10
703331 37
703345 13
703351 34
703361 4
703413 34
703441 13
703499 25
705191 6
705211 13
705311 16
705328 2
705331 13
705332 34
705343 37
705351 15
705431 33
705438 4
705440 10
705441 4
705444 31
705446 37
705448 1
705492 25
705499 34
751100 10
751101 23
751102 16
751106 25
751202 12
751209 28
751301 22
751302 22
751303 13
751304 4
751305 4
751308 31
751309 9
751321 34
751326 28
751330 22
751345 13
751401 16
751403 4
751405 0
751408 28
751413 4
751418 13
751419 4
751421 37
751428 10
751440 34
751443 0
751701 25
751702 10
751703 4
751705 34
751706 10
751708 34
751710 4
751712 4
751716 25
751724 25
751728 13
751732 10
751734 13
751744 37
751745 37
751751 4
751752 37
801100 15
801122 22
801134 4
801201 4
801204 4
801233 22
801236 1
801241 28
801322 4
801371 0
803122 16
803124 34
803131 4
803230 13
803232 34
851100 25
851103 6
851104 13
851105 10
851200 16
851201 0
851202 35
851204 40
851205 31
851241 3
851261 13
851273 33
851305 6
851306 13
851309 25
851310 28
851341 22
851342 12
851344 4
851350 25
851363 12
851366 10
851371 7
851375 15
851400 37
851401 34
851404 4
851443 10
851445 25
851450 37
851467 4
951100 32
951106 3
951124 13
951202 16
951231 25
951321 13
951366 4
951421 10
951497 34
951498 4
953102 22
953104 31
953111 39
953201 10
953202 16
953214 7
953231 13
953232 25
953234 13
953323 25
953494 34
953495 13
954140 25
954141 10
954142 4
954240 0
954244 13
954310 37
954326 13
954340 22
954364 7
954371 4
954372 34
954373 37
954413 25
954420 34
954422 10
954423 4
954443 34
954472 13
954498 10
