001101 13
001102 4
001111 28
001113 0
001201 1
001202 3
001210 8
001212 3
001218 39
001230 14
001231 0
001250 21
001291 30
001293 19
001310 16
001311 4
001312 25
001315 3
001318 24
001320 12
001321 7
001323 31
001330 10
001342 37
001353 40
001354 37
001362 19
001410 25
001423 7
001425 28
001443 10
001444 25
001445 16
001447 41
001461 37
001464 34
002101 19
002110 34
002191 16
002192 16
002201 41
002211 16
002221 37
002250 12
002301 7
002333 19
002351 22
002365 37
002372 10
002401 10
002441 34
002473 4
003101 4
003191 5
003201 16
003314 16
003320 34
003331 25
003414 40
003421 34
003436 22
004241 12
004301 12
004303 9
004324 34
004351 34
004432 22
004473 37
004475 10
006103 34
006126 10
006206 37
006226 31
006242 12
006253 19
006303 22
006307 12
006326 31
006330 22
006331 19
006344 33
006346 16
006355 37
006425 16
006432 37
006433 16
006443 28
006448 37
008214 34
008303 34
008314 22
008326 25
008411 28
008417 22
009103 40
009105 25
009212 10
009230 27
009231 31
009326 22
009425 37
009426 16
009431 19
011100 36
011151 22
011152 31
011153 28
011251 31
011257 41
011259 19
011269 17
011276 37
011353 10
011356 31
011358 22
011362 37
011374 16
011461 3
011464 12
011751 34
012100 16
012173 24
012200 5
012271 19
012272 16
012273 22
012371 34
012475 37
013103 9
013110 34
013203 19
013204 37
013206 41
013207 18
013217 7
013301 33
013302 41
013303 7
013304 24
013305 4
013306 4
013307 22
013317 37
013326 19
013329 16
013330 19
013335 34
013338 16
013420 22
013421 34
013422 34
013427 37
013433 25
013435 22
014210 6
014270 25
014310 27
014311 22
014322 16
014323 19
014325 0
014370 40
014371 40
014382 16
014390 34
014401 22
014410 10
014421 37
015101 6
016101 4
016232 25
017101 22
017102 22
017111 25
017201 31
017210 22
018103 22
018111 26
018113 31
018125 4
018203 37
018211 19
018213 34
018231 4
018235 25
018271 6
018301 19
018335 25
018351 37
018353 40
018421 10
018433 34
018435 22
018436 4
018438 19
018451 31
018465 40
018467 25
018471 37
019101 11
019103 7
019105 31
019106 30
019108 34
019111 25
019203 19
019205 4
019206 6
019208 37
019211 34
019221 10
019303 37
019311 25
019331 7
019361 16
019373 16
019381 40
019411 19
019442 22
019471 34
019473 37
020101 40
020102 34
020211 37
020231 40
020311 37
020321 28
020333 19
020341 25
020362 34
020363 7
020412 10
020421 28
020481 19
021101 4
021102 34
021203 16
021204 31
021270 19
025108 34
025480 34
026101 25
026102 22
026111 7
026112 6
026201 25
026271 16
029701 22
029703 34
029711 25
030101 22
050100 31
050103 24
050104 6
050106 7
050111 20
051302 19
051304 37
051306 10
051310 28
051313 30
051418 16
052201 28
052202 22
052352 37
052357 19
052420 16
052441 4
052443 31
052445 22
052447 37
052466 34
053712 22
053713 19
053770 22
054810 19
054870 22
055701 34
055703 31
055704 25
055706 19
055707 22
055713 31
055733 34
055734 22
055757 19
055771 34
055797 25
057121 33
057123 7
057125 9
057126 30
057127 35
057128 15
057129 27
057130 33
057131 34
057132 16
057133 24
057134 6
057135 31
057136 12
057137 25
057138 16
057139 19
057140 19
057201 7
057205 7
057213 3
057215 31
057274 34
057284 16
057285 25
057288 37
057293 31
057294 19
057296 22
057300 19
057302 22
057305 10
057316 25
057351 34
057366 22
057403 31
057404 28
057405 4
057410 22
057411 7
057420 16
057426 37
057428 24
059413 28
059419 31
061103 34
061106 10
061201 22
061223 37
061224 31
061306 25
061307 19
061317 31
061319 34
061403 25
061404 13
061407 16
061430 25
062200 34
062210 16
062343 31
062411 22
062452 31
062460 19
062470 16
062499 37
063201 16
063702 19
063704 22
063710 25
064204 16
064232 25
064251 4
064252 25
064303 34
064331 19
064392 19
064412 25
064418 13
064423 40
064424 31
064430 30
064474 34
064490 25
065210 4
065212 31
065310 34
065311 37
065320 37
065332 27
065421 22
065435 25
065436 19
065437 4
065438 34
065797 34
066221 25
066323 19
066410 37
066416 22
066421 34
066425 25
067202 4
067303 41
067311 4
067372 13
067373 37
067432 19
069712 22
070200 16
070304 16
070305 25
070403 34
070404 37
070410 4
070411 25
070416 4
070711 19
070720 22
070721 25
070740 34
070741 34
071411 22
071412 25
071413 13
071415 19
071416 9
071418 34
071419 4
071422 22
071423 19
071425 25
071712 22
071715 19
071730 37
071736 31
071738 19
071811 19
073711 22
073721 19
073770 19
074100 17
074101 32
074414 22
076425 34
076427 25
076430 37
076444 16
076466 37
078444 25
078454 22
079169 22
079220 25
079264 16
091700 25
091800 25
099100 25
099101 34
099102 10
100102 37
100109 27
100110 36
100111 0
100112 40
100207 10
100213 34
100214 22
100220 31
100222 31
100225 28
100228 37
100229 33
100230 34
100231 28
100233 31
100281 22
100306 10
100307 34
100308 12
100309 19
100310 34
100311 31
100312 3
100313 6
100314 40
100501 7
101100 28
101105 4
101201 33
101211 4
101400 7
101405 19
103112 22
103191 25
103271 22
104200 25
104201 10
104300 7
104301 31
104325 22
104410 22
104424 25
104495 34
105304 22
109100 3
109115 28
112101 19
112102 25
112103 22
112108 34
112110 16
112201 22
112203 37
112213 25
112300 4
112314 19
112411 25
112412 34
115200 16
115300 16
115301 4
115302 4
116301 19
116302 22
116400 25
126101 18
126216 37
126321 0
126326 30
126333 6
126334 13
126428 9
126432 22
126443 19
127100 34
127101 39
127203 28
127204 24
127207 37
127303 31
127312 31
127314 16
127315 25
127316 34
127326 37
127337 21
127711 19
127717 34
127718 22
127719 25
127727 34
127728 25
128100 25
128101 4
128202 33
128203 25
128204 21
128307 3
128309 13
128334 31
128354 34
128355 34
128403 27
128701 19
128710 22
128730 25
128740 34
128762 34
140101 34
140102 34
140103 41
140104 2
140105 25
152211 6
152301 19
152321 25
154104 35
154141 37
154151 7
154231 37
154261 37
154262 25
154281 41
154311 13
154330 28
154353 19
154375 31
154377 34
154384 16
154388 22
154443 19
154455 37
154457 28
154481 31
154488 22
154493 16
154494 37
159100 15
159101 22
159151 37
159203 40
159221 36
159231 28
159301 34
159303 3
159305 6
159332 16
159356 31
159362 13
159403 22
159411 19
159431 30
159454 16
160341 10
164200 33
164341 16
168100 16
168101 25
168222 34
176100 37
176101 15
176104 3
176220 41
177103 6
177214 24
177215 28
177216 10
177217 13
177281 34
177283 16
177285 16
177321 10
177330 3
177341 24
177362 19
177393 27
177401 7
177404 37
177405 10
177414 12
177426 30
177427 25
177430 34
177434 40
177446 9
177450 24
177463 16
177464 19
177465 7
177467 22
177468 34
177481 16
177494 4
179402 25
179403 31
201100 27
201110 30
201114 19
201115 6
201116 0
201117 16
201190 25
202100 25
202101 28
202141 30
202143 19
202145 40
202184 31
202231 25
202260 19
202305 37
202311 34
202332 7
202334 31
202342 22
202361 19
202371 12
202434 16
202438 0
202443 37
202473 22
202474 10
202477 28
202481 25
202495 34
202742 25
202765 22
202776 34
202782 34
202833 34
202848 34
202873 25
203100 9
203103 37
203111 34
203116 19
203151 25
203162 25
203171 25
203201 19
203203 37
203204 34
203206 22
203207 22
203208 22
203209 30
203222 41
203226 14
203231 12
203235 15
203236 31
203255 37
203303 19
203315 22
203323 16
203324 28
203331 22
203332 31
203333 4
203351 37
203352 4
203405 7
203406 34
203414 22
203423 34
203431 31
203434 19
203458 37
203471 10
203475 37
203705 22
203709 25
203714 22
203716 19
203722 19
203743 25
203753 34
203807 19
203821 25
203828 22
203879 19
203889 19
204100 23
204101 22
204111 7
204123 7
204202 28
204211 25
204216 37
204231 37
204251 34
204321 22
204325 7
204335 10
204341 37
204361 41
204365 37
204381 4
204383 37
204432 19
204435 1
204442 34
204451 3
204452 16
204453 10
204471 4
204712 19
204721 25
204732 22
204764 34
205100 9
205103 31
205104 19
205105 16
205235 37
205239 28
205275 24
205303 7
205337 28
205355 34
205393 22
205415 10
205421 25
205461 37
205464 19
205475 25
205479 16
205483 31
205486 22
205496 34
205712 25
205735 34
205761 19
205783 22
206100 28
206101 22
206103 41
206104 27
206107 25
206108 16
206111 39
206112 24
206113 37
206161 30
206162 21
206171 36
206172 14
206181 16
206191 16
206203 31
206207 4
206211 12
206216 16
206217 19
206261 14
206267 27
206281 40
206300 31
206321 22
206324 19
206325 36
206327 15
206328 28
206331 4
206336 25
206341 16
206355 13
206362 19
206370 34
206381 37
206412 25
206436 9
206437 7
206441 16
206455 1
206707 22
206713 34
206720 19
206721 22
206730 22
206736 34
206738 25
206739 34
206743 22
206753 34
206766 31
206783 25
207100 19
207103 19
207105 19
207106 27
207107 37
207109 41
207115 16
207117 7
207123 10
207131 16
207135 34
207164 25
207171 19
207173 16
207174 22
207183 16
207187 27
207203 34
207205 19
207208 3
207213 37
207308 25
207310 22
207313 0
207323 16
207348 31
207401 34
207403 19
207406 16
207416 37
207419 24
207422 10
207436 25
207701 25
207703 19
207705 22
207711 34
207741 34
207743 25
207808 34
208101 40
208140 25
208150 4
208250 10
208251 25
208263 20
208265 19
208270 31
208271 20
208272 10
208280 41
208321 36
208329 37
208343 16
208348 41
208370 25
208383 4
208425 9
208439 4
208440 28
208469 31
208711 19
208760 22
208761 34
208770 25
208871 22
208872 25
209201 27
209251 19
209301 19
209302 12
209303 34
209331 25
209351 41
209358 7
209361 31
209368 37
209375 10
209403 31
209442 25
209451 10
209453 40
209461 31
209463 37
209471 4
209483 22
209485 34
209703 31
209705 31
209707 19
209709 37
209711 19
209713 22
209722 19
209731 22
209771 34
209773 25
209779 22
209785 37
210100 40
210201 16
210202 31
210204 22
210343 34
210351 22
210383 10
210425 4
210433 31
210434 31
210453 31
210465 4
210485 25
210703 19
210704 22
210705 25
210707 34
210723 34
210731 25
211100 3
211311 40
211315 12
211319 9
211413 16
211440 10
211442 19
211443 25
211495 34
211702 25
211889 34
212701 19
212703 22
212711 25
212721 34
212741 34
213201 25
213714 22
213763 19
213779 34
214100 31
214261 19
214312 16
214341 10
214381 31
214401 25
214411 19
214414 41
214415 0
214421 37
214430 37
214441 31
214445 22
215205 12
215206 19
215207 33
215208 25
215301 25
215302 16
215381 37
215411 25
215431 19
215471 10
215481 34
215495 22
215496 28
215497 7
215734 22
215762 34
215785 25
215794 34
217701 19
217703 22
217707 25
217734 25
217751 25
217775 34
217781 34
218100 27
218101 19
218233 25
218235 37
218321 7
218323 41
218351 19
218471 10
218475 16
218483 19
218486 34
219720 19
219731 34
225701 19
225703 22
225705 25
225720 34
226701 25
226709 34
226710 34
226801 31
226889 34
229123 6
229323 31
229352 22
229711 34
251211 33
251213 22
251261 7
251281 22
251312 13
251313 37
251333 13
251334 34
251361 0
251363 19
251371 27
251372 21
251374 31
251384 4
251411 0
251418 34
251437 37
251438 16
251451 25
251455 37
251457 22
251461 10
251475 31
251479 22
251701 31
251702 19
251703 25
251711 31
251714 19
251715 22
251717 25
251718 25
251745 22
251751 31
251752 19
251757 22
251758 25
251773 31
251783 19
251785 22
251790 34
252201 19
252211 17
252232 36
252282 6
252283 41
252285 31
252286 27
252301 4
252302 31
252317 31
252320 37
252322 15
252325 0
252327 3
252330 22
252342 0
252363 13
252420 22
252421 34
252424 1
252425 25
252426 37
252427 0
252444 28
252450 27
252455 10
252460 34
252489 7
252498 37
252702 34
252708 31
252723 25
252724 25
252741 25
252748 34
252781 19
252785 22
252789 34
252791 34
253303 4
253314 16
253315 37
253432 31
253455 28
253456 22
253481 16
253701 25
253715 34
253717 37
253722 19
253731 31
253732 34
253734 25
253735 7
253736 37
253748 31
253752 34
253754 22
254181 19
254205 7
254206 19
254211 16
254215 4
254216 34
254222 25
254231 16
254232 0
254252 37
254282 7
254302 10
254325 3
254333 12
254372 22
254421 13
254425 25
254426 34
254435 19
254436 31
254438 25
254439 28
254441 33
254442 22
254451 30
254456 4
254457 7
254458 25
254459 16
254461 19
254471 37
254473 22
254492 25
254494 34
254700 34
254702 31
254703 19
254710 22
254711 25
254734 37
254770 19
254777 25
254804 31
254875 22
255201 24
255215 38
255251 18
255290 15
255300 30
255320 12
255321 36
255330 0
255359 39
255415 40
255417 0
255420 34
255422 13
255424 9
255430 9
255432 4
255434 28
255437 37
255438 10
255439 37
255441 19
255447 37
255449 33
255454 10
255460 22
255462 22
255464 25
255471 25
255492 16
255499 41
255712 31
255722 19
255734 19
255739 34
255750 34
255764 34
255766 31
255770 22
255771 22
255772 25
255786 31
255791 25
255830 34
256100 19
256212 19
256271 28
256281 4
256316 31
256333 16
256373 25
256383 37
256412 22
256415 13
256441 40
256457 4
256462 19
256473 31
256700 22
256761 25
256762 34
259103 9
259104 7
259106 34
259107 33
259108 24
259109 6
259191 28
259192 31
259194 4
259201 17
259203 10
260312 25
260404 19
260413 22
260424 34
260434 22
260717 25
260772 34
261103 4
261111 7
261200 37
261210 31
261212 0
261216 10
261217 4
261304 12
261305 4
261335 41
261336 27
261342 34
261343 22
261361 34
261405 9
261406 22
261434 37
261447 21
261456 24
261457 25
261458 13
261461 31
261469 31
261494 4
261497 19
261499 40
261701 25
261702 19
261706 31
261735 22
261739 25
261753 22
261754 22
261767 25
261769 25
261791 34
263701 19
263702 22
263720 31
263746 25
263760 34
263771 31
264701 31
264706 19
264707 25
264710 25
264741 22
264791 22
266703 34
268721 25
269101 25
269102 34
269200 34
269201 19
269202 16
269340 19
269430 13
269462 1
269470 27
269497 4
270701 22
270702 25
270711 25
270791 25
301254 16
305202 31
311352 10
318322 34
318351 4
320351 34
321251 34
324703 34
328310 16
328313 31
330110 7
330111 1
351100 40
351201 9
351202 36
351301 6
351321 28
351331 41
351410 10
351441 19
351442 28
351451 25
351463 4
351466 34
352301 7
352311 25
352321 40
352323 25
352332 4
352422 10
352431 16
353301 22
353421 25
353431 10
353451 22
353452 16
354311 19
356100 37
356101 16
356102 34
356202 22
356210 19
356212 25
356303 28
356304 25
356306 16
356312 34
356361 25
356412 19
356414 7
356416 22
356432 34
356441 37
356442 25
356443 34
356471 22
356496 34
357101 11
357110 4
357210 37
357322 22
357360 31
357417 34
357441 37
357491 37
359202 6
359203 7
359204 37
359206 25
359301 28
359311 37
359405 31
359409 25
359410 40
359413 34
359414 16
359421 19
359431 19
359451 4
360100 41
360210 9
360400 19
360402 34
360404 34
360407 16
360411 13
360431 4
360460 25
360470 34
361210 6
361214 34
361301 16
361321 25
361351 34
361453 28
361461 34
361471 34
363210 19
365301 37
365321 7
365331 19
365421 34
365427 34
365428 25
368200 7
368317 31
368331 40
368412 34
368433 37
368441 4
368487 25
400110 7
400211 39
401382 31
403382 22
406385 25
406395 37
409281 7
409292 37
411281 31
411291 19
415291 4
420281 22
421281 25
421291 28
421385 28
421395 16
423382 7
428382 19
461100 27
461170 7
461471 37
461472 31
461511 31
461527 7
461529 37
462130 25
462541 7
462587 7
462588 31
463251 37
463311 4
463331 34
463341 19
463353 16
463402 19
463433 22
463455 16
463491 10
463503 25
463504 19
463545 19
463556 22
463558 16
464301 22
464311 37
464341 31
464401 31
464413 37
464441 34
464443 28
464444 7
464445 25
464501 25
464502 34
464503 34
464509 31
464510 31
464541 4
464542 22
464544 37
464549 28
466141 33
501301 34
501302 19
502211 25
502311 28
503402 7
504302 31
506303 25
506361 34
507402 31
508203 7
508207 25
508303 37
509402 22
510201 41
510202 37
510307 10
510411 28
510414 37
510415 16
510416 34
510417 4
512303 16
512402 19
513111 7
513114 16
513223 19
513224 22
513283 25
513315 22
513324 19
513328 34
513363 25
513371 37
513412 31
513429 19
513445 22
513451 25
513471 34
514211 19
514241 22
514317 34
514323 16
514335 37
514341 19
514343 25
514381 7
514383 28
514395 31
514397 22
514425 22
514442 34
514451 37
514453 19
514466 31
514475 25
515201 16
515250 4
515307 16
515312 37
515334 4
515361 25
515364 22
515370 34
515376 19
515403 22
515490 25
551461 31
552216 34
552217 25
552222 34
553312 19
554314 22
555313 25
556311 34
557433 19
558411 22
558432 25
558442 34
561312 37
562211 34
571115 25
601201 25
601302 37
601321 10
601322 34
601341 37
601344 4
601351 31
601422 13
601427 25
601428 4
601452 10
601460 31
601462 19
601702 34
601731 19
601758 25
601765 34
601767 22
602100 12
602102 3
602111 25
602211 34
602315 41
602321 37
602322 0
602431 37
602432 34
602441 4
602464 13
602731 25
602761 34
603211 40
603322 4
603332 16
603352 7
603371 31
603421 37
603441 31
603453 19
603465 7
603471 25
603494 22
603495 34
603711 22
603723 25
603731 34
604304 28
604305 34
604312 40
604313 28
604351 18
604352 16
604412 28
604414 25
604416 37
604422 22
604441 19
604451 4
604711 34
604715 22
604731 25
605201 25
605204 28
605301 33
605313 4
605314 3
605321 0
605322 37
605341 16
605412 25
605432 37
605446 22
605459 16
605461 19
605476 34
605701 22
605702 25
605713 25
605751 34
606231 19
606242 22
606244 34
606263 25
606343 31
606362 4
606363 19
610114 16
651105 10
651109 19
651120 22
651210 34
651311 19
651312 22
651315 25
651316 34
701101 10
701181 9
701182 34
701183 14
701201 25
701211 13
701281 9
701313 10
701321 40
701331 28
701342 4
701344 25
701402 34
701403 16
701407 34
701409 22
701425 28
701455 25
701494 37
702101 18
702205 22
702211 16
702312 18
702313 10
702316 22
702318 28
702341 31
702351 19
702411 16
702416 31
702418 37
702423 13
702431 25
703103 32
703202 28
703204 37
703243 21
703244 22
703305 4
703308 13
703311 37
703313 37
703322 24
703324 7
703330 6
703331 31
703345 19
703352 31
703391 24
703404 18
703412 25
703435 3
703447 30
703454 27
703498 0
703499 34
704101 19
704141 22
704201 25
704345 34
705191 22
705211 12
705311 30
705329 40
705331 28
705351 25
705411 28
705437 22
705441 4
705442 40
705444 0
705492 4
705499 10
751100 10
751101 21
751102 22
751106 10
751202 17
751209 34
751301 32
751302 38
751303 25
751304 22
751305 13
751308 22
751309 21
751321 22
751326 4
751327 31
751330 33
751345 40
751401 3
751403 12
751405 24
751408 37
751413 19
751419 19
751421 9
751422 4
751424 25
751428 0
751443 7
751447 37
751451 4
751701 34
751702 22
751703 19
751704 19
751705 31
751706 34
751708 19
751712 31
751718 25
751724 22
751726 25
751751 25
801100 41
801201 19
801225 25
801235 37
801321 34
801324 31
801331 19
801333 37
801334 34
801336 4
801421 34
801471 22
801481 19
803121 25
803123 34
803231 16
803331 25
803360 34
803431 19
851100 16
851104 40
851105 34
851108 25
851200 33
851201 13
851202 30
851243 25
851251 10
851262 7
851273 16
851305 6
851306 10
851309 12
851342 37
851352 33
851354 27
851355 37
851360 13
851362 4
851375 22
851376 0
851400 15
851404 28
851407 9
851441 19
851462 31
852100 19
852101 25
852102 19
852103 4
852201 37
852202 16
852203 22
852204 19
951100 29
951102 16
951106 34
951124 37
951203 34
951302 10
951323 19
951331 4
951344 19
951348 22
951352 34
951497 22
953103 34
953111 38
953212 34
953231 34
953233 22
953261 25
953321 16
953322 31
953331 37
953361 4
953421 34
953444 34
953494 25
953495 22
954100 4
954244 22
954246 16
954310 25
954370 13
954374 31
954410 7
954413 16
954416 40
954426 10
954443 10
954449 16
954462 4
954464 22
954471 4
954477 1
954491-001 37
954491-002 25
954491-003 25
954491-004 34
954498 19
955102 31
955103 18
955104 22
958111 25
958201 37
958221 31
958225 16
958261 19
958373 25
