001101 1
001102 34
001111 34
001113 19
001201 4
001202 6
001210 8
001212 7
001218 28
001230 18
001231 24
001250 0
001291 30
001293 19
001310 40
001311 28
001312 6
001315 21
001318 40
001320 25
001321 13
001323 37
001330 30
001342 31
001353 34
001354 18
001362 10
001410 40
001423 19
001425 10
001443 0
001444 19
001445 25
001447 34
001461 34
001464 13
002101 31
002110 25
002191 33
002192 25
002201 37
002211 34
002221 31
002250 21
002301 34
002333 13
002351 10
002365 19
002372 37
002401 25
002441 28
002473 34
003101 19
003191 12
003201 0
003314 13
003320 10
003331 19
003414 28
003421 25
003436 10
004241 10
004301 13
004303 6
004324 10
004351 31
004432 37
004473 36
004475 21
006103 6
006126 22
006206 25
006226 37
006242 0
006253 7
006303 25
006307 19
006326 40
006330 31
006331 10
006344 28
006346 34
006355 19
006425 10
006432 0
006433 34
006443 31
006448 7
008214 25
008303 25
008314 13
008326 10
008411 22
008417 13
009103 20
009105 10
009212 25
009230 31
009231 10
009326 10
009425 13
009426 10
009431 19
011100 0
011151 16
011152 21
011153 6
011251 16
011257 22
011259 37
011269 36
011276 30
011353 21
011356 34
011358 31
011362 18
011374 13
011461 7
011464 25
011751 10
012100 13
012173 15
012200 28
012271 40
012272 22
012273 19
012371 34
012475 25
013103 26
013110 37
013203 7
013204 13
013206 28
013207 3
013217 16
013301 25
013302 16
013303 40
013304 10
013305 10
013306 36
013307 25
013317 22
013326 25
013329 13
013330 7
013335 6
013338 19
013420 10
013421 19
013422 19
013427 34
013433 10
013435 13
014210 19
014270 25
014310 28
014311 25
014322 0
014323 13
014325 40
014370 31
014371 34
014382 1
014390 19
014401 22
014410 10
014421 34
015101 22
016101 27
016232 13
017101 9
017102 10
017111 19
017201 19
017210 13
018103 31
018111 23
018113 37
018125 10
018203 34
018211 25
018213 19
018231 13
018235 31
018271 33
018301 19
018335 10
018351 13
018353 34
018421 22
018433 0
018435 10
018436 34
018438 13
018451 25
018465 0
018467 34
018471 25
019101 9
019103 7
019105 19
019106 38
019108 3
019111 25
019203 19
019205 3
019206 28
019208 0
019211 10
019221 25
019303 25
019311 34
019331 31
019361 19
019373 19
019381 3
019411 34
019442 10
019471 0
019473 25
020101 31
020102 10
020211 31
020231 7
020311 34
020321 3
020333 7
020341 19
020362 10
020363 13
020412 28
020421 13
020481 31
021101 34
021102 19
021203 7
021204 3
021270 13
025108 7
025480 34
026101 3
026102 25
026111 31
026112 6
026201 3
026271 19
029701 13
029703 10
029711 25
030101 22
050100 16
050103 39
050104 9
050106 33
050111 21
051302 19
051304 31
051306 6
051310 10
051313 36
051418 1
052201 10
052202 19
052352 25
052357 13
052420 34
052441 34
052443 31
052445 7
052447 28
052466 10
053712 13
053713 19
053770 13
054810 19
054870 13
055701 10
055703 34
055704 25
055706 19
055707 13
055713 34
055733 10
055734 13
055757 19
055771 10
055797 25
057121 38
057123 36
057125 40
057126 27
057127 6
057128 40
057129 41
057130 29
057131 25
057132 25
057133 40
057134 6
057135 16
057136 18
057137 24
057138 16
057139 33
057140 31
057201 37
057205 22
057213 13
057215 28
057274 28
057284 10
057285 19
057288 25
057293 22
057294 31
057296 37
057300 7
057302 25
057305 41
057316 10
057351 34
057366 34
057403 13
057404 7
057405 25
057410 10
057411 13
057420 19
057426 34
057428 6
059413 22
059419 31
061103 19
061106 7
061201 19
061223 19
061224 13
061306 13
061307 10
061317 25
061319 10
061403 16
061404 1
061407 10
061430 25
062200 19
062210 34
062343 1
062411 34
062452 28
062460 1
062470 22
062499 25
063201 31
063702 19
063704 13
063710 25
064204 1
064232 10
064251 13
064252 10
064303 10
064331 10
064392 7
064412 13
064418 31
064423 34
064424 15
064430 13
064474 10
064490 34
065210 31
065212 25
065310 41
065311 1
065320 28
065332 34
065421 25
065435 22
065436 13
065437 34
065438 4
065797 10
066221 34
066323 10
066410 19
066416 1
066421 25
066425 28
067202 10
067303 37
067311 28
067372 34
067373 41
067432 13
069712 13
070200 19
070304 22
070305 4
070403 10
070404 25
070410 40
070411 4
070416 40
070711 19
070720 13
070721 25
070740 10
070741 10
071411 13
071412 7
071413 13
071415 19
071416 41
071418 19
071419 34
071422 41
071423 34
071425 4
071712 13
071715 19
071730 4
071736 34
071738 19
071811 19
073711 13
073721 19
073770 19
074100 24
074101 40
074414 1
076425 28
076427 31
076430 25
076444 10
076466 13
078444 0
078454 16
079169 34
079220 31
079264 19
091700 25
091800 25
099100 3
099101 4
099102 25
100102 19
100109 7
100110 41
100111 13
100112 3
100207 4
100213 10
100214 41
100220 6
100222 40
100225 1
100228 19
100229 36
100230 21
100231 10
100233 37
100281 10
100306 13
100307 19
100308 19
100309 40
100310 10
100311 31
100312 27
100313 19
100314 3
100501 37
101100 10
101105 34
101201 24
101211 25
101400 31
101405 28
103112 6
103191 19
103271 17
104200 7
104201 25
104300 10
104301 19
104325 34
104410 13
104424 13
104495 37
105304 25
109100 35
109115 37
112101 25
112102 16
112103 19
112108 31
112110 1
112201 7
112203 19
112213 10
112300 19
112314 34
112411 10
112412 28
115200 22
115300 10
115301 34
115302 34
116301 28
116302 13
116400 19
126101 9
126216 1
126321 10
126326 13
126333 4
126334 34
126428 7
126432 28
126443 24
127100 21
127101 19
127203 10
127204 19
127207 16
127303 22
127312 25
127314 1
127315 34
127316 9
127326 10
127337 25
127711 19
127717 10
127718 13
127719 25
127727 10
127728 25
128100 12
128101 28
128202 40
128203 1
128204 30
128307 12
128309 19
128334 37
128354 41
128355 7
128403 10
128701 19
128710 13
128730 25
128740 10
128762 10
140101 19
140102 25
140103 10
140104 7
140105 41
152211 19
152301 6
152321 25
154104 21
154141 25
154151 22
154231 19
154261 1
154262 25
154281 15
154311 31
154330 19
154353 40
154375 10
154377 22
154384 10
154388 1
154443 10
154455 34
154457 19
154481 22
154488 40
154493 13
154494 10
159100 24
159101 36
159151 31
159203 19
159221 24
159231 6
159301 19
159303 13
159305 28
159332 34
159356 40
159362 0
159403 7
159411 22
159431 37
159454 10
160341 31
164200 7
164341 10
168100 13
168101 37
168222 10
176100 38
176101 40
176104 37
176220 7
177103 5
177214 37
177215 1
177216 25
177217 7
177281 19
177283 13
177285 13
177321 24
177330 41
177341 33
177362 0
177393 24
177401 34
177404 19
177405 3
177414 34
177426 22
177427 7
177430 25
177434 10
177446 31
177450 16
177463 1
177464 19
177465 13
177467 28
177468 10
177481 36
177494 40
179402 13
179403 6
201100 23
201110 9
201114 32
201115 17
201116 24
201117 28
201190 16
202100 37
202101 31
202141 18
202143 4
202145 10
202184 10
202231 7
202260 34
202305 19
202311 3
202332 7
202334 4
202342 39
202361 34
202371 10
202434 34
202438 28
202443 19
202473 31
202474 25
202477 10
202481 13
202495 40
202742 10
202765 19
202776 10
202782 10
202833 25
202848 10
202873 13
203100 26
203103 16
203111 19
203116 34
203151 4
203162 24
203171 28
203201 7
203203 30
203204 19
203206 11
203207 37
203208 10
203209 17
203222 10
203226 27
203231 31
203235 28
203236 0
203255 34
203303 19
203315 21
203323 0
203324 41
203331 18
203332 34
203333 28
203351 6
203352 41
203405 22
203406 34
203414 10
203423 25
203431 28
203434 19
203458 13
203471 31
203475 25
203705 13
203709 25
203714 13
203716 19
203722 19
203743 25
203753 10
203807 19
203821 25
203828 13
203879 19
203889 19
204100 10
204101 28
204111 9
204123 30
204202 31
204211 13
204216 19
204231 31
204251 25
204321 33
204325 4
204335 25
204341 12
204361 21
204365 13
204381 34
204383 19
204432 31
204435 34
204442 4
204451 19
204452 13
204453 10
204471 25
204712 19
204721 25
204732 13
204764 10
205100 25
205103 40
205104 33
205105 28
205235 10
205239 19
205275 15
205303 0
205337 3
205355 19
205393 7
205415 19
205421 25
205461 31
205464 28
205475 25
205479 22
205483 34
205486 13
205496 10
205712 25
205735 10
205761 19
205783 13
206100 41
206101 34
206103 37
206104 0
206107 37
206108 25
206111 22
206112 0
206113 22
206161 19
206162 2
206171 22
206172 31
206181 6
206191 33
206203 7
206207 19
206211 40
206216 10
206217 33
206261 10
206267 10
206281 10
206300 16
206321 12
206324 13
206325 31
206327 22
206328 31
206331 10
206336 36
206341 0
206355 9
206362 6
206370 28
206381 13
206412 19
206436 0
206437 7
206441 31
206455 25
206707 25
206713 10
206720 34
206721 25
206730 25
206736 10
206738 19
206739 10
206743 13
206753 10
206766 34
206783 19
207100 34
207103 33
207105 22
207106 15
207107 40
207109 30
207115 37
207117 25
207123 25
207131 19
207135 4
207164 19
207171 28
207173 8
207174 25
207183 31
207187 33
207203 19
207205 19
207208 40
207213 30
207308 22
207310 13
207313 3
207323 28
207348 7
207401 33
207403 25
207406 10
207416 10
207419 34
207422 34
207436 13
207701 25
207703 19
207705 13
207711 10
207741 10
207743 25
207808 10
208101 27
208140 13
208150 19
208250 31
208251 10
208263 7
208265 13
208270 22
208271 7
208272 24
208280 10
208321 19
208329 31
208343 10
208348 36
208370 0
208383 28
208425 6
208439 34
208440 13
208469 31
208711 19
208760 13
208761 25
208770 10
208871 13
208872 10
209201 13
209251 10
209301 34
209302 3
209303 37
209331 10
209351 16
209358 41
209361 7
209368 10
209375 22
209403 34
209442 25
209451 41
209453 25
209461 19
209463 34
209471 7
209483 19
209485 40
209703 34
209705 4
209707 34
209709 19
209711 19
209713 13
209722 19
209731 13
209771 10
209773 25
209779 13
209785 19
210100 19
210201 7
210202 25
210204 37
210343 31
210351 13
210383 34
210425 19
210433 3
210434 37
210453 31
210465 28
210485 28
210703 19
210704 13
210705 25
210707 10
210723 10
210731 25
211100 30
211311 10
211315 10
211319 18
211413 10
211440 31
211442 13
211443 25
211495 19
211702 25
211889 10
212701 19
212703 13
212711 25
212721 10
212741 10
213201 19
213714 25
213763 19
213779 10
214100 31
214261 31
214312 34
214341 13
214381 19
214401 37
214411 25
214414 10
214415 31
214421 25
214430 34
214441 19
214445 13
215205 31
215206 28
215207 19
215208 22
215301 37
215302 13
215381 3
215411 28
215431 6
215471 10
215481 39
215495 25
215496 34
215497 31
215734 13
215762 10
215785 25
215794 10
217701 13
217703 25
217707 10
217734 25
217751 25
217775 10
217781 10
218100 19
218101 31
218233 10
218235 19
218321 10
218323 31
218351 13
218471 19
218475 34
218483 31
218486 25
219720 25
219731 10
225701 19
225703 13
225705 25
225720 10
226701 10
226709 25
226710 19
226801 34
226889 10
229123 25
229323 37
229352 19
229711 10
251211 1
251213 6
251261 13
251281 31
251312 28
251313 3
251333 28
251334 19
251361 24
251363 22
251371 19
251372 33
251374 34
251384 6
251411 7
251418 25
251437 37
251438 13
251451 13
251455 19
251457 1
251461 22
251475 34
251479 25
251701 34
251702 19
251703 25
251711 34
251714 19
251715 13
251717 25
251718 34
251745 13
251751 19
251752 13
251757 25
251758 34
251773 19
251783 13
251785 25
251790 10
252201 33
252211 7
252232 18
252282 16
252283 41
252285 33
252286 12
252301 34
252302 36
252317 0
252320 13
252322 7
252325 1
252327 28
252330 3
252342 31
252363 41
252420 10
252421 10
252424 12
252425 1
252426 34
252427 31
252444 19
252450 4
252455 19
252460 13
252489 25
252498 7
252702 10
252708 34
252723 25
252724 25
252741 25
252748 10
252781 19
252785 13
252789 10
252791 10
253303 31
253314 37
253315 21
253432 0
253455 40
253456 34
253481 25
253701 25
253715 10
253717 4
253722 19
253731 34
253732 10
253734 25
253735 40
253736 4
253748 34
253752 10
253754 13
254181 22
254205 41
254206 27
254211 22
254215 18
254216 25
254222 22
254231 37
254232 16
254252 7
254282 0
254302 36
254325 0
254333 19
254372 33
254421 7
254425 31
254426 13
254435 40
254436 3
254438 34
254439 34
254441 19
254442 31
254451 10
254456 22
254457 40
254458 25
254459 31
254461 13
254471 28
254473 13
254492 13
254494 10
254700 10
254702 34
254703 19
254710 13
254711 25
254734 4
254770 19
254777 25
254804 34
254875 13
255201 31
255215 27
255251 6
255290 33
255300 19
255320 7
255321 12
255330 0
255359 37
255415 31
255417 25
255420 40
255422 36
255424 13
255430 7
255432 28
255434 6
255437 34
255438 25
255439 31
255441 13
255447 7
255449 22
255454 25
255460 1
255462 9
255464 33
255471 24
255492 4
255499 41
255712 13
255722 34
255734 34
255739 19
255750 25
255764 13
255766 19
255770 10
255771 10
255772 25
255786 4
255791 25
255830 10
256100 33
256212 7
256271 40
256281 13
256316 7
256333 34
256373 28
256383 41
256412 10
256415 13
256441 22
256457 34
256462 31
256473 7
256700 13
256761 25
256762 10
259103 40
259104 13
259106 10
259107 22
259108 30
259109 17
259191 28
259192 10
259194 9
259201 31
259203 25
260312 13
260404 34
260413 25
260424 19
260434 13
260717 25
260772 10
261103 34
261111 13
261200 40
261210 31
261212 33
261216 25
261217 36
261304 19
261305 13
261335 22
261336 28
261342 24
261343 39
261361 0
261405 9
261406 3
261434 4
261447 33
261456 25
261457 6
261458 13
261461 1
261469 0
261494 41
261497 34
261499 28
261701 25
261702 19
261706 34
261735 13
261739 25
261753 13
261754 13
261767 25
261769 25
261791 10
263701 19
263702 13
263720 34
263746 25
263760 10
263771 34
264701 19
264706 13
264707 34
264710 25
264741 25
264791 13
266703 10
268721 25
269101 34
269102 7
269200 19
269201 25
269202 34
269340 25
269430 34
269462 37
269470 7
269497 25
270701 13
270702 25
270711 25
270791 25
301254 22
305202 31
311352 19
318322 10
318351 37
320351 13
321251 13
324703 10
328310 1
328313 34
330110 13
330111 4
351100 24
351201 7
351202 22
351301 0
351321 31
351331 16
351410 25
351441 6
351442 19
351451 41
351463 10
351466 13
352301 22
352311 25
352321 28
352323 3
352332 31
352422 13
352431 25
353301 19
353421 25
353431 25
353451 40
353452 22
354311 1
356100 15
356101 26
356102 39
356202 31
356210 10
356212 25
356303 7
356304 34
356306 25
356312 13
356361 19
356412 31
356414 13
356416 19
356432 19
356441 34
356442 22
356443 13
356471 19
356496 10
357101 12
357110 34
357210 3
357322 13
357360 40
357417 22
357441 28
357491 19
359202 13
359203 36
359204 37
359206 10
359301 3
359311 31
359405 7
359409 13
359410 12
359413 19
359414 25
359421 6
359431 22
359451 1
360100 30
360210 6
360400 13
360402 19
360404 22
360407 19
360411 31
360431 34
360460 40
360470 28
361210 0
361214 31
361301 28
361321 19
361351 21
361453 10
361461 19
361471 10
363210 31
365301 40
365321 22
365331 10
365421 28
365427 13
365428 13
368200 28
368317 10
368331 13
368412 19
368433 19
368441 34
368487 28
400110 13
400211 2
401382 4
403382 25
406385 10
406395 40
409281 40
409292 4
411281 34
411291 19
415291 28
420281 25
421281 10
421291 1
421385 28
421395 1
423382 22
428382 34
461100 14
461170 40
461471 4
461472 10
461511 10
461527 1
461529 7
462130 29
462541 1
462587 28
462588 13
463251 7
463311 40
463331 13
463341 19
463353 4
463402 22
463433 28
463455 19
463491 31
463503 19
463504 40
463545 13
463556 34
463558 4
464301 10
464311 34
464341 25
464401 25
464413 34
464441 10
464443 1
464444 40
464445 13
464501 34
464502 25
464503 22
464509 13
464510 13
464541 25
464542 10
464544 19
464549 1
466141 4
501301 13
501302 31
502211 40
502311 10
503402 1
504302 19
506303 28
506361 0
507402 22
508203 22
508207 10
508303 22
509402 4
510201 28
510202 31
510307 28
510411 10
510414 19
510415 7
510416 34
510417 13
512303 40
512402 25
513111 19
513114 4
513223 13
513224 10
513283 19
513315 10
513324 13
513328 4
513363 25
513371 19
513412 34
513429 19
513445 13
513451 25
513471 10
514211 10
514241 25
514317 25
514323 1
514335 13
514341 19
514343 34
514381 22
514383 28
514395 4
514397 10
514425 13
514442 10
514451 4
514453 19
514466 34
514475 25
515201 13
515250 34
515307 34
515312 25
515334 19
515361 28
515364 4
515370 10
515376 13
515403 25
515490 10
551461 34
552216 10
552217 7
552222 25
553312 40
554314 19
555313 16
556311 25
557433 19
558411 13
558432 25
558442 10
561312 22
562211 7
571115 22
601201 3
601302 22
601321 25
601322 13
601341 4
601344 31
601351 19
601422 28
601427 25
601428 28
601452 3
601460 10
601462 19
601702 25
601731 19
601758 10
601765 25
601767 13
602100 34
602102 3
602111 4
602211 10
602315 13
602321 31
602322 37
602431 31
602432 25
602441 3
602464 19
602731 25
602761 10
603211 31
603322 10
603332 31
603352 25
603371 19
603421 34
603441 10
603453 22
603465 40
603471 19
603494 13
603495 28
603711 13
603723 25
603731 10
604304 1
604305 28
604312 10
604313 1
604351 31
604352 19
604412 12
604414 6
604416 1
604422 10
604441 34
604451 34
604711 25
604715 13
604731 10
605201 25
605204 19
605301 1
605313 7
605314 6
605321 41
605322 28
605341 34
605412 19
605432 28
605446 13
605459 10
605461 10
605476 22
605701 13
605702 25
605713 10
605751 10
606231 7
606242 31
606244 19
606263 28
606343 13
606362 19
606363 10
610114 21
651105 40
651109 13
651120 19
651210 10
651311 13
651312 25
651315 10
651316 19
701101 22
701181 15
701182 7
701183 19
701201 41
701211 9
701281 11
701313 6
701321 21
701331 41
701342 31
701344 10
701402 22
701403 41
701407 25
701409 13
701425 3
701455 34
701494 10
702101 36
702205 4
702211 21
702312 1
702313 36
702316 34
702318 22
702341 1
702351 41
702411 6
702416 19
702418 31
702423 10
702431 34
703103 31
703202 41
703204 10
703243 24
703244 28
703305 3
703308 6
703311 34
703313 19
703322 28
703324 16
703330 16
703331 3
703345 31
703352 25
703391 19
703404 37
703412 34
703435 41
703447 22
703454 28
703498 25
703499 25
704101 19
704141 31
704201 7
704345 34
705191 19
705211 33
705311 2
705329 18
705331 22
705351 16
705411 28
705437 41
705441 22
705442 33
705444 36
705492 6
705499 3
751100 25
751101 36
751102 37
751106 25
751202 19
751209 0
751301 11
751302 12
751303 9
751304 13
751305 34
751308 37
751309 18
751321 19
751326 7
751327 28
751330 30
751345 25
751401 21
751403 10
751405 27
751408 13
751413 28
751419 3
751421 3
751422 25
751424 25
751428 40
751443 1
751447 31
751451 10
751701 10
751702 25
751703 13
751704 13
751705 34
751706 10
751708 13
751712 34
751718 19
751724 25
751726 19
751751 19
801100 18
801201 22
801225 7
801235 10
801321 25
801324 40
801331 7
801333 22
801334 19
801336 31
801421 25
801471 34
801481 9
803121 19
803123 7
803231 19
803331 31
803360 19
803431 10
851100 14
851104 5
851105 19
851108 8
851200 13
851201 41
851202 9
851243 28
851251 18
851262 25
851273 10
851305 22
851306 34
851309 7
851342 13
851352 31
851354 13
851355 13
851360 41
851362 13
851375 24
851376 1
851400 9
851404 37
851407 1
851441 31
851462 19
852100 31
852101 22
852102 19
852103 4
852201 1
852202 13
852203 25
852204 19
951100 39
951102 19
951106 22
951124 33
951203 19
951302 41
951323 31
951331 22
951344 10
951348 34
951352 19
951497 10
953103 10
953111 28
953212 13
953231 10
953233 25
953261 6
953321 10
953322 31
953331 19
953361 34
953421 10
953444 10
953494 13
953495 25
954100 19
954244 19
954246 13
954310 31
954370 25
954374 3
954410 19
954413 13
954416 36
954426 1
954443 40
954449 19
954462 34
954464 10
954471 34
954477 21
954491-001 19
954491-002 31
954491-003 41
954491-004 19
954498 37
955102 3
955103 16
955104 19
958111 4
958201 25
958221 31
958225 10
958261 16
958373 7
