001101 229
001102 5236
001112 112
001118 110
001201 526
001202 9
001210 114
001212 103
001218 105
001222 199
001223 539
001224 605
001225 1054
001226 675
001227 406
001228 585
001229 140
001230 42
001231 9
001234 135
001250 16
001281 29
001291 9
001292 105
001310 51
001311 39
001312 28
001314 103
001315 11
001320 6
001321 11
001323 7
001330 25
001341 2
001342 6
001352 127
001355 13
001361 3
001362 17
001391 4
001410 22
001422 3
001440 2
001445 4
001463 2
001472 1
002102 30
002111 31
002191 17
002202 27
002230 27
002260 27
002302 1
002321 1
002362 1
003102 4
003191 35
003202 14
003213 13
003261 13
003349 1
003416 1
003454 1
004171 60
004214 79
004390 10
004430 33
004465 15
004472 9
004474 5
004476 11
004499 2
004715 9
004719 2
004721 1
004722 5
004789 8
004799 2
004898 1
004899 1
006103 43
006115 4
006133 53
006143 54
006203 30
006213 7
006226 22
006230 15
006241 30
006253 4
006307 18
006324 8
006325 15
006329 16
006332 24
006341 45
006443 2
006448 1
008202 59
008213 25
008215 84
008218 47
008220 90
008223 7
008230 151
008311 103
008312 101
008314 99
008317 5
008318 5
008321 34
008324 3
008327 1
008402 5
008411 3
008443 2
009103 332
009107 53
009213 53
009232 38
009254 41
009301 1
009323 1
009327 4
009333 38
009339 1
009344 1
009355 1
009358 17
009363 1
011100 143
011101 26
011153 19
011154 67
011156 68
011157 56
011251 48
011257 89
011268 8
011269 107
011276 24
011277 29
011278 39
011358 23
011360 11
011367 8
011369 12
011457 10
011474 1
011490 1
011705 5
011711 5
011728 5
011771 7
011799 3
012173 45
012200 22
012271 54
012272 2
012374 7
013103 350
013104 56
013110 746
013203 73
013204 17
013206 49
013207 55
013208 49
013209 48
013216 100
013301 4
013303 2
013305 49
013314 3
013337 4
013404 4
013413 3
013425 1
013431 4
013432 4
013433 10
013443 1
013705 16
013725 15
013727 16
013731 9
013732 1
013735 15
013798 5
013799 7
014210 53
014211 51
014270 19
014302 2
014304 12
014308 21
014310 32
014311 14
014321 1
014370 38
014371 13
014390 35
014401 8
014402 17
014403 11
014410 1
014423 14
014429 5
014471 32
014481 22
015101 41
015102 3
016101 11
017101 8
017102 5
017111 12
017201 3
017231 2
018104 29
018111 5
018112 43
018114 9
018126 30
018204 34
018212 34
018214 34
018232 33
018236 33
018271 17
018323 20
018332 20
018342 4
018352 7
018372 10
018395 2
018499 1
019101 92
019104 47
019105 18
019106 34
019109 47
019112 48
019204 44
019205 1
019206 2
019211 20
019212 44
019221 20
019222 43
019332 5
019351 5
019362 5
019363 2
019371 9
019372 1
019382 3
019391 5
019392 20
019441 5
020101 9
020102 35
020211 5
020212 14
020221 15
020231 3
020232 14
020251 15
020261 33
020341 2
021101 48
021102 24
021203 1
021204 1
021270 1
022712 4
023702 7
023709 7
023718 7
023789 7
023799 3
024735 4
024739 3
024744 4
024752 12
024754 2
024758 1
024759 2
025102 11
025110 13
025204 31
025205 31
025207 32
025208 19
025306 8
025307 8
025381 8
025412 1
025421 1
025481 2
026101 74
026102 22
026111 17
026112 1
026201 8
028798 1
028799 1
029754 9
029757 1
029787 8
029789 9
029799 1
033702 10
033752 10
033756 10
033789 10
033798 7
050100 475
050103 88
050104 113
050106 329
050112 244
050113 25
050121 71
050141 48
051300 8
051302 28
051304 13
051306 7
051310 4
051313 2
052201 42
052203 42
052310 30
052323 30
052331 31
052351 28
052353 29
052355 31
052417 1
052422 28
052442 1
052449 28
052466 28
052721 9
052724 9
052794 9
055799 4
055832 7
057121 97
057122 160
057123 53
057125 56
057126 70
057127 229
057128 100
057129 66
057130 117
057131 79
057132 65
057133 76
057134 11
057135 12
057136 39
057137 4
057138 15
057205 28
057213 29
057276 28
057283 30
057286 24
057287 24
057289 24
057290 24
057295 30
057297 29
057298 30
057301 24
057302 3
057305 33
057316 25
057366 14
057404 5
057407 25
057425 26
057428 23
059405 1
059419 20
061103 26
061106 14
061201 9
061205 26
061223 19
061306 5
061312 14
061313 10
061317 7
061401 6
061403 19
061430 27
062320 16
062341 17
062342 13
062343 13
062344 16
062345 16
062346 13
062360 13
062380 13
062411 13
062452 14
062460 13
062470 13
062720 6
063712 7
063730 7
063732 7
063848 7
064202 14
064204 31
064207 11
064272 1
064273 17
064303 10
064410 7
064413 18
064417 22
064418 12
064422 14
064424 9
065120 71
065121 54
065211 31
065212 28
065311 26
065333 25
065420 4
065703 1
065704 1
065705 1
065713 1
065780 1
065783 1
065795 1
065797 1
065799 1
066222 31
066324 24
066412 2
066416 2
066426 24
066753 7
066794 7
067201 46
067203 46
067311 38
067371 33
067433 33
067435 39
067436 1
067491 1
067492 1
070100 9
070200 31
070301 16
070303 16
070304 13
070305 1
070308 16
070400 13
070403 22
070404 13
070410 13
070411 2
070413 12
070414 26
070415 13
070416 1
070711 7
070723 20
070725 7
070726 13
070737 20
070740 7
070741 16
070792 13
070799 16
071412 1
071413 27
071414 1
071415 28
071417 39
071726 1
074100 62
074101 110
074201 12
076312 12
076314 13
076414 13
076426 2
076427 2
076428 11
076429 15
076444 3
076466 14
078444 123
078454 9
079444 8
088700 7
088791 23
088830 7
088899 7
091798 7
091799 15
091898 4
091899 20
099101 56
099102 58
100104 40
100105 140
100106 163
100107 142
100108 152
100205 33
100206 168
100207 125
100208 175
100209 127
100211 164
100306 140
100307 134
100308 133
100309 173
100310 168
100489 5
100498 4
100501 7
100599 1
101115 66
101201 24
101202 105
101205 250
101222 20
101309 20
101312 19
101313 7
101325 81
101406 27
101490 32
103112 1
103201 4
103215 22
103225 6
103251 37
103262 74
103271 229
103322 1
103342 16
103352 7
103371 2
103372 9
103421 2
103431 2
104100 13
104205 25
104232 10
104302 43
104303 3
104310 15
104320 60
104327 1
104334 3
104440 1
104450 4
104490 3
104494 10
104499 3
105204 35
105312 26
105332 3
105333 18
105335 13
105414 2
105595 1
106116 23
106122 30
106224 32
106326 5
106499 3
107212 9
107223 6
107225 12
107226 47
107229 5
107329 1
107333 17
107334 18
107335 15
107336 11
107437 1
107439 3
107499 1
107799 1
109100 97
109114 185
109117 264
110100 74
110120 74
110202 31
110231 6
110240 17
110241 3
110350 14
110351 1
110370 31
110371 5
110435 2
112101 25
112104 44
112105 25
112106 25
112107 3
112109 26
112202 25
112204 39
112205 39
112302 5
112311 29
112321 29
112322 19
112400 1
112406 3
112414 1
112423 3
112424 1
114101 21
114102 42
114203 44
114204 1
114213 44
114214 14
114305 30
114315 3
114316 5
114321 6
114324 5
114333 6
114342 1
114407 2
114416 6
115200 35
115300 5
115301 6
115714 11
115717 11
115719 7
115721 4
115722 11
116301 20
117102 11
117103 11
117207 23
117208 21
117209 20
117312 5
117313 4
118812 11
118831 11
118846 11
118898 1
119713 3
119791 3
119792 3
119797 5
126101 138
126102 4
126212 99
126213 91
126214 89
126325 78
126326 8
126328 1
126331 20
126332 11
126431 1
126433 1
126436 1
126442 2
127100 28
127101 147
127202 67
127204 71
127205 71
127303 2
127313 146
127330 49
127359 1
127411 4
127412 4
127414 4
127716 17
127720 17
127721 17
127726 13
128100 159
128101 35
128201 81
128304 91
128305 92
128306 2
128308 91
128310 3
128351 2
128355 1
128423 1
128427 2
128434 2
128443 1
128700 3
128727 3
128734 3
128751 3
128798 1
128799 1
140104 110
152211 35
152245 26
152301 35
152311 1
152313 35
152324 31
152331 1
152349 16
153712 1
153743 6
154104 205
154141 28
154152 58
154153 90
154173 55
154181 54
154251 68
154276 67
154281 142
154301 6
154330 2
154340 1
154363 3
154385 1
154431 5
154457 1
154481 2
154704 4
154789 2
154799 5
155715 3
156701 3
156789 3
156791 3
159100 185
159101 40
159102 83
159151 39
159202 57
159204 55
159231 22
159261 57
159331 29
159332 1
159401 5
159411 4
159412 7
159431 1
159434 3
159781 6
159789-001 1
159789-002 1
159789-003 1
159789-004 1
159789-005 1
159789-007 1
159789-008 1
159789-009 1
159789-010 1
159789-011 1
159789-012 1
159789-013 1
159799 1
159881 4
159899 1
160242 11
160343 19
161743 4
164261 16
166751 1
166761 2
166789 2
166791 2
167704 14
167708 14
167712 14
168335 1
168751 2
168789-001 2
168789-002 1
168789-701 2
168789-702 1
168789-703 1
168791 5
169701 1
169702 2
169703 10
169789 2
169799 5
169881 2
169898 5
170108 21
170109 34
176100 94
176101 512
176103 2
176104 4
177104 215
177113 242
177114 215
177141 43
177142 214
177181 215
177215 224
177217 212
177227 231
177228 225
177229 224
177300 16
177321 18
177332 9
177335 15
177341 6
177362 15
177443 2
177460 15
177463 2
177471 1
177472 3
177483 3
177491 3
178703 4
178715 10
178716 2
178731 1
178775 5
178789 8
178799 7
179443 3
201100 408
201110 167
201111 243
201114 641
201116 136
201117 23
201191 23
201192 73
201711 5
202100 130
202101 170
202102 262
202103 164
202104 258
202147 187
202231 236
202302 1
202303 5
202305 8
202356 16
202362 4
202371 27
202405 12
202421 2
202446 1
202471 17
202475 5
202476 3
202484 1
202491 3
202493 2
202701 2
202731 3
202736 4
202744 6
202749 1
202759 3
202761 1
202775 3
202776 5
202790 1
202792 2
202799 2
202803 1
202833 3
202849 1
202890 1
202898 6
203100 180
203104 130
203108 126
203111 377
203113 287
203114 168
203115 76
203117 294
203131 93
203132 92
203151 35
203152 118
203154 123
203158 118
203159 123
203162 382
203167 334
203202 63
203203 128
203204 96
203206 162
203207 118
203208 85
203209 136
203211 63
203222 33
203223 49
203226 158
203228 32
203229 28
203232 49
203236 222
203239 208
203242 63
203250 13
203287 49
203316 18
203318 18
203351 11
203459 12
203715 1
203719 3
203721 7
203725 6
203726 1
203734 3
203735 2
203749 1
203752 2
203754 13
203775 2
203791 7
203792 6
203799 6
203812 3
203825 4
203829 4
203833 2
203879 5
203891 8
203892 1
203897 1
203898 15
203899 1
204100 676
204101 49
204113 57
204202 50
204211 38
204217 37
204232 38
204251 9
204306 12
204315 30
204333 8
204355 6
204362 16
204382 3
204422 4
204423 6
204424 1
204441 2
204443 8
204452 4
204482 5
204483 2
204490 15
204491 2
204499 2
204725 2
204728 6
204755 5
204792 2
204798 3
204799 1
204891 4
204898 2
205100 26
205103 73
205105 69
205216 37
205232 28
205244 37
205252 37
205282 37
205324 3
205344 2
205358 1
205382 2
205731 2
205742 2
205792 2
205796 2
205797 1
205799 4
205898 2
206100 636
206101 16
206103 83
206104 116
206111 276
206112 344
206113 2
206161 209
206162 581
206171 233
206172 203
206181 17
206182 60
206191 116
206211 11
206216 36
206217 35
206253 49
206255 39
206261 61
206266 5
206267 11
206281 34
206313 1
206321 64
206324 1
206325 36
206327 5
206331 7
206336 31
206341 25
206342 3
206355 2
206362 171
206364 21
206367 44
206368 16
206370 36
206421 1
206427 1
206428 6
206435 1
206437 2
206476 6
206481 4
206499 2
206703 9
206722 2
206724 2
206725 2
206731 2
206737 9
206774 9
206794 6
206891 5
206892 1
206899 3
206997 1
206998 5
207100 14
207104 89
207105 41
207106 667
207108 84
207109 61
207110 4
207116 640
207117 423
207118 65
207125 59
207137 120
207162 65
207172 64
207181 242
207187 424
207188 65
207191 240
207195 59
207214 25
207302 7
207305 41
207306 39
207312 21
207314 1
207402 1
207448 24
207704 3
207706 3
207708 3
207712 2
207766 4
207782 1
207791 1
207794 3
207891 2
207899 2
208101 347
208140 72
208141 183
208150 3
208263 382
208264 66
208271 30
208272 182
208322 33
208345 23
208346 2
208353 14
208362 3
208373 6
208384 1
208423 1
208444 3
208446 1
208460 1
208738 1
208772 1
208773 1
208774 1
208799 2
209198 27
209203 22
209204 20
209252 17
209253 17
209262 17
209263 17
209270 19
209271 33
209272 33
209352 1
209362 1
209370 1
209376 1
209377 1
209382 1
209456 1
209466 1
209898 4
210200 16
210207 27
210221 25
210251 15
210276 15
210315 4
210331 5
210355 3
210374 3
210432 2
210448 1
210463 1
210499 1
210702 3
210705 3
210708 3
210743 1
210745 1
210748 3
210789 1
210791 3
210799 2
210891 1
210897 2
210898 7
211100 164
211315 20
211319 19
211341 1
211342 2
211444 1
211498 1
211499 1
211709 2
211889 3
213708 15
213715 1
213717 7
213718 3
213763 9
213791 1
213792 2
213799 3
213891 4
213892 4
213897 3
213898 6
214100 1
214301 17
214310 18
214340 33
214341 19
214352 1
214412 1
214491 1
214493 1
215205 79
215206 78
215207 60
215208 60
215303 6
215312 48
215313 48
215401 1
215432 3
215482 2
215491 1
215492 1
215493 1
215711 3
215741 2
215742 2
215743 3
215781 5
215783 5
215791 6
215792 1
215797 1
215799 3
215892 4
215893 1
215897 4
215898 14
217705 1
217708 1
217718 1
217752 2
217773 1
217792 4
217799 5
217891 3
217892 1
217893 2
217898 8
218100 71
218234 24
218236 23
218244 23
218262 24
218352 2
218362 2
218372 2
218382 2
219791 2
220702 6
220704 2
220897 1
220898 2
226703 3
226705 2
226709 2
226710 3
226789 1
226891 1
226899 1
229123 18
229223 19
251100 103
251211 64
251213 71
251216 76
251242 131
251261 115
251292 98
251312 6
251333 1
251334 1
251342 6
251361 4
251363 2
251371 2
251372 2
251399 11
251411 1
251434 3
251436 1
251452 1
251455 1
251456 1
251461 1
251477 1
251499 1
251704 2
251707 2
251723 1
251724 1
251746 2
251748 3
251754 10
251760 11
251763 10
251765 10
251773 1
251781 1
251797 1
251798 6
251898 6
252210 118
252212 121
252222 117
252235 116
252282 82
252283 61
252285 11
252311 112
252320 17
252331 114
252353 16
252402 2
252403 1
252404 1
252413 1
252420 3
252423 3
252427 5
252428 16
252429 15
252435 15
252440 2
252459 3
252460 1
252479 1
252489 1
252493 1
252706 5
252714 2
252727 6
252755 3
252774 2
252781 6
252785 10
252789 1
252792 4
252799 1
252899 2
253215 34
253433 1
253441 6
253443 1
253451 2
253452 5
253454 3
253716 1
253721 8
253722 3
253725 5
253734 3
253747 9
253749 3
253752 4
253754 3
253791 8
253798 1
253799 1
253898 4
254182 20
254200 181
254205 181
254206 104
254211 172
254215 77
254216 127
254222 113
254231 23
254232 192
254271 190
254282 22
254325 1
254334 29
254352 29
254362 39
254371 29
254373 36
254400 4
254411 3
254412 2
254415 2
254421 3
254423 5
254424 1
254435 3
254445 4
254451 9
254452 7
254453 1
254466 8
254476 4
254477 7
254478 1
254490 5
254495 8
254701 4
254721 2
254733 2
254737 1
254771 2
254799 3
254803 1
254817 1
254857 1
254898 7
255210 208
255230 224
255301 23
255316 20
255323 3
255328 16
255337 27
255340 16
255422 1
255425 1
255427 1
255432 1
255437 2
255440 1
255447 1
255455 2
255497 2
255714 10
255735 11
255750 1
255766 13
255769 5
255772 1
255779 5
255783 9
255799 7
255898 1
255899 3
256100 26
256271 27
256317 7
256318 7
256334 4
256382 5
256383 6
256462 2
259103 320
259104 73
259106 361
259107 546
259108 126
259192 35
259193 28
259194 19
259195 40
259200 1
259201 506
259203 48
259401 4
260704 1
260708 2
260712 2
260719 3
260791 2
261102 73
261111 297
261112 36
261113 12
261205 15
261207 93
261208 63
261214 59
261215 59
261218 96
261305 5
261306 1
261332 99
261342 30
261343 29
261361 4
261430 1
261433 29
261444 2
261446 5
261447 4
261448 7
261449 1
261465 1
261473 4
261492 2
261494 6
261497 4
261499 8
261742 1
261745 4
261755 2
261763 1
261764 1
261793 1
261795 2
261796 4
261797 3
261798 1
261799 1
261899 6
263710 4
263721 3
263724 3
263745 2
263751 4
263797 1
263799 2
263898 5
264702 12
264705 12
264755 12
264789 12
264797 3
265706 1
265709 1
265710 1
266703 3
266723 4
266725 4
266791 4
266799 2
266801 4
266898 1
266899 1
268732 7
268735 9
268741 8
268742 5
269103 13
269105 15
269130 18
269210 29
269341 3
269360 5
269370 5
269421 1
269431 3
269491 3
269492 4
269497 5
270701 5
270702 5
301208 133
301231 78
301234 123
301252 63
301253 60
301361 30
301703 1
301704 1
301708 1
301791 1
301792 1
301899 5
303210 119
303242 134
303253 60
303703 3
303707 2
303724 3
303744 3
303745 3
303769 2
303771 1
303791 4
303799 1
303852 2
303892 4
303893 1
303897 1
303898 2
303899 7
305203 50
311224 158
311241 137
311789 2
311791 2
311793 2
311794 2
311799 2
311892 3
311898 6
312702 1
312706 1
312708 1
312791 1
312799 3
314891 1
314892 2
317221 158
317242 133
317331 3
317839 1
317896 1
317898 2
318221 157
318322 129
320221 156
320343 131
320703 4
320705 2
320707 1
320713 3
320792 2
320799 2
320803 1
320892 1
320899 1
321231 155
321406 24
321703 7
321705 1
321706 1
321712 5
321714 3
321724 4
321815 5
321898 1
321899 2
324705 4
324706 3
324708 4
324714 3
324716 2
324791 4
324792 2
324799 2
329103 241
329104 242
330112 242
332897 2
346792 1
346892 3
346898 3
347892 11
351100 60
351201 8
351364 8
351371 1
351426 1
351497 4
351498 4
351499 5
351701 3
351742 3
351763 3
351791 3
351792 1
351799 1
352103 24
352311 7
352314 2
352315 7
352331 7
352332 7
352380 5
352401 1
352412 4
352413 7
352421 1
352422 14
352433 2
352441 4
352494 4
352497 7
352498 4
352711 5
352713 10
352731 5
352743 10
352792 10
352798 8
352799 2
352844 6
352846 6
352892 6
352899 2
353313 6
353390 1
353431 1
353441 1
353471 2
353497 4
353498 1
353499 2
353701 5
353721 5
353754 4
353761 2
353779 5
353782 4
353791 3
353897 2
353898 1
355411 4
356100 157
356101 75
356102 90
356210 95
356261 58
356311 1
356331 6
356431 6
356432 1
356441 6
356442 6
356443 7
356449 1
356455 2
356472 1
356475 1
356497 1
356499 1
356711 8
356722 10
356726 1
356742 3
356747 1
356752 4
356753 3
356779 3
356782 1
356789 1
356791 7
356792 1
356897 1
356898 1
357101 116
357110 33
357210 223
357323 3
357360 3
357418 3
357442 2
357444 1
357494 2
357497 3
357721 4
357733 4
357771 4
357791 3
357792 1
357799 1
359202 271
359205 2
359401 1
359408 1
359431 1
359455 1
359481 5
359497 1
359499 1
359706 6
359708 2
359709 5
359716 3
359791 3
359797 1
359799 3
359899 1
360100 56
360210 235
360212 47
360701 3
360751 4
360771 4
360791 5
360792 2
360799 3
360898 5
361210 149
361321 1
361322 1
361341 2
361421 2
361433 3
361452 3
361461 2
361475 4
361498 2
361499 2
361725 4
361744 7
361745 2
361769 2
361773 3
361779 1
361791 1
361792 4
361799 5
361899 2
362211 92
362712 1
362722 1
363210 118
365425 1
366702 1
366707 1
366731 1
366779 1
366893 1
366899 1
368211 33
368317 1
368702 8
368704 9
368711 8
368720 2
368741 10
368751 2
368798 8
400100 247
400101 191
400110 140
400190 2
400210 187
400290 310
401281 60
401383 75
401391 74
401799 1
401813 2
401852 2
401855 1
401871 2
401873 1
401881 2
401882 1
402704 1
402705 1
402752 1
403281 60
403383 73
403712 1
405762 3
405782 3
405784 3
406284 60
406294 61
406386 76
406396 75
407714 5
407724 5
407754 5
407777 5
407782 5
407785 5
407786 5
408382 70
408702 6
408707 6
408762 6
408781 6
410381 74
410702 1
410762 1
410791 1
413383 71
413391 71
413703 1
414815 3
414856 3
414866 3
414868 3
414897 3
415393 74
420282 61
421282 61
421292 60
421386 76
421396 75
421715 3
421814 7
421815 7
421816 7
421862 7
421891 7
422381 74
422712 2
427798 15
427892 1
427897 1
428191 64
428281 60
428282 59
428381 73
428383 77
428392 73
429712 5
429782 5
429852 5
430713 10
430715 10
430721 10
430722 10
430752 10
430782 10
452799 2
455898 5
455899 9
460201 135
460202 129
461170 155
461471 4
461472 25
461511 7
461521 2
461526 6
461551 1
461566 1
461584 2
462130 182
462412 1
462413 1
462414 1
462503 1
462587 1
462588 2
462702 8
462713 8
462717 8
462792 8
462799 5
463201 133
463252 133
463331 5
463332 135
463342 131
463354 130
463506 9
463512 1
463513 9
463543 2
463544 1
463557 1
463559 1
463571 17
463582 2
463592 52
463594 1
463704 1
463705 1
463706 1
463721 1
463722 1
463791 1
463795 1
464302 130
464312 132
464402 124
464403 123
464414 76
464442 123
464443 49
464445 76
464446 123
464481 124
501201 77
501202 77
501305 2
501306 2
501701 2
501797 2
502313 5
502314 5
504202 76
504305 4
504701 1
504732 1
506202 76
506701 1
506792 1
508304 2
508792 3
510100 430
510306 5
510711 3
510720 4
510897 1
510898 3
512304 5
512733 2
513113 72
513115 72
513212 67
513216 69
513217 65
513225 65
513284 65
513331 4
513343 2
513364 3
513373 4
513390 9
513432 1
513433 1
513446 1
513700 2
513708 3
513712 3
513757 2
513791 3
513799 4
514202 46
514206 51
514222 47
514244 47
514272 51
514322 2
514352 4
514358 6
514382 2
514384 4
514701 16
514799 4
515204 78
515205 78
515256 80
515257 80
515311 1
515335 1
515337 1
515362 1
515374 1
515380 1
516101 79
516102 2
518792 1
518797 1
520799 5
552216 70
552217 70
552232 77
554413 1
555312 1
555733 3
555799 1
556749 6
556750 6
556751 3
556798 4
556799 3
557432 1
558101 173
558313 1
558441 1
558739 6
558742 13
558748 13
558752 6
558793 7
560722 3
560723 3
560724 3
561393 1
561394 1
561743 10
561744 10
561745 12
561746 12
561747 10
561799 8
562101 176
562211 94
562702 49
562703 16
562708 7
562711 8
562712 1
562715 19
563702 5
563712 5
563713 5
563715 7
563799 1
564749 3
564750 3
566801 17
566822 18
566826 6
566827 6
566829 18
566899 17
568713 3
568720 3
568721 3
569718 5
569720 5
570702 5
570704 5
570718 5
571101 166
571116 43
571151 64
601201 42
601202 47
601231 65
601232 65
601242 64
601342 2
601346 2
601347 2
601353 2
601361 2
601423 1
601425 1
601454 1
601455 1
601724 1
601745 8
601775 8
601791 9
601792 4
601799 5
601891 1
601892 1
601893 1
601898 1
601899 1
602100 155
602102 167
602103 60
602111 36
602120 129
602121 129
602122 58
602123 58
602201 31
602301 1
602314 46
602316 46
602421 1
602453 2
602454 2
602455 2
602456 2
602461 1
602471 3
602497 1
602499 6
602722 3
602741 5
602751 4
602769 4
603200 60
603231 28
603321 31
603396 2
603462 1
603496 1
603497 1
603499 1
603725 5
603743 5
603751 5
603892 5
603895 5
604101 65
604211 50
604311 50
604314 13
604315 13
604411 4
604415 4
604423 16
604431 2
604455 1
604713 1
604714 1
605203 62
605302 2
605313 4
605315 27
605316 2
605331 2
605430 2
605701 1
605711 4
605719 6
605742 6
605791 2
605795 1
605799 4
605811 1
605891 1
605892 1
605893 1
605898 1
605899 5
606211 18
606243 12
606245 17
606264 15
606310 14
606451 4
606452 1
606480 1
606491 1
606499 1
610102 331
610114 109
651211 57
651212 57
651231 59
651234 58
651293 57
651313 52
651314 52
651317 53
651319 52
651394 52
651416 52
651425 52
653721 2
653799 13
653898 7
653899 7
676705 28
676706 28
676708 28
676710 28
676715 10
676791 28
701100 202
701101 28
701181 145
701183 43
701202 209
701235 203
701243 1
701244 203
701283 235
701295 9
701310 1
701335 8
701341 7
701399 7
701408 8
701423 8
701702 7
701715 20
701731 8
701752 8
701798 12
702100 14
702101 25
702211 461
702213 32
702312 37
702317 14
702321 3
702331 58
702342 61
702354 3
702418 2
702701 63
702711 8
702712 14
702721 14
702725 83
702741 14
702743 24
702753 15
702791 1
702798 22
702799 2
703103 431
703131 9
703191 9
703192 87
703202 501
703204 280
703243 255
703244 280
703309 8
703311 1
703322 203
703324 97
703330 3
703331 96
703345 11
703351 18
703361 6
703413 1
703441 3
703499 2
703701 27
703711 63
703740 27
703742 83
703745 35
703771 20
703772 20
703791 18
703793 18
703798 53
703832 1
705191 113
705211 694
705311 66
705328 134
705331 23
705332 133
705343 7
705351 7
705431 21
705438 3
705440 1
705441 13
705444 9
705446 17
705448 3
705492 5
705499 4
705713 27
705722 63
705723 83
705725 27
705763 15
705765 10
705767 15
705769 8
705774 27
705776 10
705781 27
705785 12
705798 15
706100 3
709813 1
709814 1
709899 1
751100 728
751101 344
751102 76
751103 37
751104 13
751105 12
751106 14
751202 196
751209 18
751301 110
751302 74
751303 18
751304 1
751305 5
751308 56
751309 84
751321 3
751326 15
751330 10
751345 4
751401 7
751403 6
751405 11
751407 18
751408 14
751409 12
751413 2
751418 5
751419 3
751421 3
751428 16
751440 7
751443 9
751701 24
751702 24
751703 36
751705 24
751706 20
751708 35
751710 6
751712 4
751716 12
751724 15
751728 8
751732 15
751734 5
751744 12
751745 10
751751 15
751752 10
751764 17
751798 12
751799 12
751801 7
751803 6
751807 7
751809 7
751842 7
801100 252
801114 104
801122 82
801134 83
801201 1
801204 76
801212 69
801215 1
801233 70
801236 60
801241 70
801302 33
801318 73
801322 5
801323 2
801335 71
801341 39
801361 72
801371 46
801721 6
801725 3
801734 5
801735 4
801751 3
801752 2
801762 8
801763 8
801769 1
801770 1
801796 1
801797 1
801799 7
803122 21
803124 21
803131 21
803200 5
803212 20
803230 10
803232 19
803270 5
804102 4
804112 4
804202 2
804212 2
804222 2
804232 2
804233 2
804234 2
851100 109
851101 254
851103 63
851104 43
851105 44
851200 14
851201 98
851202 238
851204 163
851205 31
851212 177
851241 65
851261 257
851273 124
851305 60
851306 11
851309 22
851310 88
851341 15
851342 26
851344 2
851350 38
851363 30
851366 4
851371 37
851375 19
851400 37
851401 19
851404 6
851408 2
851409 5
851430 4
851443 2
851445 6
851450 2
851467 2
851470 3
851703 11
851705 11
851706 5
851715 6
851799 4
888102 3
888121 3
888148 1
888151 3
888704 10
888705 10
888781 10
888791 2
888891 4
888892 1
901798 9
901799 11
902709 2
902899 4
905791 1
905792 1
905793 1
905897 1
905899 3
910706 1
910710 1
910721 1
910736 1
910791 1
910799 1
916897 1
918799 1
951100 297
951103 94
951106 93
951124 93
951202 20
951211 67
951214 47
951216 47
951231 1
951301 2
951312 67
951321 22
951341 4
951342 4
951351 2
951356 1
951366 3
951411 2
951413 2
951421 1
951452 4
951489 2
951492 1
951493 5
951495 4
951497 1
951498 2
952711 12
952721 12
952741 6
952763 6
952791 12
952804 5
952891 3
952898 3
952899 3
953102 18
953104 25
953111 155
953201 41
953202 21
953214 39
953231 20
953232 34
953234 30
953323 2
953392 3
953411 2
953494 2
953495 4
953773 3
953790 3
954140 81
954141 117
954142 120
954240 85
954244 85
954310 83
954326 4
954340 77
954364 3
954371 10
954372 8
954373 9
954413 1
954420 1
954422 3
954423 1
954443 2
954472 2
954498 3
954499 3
955100 230
955200 96
961701 5
