001101 1
001102 34
001111 19
001113 34
001201 4
001202 25
001210 8
001212 16
001218 7
001230 33
001231 19
001250 0
001291 22
001293 24
001310 31
001311 3
001312 34
001315 0
001318 22
001320 25
001321 0
001323 13
001330 34
001342 16
001353 10
001354 3
001362 28
001410 0
001423 0
001425 7
001443 19
001444 37
001445 25
001447 34
001461 4
001464 1
002101 34
002110 7
002191 37
002192 40
002201 31
002211 19
002221 10
002250 0
002301 34
002333 37
002351 28
002365 0
002372 10
002401 16
002441 19
002473 31
003101 13
003191 27
003201 16
003314 31
003320 19
003331 34
003414 7
003421 19
003436 28
004241 10
004301 19
004303 6
004324 10
004351 0
004432 37
004473 16
004475 33
006103 40
006126 16
006206 10
006226 25
006242 31
006253 0
006303 25
006307 22
006326 25
006330 16
006331 28
006344 7
006346 34
006355 31
006425 28
006432 3
006433 34
006443 19
006448 22
008214 34
008303 34
008314 13
008326 10
008411 7
008417 19
009103 20
009105 25
009212 3
009230 22
009231 9
009326 25
009425 0
009426 10
009431 31
011100 14
011151 16
011152 21
011153 41
011251 16
011257 31
011259 3
011269 36
011276 18
011353 22
011356 34
011358 28
011362 37
011374 31
011461 16
011464 13
011751 31
012100 16
012173 40
012200 5
012271 31
012272 19
012273 7
012371 34
012475 10
013103 26
013110 37
013203 7
013204 0
013206 31
013207 21
013217 0
013301 16
013302 31
013303 37
013304 0
013305 10
013306 31
013307 34
013317 37
013326 28
013329 25
013330 19
013335 41
013338 25
013420 0
013421 16
013422 22
013427 19
013433 31
013435 28
014210 19
014270 25
014310 22
014311 28
014322 16
014323 0
014325 31
014370 16
014371 16
014382 16
014390 10
014401 28
014410 25
014421 34
015101 28
016101 37
016232 0
017101 28
017102 16
017111 25
017201 34
017210 7
018103 34
018111 23
018113 37
018125 10
018203 34
018211 19
018213 10
018231 25
018235 0
018271 16
018301 19
018335 34
018351 10
018353 28
018421 19
018433 10
018435 16
018436 28
018438 7
018451 31
018465 34
018467 34
018471 28
019101 6
019103 3
019105 30
019106 5
019108 31
019111 25
019203 0
019205 12
019206 31
019208 31
019211 16
019221 10
019303 10
019311 16
019331 25
019361 34
019373 31
019381 31
019411 0
019442 25
019471 7
019473 34
020101 3
020102 13
020211 6
020231 10
020311 19
020321 25
020333 31
020341 34
020362 31
020363 7
020412 7
020421 16
020481 34
021101 12
021102 28
021203 13
021204 10
021270 40
025108 34
025480 34
026101 36
026102 36
026111 13
026112 0
026201 13
026271 16
029701 19
029703 31
029711 34
030101 28
050100 16
050103 39
050104 9
050106 33
050111 21
051302 28
051304 4
051306 40
051310 10
051313 12
051418 31
052201 10
052202 7
052352 25
052357 19
052420 16
052441 34
052443 28
052445 10
052447 16
052466 1
053712 19
053713 7
053770 19
054810 7
054870 19
055701 31
055703 10
055704 34
055706 7
055707 19
055713 10
055733 31
055734 19
055757 7
055771 31
055797 34
057121 30
057123 12
057125 40
057126 9
057127 38
057128 40
057129 15
057130 29
057131 19
057132 37
057133 40
057134 21
057135 28
057136 31
057137 28
057138 7
057139 21
057140 19
057201 19
057205 28
057213 16
057215 10
057274 31
057284 25
057285 34
057288 10
057293 7
057294 31
057296 4
057300 16
057302 16
057305 13
057316 25
057351 31
057366 10
057403 16
057404 25
057405 19
057410 10
057411 37
057420 1
057426 34
057428 25
059413 31
059419 37
061103 34
061106 28
061201 28
061223 0
061224 19
061306 13
061307 34
061317 22
061319 34
061403 13
061404 16
061407 10
061430 34
062200 19
062210 34
062343 25
062411 28
062452 16
062460 1
062470 4
062499 34
063201 31
063702 7
063704 19
063710 34
064204 13
064232 10
064251 34
064252 16
064303 28
064331 10
064392 22
064412 28
064418 31
064423 40
064424 15
064430 25
064474 16
064490 4
065210 34
065212 16
065310 9
065311 3
065320 19
065332 16
065421 4
065435 16
065436 16
065437 28
065438 34
065797 31
066221 31
066323 22
066410 16
066416 4
066421 25
066425 34
067202 10
067303 7
067311 34
067372 19
067373 41
067432 7
069712 19
070200 34
070304 25
070305 10
070403 31
070404 34
070410 31
070411 10
070416 4
070711 7
070720 19
070721 34
070740 31
070741 31
071411 10
071412 34
071413 16
071415 31
071416 24
071418 7
071419 31
071422 34
071423 28
071425 4
071712 19
071715 7
071730 16
071736 10
071738 7
071811 7
073711 19
073721 7
073770 7
074100 24
074101 40
074414 10
076425 0
076427 13
076430 10
076444 28
076466 34
078444 12
078454 28
079169 34
079220 31
079264 4
091700 34
091800 34
099100 41
099101 21
099102 3
100102 31
100109 13
100110 41
100111 6
100112 3
100207 28
100213 7
100214 37
100220 40
100222 16
100225 37
100228 7
100229 10
100230 1
100231 22
100233 28
100281 7
100306 7
100307 19
100308 31
100309 10
100310 19
100311 13
100312 33
100313 31
100314 0
100501 6
101100 10
101105 31
101201 24
101211 19
101400 7
101405 10
103112 25
103191 34
103271 17
104200 28
104201 7
104300 25
104301 19
104325 34
104410 31
104424 31
104495 1
105304 10
109100 30
109115 41
112101 25
112102 31
112103 34
112108 4
112110 31
112201 16
112203 19
112213 28
112300 34
112314 25
112411 28
112412 16
115200 0
115300 28
115301 4
115302 16
116301 1
116302 34
116400 31
126101 9
126216 1
126321 25
126326 1
126333 4
126334 10
126428 31
126432 19
126443 0
127100 21
127101 19
127203 0
127204 19
127207 25
127303 10
127312 10
127314 1
127315 31
127316 19
127326 7
127337 31
127711 7
127717 31
127718 19
127719 34
127727 31
127728 34
128100 12
128101 28
128202 31
128203 33
128204 41
128307 6
128309 10
128334 0
128354 13
128355 34
128403 19
128701 7
128710 19
128730 34
128740 31
128762 31
140101 34
140102 31
140103 9
140104 7
140105 34
152211 19
152301 10
152321 31
154104 21
154141 25
154151 7
154231 31
154261 41
154262 37
154281 15
154311 10
154330 31
154353 19
154375 1
154377 16
154384 25
154388 41
154443 34
154455 7
154457 1
154481 34
154488 13
154493 10
154494 16
159100 24
159101 36
159151 16
159203 31
159221 0
159231 1
159301 31
159303 30
159305 19
159332 28
159356 37
159362 22
159403 34
159411 28
159431 10
159454 40
160341 22
164200 7
164341 28
168100 13
168101 40
168222 31
176100 38
176101 40
176104 37
176220 7
177103 5
177214 19
177215 25
177216 1
177217 7
177281 10
177283 16
177285 16
177321 16
177330 28
177341 40
177362 18
177393 30
177401 37
177404 19
177405 40
177414 6
177426 34
177427 13
177430 25
177434 22
177446 31
177450 0
177463 4
177464 31
177465 37
177467 9
177468 31
177481 16
177494 10
179402 25
179403 33
201100 23
201110 39
201114 32
201115 27
201116 24
201117 0
201190 4
202100 28
202101 31
202141 28
202143 4
202145 4
202184 19
202231 7
202260 19
202305 19
202311 0
202332 7
202334 16
202342 4
202361 0
202371 34
202434 0
202438 37
202443 31
202473 34
202474 25
202477 10
202481 7
202495 19
202742 31
202765 19
202776 31
202782 31
202833 34
202848 31
202873 31
203100 26
203103 16
203111 19
203116 34
203151 10
203162 24
203171 4
203201 19
203203 19
203204 34
203206 11
203207 41
203208 10
203209 17
203222 31
203226 27
203231 21
203235 37
203236 13
203255 34
203303 34
203315 19
203323 31
203324 0
203331 18
203332 28
203333 36
203351 7
203352 28
203405 4
203406 31
203414 19
203423 31
203431 0
203434 34
203458 7
203471 10
203475 19
203705 19
203709 34
203714 19
203716 7
203722 7
203743 34
203753 31
203807 7
203821 34
203828 19
203879 7
203889 7
204100 10
204101 28
204111 9
204123 13
204202 19
204211 41
204216 31
204231 30
204251 31
204321 28
204325 4
204335 25
204341 33
204361 6
204365 10
204381 34
204383 10
204432 31
204435 40
204442 31
204451 19
204452 10
204453 25
204471 0
204712 7
204721 34
204732 19
204764 31
205100 25
205103 15
205104 7
205105 0
205235 19
205239 31
205275 28
205303 7
205337 0
205355 34
205393 3
205415 10
205421 34
205461 19
205464 4
205475 34
205479 28
205483 31
205486 25
205496 7
205712 34
205735 31
205761 7
205783 19
206100 41
206101 21
206103 37
206104 22
206107 31
206108 25
206111 22
206112 0
206113 34
206161 19
206162 2
206171 22
206172 31
206181 3
206191 22
206203 30
206207 31
206211 19
206216 40
206217 41
206261 10
206267 10
206281 10
206300 22
206321 41
206324 7
206325 13
206327 34
206328 40
206331 0
206336 10
206341 37
206355 37
206362 3
206370 28
206381 10
206412 19
206436 0
206437 28
206441 13
206455 34
206707 19
206713 34
206720 31
206721 34
206730 34
206736 31
206738 7
206739 31
206743 28
206753 31
206766 10
206783 34
207100 28
207103 34
207105 22
207106 37
207107 16
207109 18
207115 28
207117 10
207123 25
207131 28
207135 10
207164 31
207171 4
207173 8
207174 10
207183 7
207187 33
207203 40
207205 16
207208 34
207213 6
207308 22
207310 10
207313 1
207323 19
207348 0
207401 16
207403 28
207406 13
207416 10
207419 28
207422 0
207436 31
207701 34
207703 7
207705 19
207711 31
207741 31
207743 34
207808 31
208101 27
208140 25
208150 19
208250 19
208251 34
208263 7
208265 28
208270 18
208271 7
208272 24
208280 31
208321 10
208329 10
208343 27
208348 37
208370 22
208383 31
208425 13
208439 34
208440 4
208469 28
208711 7
208760 19
208761 34
208770 31
208871 19
208872 31
209201 7
209251 10
209301 28
209302 10
209303 34
209331 4
209351 4
209358 31
209361 16
209368 25
209375 13
209403 10
209442 34
209451 19
209453 31
209461 16
209463 28
209471 0
209483 28
209485 31
209703 10
209705 10
209707 7
209709 16
209711 7
209713 19
209722 7
209731 19
209771 31
209773 34
209779 19
209785 16
210100 6
210201 25
210202 31
210204 28
210343 25
210351 16
210383 34
210425 13
210433 37
210434 28
210453 28
210465 19
210485 28
210703 7
210704 19
210705 34
210707 31
210723 31
210731 34
211100 30
211311 10
211315 10
211319 18
211413 10
211440 0
211442 16
211443 25
211495 31
211702 34
211889 31
212701 7
212703 19
212711 34
212721 31
212741 31
213201 7
213714 19
213763 7
213779 34
214100 13
214261 19
214312 13
214341 28
214381 16
214401 31
214411 19
214414 10
214415 25
214421 19
214430 34
214441 16
214445 34
215205 31
215206 28
215207 19
215208 7
215301 7
215302 31
215381 40
215411 16
215431 25
215471 9
215481 16
215495 28
215496 34
215497 4
215734 19
215762 31
215785 34
215794 31
217701 19
217703 34
217707 31
217734 34
217751 34
217775 31
217781 31
218100 15
218101 0
218233 16
218235 31
218321 0
218323 7
218351 10
218471 25
218475 34
218483 10
218486 19
219720 31
219731 16
225701 7
225703 19
225705 34
225720 31
226701 31
226709 34
226710 7
226801 10
226889 31
229123 37
229323 16
229352 16
229711 31
251211 22
251213 34
251261 13
251281 0
251312 33
251313 22
251333 16
251334 10
251361 1
251363 19
251371 9
251372 36
251374 7
251384 34
251411 34
251418 16
251437 28
251438 25
251451 28
251455 10
251457 0
251461 3
251475 22
251479 1
251701 10
251702 7
251703 34
251711 10
251714 7
251715 19
251717 34
251718 10
251745 19
251751 7
251752 19
251757 34
251758 10
251773 7
251783 19
251785 34
251790 31
252201 41
252211 7
252232 33
252282 16
252283 37
252285 7
252286 12
252301 6
252302 16
252317 16
252320 22
252322 34
252325 18
252327 7
252330 3
252342 28
252363 0
252420 4
252421 34
252424 19
252425 31
252426 31
252427 10
252444 10
252450 28
252455 25
252460 1
252489 13
252498 34
252702 31
252708 10
252723 34
252724 34
252741 34
252748 31
252781 7
252785 19
252789 31
252791 31
253303 1
253314 19
253315 24
253432 16
253455 31
253456 7
253481 1
253701 34
253715 31
253717 16
253722 7
253731 10
253732 31
253734 34
253735 28
253736 16
253748 10
253752 31
253754 19
254181 22
254205 13
254206 16
254211 22
254215 28
254216 31
254222 22
254231 25
254232 25
254252 33
254282 7
254302 10
254325 6
254333 19
254372 0
254421 10
254425 31
254426 22
254435 19
254436 1
254438 31
254439 13
254441 28
254442 31
254451 34
254456 25
254457 19
254458 13
254459 37
254461 4
254471 16
254473 31
254492 19
254494 31
254700 31
254702 10
254703 7
254710 19
254711 34
254734 16
254770 7
254777 34
254804 10
254875 19
255201 31
255215 27
255251 33
255290 6
255300 0
255320 31
255321 12
255330 7
255359 28
255415 6
255417 25
255420 9
255422 36
255424 41
255430 41
255432 19
255434 1
255437 28
255438 25
255439 10
255441 31
255447 24
255449 34
255454 34
255460 33
255462 40
255464 16
255471 13
255492 4
255499 22
255712 19
255722 10
255734 19
255739 7
255750 34
255764 7
255766 10
255770 31
255771 31
255772 34
255786 10
255791 34
255830 31
256100 24
256212 7
256271 10
256281 13
256316 0
256333 31
256373 16
256383 16
256412 34
256415 10
256441 28
256457 1
256462 7
256473 31
256700 19
256761 34
256762 31
259103 40
259104 13
259106 10
259107 22
259108 30
259109 15
259201 33
259203 40
260312 19
260404 16
260413 7
260424 31
260434 7
260717 34
260772 31
261103 31
261111 13
261200 0
261210 28
261212 40
261216 34
261217 30
261304 37
261305 28
261335 16
261336 24
261342 22
261343 18
261361 4
261405 0
261406 19
261434 7
261447 10
261456 31
261457 34
261458 25
261461 41
261469 34
261494 4
261497 3
261499 28
261701 34
261702 7
261706 10
261735 19
261739 34
261753 19
261754 19
261767 34
261769 34
261791 31
263701 7
263702 19
263720 10
263746 34
263760 31
263771 10
264701 7
264706 19
264707 10
264710 34
264741 34
264791 19
266703 31
268721 34
269101 16
269102 25
269200 10
269201 7
269202 34
269340 25
269430 34
269462 4
269470 0
269497 10
270701 19
270702 34
270711 34
270791 34
301254 1
305202 0
311352 7
318322 19
318351 25
320351 19
321251 19
324703 31
328310 10
328313 22
330110 13
330111 4
351100 24
351201 25
351202 22
351301 16
351321 31
351331 41
351410 0
351441 25
351442 19
351451 34
351463 16
351466 22
352301 31
352311 34
352321 7
352323 22
352332 28
352422 3
352431 34
353301 31
353421 25
353431 25
353451 40
353452 28
354311 0
356100 15
356101 26
356102 39
356202 10
356210 10
356212 25
356303 31
356304 31
356306 0
356312 7
356361 34
356412 25
356414 4
356416 34
356432 31
356441 34
356442 13
356443 7
356471 7
356496 31
357101 12
357110 21
357210 3
357322 19
357360 16
357417 19
357441 34
357491 31
359202 13
359203 24
359204 37
359206 31
359301 41
359311 1
359405 16
359409 7
359410 28
359413 31
359414 34
359421 37
359431 4
359451 1
360100 35
360210 6
360400 10
360402 34
360404 1
360407 34
360411 28
360431 19
360460 31
360470 31
361210 33
361214 31
361301 19
361321 28
361351 30
361453 10
361461 31
361471 31
363210 34
365301 19
365321 28
365331 16
365421 10
365427 34
365428 7
368200 1
368317 10
368331 13
368412 34
368433 31
368441 7
368487 28
400110 13
400211 2
401382 16
403382 34
406385 31
406395 28
409281 28
409292 16
411281 10
411291 7
415291 13
420281 34
421281 31
421291 22
421385 13
421395 22
423382 1
428382 10
461100 14
461170 13
461471 19
461472 34
461511 19
461527 16
461529 34
462130 29
462541 16
462587 7
462588 31
463251 1
463311 16
463331 25
463341 1
463353 6
463402 25
463433 10
463455 22
463491 4
463503 25
463504 19
463545 31
463556 10
463558 25
464301 10
464311 19
464341 33
464401 19
464413 34
464441 7
464443 1
464444 4
464445 31
464501 34
464502 4
464503 10
464509 28
464510 31
464541 1
464542 4
464544 22
464549 28
466141 10
501301 3
501302 19
502211 28
502311 16
503402 7
504302 34
506303 1
506361 0
507402 10
508203 19
508207 13
508303 31
509402 19
510201 1
510202 31
510307 16
510411 31
510414 4
510415 22
510416 25
510417 1
512303 22
512402 34
513111 10
513114 4
513223 19
513224 7
513283 31
513315 7
513324 1
513328 4
513363 31
513371 25
513412 10
513429 7
513445 19
513451 34
513471 31
514211 0
514241 19
514317 19
514323 3
514335 16
514341 34
514343 1
514381 25
514383 22
514395 31
514397 10
514425 28
514442 10
514451 0
514453 34
514466 4
514475 31
515201 34
515250 31
515307 10
515312 31
515334 0
515361 4
515364 7
515370 31
515376 25
515403 4
515490 0
551461 10
552216 25
552217 10
552222 10
553312 3
554314 7
555313 19
556311 10
557433 19
558411 16
558432 34
558442 4
561312 28
562211 1
571115 22
601201 21
601302 10
601321 34
601322 16
601341 1
601344 31
601351 4
601422 25
601427 31
601428 10
601452 34
601460 0
601462 19
601702 31
601731 16
601758 28
601765 34
601767 31
602100 8
602102 3
602111 31
602211 10
602315 31
602321 3
602322 33
602431 19
602432 1
602441 25
602464 34
602731 34
602761 31
603211 0
603322 31
603332 34
603352 16
603371 25
603421 10
603441 31
603453 16
603465 28
603471 4
603494 19
603495 1
603711 19
603723 34
603731 31
604304 28
604305 1
604312 22
604313 7
604351 31
604352 1
604412 41
604414 16
604416 10
604422 4
604441 31
604451 25
604711 31
604715 10
604731 28
605201 25
605204 31
605301 41
605313 28
605314 19
605321 16
605322 34
605341 31
605412 10
605432 16
605446 34
605459 31
605461 25
605476 19
605701 19
605702 34
605713 31
605751 31
606231 28
606242 31
606244 19
606263 7
606343 28
606362 10
606363 34
610114 21
651105 40
651109 1
651120 10
651210 31
651311 25
651312 31
651315 1
651316 4
701101 22
701181 15
701182 10
701183 19
701201 19
701211 34
701281 11
701313 33
701321 0
701331 19
701342 9
701344 31
701402 6
701403 34
701407 34
701409 31
701425 16
701455 19
701494 22
702101 36
702205 4
702211 27
702312 28
702313 9
702316 31
702318 16
702341 4
702351 22
702411 1
702416 19
702418 10
702423 31
702431 34
703103 31
703202 41
703204 13
703243 24
703244 6
703305 34
703308 1
703311 6
703313 28
703322 28
703324 27
703330 36
703331 16
703345 10
703352 31
703391 19
703404 30
703412 34
703435 25
703447 3
703454 16
703498 0
703499 31
704101 1
704141 10
704201 7
704345 34
705191 1
705211 12
705311 2
705329 22
705331 34
705351 10
705411 16
705437 33
705441 16
705442 40
705444 18
705492 6
705499 1
751100 25
751101 36
751102 6
751106 25
751202 21
751209 11
751301 0
751302 18
751303 7
751304 34
751305 34
751308 37
751309 37
751321 31
751326 4
751327 28
751330 3
751345 19
751401 25
751403 0
751405 41
751408 1
751413 28
751419 13
751421 13
751422 19
751424 34
751428 36
751443 6
751447 34
751451 16
751701 31
751702 34
751703 19
751704 19
751705 10
751706 31
751708 19
751712 10
751718 7
751724 34
751726 7
751751 7
801100 18
801201 6
801225 22
801235 31
801321 34
801324 34
801331 3
801333 7
801334 34
801336 31
801421 4
801471 1
801481 25
803121 34
803123 4
803231 19
803331 31
803360 34
803431 28
851100 14
851104 5
851105 19
851108 8
851200 10
851201 41
851202 1
851243 1
851251 33
851262 25
851273 6
851305 18
851306 34
851309 37
851342 31
851352 9
851354 31
851355 13
851360 22
851362 19
851375 25
851376 28
851400 0
851404 7
851407 28
851441 22
851462 19
852100 3
852101 22
852102 34
852103 4
852201 1
852202 7
852203 16
852204 4
951100 39
951102 22
951106 10
951124 19
951203 31
951302 31
951323 25
951331 0
951344 10
951348 1
951352 7
951497 34
953103 31
953111 28
953212 25
953231 31
953233 28
953261 13
953321 1
953322 10
953331 34
953361 31
953421 28
953444 31
953494 34
953495 19
954100 3
954244 19
954246 4
954310 1
954370 19
954374 10
954410 0
954413 31
954416 33
954426 25
954443 25
954449 1
954462 34
954464 37
954471 28
954477 16
954491-001 1
954491-002 31
954491-003 40
954491-004 31
954498 13
955102 19
955103 16
955104 22
958111 31
958201 10
958221 40
958225 0
958261 16
958373 31
