001101 4
001102 1
001112 4
001118 13
001201 4
001202 4
001210 2
001222 0
001223 13
001224 0
001225 16
001226 0
001227 2
001228 13
001229 27
001230 31
001231 4
001234 25
001250 22
001291 33
001292 7
001310 16
001311 10
001312 0
001314 9
001320 40
001321 28
001323 16
001330 34
001341 28
001342 4
001352 22
001355 0
001361 28
001362 34
001410 31
001423 12
001440 19
001445 6
001447 22
001471 13
001472 4
002102 19
002111 22
002191 34
002192 4
002202 16
002230 19
002260 4
002302 13
002311 28
002321 31
002331 22
002362 4
002402 4
002441 19
002471 0
002472 28
003101 7
003102 19
003191 6
003202 40
003332 4
003414 31
003421 13
003436 28
003454 19
004282 34
004465 27
004470 16
004472 4
004474 10
004476 19
006103 6
006126 7
006226 19
006241 7
006253 37
006307 15
006326 28
006330 4
006349 16
006443 22
006448 4
006454 28
006475 25
008214 4
008314 19
008326 19
008402 10
008411 4
009103 26
009213 28
009234 16
009236 37
009254 25
009301 19
009344 0
009355 25
009356 34
009358 13
009363 28
009446 4
011100 34
011101 31
011151 7
011154 7
011156 12
011157 28
011251 22
011268 0
011269 10
011276 34
011277 28
011278 22
011355 19
011367 4
011457 6
011479 9
012173 15
012174 4
012200 31
012374 22
012475 3
013103 21
013110 7
013203 41
013204 30
013207 13
013208 22
013209 19
013216 33
013217 15
013301 31
013303 28
013306 37
013321 0
013335 28
013337 7
013410 34
013413 22
013428 4
013431 19
013432 0
013433 7
014211 27
014270 40
014310 0
014311 10
014323 31
014370 10
014371 7
014383 13
014401 4
014422 37
014423 34
014471 28
014481 25
014483 0
015101 34
015102 0
016101 22
016102 19
017101 19
017102 28
017111 19
017231 28
018104 25
018112 37
018114 15
018126 4
018204 4
018271 7
018323 4
018352 4
018372 19
018467 4
018471 13
019101 28
019104 34
019105 7
019106 15
019112 22
019204 19
019205 34
019206 13
019212 4
019222 34
019332 0
019351 13
019362 19
019371 41
019373 4
019441 31
020101 7
020102 37
020212 31
020231 19
020232 34
020261 40
021101 9
021102 16
021203 4
021204 10
021270 34
024752 4
025110 4
025310 4
025481 19
026101 23
026102 6
026111 28
026112 10
026201 6
029732 13
030101 10
050100 31
050103 37
050104 34
050106 38
050112 33
050113 30
051302 4
051304 10
051306 31
051310 6
051313 16
051418 19
052203 13
052310 4
052314 19
052323 40
052331 31
052350 22
052351 4
052353 16
052355 40
052400 40
052417 4
052419 31
052422 28
052442 1
052447 22
052448 34
052449 1
053713 4
054821 4
055702 28
055734 19
055739 13
055757 4
057121 3
057122 37
057123 34
057125 24
057126 30
057127 41
057128 32
057129 33
057130 34
057131 21
057132 6
057133 6
057134 7
057135 37
057136 22
057137 6
057138 30
057139 9
057213 33
057283 19
057286 40
057287 34
057290 31
057295 28
057297 40
057298 4
057301 10
057302 25
057305 33
057316 1
057366 28
057401 22
057404 13
057407 13
057411 37
057413 34
057419 40
057427 28
057428 37
059405 31
059419 4
061103 13
061106 27
061201 4
061223 37
061224 19
061306 9
061307 4
061312 19
061313 7
061403 6
061405 13
062200 13
062210 34
062320 31
062343 34
062499 19
063201 34
064204 30
064231 13
064331 19
064411 28
064412 13
064421 19
064422 4
064423 4
064424 34
064430 19
064474 19
065120 40
065121 3
065211 12
065212 34
065311 13
065320 34
065333 1
065420 13
065435 4
065436 19
065437 4
065438 1
065797 4
066222 28
066324 40
066412 13
066414 4
067201 40
067203 31
067311 16
067371 40
067433 13
067435 22
067436 1
067491 13
070200 1
070201 13
070301 31
070303 31
070305 1
070401 31
070411 13
070413 9
070414 25
070416 13
070792 4
071411 34
071412 31
071414 19
071415 13
071416 12
071418 19
071419 28
071420 31
071423 13
071426 22
073721 4
074100 33
074101 7
074414 13
076425 13
076426 40
076427 10
076430 4
076444 37
076466 34
078444 36
078454 4
079220 13
099101 28
099102 37
099103 4
100104 4
100109 19
100110 24
100111 28
100112 36
100207 13
100220 7
100222 13
100228 19
100229 10
100230 34
100231 16
100233 7
100307 4
100308 10
100309 19
100310 28
100311 19
100312 15
100313 6
100314 13
100501 16
101201 7
101202 36
101205 18
101325 24
101405 34
101490 28
103271 34
104100 40
104302 10
104310 25
104320 16
104327 4
104334 13
104340 19
104435 37
104471 4
104490 13
109100 37
109114 9
112101 13
112105 19
112106 28
112109 34
112202 31
112205 40
112303 19
112321 34
112322 31
112406 13
112424 7
115301 4
115401 31
116301 19
116302 22
126101 6
126102 31
126212 31
126213 25
126214 12
126324 13
126326 25
126328 27
126330 27
126332 41
126400 19
126431 13
126436 10
126442 4
127100 22
127101 20
127202 24
127205 3
127313 40
127329 16
127330 4
127332 13
127333 25
127359 31
127411 28
127415 19
127416 25
127424 40
127433 13
127492 34
127493 13
127716 19
127720 13
127721 28
127727 4
128100 36
128101 6
128201 12
128304 27
128305 40
128306 19
128308 36
128310 25
128401 25
128423 12
128425 28
128427 10
128434 19
128443 1
128445 16
128451 34
128471 16
128481 4
128484 4
128700 13
128714 19
128727 4
128734 28
140101 28
140102 37
140103 34
140104 16
140105 22
152211 4
152301 13
152321 40
152331 13
154100 4
154104 6
154141 27
154152 31
154153 32
154173 13
154181 34
154251 25
154262 19
154276 16
154281 31
154301 13
154330 34
154431 34
154479 4
154492 19
159100 21
159101 21
159102 41
159151 37
159202 13
159204 31
159331 16
159351 4
159411 25
159434 9
160342 4
164261 34
164341 19
168100 7
168101 9
168410 4
176100 3
176101 29
176104 6
177103 13
177104 19
177113 6
177114 37
177141 24
177142 10
177181 25
177220 6
177222 31
177227 19
177228 31
177229 25
177300 27
177321 13
177332 1
177335 34
177336 40
177341 19
177361 41
177413 7
177420 37
177425 16
177429 28
177430 7
177431 31
177433 34
177441 40
177447 19
177460 22
177464 13
177465 10
177466 19
177470 37
177483 9
177491 30
177494 22
177495 13
179404 19
179406 34
179443 4
201100 11
201110 37
201114 25
201116 34
201117 16
201190 7
202100 10
202101 20
202102 21
202147 39
202231 40
202302 13
202303 22
202305 34
202311 25
202356 31
202362 1
202371 19
202405 4
202421 28
202432 31
202446 19
202461 4
202471 1
202475 25
202476 7
202484 13
202731 4
202744 13
202749 13
202802 4
202833 19
202843 4
203100 23
203104 13
203108 10
203111 27
203113 34
203114 3
203131 18
203132 22
203151 16
203152 15
203154 19
203158 13
203159 13
203162 32
203202 25
203204 34
203206 12
203208 1
203209 41
203211 13
203222 19
203223 10
203226 13
203232 0
203236 27
203250 28
203287 21
203300 31
203304 12
203316 25
203351 34
203352 4
203404 13
203413 40
203424 22
203425 34
203435 25
203459 4
203474 16
203708 13
203715 19
203719 13
203721 19
203725 19
203734 19
203735 4
203754 4
203775 13
203812 4
203825 13
203829 4
203879 4
204100 13
204101 25
204113 22
204123 0
204202 10
204217 30
204232 27
204251 0
204306 4
204315 13
204320 40
204333 30
204355 31
204362 10
204382 19
204422 7
204423 13
204424 22
204425 28
204443 25
204456 1
204482 6
204483 19
204490 34
204725 4
204735 19
204792 13
205100 19
205103 31
205105 22
205216 0
205232 22
205244 31
205252 40
205282 22
205324 31
205344 1
205358 13
205382 4
205421 19
205441 13
205473 19
205476 4
205731 19
205742 13
205764 19
205789 13
205796 4
206100 25
206103 22
206104 31
206108 13
206111 11
206112 9
206161 24
206162 41
206171 24
206172 18
206181 13
206182 6
206191 10
206203 28
206216 28
206217 22
206253 4
206255 19
206261 38
206266 22
206267 37
206281 25
206311 7
206313 31
206321 4
206324 10
206327 31
206331 22
206336 36
206341 19
206342 13
206362 4
206364 19
206367 4
206368 19
206370 12
206428 19
206435 4
206437 25
206457 10
206476 28
206481 30
206703 19
206714 19
206724 19
206734 4
206736 13
206737 13
206774 4
207104 22
207105 36
207106 36
207108 31
207109 15
207110 4
207116 17
207117 18
207118 10
207125 31
207162 34
207172 4
207181 9
207187 39
207188 28
207191 20
207195 34
207214 10
207302 13
207305 34
207306 0
207312 13
207321 1
207402 31
207408 9
207415 7
207442 31
207448 34
207481 4
207704 19
207706 13
207708 4
207712 4
207766 4
208101 41
208140 9
208141 13
208250 4
208263 20
208264 7
208272 27
208322 36
208345 25
208346 7
208353 22
208362 13
208373 19
208423 4
208444 30
208446 19
208460 34
208738 13
208772 4
208873 4
209203 34
209204 31
209252 7
209253 31
209262 1
209263 13
209270 13
209271 4
209272 25
209322 31
209332 1
209341 31
209352 1
209370 13
209376 34
209382 4
209424 19
209452 13
209454 31
209456 37
209466 40
209486 4
209712 19
209714 13
209716 13
209772 4
209787 19
210100 34
210200 28
210207 25
210221 13
210251 4
210276 1
210315 22
210331 28
210355 31
210432 10
210435 16
210463 1
210497 4
210702 4
210717 13
210741 13
210743 19
210744 13
210748 13
211100 21
211303 16
211312 28
211315 0
211318 13
211319 38
211341 40
211342 1
211444 13
211445 31
211446 4
211448 10
211449 19
211709 13
211843 4
212712 13
212721 4
212731 19
213706 19
213707 4
213708 13
213717 4
214301 19
214310 13
214340 3
214341 10
214352 28
214403 31
214412 28
214431 10
214491 19
215205 4
215206 25
215207 34
215208 19
215303 1
215311 19
215312 13
215313 19
215314 28
215401 4
215462 10
215482 13
215495 16
215497 34
215711 4
215742 4
217705 13
217708 4
217773 19
218100 10
218234 28
218236 1
218244 4
218262 13
218352 7
218362 13
218372 4
218382 19
218474 1
218481 19
218496 13
219741 4
219753 19
219766 13
219789 4
225702 28
225704 19
225706 13
225707 4
226703 4
226704 4
226711 19
226805 4
229223 38
229351 28
251100 19
251211 33
251213 22
251216 28
251242 4
251261 40
251292 4
251312 1
251313 19
251333 16
251334 10
251342 13
251361 22
251363 34
251371 40
251372 4
251374 31
251399 13
251411 37
251417 37
251434 22
251436 1
251451 19
251455 34
251456 28
251457 4
251461 34
251476 13
251477 7
251704 28
251707 4
251713 4
251716 13
251723 28
251724 19
251746 19
251748 13
251754 28
251760 19
251763 13
251765 4
251776 28
251781 19
251784 13
252210 22
252212 19
252222 0
252235 9
252281 10
252282 30
252283 6
252285 3
252311 6
252320 24
252328 37
252331 31
252353 19
252401 7
252402 4
252403 31
252404 13
252413 1
252420 7
252421 25
252422 22
252423 28
252427 4
252428 6
252429 1
252435 15
252440 28
252442 12
252443 1
252448 25
252450 19
252456 16
252459 31
252460 10
252479 10
252489 28
252706 19
252707 28
252727 4
252785 28
252789 19
252792 13
253215 6
253318 13
253321 31
253332 1
253416 31
253417 28
253423 1
253433 19
253441 10
253443 10
253451 13
253452 28
253454 4
253716 13
253721 4
253725 28
253734 31
253735 28
253747 13
253749 1
253752 28
253754 19
253791 19
254182 22
254200 22
254205 9
254206 34
254207 4
254211 24
254215 24
254216 15
254222 27
254231 1
254232 31
254271 7
254282 10
254302 37
254325 28
254334 19
254352 9
254362 24
254371 39
254373 1
254400 13
254411 30
254412 34
254415 22
254421 31
254422 16
254423 12
254424 4
254435 34
254441 19
254443 13
254445 16
254451 28
254452 4
254453 4
254454 13
254466 31
254476 37
254477 10
254478 34
254495 40
254701 4
254702 4
254721 4
254733 28
254737 4
254791 28
254816 13
254817 19
254857 19
255201 0
255210 3
255230 9
255300 10
255301 15
255316 21
255323 28
255328 34
255337 39
255340 27
255393 4
255422 19
255425 28
255429 30
255430 13
255431 25
255432 0
255433 30
255440 7
255442 22
255444 19
255445 16
255447 28
255451 22
255455 4
255462 1
255463 40
255471 19
255492 36
255497 31
255499 4
255714 4
255735 28
255750 4
255751 31
255769 13
255772 13
255783 19
256100 6
256271 6
256317 25
256318 13
256334 34
256418 4
256419 28
256441 19
256444 1
256456 13
256473 28
256474 4
256791 4
259103 21
259104 8
259106 9
259107 12
259108 14
259193 19
259195 13
259200 28
259201 18
259203 1
259401 10
260313 28
260334 19
260416 13
260421 19
260432 10
260702 13
261102 31
261111 10
261112 17
261113 19
261205 4
261207 37
261208 9
261214 22
261215 25
261218 1
261305 4
261306 0
261332 13
261342 4
261343 19
261361 19
261421 13
261430 6
261433 28
261438 34
261444 31
261446 28
261447 13
261448 34
261449 28
261453 13
261465 4
261473 25
261479 31
261494 10
261497-002 34
261497-008 19
261497-802 4
261497-808 13
261499 28
261736 19
261738 28
261745 4
261751 28
261752 19
261755 13
261763 13
261781 13
261795 19
261891 28
263710 31
263721 4
263724 28
263745 19
263751 13
264702 28
264705 19
264709 13
264755 4
265706 28
265709 19
265710 13
266801 4
268732 4
268735 28
268741 19
269103 13
269105 28
269111 10
269130 19
269210 13
269341 19
269360 40
269370 1
269452 31
269498 4
270712 19
270721 28
305203 16
318322 4
329105 33
329106 0
330115 19
351100 7
351201 16
351302 13
351321 34
351364 34
351371 16
351425 22
351426 40
351464 10
352103 13
352311 28
352313 16
352314 25
352401 37
352412 0
352421 34
352422 34
352433 19
352441 28
353313 37
353418 16
353431 13
353441 34
353471 13
353482 4
354311 6
354312 31
355411 16
356100 10
356101 28
356102 37
356210 34
356261 28
356333 4
356361 13
356373 34
356374 19
356411 15
356414 28
356415 31
356416 34
356431 4
356432 22
356441 16
356442 34
356443 22
356444 16
356446 34
356447 13
356449 37
356451 19
356455 4
356471 31
356472 4
356474 34
356496 13
357101 30
357110 8
357210 37
357322 19
357323 22
357418 19
357421 1
357432 22
357441 10
357444 4
357446 28
359202 31
359205 4
359206 4
359302 16
359303 13
359305 28
359341 19
359350 16
359360 4
359380 13
359401 40
359403 30
359408 19
359422 34
359423 28
359452 4
359460 0
359461 27
359465 37
360100 3
360301 22
360304 40
360441 31
361210 9
361211 22
361214 4
361341 22
361413 34
361414 1
361421 4
361433 40
361442 28
361452 19
361461 13
361475 19
363210 6
363401 4
363402 13
365201 16
365211 28
365322 28
365324 34
365422 31
365425 19
365426 13
368211 28
368310 31
368412 13
368417 10
400110 31
400210 15
401281 7
401383 7
401391 22
403281 22
403383 4
406284 34
406294 1
406386 1
406396 19
408382 10
410381 16
413383 25
413391 37
415393 28
420282 31
421282 28
421292 19
421386 40
421396 34
422381 41
428281 13
428282 4
428381 13
428383 31
461170 18
461471 13
461472 22
461511 7
461523 19
461526 40
461527 13
461532 28
462130 19
462544 4
462587 13
462588 4
463201 19
463252 4
463331 28
463332 28
463342 19
463354 13
463433 13
463512 31
463513 13
463543 19
463544 22
463557 40
463559 28
463571 7
463592 31
464302 31
464312 4
464402 10
464403 4
464414 31
464442 19
464443 22
464445 1
464446 34
464500 13
464502 4
464504 19
464505 28
464506 31
464508 13
464545 1
464549 13
501201 40
501202 34
501305 34
501306 31
502313 22
502314 40
504202 28
504305 28
506202 31
508304 4
510306 19
512304 1
513113 40
513115 28
513212 31
513216 28
513217 13
513225 19
513284 4
513331 31
513343 13
513364 28
513373 4
513390 19
513411 13
513446 4
514202 31
514206 22
514222 13
514244 28
514272 34
514322 40
514336 28
514352 19
514358 4
514382 1
514384 34
514396 31
514398 13
514436 13
514462 4
514742 19
514752 13
515204 34
515205 19
515256 28
515257 13
515330 4
515337 31
515339 13
515362 28
515377 34
515378 19
515380 1
518724 4
518770 13
551461 28
552216 19
552217 13
552232 4
557433 19
558101 27
558411 13
558432 4
562101 18
562211 4
601201 31
601202 19
601231 16
601242 12
601342 34
601346 28
601351 1
601361 16
601423 1
601424 13
601431 28
601436 13
601452 25
601471 7
601472 19
601724 4
601731 19
601745 13
601769 19
601775 4
602100 26
602102 40
602103 0
602120 33
602121 18
602122 13
602301 13
602314 19
602421 22
602453 6
602454 19
602455 34
602461 31
602472 13
602741 4
602751 4
603200 28
603231 31
603321 25
603341 40
603396 7
603423 34
603496 19
603743 19
604101 36
604211 16
604311 34
604314 0
604315 21
604411 16
604415 25
604423 4
604431 9
604443 22
604454 19
605203 25
605302 3
605313 16
605315 15
605316 12
605321 28
605331 9
605340 19
605412 28
605413 28
605430 31
605476 4
605701 13
605711 28
605719 4
605742 19
606211 6
606243 28
606245 19
606264 13
606310 34
606341 31
606342 28
606344 19
606451 13
606452 4
610114 32
651210 4
651211 19
651212 13
651234 4
651306 10
651313 1
651314 31
651317 28
651319 4
651416 19
651425 13
701100 40
701181 27
701202 4
701235 16
701244 40
701283 27
701335 4
701408 13
701423 4
701496 4
702100 37
702101 8
702211 41
702312 25
702313 10
702317 34
702321 22
702331 34
702342 1
702354 16
702418 13
702443 4
702499 16
703103 22
703109 4
703202 35
703204 6
703243 19
703244 21
703309 22
703322 1
703324 40
703330 33
703331 31
703345 19
703351 7
703361 10
703413 4
703441 16
703499 16
705191 24
705211 18
705311 3
705328 34
705331 28
705332 30
705343 4
705431 0
705438 12
705440 27
705441 15
705442 33
705444 21
705447 31
705448 4
705499 22
751100 28
751101 36
751102 33
751106 13
751202 33
751209 36
751301 5
751302 7
751303 21
751305 37
751308 3
751309 38
751320 22
751326 19
751327 10
751330 10
751401 9
751403 1
751405 41
751408 4
751417 13
751418 16
751421 34
751422 13
751428 15
751440 31
751443 28
751701 31
751702 13
751703 19
751705 1
751706 13
751708 31
751716 1
751718 28
751719 28
751728 4
751734 19
751752 4
801100 35
801122 19
801134 13
801204 4
801233 31
801236 34
801241 19
801322 28
801334 13
801371 19
803122 13
803124 28
803131 19
803230 34
803232 19
803260 34
851100 40
851103 30
851104 12
851105 19
851201 16
851202 22
851204 19
851207 32
851241 31
851252 19
851253 9
851261 25
851263 19
851273 39
851305 28
851309 3
851345 4
851363 4
851366 4
851400 25
851404 19
851406 13
851407 0
851441 16
851462 10
851467 22
852100 28
951100 39
951231 31
951324 22
951344 13
951366 19
951421 13
951498-004 13
951498-007 4
951498-011 4
951498-015 4
951498-020 4
951498-021 1
953102 34
953111 23
953201 31
953202 13
953211 19
953214 28
953231 4
953232 1
953234 4
953323 28
953422 34
953494 1
954100 13
954140 2
954142 7
954143 34
954170 40
954240 16
954326 4
954340 25
954371 13
954374 22
954423 10
954462 40
954464 34
954472 31
954491-001 40
954491-002 28
954491-003 22
954498 19
955102 28
955104 28
