001101 13
001102 4
001111 41
001113 0
001201 1
001202 28
001210 8
001212 15
001218 1
001230 24
001231 9
001250 12
001291 40
001293 0
001310 22
001311 4
001312 4
001315 27
001318 20
001320 28
001321 10
001323 33
001330 40
001342 31
001353 37
001354 24
001362 31
001410 13
001423 19
001425 25
001443 40
001444 4
001445 22
001447 37
001461 37
001464 28
002101 4
002110 22
002191 10
002192 10
002201 28
002211 22
002221 37
002250 31
002301 37
002333 28
002351 16
002365 7
002372 31
002401 37
002441 34
002473 28
003101 19
003191 5
003201 34
003314 22
003320 28
003331 4
003414 37
003421 7
003436 28
004241 30
004301 31
004303 39
004324 37
004351 19
004432 22
004473 28
004475 3
006103 9
006126 10
006206 25
006226 16
006242 31
006253 37
006303 41
006307 22
006326 28
006330 10
006331 34
006344 19
006346 4
006355 37
006425 22
006432 37
006433 4
006443 7
006448 22
008214 4
008303 28
008314 25
008326 4
008411 31
008417 19
009103 40
009105 22
009212 28
009230 22
009231 31
009326 28
009425 37
009426 22
009431 28
011100 11
011151 28
011152 22
011153 3
011251 31
011257 41
011259 4
011269 24
011276 0
011353 40
011356 4
011358 30
011362 7
011374 25
011461 16
011464 19
011751 28
012100 25
012173 33
012200 5
012271 22
012272 28
012273 22
012371 4
012475 4
013103 34
013110 34
013203 41
013204 34
013206 37
013207 12
013217 18
013301 31
013302 15
013303 28
013304 34
013305 30
013306 0
013307 19
013317 25
013326 31
013329 28
013330 41
013335 10
013338 10
013420 37
013421 22
013422 22
013427 7
013433 22
013435 28
014210 34
014270 10
014310 31
014311 4
014322 16
014323 36
014325 22
014370 15
014371 33
014382 22
014390 0
014401 31
014410 15
014421 25
015101 28
016101 4
016232 4
017101 25
017102 25
017111 4
017201 19
017210 22
018103 22
018111 23
018113 31
018125 19
018203 28
018211 34
018213 31
018231 4
018235 37
018271 34
018301 31
018335 41
018351 28
018353 37
018421 37
018433 25
018435 31
018436 25
018438 28
018451 34
018465 19
018467 19
018471 4
019101 19
019103 34
019105 10
019106 0
019108 28
019111 22
019203 40
019205 19
019206 10
019208 31
019211 19
019221 37
019303 37
019311 16
019331 0
019361 22
019373 4
019381 10
019411 19
019442 31
019471 25
019473 37
020101 19
020102 34
020211 10
020231 19
020311 16
020321 40
020333 7
020341 19
020362 37
020363 10
020412 10
020421 19
020481 16
021101 30
021102 22
021203 22
021204 34
021270 31
025108 4
025480 37
026101 11
026102 25
026111 13
026112 28
026201 25
026271 4
029701 22
029703 28
029711 4
030101 34
050100 31
050103 20
050104 22
050106 7
050111 3
051302 33
051304 19
051306 10
051310 25
051313 37
051418 12
052201 30
052202 25
052352 37
052357 22
052420 4
052441 4
052443 19
052445 31
052447 37
052466 28
053712 4
053713 22
053770 4
054810 22
054870 4
055701 28
055703 37
055704 13
055706 22
055707 4
055713 37
055733 28
055734 4
055757 22
055771 28
055797 13
057121 36
057123 41
057125 34
057126 8
057127 35
057128 17
057129 34
057130 6
057131 22
057132 21
057133 41
057134 4
057135 22
057136 11
057137 22
057138 22
057139 0
057140 22
057201 31
057205 25
057213 34
057215 28
057274 22
057284 34
057285 19
057288 4
057293 6
057294 13
057296 37
057300 36
057302 25
057305 28
057316 22
057351 28
057366 28
057403 13
057404 16
057405 25
057410 31
057411 10
057420 37
057426 4
057428 34
059413 40
059419 34
061103 28
061106 25
061201 25
061223 28
061224 31
061306 13
061307 13
061317 37
061319 28
061403 10
061404 10
061407 37
061430 13
062200 34
062210 28
062343 31
062411 22
062452 10
062460 19
062470 37
062499 13
063201 19
063702 22
063704 4
063710 13
064204 19
064232 22
064251 4
064252 4
064303 28
064331 31
064392 40
064412 28
064418 16
064423 13
064424 31
064430 13
064474 4
064490 37
065210 25
065212 37
065310 19
065311 16
065320 4
065332 40
065421 13
065435 25
065436 28
065437 37
065438 31
065797 28
066221 4
066323 25
066410 28
066416 13
066421 31
066425 4
067202 4
067303 10
067311 25
067372 22
067373 13
067432 28
069712 4
070200 10
070304 31
070305 37
070403 28
070404 13
070410 4
070411 22
070416 4
070711 22
070720 4
070721 13
070740 28
070741 28
071411 37
071412 31
071413 0
071415 28
071416 27
071418 4
071419 28
071422 13
071423 28
071425 25
071712 4
071715 22
071730 31
071736 37
071738 22
071811 22
073711 4
073721 22
073770 22
074100 9
074101 41
074414 31
076425 28
076427 19
076430 10
076444 22
076466 37
078444 30
078454 22
079169 1
079220 28
079264 19
091700 13
091800 13
099100 7
099101 1
099102 4
100102 22
100109 9
100110 40
100111 6
100112 28
100207 37
100213 13
100214 4
100220 10
100222 10
100225 0
100228 6
100229 30
100230 37
100231 16
100233 28
100281 22
100306 25
100307 28
100308 33
100309 41
100310 28
100311 19
100312 7
100313 28
100314 25
100501 7
101100 18
101105 4
101201 9
101211 4
101400 7
101405 25
103112 25
103191 28
103271 25
104200 37
104201 15
104300 7
104301 31
104325 4
104410 4
104424 22
104495 10
105304 28
109100 3
109115 10
112101 22
112102 4
112103 37
112108 28
112110 22
112201 37
112203 28
112213 22
112300 4
112314 31
112411 25
112412 37
115200 37
115300 37
115301 4
115302 4
116301 13
116302 13
116400 28
126101 21
126216 13
126321 13
126326 13
126333 1
126334 22
126428 30
126432 25
126443 27
127100 6
127101 36
127203 37
127204 28
127207 25
127303 30
127312 22
127314 13
127315 28
127316 25
127326 37
127337 34
127711 22
127717 28
127718 4
127719 13
127727 28
127728 13
128100 22
128101 4
128202 13
128203 15
128204 18
128307 6
128309 24
128334 37
128354 22
128355 4
128403 30
128701 22
128710 4
128730 13
128740 28
128762 28
140101 28
140102 28
140103 4
140104 2
140105 31
152211 33
152301 10
152321 4
154104 35
154141 37
154151 7
154231 25
154261 40
154262 37
154281 13
154311 10
154330 13
154353 22
154375 25
154377 37
154384 37
154388 19
154443 13
154455 7
154457 25
154481 19
154488 4
154493 37
154494 22
159100 17
159101 25
159151 28
159203 28
159221 6
159231 31
159301 28
159303 7
159305 13
159332 4
159356 31
159362 10
159403 22
159411 33
159431 40
159454 22
160341 10
164200 25
164341 37
168100 34
168101 41
168222 28
176100 37
176101 17
176104 22
176220 21
177103 0
177214 18
177215 12
177216 15
177217 28
177281 10
177283 25
177285 25
177321 10
177330 40
177341 28
177362 33
177393 15
177401 16
177404 22
177405 34
177414 30
177426 13
177427 28
177430 7
177434 37
177446 4
177450 19
177463 25
177464 4
177465 0
177467 31
177468 28
177481 25
177494 10
179402 1
179403 9
201100 27
201110 25
201114 19
201115 40
201116 18
201117 4
201190 22
202100 27
202101 33
202141 24
202143 36
202145 40
202184 25
202231 22
202260 4
202305 34
202311 7
202332 4
202334 1
202342 37
202361 41
202371 25
202434 28
202438 31
202443 34
202473 22
202474 4
202477 7
202481 25
202495 37
202742 4
202765 22
202776 28
202782 28
202833 28
202848 28
202873 4
203100 23
203103 22
203111 15
203116 37
203151 31
203162 7
203171 18
203201 15
203203 37
203204 7
203206 30
203207 12
203208 25
203209 12
203222 7
203226 15
203231 22
203235 22
203236 31
203255 4
203303 31
203315 4
203323 40
203324 12
203331 12
203332 25
203333 15
203351 22
203352 19
203405 22
203406 28
203414 31
203423 34
203431 1
203434 19
203458 28
203471 4
203475 25
203705 22
203709 4
203714 22
203716 37
203722 37
203743 4
203753 28
203807 37
203821 4
203828 22
203879 37
203889 37
204100 26
204101 25
204111 7
204123 4
204202 40
204211 25
204216 16
204231 37
204251 4
204321 19
204325 0
204335 10
204341 13
204361 22
204365 28
204381 31
204383 28
204432 37
204435 1
204442 22
204451 41
204452 34
204453 4
204471 10
204712 37
204721 4
204732 22
204764 28
205100 34
205103 31
205104 19
205105 31
205235 25
205239 28
205275 38
205303 25
205337 19
205355 28
205393 7
205415 28
205421 4
205461 37
205464 10
205475 22
205479 31
205483 40
205486 25
205496 34
205712 4
205735 28
205761 37
205783 22
206100 28
206101 4
206103 40
206104 33
206107 19
206108 9
206111 39
206112 28
206113 22
206161 19
206162 33
206171 39
206172 32
206181 19
206191 28
206203 31
206207 37
206211 41
206216 4
206217 34
206261 9
206267 22
206281 12
206300 9
206321 0
206324 34
206325 3
206327 34
206328 1
206331 7
206336 22
206341 22
206355 31
206362 7
206370 4
206381 34
206412 4
206436 28
206437 22
206441 7
206455 31
206707 22
206713 28
206720 37
206721 22
206730 22
206736 28
206738 4
206739 28
206743 22
206753 28
206766 31
206783 4
207100 7
207103 31
207105 30
207106 30
207107 22
207109 41
207115 34
207117 10
207123 28
207131 28
207135 25
207164 4
207171 22
207173 7
207174 22
207183 28
207187 19
207203 30
207205 34
207208 34
207213 37
207308 4
207310 28
207313 13
207323 10
207348 19
207401 7
207403 25
207406 16
207416 22
207419 31
207422 40
207436 28
207701 4
207703 37
207705 22
207711 28
207741 28
207743 4
207808 28
208101 40
208140 25
208150 4
208250 10
208251 22
208263 20
208265 37
208270 22
208271 15
208272 30
208280 16
208321 12
208329 16
208343 4
208348 22
208370 28
208383 7
208425 6
208439 22
208440 34
208469 31
208711 37
208760 22
208761 28
208770 4
208871 22
208872 4
209201 25
209251 19
209301 19
209302 41
209303 0
209331 28
209351 33
209358 31
209361 37
209368 4
209375 30
209403 22
209442 4
209451 37
209453 7
209461 31
209463 22
209471 31
209483 28
209485 34
209703 31
209705 25
209707 31
209709 37
209711 37
209713 22
209722 37
209731 22
209771 28
209773 4
209779 22
209785 37
210100 28
210201 19
210202 16
210204 25
210343 7
210351 4
210383 37
210425 28
210433 31
210434 31
210453 19
210465 28
210485 10
210703 37
210704 22
210705 4
210707 28
210723 28
210731 4
211100 26
211311 27
211315 28
211319 33
211413 4
211440 7
211442 10
211443 31
211495 28
211702 4
211889 28
212701 37
212703 22
212711 4
212721 28
212741 28
213201 22
213714 22
213763 37
213779 28
214100 31
214261 41
214312 4
214341 19
214381 31
214401 28
214411 0
214414 21
214415 34
214421 22
214430 4
214441 34
214445 25
215205 19
215206 24
215207 25
215208 36
215301 22
215302 16
215381 36
215411 4
215431 10
215471 28
215481 37
215495 19
215496 7
215497 31
215734 22
215762 28
215785 4
215794 28
217701 37
217703 22
217707 4
217734 4
217751 4
217775 28
217781 28
218100 33
218101 31
218233 22
218235 37
218321 37
218323 22
218351 28
218471 31
218475 28
218483 16
218486 34
219720 37
219731 28
225701 37
225703 22
225705 4
225720 28
226701 4
226709 28
226710 28
226801 31
226889 28
229123 28
229323 37
229352 19
229711 28
251211 24
251213 13
251261 4
251281 12
251312 24
251313 25
251333 13
251334 31
251361 37
251363 22
251371 0
251372 6
251374 37
251384 13
251411 7
251418 13
251437 25
251438 4
251451 4
251455 13
251457 34
251461 28
251475 31
251479 19
251701 37
251702 22
251703 13
251711 37
251714 22
251715 4
251717 13
251718 13
251745 4
251751 37
251752 22
251757 4
251758 13
251773 37
251783 22
251785 4
251790 28
252201 30
252211 28
252232 21
252282 13
252283 37
252285 31
252286 37
252301 19
252302 36
252317 7
252320 28
252322 25
252325 0
252327 13
252330 31
252342 25
252363 4
252420 22
252421 28
252424 1
252425 37
252426 4
252427 30
252444 28
252450 15
252455 28
252460 19
252489 10
252498 34
252702 28
252708 31
252723 4
252724 4
252741 13
252748 28
252781 37
252785 22
252789 28
252791 28
253303 10
253314 16
253315 19
253432 28
253455 19
253456 25
253481 22
253701 4
253715 28
253717 25
253722 37
253731 31
253732 28
253734 4
253735 13
253736 25
253748 31
253752 28
253754 22
254181 37
254205 13
254206 25
254211 25
254215 4
254216 16
254222 34
254231 6
254232 30
254252 28
254282 10
254302 10
254325 22
254333 36
254372 19
254421 25
254425 28
254426 13
254435 31
254436 7
254438 22
254439 34
254441 37
254442 31
254451 4
254456 28
254457 1
254458 41
254459 0
254461 13
254471 12
254473 31
254492 34
254494 28
254700 28
254702 31
254703 37
254710 22
254711 4
254734 31
254770 37
254777 4
254804 13
254875 22
255201 28
255215 18
255251 15
255290 21
255300 24
255320 39
255321 36
255330 6
255359 0
255415 19
255417 28
255420 31
255422 3
255424 4
255430 18
255432 41
255434 22
255437 0
255438 28
255439 37
255441 7
255447 10
255449 33
255454 33
255460 34
255462 4
255464 13
255471 1
255492 31
255499 28
255712 31
255722 37
255734 37
255739 28
255750 28
255764 28
255766 13
255770 22
255771 22
255772 4
255786 31
255791 4
255830 28
256100 27
256212 40
256271 37
256281 4
256316 16
256333 31
256373 19
256383 19
256412 22
256415 25
256441 13
256457 4
256462 28
256473 31
256700 22
256761 4
256762 28
259103 22
259104 9
259106 15
259107 24
259108 14
259109 27
259201 12
259203 6
260312 13
260404 13
260413 22
260424 28
260434 28
260717 4
260772 28
261103 4
261111 7
261200 37
261210 31
261212 0
261216 25
261217 4
261304 36
261305 22
261335 22
261336 12
261342 25
261343 41
261361 13
261405 13
261406 25
261434 40
261447 19
261456 31
261457 9
261458 34
261461 10
261469 7
261494 28
261497 1
261499 37
261701 13
261702 22
261706 37
261735 4
261739 13
261753 4
261754 4
261767 13
261769 13
261791 28
263701 37
263702 22
263720 31
263746 4
263760 28
263771 31
264701 37
264706 22
264707 13
264710 13
264741 4
264791 4
266703 28
268721 4
269101 22
269102 4
269200 25
269201 31
269202 4
269340 31
269430 4
269462 37
269470 13
269497 34
270701 4
270702 13
270711 4
270791 13
301254 19
305202 13
311352 40
318322 34
318351 10
320351 28
321251 28
324703 28
328310 22
328313 19
330110 7
330111 1
351100 27
351201 18
351202 39
351301 41
351321 37
351331 31
351410 25
351441 34
351442 22
351451 16
351463 4
351466 7
352301 13
352311 13
352321 25
352323 22
352332 4
352422 7
352431 28
353301 22
353421 13
353431 13
353451 25
353452 16
354311 36
356100 37
356101 16
356102 34
356202 25
356210 36
356212 37
356303 37
356304 28
356306 25
356312 22
356361 13
356412 7
356414 13
356416 13
356432 13
356441 4
356442 31
356443 16
356471 13
356496 28
357101 11
357110 22
357210 25
357322 28
357360 16
357417 13
357441 10
357491 22
359202 6
359203 13
359204 10
359206 31
359301 19
359311 31
359405 1
359409 4
359410 25
359413 22
359414 13
359421 37
359431 34
359451 18
360100 41
360210 36
360400 13
360402 37
360404 37
360407 22
360411 25
360431 4
360460 22
360470 37
361210 25
361214 4
361301 25
361321 22
361351 13
361453 28
361461 28
361471 28
363210 4
365301 28
365321 31
365331 25
365421 22
365427 4
365428 37
368200 7
368317 28
368331 13
368412 28
368433 37
368441 4
368487 19
400110 18
400211 27
401382 37
403382 4
406385 13
406395 31
409281 25
409292 31
411281 37
411291 22
415291 10
420281 4
421281 13
421291 34
421385 34
421395 19
423382 25
428382 22
461100 18
461170 13
461471 31
461472 37
461511 37
461527 34
461529 34
462130 22
462541 34
462587 34
462588 22
463251 37
463311 25
463331 22
463341 37
463353 31
463402 28
463433 22
463455 31
463491 37
463503 13
463504 25
463545 22
463556 4
463558 31
464301 28
464311 4
464341 13
464401 34
464413 4
464441 13
464443 10
464444 25
464445 37
464501 37
464502 28
464503 19
464509 22
464510 22
464541 13
464542 28
464544 4
464549 10
466141 15
501301 25
501302 31
502211 28
502311 4
503402 40
504302 28
506303 22
506361 13
507402 10
508203 37
508207 4
508303 37
509402 19
510201 7
510202 13
510307 4
510411 13
510414 22
510415 34
510416 25
510417 31
512303 13
512402 37
513111 4
513114 16
513223 25
513224 37
513283 22
513315 4
513324 31
513328 37
513363 28
513371 13
513412 31
513429 37
513445 22
513451 4
513471 28
514211 37
514241 22
514317 34
514323 19
514335 22
514341 4
514343 37
514381 31
514383 10
514395 25
514397 28
514425 22
514442 28
514451 25
514453 37
514466 31
514475 4
515201 7
515250 4
515307 28
515312 31
515334 22
515361 37
515364 25
515370 28
515376 4
515403 4
515490 28
551461 31
552216 22
552217 37
552222 4
553312 13
554314 25
555313 37
556311 22
557433 37
558411 22
558432 13
558442 28
561312 4
562211 22
571115 41
601201 10
601302 37
601321 34
601322 10
601341 37
601344 0
601351 4
601422 13
601427 31
601428 4
601452 25
601460 22
601462 28
601702 13
601731 22
601758 4
601765 13
601767 22
602100 31
602102 3
602111 31
602211 7
602315 36
602321 40
602322 9
602431 13
602432 34
602441 7
602464 4
602731 13
602761 28
603211 25
603322 16
603332 13
603352 28
603371 31
603421 37
603441 22
603453 34
603465 10
603471 31
603494 4
603495 25
603711 4
603723 13
603731 28
604304 0
604305 22
604312 40
604313 9
604351 16
604352 28
604412 19
604414 37
604416 10
604422 13
604441 4
604451 4
604711 13
604715 28
604731 4
605201 22
605204 28
605301 16
605313 13
605314 3
605321 37
605322 4
605341 31
605412 28
605432 22
605446 4
605459 37
605461 37
605476 13
605701 4
605702 13
605713 28
605751 28
606231 7
606242 28
606244 37
606263 13
606343 34
606362 31
606363 4
610114 16
651105 34
651109 4
651120 25
651210 22
651311 22
651312 4
651315 13
651316 28
701101 7
701181 34
701182 28
701183 41
701201 18
701211 10
701281 32
701313 4
701321 0
701331 12
701342 25
701344 28
701402 13
701403 7
701407 13
701409 4
701425 31
701455 19
701494 28
702101 21
702205 34
702211 19
702312 37
702313 25
702316 1
702318 16
702341 10
702351 19
702411 28
702416 31
702418 13
702423 7
702431 22
703103 32
703202 18
703204 28
703243 9
703244 27
703305 37
703308 4
703311 12
703313 31
703322 24
703324 34
703330 6
703331 25
703345 22
703352 13
703391 0
703404 28
703412 40
703435 13
703447 10
703454 15
703498 4
703499 28
704101 25
704141 37
704201 22
704345 4
705191 28
705211 33
705311 12
705329 40
705331 0
705351 24
705411 28
705437 13
705441 4
705442 31
705444 0
705492 4
705499 10
751100 10
751101 9
751102 22
751106 3
751202 36
751209 24
751301 12
751302 41
751303 6
751304 4
751305 16
751308 10
751309 37
751321 22
751326 13
751327 4
751330 28
751345 21
751401 10
751403 4
751405 18
751408 22
751413 1
751419 34
751421 34
751422 25
751424 28
751428 34
751443 40
751447 31
751451 28
751701 28
751702 4
751703 22
751704 22
751705 37
751706 28
751708 22
751712 37
751718 13
751724 4
751726 13
751751 13
801100 41
801201 22
801225 37
801235 28
801321 28
801324 34
801331 37
801333 13
801334 4
801336 4
801421 31
801471 37
801481 7
803121 4
803123 31
803231 25
803331 22
803360 4
803431 4
851100 16
851104 34
851105 22
851108 28
851200 16
851201 4
851202 7
851243 22
851251 37
851262 6
851273 13
851305 28
851306 30
851309 21
851342 13
851352 18
851354 37
851355 16
851360 25
851362 16
851375 25
851376 3
851400 7
851404 33
851407 15
851441 19
851462 41
852100 4
852101 31
852102 28
852103 4
852201 37
852202 10
852203 13
852204 25
951100 29
951102 22
951106 28
951124 37
951203 22
951302 28
951323 37
951331 22
951344 4
951348 25
951352 13
951497 25
953103 28
953111 38
953212 31
953231 4
953233 25
953261 37
953321 4
953322 22
953331 13
953361 28
953421 37
953444 28
953494 4
953495 31
954100 22
954244 25
954246 37
954310 13
954370 22
954374 28
954410 37
954413 25
954416 1
954426 31
954443 25
954449 16
954462 4
954464 13
954471 4
954477 10
954491-001 37
954491-002 34
954491-003 31
954491-004 13
954498 7
955102 34
955103 24
955104 37
958111 28
958201 7
958221 28
958225 25
958261 31
958373 22
