001101 1
001102 1
001112 19
001118 10
001201 1
001202 37
001210 17
001222 9
001223 10
001224 5
001225 13
001226 13
001227 39
001228 29
001229 9
001230 21
001231 25
001234 36
001250 12
001291 37
001292 37
001310 18
001311 3
001312 15
001314 10
001320 25
001321 22
001323 18
001330 25
001341 25
001342 13
001352 0
001355 15
001361 28
001362 37
001410 31
001423 22
001440 31
001445 7
001447 10
001471 7
001472 22
002102 19
002111 40
002191 25
002192 19
002202 37
002230 19
002260 7
002302 31
002311 25
002321 10
002331 22
002362 7
002402 7
002441 22
002471 25
002472 10
003101 16
003102 25
003191 16
003202 16
003332 31
003414 22
003421 19
003436 37
003454 7
004282 3
004465 37
004470 15
004472 7
004474 7
004476 19
006103 27
006126 16
006226 0
006241 24
006253 34
006307 19
006326 19
006330 31
006349 3
006443 31
006448 7
006454 19
006475 7
008214 33
008314 19
008326 31
008402 19
008411 7
009103 40
009213 16
009234 34
009236 40
009254 27
009301 7
009344 22
009355 19
009356 25
009358 37
009363 9
009446 31
011100 38
011101 31
011151 7
011154 33
011156 9
011157 25
011251 30
011268 31
011269 6
011276 19
011277 41
011278 3
011355 16
011367 37
011457 31
011479 7
012173 12
012174 31
012200 15
012374 34
012475 24
013103 27
013110 4
013203 37
013204 27
013207 10
013208 13
013209 7
013216 40
013217 12
013301 21
013303 28
013306 37
013321 3
013335 34
013337 25
013410 19
013413 10
013428 31
013431 31
013432 19
013433 16
014211 9
014270 12
014310 19
014311 31
014323 37
014370 15
014371 16
014383 19
014401 34
014422 13
014423 7
014471 34
014481 31
014483 37
015101 21
015102 31
016101 22
016102 19
017101 40
017102 7
017111 13
017231 25
018104 41
018112 34
018114 16
018126 16
018204 37
018271 4
018323 31
018352 31
018372 31
018467 7
018471 19
019101 25
019104 34
019105 28
019106 24
019112 15
019204 3
019205 4
019206 13
019212 13
019222 31
019332 25
019351 13
019362 31
019371 12
019373 19
019441 37
020101 28
020102 34
020212 19
020231 31
020232 28
020261 13
021101 31
021102 25
021203 31
021204 19
021270 34
024752 31
025110 19
025310 19
025481 7
026101 36
026102 22
026111 24
026112 9
026201 4
029732 7
030101 4
050100 28
050103 34
050104 12
050106 5
050112 24
050113 28
051302 28
051304 16
051306 12
051310 25
051313 22
051418 37
052203 40
052310 13
052314 7
052323 16
052331 7
052350 22
052351 7
052353 27
052355 34
052400 22
052417 7
052419 37
052422 37
052442 9
052447 19
052448 31
052449 31
053713 31
054821 31
055702 37
055734 19
055739 7
055757 31
057121 38
057122 34
057123 16
057125 7
057126 15
057127 40
057128 21
057129 31
057130 24
057131 18
057132 6
057133 15
057134 34
057135 36
057136 19
057137 27
057138 9
057139 31
057213 13
057283 7
057286 28
057287 13
057290 25
057295 10
057297 16
057298 19
057301 7
057302 37
057305 22
057316 37
057366 19
057401 34
057404 31
057407 16
057411 25
057413 19
057419 28
057427 10
057428 25
059405 19
059419 10
061103 16
061106 27
061201 25
061223 31
061224 34
061306 19
061307 31
061312 25
061313 4
061403 27
061405 7
062200 7
062210 31
062320 7
062343 19
062499 7
063201 31
064204 34
064231 19
064331 16
064411 7
064412 31
064421 7
064422 31
064423 7
064424 0
064430 22
064474 37
065120 27
065121 9
065211 41
065212 34
065311 19
065320 19
065333 36
065420 28
065435 7
065436 7
065437 7
065438 19
065797 31
066222 31
066324 37
066412 19
066414 7
067201 28
067203 31
067311 7
067371 10
067433 7
067435 13
067436 13
067491 10
070200 10
070201 7
070301 28
070303 28
070305 10
070401 7
070411 37
070413 33
070414 31
070416 37
070792 31
071411 10
071412 7
071414 31
071415 25
071416 12
071418 31
071419 37
071420 31
071423 7
071426 40
073721 31
074100 32
074101 4
074414 22
076425 37
076426 19
076427 31
076430 37
076444 25
076466 7
078444 24
078454 25
079220 19
099101 31
099102 19
099103 19
100104 10
100109 25
100110 40
100111 19
100112 15
100207 31
100220 28
100222 7
100228 40
100229 13
100230 33
100231 25
100233 7
100307 7
100308 16
100309 34
100310 25
100311 12
100312 34
100313 21
100314 10
100501 13
101201 7
101202 25
101205 41
101325 0
101405 31
101490 16
103271 31
104100 34
104302 7
104310 22
104320 15
104327 19
104334 19
104340 7
104435 13
104471 31
104490 19
109100 34
109114 33
112101 19
112105 28
112106 25
112109 31
112202 10
112205 19
112303 16
112321 7
112322 31
112406 19
112424 37
115301 7
115401 7
116301 31
116302 28
126101 31
126102 10
126212 40
126213 33
126214 19
126324 12
126326 19
126328 10
126330 37
126332 37
126400 18
126431 31
126436 22
126442 31
127100 19
127101 4
127202 15
127205 41
127313 0
127329 16
127330 10
127332 40
127333 25
127359 22
127411 31
127415 7
127416 21
127424 19
127433 31
127492 28
127493 10
127716 19
127720 7
127721 37
127727 31
128100 35
128101 0
128201 9
128304 31
128305 0
128306 33
128308 13
128310 10
128401 10
128423 16
128425 28
128427 7
128434 37
128443 31
128445 16
128451 21
128471 19
128481 31
128484 7
128700 7
128714 19
128727 31
128734 37
140101 31
140102 25
140103 24
140104 13
140105 6
152211 31
152301 7
152321 22
152331 40
154100 25
154104 20
154141 0
154152 10
154153 33
154173 31
154181 19
154251 19
154262 7
154276 22
154281 9
154301 7
154330 31
154431 25
154479 31
154492 13
159100 5
159101 39
159102 40
159151 24
159202 13
159204 19
159331 9
159351 31
159411 31
159434 34
160342 25
164261 31
164341 7
168100 9
168101 34
168410 31
176100 36
176101 26
176104 24
177103 19
177104 7
177113 33
177114 25
177141 19
177142 31
177181 28
177220 13
177222 40
177227 31
177228 25
177229 28
177300 0
177321 19
177332 3
177335 7
177336 25
177341 10
177361 16
177413 4
177420 25
177425 9
177429 31
177430 16
177431 24
177433 7
177441 25
177447 22
177460 34
177464 10
177465 13
177466 7
177470 33
177483 25
177491 15
177494 22
177495 19
179404 10
179406 19
179443 37
201100 8
201110 19
201114 22
201116 8
201117 31
201190 19
202100 7
202101 24
202102 6
202147 41
202231 15
202302 19
202303 25
202305 31
202311 7
202356 22
202362 37
202371 15
202405 19
202421 37
202432 37
202446 22
202461 31
202471 31
202475 7
202476 16
202484 37
202731 19
202744 7
202749 31
202802 31
202833 19
202843 31
203100 18
203104 6
203108 19
203111 33
203113 33
203114 34
203131 36
203132 3
203151 19
203152 19
203154 19
203158 28
203159 15
203162 18
203202 0
203204 10
203206 9
203208 22
203209 18
203211 10
203222 31
203223 18
203226 0
203232 22
203236 21
203250 4
203287 27
203300 22
203304 27
203316 15
203351 40
203352 7
203404 31
203413 31
203424 22
203425 7
203435 10
203459 40
203474 37
203708 7
203715 31
203719 19
203721 19
203725 31
203734 31
203735 31
203754 7
203775 7
203812 7
203825 7
203829 31
203879 31
204100 10
204101 24
204113 7
204123 25
204202 25
204217 15
204232 15
204251 0
204306 6
204315 9
204320 19
204333 27
204355 19
204362 37
204382 19
204422 3
204423 31
204424 22
204425 13
204443 16
204456 34
204482 15
204483 31
204490 7
204725 31
204735 19
204792 7
205100 25
205103 16
205105 24
205216 40
205232 34
205244 22
205252 9
205282 34
205324 21
205344 10
205358 37
205382 7
205421 7
205441 31
205473 25
205476 19
205731 19
205742 7
205764 19
205789 7
205796 31
206100 22
206103 31
206104 28
206108 34
206111 3
206112 30
206161 28
206162 29
206171 23
206172 18
206181 31
206182 10
206191 31
206203 41
206216 0
206217 19
206253 16
206255 31
206261 9
206266 13
206267 19
206281 4
206311 3
206313 31
206321 10
206324 37
206327 7
206331 37
206336 15
206341 22
206342 16
206362 28
206364 4
206367 10
206368 37
206370 24
206428 7
206435 19
206437 22
206457 28
206476 25
206481 31
206703 19
206714 19
206724 19
206734 31
206736 7
206737 7
206774 31
207104 28
207105 40
207106 39
207108 7
207109 12
207110 19
207116 23
207117 41
207118 19
207125 13
207162 31
207172 13
207181 40
207187 27
207188 31
207191 3
207195 34
207214 31
207302 33
207305 7
207306 0
207312 7
207321 13
207402 19
207408 7
207415 3
207442 16
207448 31
207481 22
207704 19
207706 7
207708 31
207712 31
207766 31
208101 41
208140 12
208141 10
208250 7
208263 17
208264 7
208272 39
208322 33
208345 7
208346 25
208353 9
208362 31
208373 31
208423 22
208444 20
208446 24
208460 25
208738 7
208772 31
208873 31
209203 16
209204 22
209252 4
209253 25
209262 16
209263 22
209270 7
209271 19
209272 10
209322 10
209332 19
209341 10
209352 37
209370 22
209376 37
209382 16
209424 31
209452 34
209454 10
209456 12
209466 22
209486 19
209712 19
209714 7
209716 7
209772 31
209787 19
210100 7
210200 0
210207 16
210221 22
210251 10
210276 31
210315 37
210331 25
210355 10
210432 7
210435 25
210463 22
210497 31
210702 31
210717 7
210741 7
210743 19
210744 7
210748 7
211100 30
211303 37
211312 21
211315 0
211318 25
211319 9
211341 9
211342 7
211444 25
211445 4
211446 34
211448 31
211449 16
211709 7
211843 31
212712 7
212721 31
212731 19
213706 19
213707 31
213708 7
213717 31
214301 7
214310 31
214340 37
214341 28
214352 25
214403 22
214412 25
214431 22
214491 10
215205 39
215206 16
215207 16
215208 25
215303 31
215311 22
215312 19
215313 10
215314 19
215401 34
215462 7
215482 10
215495 31
215497 7
215711 31
215742 31
217705 7
217708 31
217773 19
218100 6
218234 7
218236 22
218244 10
218262 31
218352 19
218362 16
218372 22
218382 7
218474 31
218481 25
218496 19
219741 31
219753 19
219766 7
219789 31
225702 37
225704 19
225706 7
225707 31
226703 31
226704 31
226711 19
226805 31
229223 18
229351 10
251100 15
251211 33
251213 37
251216 22
251242 31
251261 3
251292 10
251312 19
251313 7
251333 16
251334 31
251342 25
251361 31
251363 13
251371 37
251372 10
251374 36
251399 19
251411 21
251417 7
251434 28
251436 37
251451 13
251455 7
251456 25
251457 10
251461 3
251476 34
251477 22
251704 37
251707 31
251713 31
251716 7
251723 37
251724 19
251746 19
251748 7
251754 37
251760 19
251763 7
251765 31
251776 37
251781 19
251784 7
252210 19
252212 34
252222 0
252235 16
252281 7
252282 24
252283 19
252285 24
252311 28
252320 0
252328 13
252331 7
252353 10
252401 4
252402 22
252403 25
252404 4
252413 31
252420 24
252421 22
252422 19
252423 12
252427 33
252428 25
252429 16
252435 21
252440 37
252442 24
252443 21
252448 36
252450 9
252456 16
252459 37
252460 7
252479 31
252489 25
252706 19
252707 37
252727 31
252785 37
252789 19
252792 7
253215 15
253318 7
253321 16
253332 25
253416 19
253417 16
253423 10
253433 31
253441 19
253443 37
253451 7
253452 37
253454 22
253716 7
253721 31
253725 37
253734 22
253735 37
253747 7
253749 10
253752 37
253754 19
253791 19
254182 10
254200 19
254205 39
254206 0
254207 37
254211 3
254215 4
254216 12
254222 16
254231 21
254232 7
254271 31
254282 19
254302 34
254325 16
254334 3
254352 15
254362 33
254371 20
254373 9
254400 7
254411 10
254412 22
254415 19
254421 12
254422 13
254423 10
254424 31
254435 31
254441 24
254443 31
254445 37
254451 22
254452 15
254453 21
254454 31
254466 7
254476 34
254477 7
254478 16
254495 34
254701 31
254702 31
254721 31
254733 37
254737 31
254791 37
254816 7
254817 19
254857 19
255201 10
255210 0
255230 30
255300 25
255301 26
255316 21
255323 7
255328 31
255337 6
255340 33
255393 37
255422 16
255425 22
255429 24
255430 15
255431 28
255432 12
255433 10
255440 18
255442 36
255444 31
255445 24
255447 7
255451 21
255455 36
255462 25
255463 37
255471 22
255492 15
255497 27
255499 34
255714 31
255735 37
255750 31
255751 22
255769 19
255772 19
255783 7
256100 31
256271 22
256317 10
256318 31
256334 21
256418 7
256419 37
256441 19
256444 22
256456 25
256473 10
256474 7
256791 31
259103 11
259104 15
259106 6
259107 3
259108 41
259193 16
259195 30
259200 37
259201 35
259203 12
259401 7
260313 19
260334 31
260416 7
260421 31
260432 37
260702 31
261102 19
261111 7
261112 14
261113 31
261205 31
261207 41
261208 37
261214 24
261215 22
261218 18
261305 31
261306 28
261332 34
261342 10
261343 37
261361 19
261421 10
261430 16
261433 16
261438 7
261444 21
261446 22
261447 37
261448 7
261449 34
261453 7
261465 31
261473 16
261479 16
261494 25
261497-002 7
261497-008 25
261497-802 31
261497-808 16
261499 33
261736 19
261738 37
261745 31
261751 37
261752 19
261755 7
261763 7
261781 7
261795 19
261891 37
263710 22
263721 31
263724 37
263745 19
263751 7
264702 37
264705 19
264709 7
264755 31
265706 37
265709 19
265710 7
266801 31
268732 31
268735 37
268741 7
269103 19
269105 7
269111 25
269130 25
269210 22
269341 7
269360 13
269370 25
269452 19
269498 31
270712 19
270721 37
305203 34
318322 31
329105 37
329106 16
330115 10
351100 10
351201 7
351302 13
351321 9
351364 22
351371 7
351425 22
351426 37
351464 19
352103 31
352311 25
352313 25
352314 0
352401 12
352412 41
352421 10
352422 9
352433 19
352441 15
353313 7
353418 37
353431 19
353441 10
353471 25
353482 19
354311 28
354312 7
355411 37
356100 7
356101 25
356102 34
356210 31
356261 31
356333 25
356361 7
356373 31
356374 10
356411 25
356414 13
356415 28
356416 7
356431 7
356432 25
356441 31
356442 31
356443 25
356444 31
356446 13
356447 37
356449 22
356451 16
356455 31
356471 7
356472 31
356474 16
356496 7
357101 38
357110 31
357210 24
357322 10
357323 31
357418 28
357421 7
357432 31
357441 24
357444 19
357446 19
359202 0
359205 25
359206 37
359302 7
359303 31
359305 25
359341 13
359350 13
359360 31
359380 31
359401 0
359403 40
359408 15
359422 37
359423 31
359452 19
359460 7
359461 24
359465 31
360100 0
360301 19
360304 13
360441 28
361210 13
361211 28
361214 19
361341 13
361413 7
361414 22
361421 37
361433 28
361442 25
361452 19
361461 31
361475 31
363210 25
363401 31
363402 31
365201 22
365211 25
365322 19
365324 31
365422 7
365425 19
365426 25
368211 25
368310 28
368412 0
368417 25
400110 27
400210 12
401281 13
401383 13
401391 16
403281 34
403383 31
406284 25
406294 10
406386 10
406396 19
408382 28
410381 4
413383 15
413391 1
415393 37
420282 22
421282 37
421292 19
421386 34
421396 25
422381 3
428281 7
428282 31
428381 7
428383 22
461170 19
461471 16
461472 25
461511 28
461523 19
461526 25
461527 28
461532 25
462130 16
462544 31
462587 37
462588 31
463201 7
463252 31
463331 19
463332 34
463342 7
463354 31
463433 16
463512 22
463513 34
463543 19
463544 25
463557 13
463559 37
463571 28
463592 37
464302 22
464312 37
464402 31
464403 7
464414 22
464442 19
464443 25
464445 22
464446 10
464500 37
464502 31
464504 19
464505 7
464506 22
464508 37
464545 28
464549 37
501201 7
501202 19
501305 7
501306 19
502313 13
502314 9
504202 37
504305 37
506202 25
508304 31
510306 25
512304 22
513113 40
513115 7
513212 25
513216 31
513217 7
513225 10
513284 19
513331 22
513343 7
513364 37
513373 31
513390 19
513411 7
513446 31
514202 22
514206 25
514222 19
514244 7
514272 10
514322 25
514336 19
514352 16
514358 31
514382 22
514384 10
514396 37
514398 7
514436 7
514462 31
514742 19
514752 7
515204 31
515205 19
515256 22
515257 37
515330 37
515337 22
515339 7
515362 19
515377 25
515378 31
515380 10
518724 31
518770 7
551461 37
552216 7
552217 31
552232 7
557433 19
558101 39
558411 7
558432 31
562101 15
562211 31
601201 28
601202 33
601231 13
601242 10
601342 37
601346 7
601351 10
601361 28
601423 25
601424 31
601431 7
601436 31
601452 22
601471 9
601472 16
601724 31
601731 19
601745 7
601769 19
601775 31
602100 23
602102 37
602103 12
602120 40
602121 36
602122 10
602301 13
602314 16
602421 10
602453 37
602454 19
602455 31
602461 15
602472 7
602741 31
602751 31
603200 25
603231 33
603321 28
603341 13
603396 25
603423 7
603496 19
603743 19
604101 16
604211 22
604311 13
604314 31
604315 18
604411 22
604415 13
604423 28
604431 36
604443 19
604454 25
605203 22
605302 33
605313 13
605315 9
605316 40
605321 31
605331 28
605340 16
605412 19
605413 31
605430 7
605476 19
605701 31
605711 37
605719 19
605742 7
606211 0
606243 25
606245 7
606264 10
606310 16
606341 22
606342 37
606344 19
606451 7
606452 31
610114 29
651210 28
651211 25
651212 37
651234 19
651306 19
651313 10
651314 22
651317 37
651319 19
651416 7
651425 31
701100 36
701181 18
701202 37
701235 10
701244 41
701283 18
701335 31
701408 7
701423 31
701496 31
702100 9
702101 5
702211 36
702312 24
702313 37
702317 36
702321 31
702331 37
702342 16
702354 19
702418 31
702443 21
702499 13
703103 19
703109 31
703202 27
703204 31
703243 0
703244 10
703309 37
703322 19
703324 13
703330 41
703331 0
703345 4
703351 16
703361 19
703413 10
703441 28
703499 7
705191 23
705211 20
705311 16
705328 22
705331 22
705332 41
705343 16
705431 40
705438 3
705440 22
705441 12
705442 24
705444 21
705447 28
705448 16
705499 16
751100 25
751101 15
751102 30
751106 10
751202 30
751209 6
751301 3
751302 34
751303 33
751305 4
751308 15
751309 37
751320 10
751326 13
751327 19
751330 31
751401 12
751403 35
751405 7
751408 15
751417 4
751418 3
751421 25
751422 31
751428 19
751440 37
751443 21
751701 22
751702 7
751703 19
751705 10
751706 7
751708 22
751716 10
751718 37
751719 37
751728 31
751734 19
751752 31
801100 32
801122 19
801134 10
801204 9
801233 28
801236 19
801241 7
801322 31
801334 37
801371 31
803122 31
803124 7
803131 19
803230 7
803232 13
803260 19
851100 37
851103 24
851104 12
851105 28
851201 31
851202 19
851204 34
851207 33
851241 31
851252 12
851253 6
851261 36
851263 0
851273 37
851305 25
851309 13
851345 7
851363 13
851366 31
851400 39
851404 6
851406 31
851407 0
851441 15
851462 9
851467 19
852100 16
951100 38
951231 22
951324 31
951344 31
951366 31
951421 37
951498-004 31
951498-007 7
951498-011 31
951498-015 31
951498-020 7
951498-021 25
953102 16
953111 11
953201 9
953202 10
953211 7
953214 37
953231 19
953232 7
953234 19
953323 7
953422 37
953494 25
954100 31
954140 11
954142 31
954143 40
954170 19
954240 31
954326 37
954340 13
954371 19
954374 25
954423 28
954462 31
954464 0
954472 37
954491-001 7
954491-002 10
954491-003 7
954498 16
955102 19
955104 25
