001101 1
001102 31
001111 5
001113 13
001201 4
001202 10
001210 22
001230 31
001231 25
001250 2
001281 10
001291 19
001293 28
001310 16
001311 28
001312 31
001318 25
001320 28
001321 13
001323 19
001330 31
001342 19
001353 16
001354 19
001361 22
001362 10
001381 7
001410 7
001425 10
001443 10
001444 22
001445 28
002101 28
002110 13
002191 13
002201 16
002211 31
002221 25
002250 10
002301 19
002333 28
002365 10
003101 19
003191 25
003201 10
003414 19
003421 28
003436 10
004282 10
004301 36
004303 7
004324 19
004432 10
004473 10
004475 7
004483 12
006103 9
006126 25
006206 10
006226 16
006241 7
006242 10
006253 36
006303 19
006331 28
006346 28
006448 10
008214 5
008303 22
008314 19
008411 7
008417 10
009103 25
009105 36
009212 16
009230 7
009231 28
009326 28
009328 10
011100 34
011152 28
011153 34
011251 39
011257 24
011259 25
011269 18
011276 37
011353 25
011356 22
011362 28
011363 13
011374 10
011461 10
011464 7
011479 19
012100 19
012173 12
012200 39
012273 31
012371 16
013103 14
013110 19
013203 40
013204 7
013207 16
013209 4
013302 31
013306 31
013307 22
013317 10
013326 19
013329 28
013330 10
013413 10
013420 10
013433 19
014210 7
014211 19
014270 13
014310 7
014322 22
014323 25
014370 9
014371 19
014381 16
014401 24
014481 19
015101 13
016101 10
016102 28
017101 25
017102 7
017111 13
017210 28
018103 31
018111 21
018113 41
018125 22
018203 16
018211 37
018213 31
018231 13
018235 10
018271 13
018321 10
018351 22
019101 36
019102 19
019103 22
019105 13
019106 19
019108 37
019111 16
019203 28
019205 28
019211 37
019221 25
019303 7
019311 22
019331 19
019361 28
019371 10
019381 10
019471 28
020101 28
020102 16
020211 10
020231 28
020341 22
020362 22
021101 0
021102 19
021203 19
025108 16
025110 28
025310 16
025480 10
026101 33
026102 13
026111 25
029701 28
029711 10
050100 7
050103 12
050104 13
050106 26
050111 10
051300 19
051306 19
051313 10
051412 10
051418 12
051421 16
052202 16
052314 6
052350 25
052352 22
052357 28
052421 31
055701 4
055704 4
055771 4
057121 9
057122 29
057123 41
057125 15
057126 41
057127 8
057128 26
057129 18
057130 27
057131 15
057132 27
057133 33
057134 37
057135 33
057136 31
057137 22
057201 13
057213 25
057215 10
057284 22
057285 31
057288 28
057293 12
057294 37
057296 10
057300 30
057305 39
057403 31
057405 22
057410 4
057420 28
057425 41
057426 10
057428 4
057450 25
059419 7
061106 25
061201 28
061223 4
061306 0
061309 40
061312 34
061317 21
061403 30
062200 25
062320 25
062341 28
062342 31
062343 25
062344 22
062346 25
062360 22
062380 28
062411 13
062452 31
062460 7
062499 22
063710 10
064201 10
064206 28
064207 16
064271 4
064272 13
064281 19
064301 40
064410 28
064423 7
064424 31
065210 16
065212 7
065310 37
065320 22
065332 24
065436 4
065799 4
066221 28
066323 19
066410 22
066414 10
066425 28
067202 16
067303 31
067311 9
067372 7
067373 22
067432 10
070100 37
070201 10
070301 28
070303 16
070304 19
070308 13
070400 10
070401 28
070404 10
070413 4
070414 25
070415 13
070416 4
070711 19
070720 28
070721 10
070727 10
070731 4
070740 4
071411 10
071412 22
071413 19
071415 28
071416 27
071419 21
071420 4
071423 19
071425 16
071426 10
071724 4
074100 22
074101 30
074414 37
076312 19
076314 19
076414 19
076427 4
076428 13
076429 22
076444 31
076466 31
077422 4
078444 33
078454 24
099101 7
099102 37
100102 22
100103 25
100104 37
100105 31
100106 5
100107 10
100108 37
100205 22
100206 22
100207 34
100208 41
100209 13
100306 10
100307 7
100308 18
100309 1
100310 12
100501 4
101100 40
101105 37
101201 10
101211 28
101400 28
101405 16
103191 28
103271 25
104200 22
104201 28
104300 4
104301 7
104325 22
104340 4
104410 13
104495 4
105304 10
109100 35
109115 24
112101 37
112102 31
112103 10
112108 28
112110 28
112201 2
112203 28
112213 13
112300 10
112314 4
112411 13
115200 28
115300 10
115301 19
115302 25
126101 16
126321 22
126330 19
126428 28
126443 10
127100 5
127101 10
127203 22
127206 25
127207 28
127303 7
127312 1
127314 22
127315 19
127316 4
127320 31
127326 31
127329 4
127413 28
127711 19
127717 28
127718 10
127719 4
128100 39
128101 13
128202 7
128203 16
128204 2
128307 19
128309 28
128352 7
128354 22
128403 4
128701 4
128710 19
128730 28
128734 10
128740 10
128762 4
140103 16
152321 4
154104 19
154141 22
154151 5
154231 37
154262 13
154281 7
154311 13
154330 19
154352 7
154371 4
154384 28
154388 16
154443 10
154455 22
154482 4
154488 4
159100 24
159101 39
159151 6
159203 21
159221 0
159301 25
159351 28
159356 4
159403 31
159411 22
159412 10
159431 10
159454 4
164200 6
164341 4
168101 28
168313 4
176100 36
176101 19
176220 7
177103 31
177214 7
177216 1
177242 16
177283 10
177285 19
177321 10
177330 16
177336 40
177341 19
177361 22
177393 28
177404 7
177425 19
177426 22
177427 19
177434 28
177446 4
177447 13
177450 10
177464 28
177465 19
177467 10
177481 4
201100 28
201110 22
201114 16
201115 17
201116 39
201117 16
202100 20
202101 16
202141 33
202143 10
202145 7
202184 22
202231 17
202260 28
202321 28
202334 22
202342 37
202353 31
202361 19
202434 4
202473 28
202495 10
202742 4
202764 4
202765 28
202773 4
202782 4
202833 10
202848 28
202873 4
203100 37
203103 37
203111 10
203116 16
203151 7
203162 37
203201 0
203203 21
203204 22
203206 7
203207 10
203208 10
203209 10
203222 6
203226 1
203231 31
203235 1
203236 16
203255 16
203315 16
203331 10
203351 28
203352 13
203475 22
203714 10
203716 19
203722 28
203732 4
203736 28
203739 10
203743 28
203753 4
203821 22
203828 4
203879 19
204100 22
204101 1
204111 40
204202 28
204219 19
204231 16
204251 36
204321 19
204325 4
204341 25
204361 31
204363 7
204365 4
204381 10
204383 28
204432 4
204435 4
204451 10
204453 13
204471 4
204712 4
204721 28
204732 10
204735 19
205100 37
205103 24
205104 22
205105 10
205235 16
205239 10
205275 24
205303 19
205337 28
205355 4
205393 10
205712 28
205735 10
205783 4
206100 34
206101 27
206103 40
206107 5
206111 25
206113 10
206161 10
206171 28
206181 41
206191 16
206203 30
206211 37
206216 19
206217 28
206261 10
206267 16
206281 9
206300 10
206321 4
206324 4
206325 16
206327 31
206331 25
206335 19
206336 13
206341 4
206355 28
206362 40
206370 22
206381 10
206436 7
206437 4
206441 22
206717 10
206720 28
206721 10
206730 4
206736 4
206753 4
207100 15
207103 16
207105 22
207107 40
207109 24
207110 22
207115 19
207117 33
207123 22
207131 10
207135 16
207171 32
207173 34
207183 9
207187 36
207203 10
207205 25
207208 31
207213 21
207308 37
207310 19
207313 22
207323 4
207348 25
207401 10
207406 4
207701 19
207703 28
207705 10
207711 4
207741 4
208101 25
208140 16
208263 29
208270 33
208271 1
208272 4
208280 31
208321 24
208329 7
208343 22
208348 22
208425 19
208737 4
209201 7
209251 31
209301 22
209302 19
209303 28
209331 31
209351 25
209358 13
209361 31
209368 7
209375 7
210201 13
210202 9
210204 22
210343 28
210351 10
210383 19
210425 4
210434 7
210703 19
210704 28
210707 10
210731 4
210733 4
210743 4
211100 41
211311 7
211315 25
211319 10
211413 7
211440 22
211442 28
211495 10
211702 28
211889 10
213706 25
213707 22
213714 4
214261 31
214312 22
214341 4
214381 7
214414 19
214415 28
214421 28
215205 28
215206 22
215207 19
215208 13
215423 7
215424 22
215431 4
215475 19
215476 28
215485 10
215486 4
215734 4
215744 10
215752 25
215762 4
215785 4
217701 28
217703 10
217707 4
217734 10
217751 4
217775 10
218100 21
218101 16
218233 37
218235 31
218321 22
218323 28
218351 10
219761 10
219789 4
220703 4
226701 19
226702 28
226704 10
226711 10
226801 4
251101 10
251211 13
251213 7
251261 22
251281 22
251312 4
251313 7
251363 22
251374 10
251384 4
251419 19
251437 10
251438 4
251439 4
251451 28
251475 4
251701 19
251702 28
251703 4
251711 10
251715 4
251745 10
251751 22
251752 19
251757 28
251758 10
251776 22
251783 19
251784 28
251785 10
251790 4
252201 2
252211 7
252232 12
252282 19
252283 22
252285 7
252286 19
252301 10
252302 4
252317 28
252322 16
252325 40
252327 22
252330 7
252342 28
252363 13
252420 10
252421 28
252427 4
252444 4
252498 10
252702 19
252726 10
252746 28
252747 10
252791 4
253303 4
253314 7
253315 16
253455 4
253481 19
253701 4
253715 28
253717 31
253731 19
253732 28
253735 7
253736 10
253748 19
253754 22
254181 28
254205 12
254206 2
254211 19
254215 15
254216 36
254222 22
254231 34
254232 25
254252 28
254282 28
254302 10
254325 15
254333 30
254372 28
254373 10
254421 28
254426 7
254435 28
254436 19
254439 4
254442 10
254444 10
254451 10
254456 22
254459 4
254461 4
254471 19
254473 10
254700 4
254702 22
254703 28
254710 10
254711 19
254734 4
254736 22
254770 22
254804 19
254873 19
254875 10
255201 7
255215 40
255251 16
255290 34
255300 4
255320 25
255321 28
255330 12
255359 41
255415 28
255431 10
255432 10
255434 4
255454 4
255455 4
255492 10
255722 19
255734 28
255738 4
255750 10
255764 10
255770 28
255771 4
255772 10
255786 19
255811 10
255820 4
256100 16
256212 31
256281 25
256316 28
256333 16
256373 4
256418 4
256441 4
259103 31
259104 28
259106 4
259107 1
259108 24
259109 33
259201 21
259203 1
260402 28
260413 4
260701 4
260702 22
260705 19
260709 28
260716 19
260718 28
260772 10
261103 31
261111 15
261200 1
261210 12
261212 40
261216 30
261217 18
261304 25
261305 28
261335 28
261336 37
261342 19
261343 4
261361 4
261405 22
261434 10
261447 28
261458 4
261461 22
261469 31
261701 28
261702 10
261706 4
261739 19
261752 4
261754 10
261769 19
261791 28
261895 4
263701 28
263702 4
263720 19
263746 22
263760 10
263770 10
263771 19
264701 22
264703 19
264706 28
264710 28
264733 10
264791 4
266702 4
268721 4
269101 16
269102 13
269111 4
269200 13
269201 22
269202 16
269340 19
269430 19
269452 28
269462 7
269470 4
269493 10
301254 7
305202 22
311352 34
318322 28
318351 31
320351 16
321251 28
324703 4
328310 16
328313 25
330110 10
330111 4
351100 22
351200 25
351201 0
351301 13
351321 19
351331 4
351441 13
351442 31
351451 22
351466 4
351489 22
352103 7
352301 25
352311 16
352321 22
352323 13
352422 31
353210 4
353301 4
353311 13
353418 28
353421 4
353431 28
353451 19
354311 22
356100 37
356101 25
356102 36
356202 13
356210 13
356212 40
356261 28
356303 16
356304 19
356411 13
356416 22
357101 3
357110 31
357210 16
357322 19
357325 10
357417 7
357441 4
357491 28
359202 37
359203 6
359204 25
359210 19
359311 4
359409 22
359421 10
359465 10
360100 38
360400 19
360403 28
360423 10
360460 4
361210 18
361214 22
361301 19
361351 10
361442 4
361453 7
361461 28
361471 25
362211 30
363210 4
365321 22
365322 13
365324 28
365421 19
368200 7
400110 33
401382 25
403382 22
406385 10
406395 13
409281 13
409292 31
411281 19
411291 10
415291 16
420281 4
421281 22
421291 25
421385 19
421395 28
423382 4
428382 7
461100 28
461435 19
461472 28
461514 28
461523 10
462130 36
462151 10
462405 10
462409 4
462445 4
462541 28
462543 10
462584 4
463251 1
463311 1
463331 22
463341 10
463353 5
463402 19
463433 10
463455 4
463491 7
463503 22
463513 10
463545 4
463556 19
463571 28
464301 37
464311 16
464341 19
464401 22
464413 13
464441 2
464443 25
464444 40
464445 16
464502 28
501301 19
501302 28
504302 7
506303 10
506361 4
508203 6
508303 22
510201 1
510202 15
512303 4
513111 6
513114 16
513223 13
513224 40
513283 31
513315 10
513324 19
513328 28
513363 4
513371 22
513411 19
513429 28
513445 10
513471 4
514211 31
514241 7
514317 25
514323 19
514341 4
514343 28
514381 19
514383 10
514451 10
515201 10
515250 1
515306 22
515310 19
515334 4
515361 19
515364 28
515370 10
515373 4
518770 4
551312 7
552216 10
552217 13
552222 1
553311 22
554312 19
556412 28
561313 10
561314 4
562101 1
562211 10
601201 12
601302 16
601341 22
601344 19
601351 10
601422 28
601452 10
601456 4
601731 28
601758 10
601765 19
601842 4
602100 40
602102 17
602103 13
602111 31
602211 28
602315 19
602321 31
602322 22
602431 19
602432 22
602441 28
602464 10
602731 10
602761 4
603211 13
603321 31
603322 19
603351 22
603421 28
603441 10
603471 4
603496 10
603711 28
603723 10
603731 4
604304 28
604305 4
604312 4
604313 28
604351 19
604352 25
604451 28
604711 10
604715 4
605201 31
605204 22
605301 22
605313 4
605314 13
605321 19
605322 28
605701 19
605713 28
605741 10
605745 4
605751 4
606231 16
606242 19
606244 28
606263 10
606310 28
606343 4
610114 14
651104 4
651105 21
651109 1
651120 41
651210 31
651311 19
651312 28
651315 10
651316 4
701100 10
701101 13
701104 19
701181 10
701183 1
701201 13
701205 16
701211 1
701243 25
701281 13
701313 28
701321 10
701331 25
701341 4
701344 16
702100 22
702101 30
702205 10
702211 28
702213 13
702312 10
702316 7
702317 19
702341 28
702351 4
703103 16
703109 28
703202 33
703243 37
703244 22
703305 10
703308 7
703309 28
703310 13
703322 9
703323 19
703330 19
703331 4
703391 4
703404 10
703412 31
703447 7
703454 22
703498 4
705191 22
705211 12
705311 11
705329 28
705331 4
705332 36
705342 28
705351 25
705431 10
705438 22
705440 22
705441 7
705442 16
705444 13
705461 19
705493 4
705499 19
751100 13
751101 41
751102 24
751106 31
751202 10
751209 13
751301 40
751302 6
751303 4
751304 28
751305 4
751308 25
751309 36
751321 7
751326 10
751330 22
751345 4
751401 28
751403 4
751405 16
751408 19
751417 19
751418 4
751419 28
751422 28
751428 16
751440 22
751441 7
751443 10
751447 19
751451 10
751701 10
751702 4
751703 28
751704 19
751705 19
751706 28
751708 19
751712 4
751716 22
751724 10
751725 19
751726 10
751727 22
751729 22
751734 7
751744 28
751752 4
801100 21
801201 1
801225 40
801235 22
801321 31
801331 7
801333 13
801336 40
801421 10
801471 4
801481 25
803121 13
803123 28
803231 28
851100 40
851104 16
851105 13
851108 19
851200 4
851201 18
851202 10
851204 30
851205 36
851273 7
851305 2
851309 19
851313 31
851343 25
851344 22
851345 31
851360 19
851362 28
851367 4
851372 28
851375 34
851400 10
851404 28
851406 13
851407 19
951100 37
951101 10
951102 5
951125 41
951203 1
951302 28
951323 22
951331 19
951344 4
951348 28
951352 10
951497 10
953103 16
953111 34
953211 28
953212 7
953233 31
953261 22
953321 22
953322 7
953331 19
953361 28
953421 4
953494 19
954100 10
954140 5
954141 19
954245 40
954246 6
954260 2
954270 13
954311 4
954312 25
954320 16
954323 19
954343 19
954370 10
954374 22
954412 4
954413 28
954462 19
954471 19
954491 4
954498 10
