001101 1
001102 34
001111 19
001113 3
001201 4
001202 25
001210 8
001212 7
001218 27
001230 19
001231 31
001250 1
001291 33
001293 40
001310 36
001311 3
001312 19
001315 34
001318 0
001320 13
001321 25
001323 41
001330 3
001342 16
001353 10
001354 15
001362 22
001410 34
001423 10
001425 22
001443 19
001444 31
001445 37
001447 36
001461 25
001464 13
002101 22
002110 7
002191 25
002192 37
002201 16
002211 34
002221 10
002250 0
002301 13
002333 34
002351 28
002365 10
002372 22
002401 31
002441 25
002473 37
003101 22
003191 12
003201 31
003314 25
003320 31
003331 19
003414 10
003421 31
003436 28
004241 10
004301 10
004303 6
004324 31
004351 37
004432 22
004473 13
004475 3
006103 6
006126 25
006206 10
006226 36
006242 19
006253 31
006303 19
006307 40
006326 19
006330 7
006331 31
006344 28
006346 25
006355 13
006425 16
006432 10
006433 28
006443 22
006448 16
008214 25
008303 19
008314 34
008326 10
008411 28
008417 31
009103 20
009105 33
009212 3
009230 31
009231 10
009326 22
009425 13
009426 34
009431 10
011100 0
011151 22
011152 16
011153 6
011251 16
011257 0
011259 3
011269 36
011276 25
011353 10
011356 34
011358 28
011362 40
011374 13
011461 19
011464 21
011751 31
012100 13
012173 15
012200 24
012271 31
012272 13
012273 31
012371 4
012475 28
013103 26
013110 37
013203 28
013204 28
013206 13
013207 21
013217 39
013301 31
013302 31
013303 19
013304 22
013305 31
013306 0
013307 16
013317 22
013326 31
013329 34
013330 34
013335 12
013338 13
013420 13
013421 10
013422 10
013427 34
013433 10
013435 19
014210 6
014270 18
014310 37
014311 31
014322 0
014323 10
014325 16
014370 16
014371 31
014382 16
014390 0
014401 36
014410 19
014421 34
015101 22
016101 33
016232 25
017101 28
017102 31
017111 19
017201 31
017210 28
018103 10
018111 23
018113 33
018125 31
018203 34
018211 31
018213 10
018231 13
018235 19
018271 22
018301 25
018335 13
018351 19
018353 10
018421 0
018433 25
018435 13
018436 31
018438 10
018451 34
018465 19
018467 19
018471 31
019101 9
019103 28
019105 39
019106 30
019108 3
019111 7
019203 10
019205 21
019206 16
019208 0
019211 31
019221 19
019303 34
019311 19
019331 13
019361 10
019373 22
019381 0
019411 31
019442 19
019471 22
019473 10
020101 3
020102 34
020211 40
020231 19
020311 13
020321 28
020333 16
020341 10
020362 31
020363 22
020412 37
020421 13
020481 10
021101 34
021102 13
021203 25
021204 25
021270 7
025108 16
025480 34
026101 12
026102 12
026111 25
026112 33
026201 25
026271 31
029701 19
029703 31
029711 10
030101 28
050100 16
050103 39
050104 9
050106 33
050111 21
051302 6
051304 13
051306 10
051310 31
051313 36
051418 13
052201 7
052202 19
052352 28
052357 16
052420 10
052441 10
052443 19
052445 1
052447 28
052466 34
053712 19
053713 25
053770 19
054810 25
054870 19
055701 31
055703 34
055704 10
055706 25
055707 19
055713 34
055733 31
055734 19
055757 25
055771 31
055797 10
057121 24
057123 10
057125 37
057126 38
057127 6
057128 40
057129 41
057130 29
057131 25
057132 37
057133 40
057134 0
057135 16
057136 18
057137 31
057138 21
057139 21
057140 28
057201 37
057205 37
057213 13
057215 28
057274 28
057284 10
057285 31
057288 4
057293 13
057294 16
057296 34
057300 22
057302 10
057305 13
057316 19
057351 25
057366 13
057403 16
057404 22
057405 19
057410 7
057411 13
057420 10
057426 34
057428 28
059413 7
059419 34
061103 31
061106 31
061201 22
061223 22
061224 19
061306 19
061307 13
061317 13
061319 31
061403 16
061404 37
061407 16
061430 19
062200 34
062210 4
062343 16
062411 19
062452 28
062460 16
062470 1
062499 10
063201 0
063702 25
063704 19
063710 10
064204 22
064232 10
064251 19
064252 13
064303 10
064331 10
064392 10
064412 16
064418 31
064423 1
064424 14
064430 28
064474 10
064490 31
065210 19
065212 25
065310 15
065311 12
065320 28
065332 1
065421 34
065435 4
065436 13
065437 16
065438 19
065797 31
066221 34
066323 13
066410 31
066416 1
066421 1
066425 19
067202 31
067303 25
067311 31
067372 16
067373 7
067432 19
069712 19
070200 19
070304 1
070305 13
070403 31
070404 10
070410 34
070411 19
070416 34
070711 25
070720 19
070721 10
070740 31
070741 31
071411 31
071412 7
071413 31
071415 19
071416 41
071418 25
071419 34
071422 16
071423 19
071425 37
071712 19
071715 25
071730 13
071736 34
071738 25
071811 25
073711 19
073721 25
073770 25
074100 9
074101 40
074414 13
076425 31
076427 6
076430 13
076444 28
076466 10
078444 25
078454 16
079169 34
079220 31
079264 4
091700 10
091800 10
099100 31
099101 36
099102 13
100102 19
100109 7
100110 41
100111 13
100112 3
100207 4
100213 25
100214 34
100220 37
100222 13
100225 31
100228 7
100229 10
100230 21
100231 40
100233 37
100281 34
100306 25
100307 22
100308 22
100309 12
100310 31
100311 40
100312 33
100313 19
100314 3
100501 25
101100 10
101105 34
101201 24
101211 13
101400 0
101405 28
103112 13
103191 4
103271 17
104200 37
104201 7
104300 19
104301 13
104325 31
104410 25
104424 28
104495 37
105304 19
109100 35
109115 0
112101 7
112102 4
112103 28
112108 22
112110 1
112201 6
112203 22
112213 19
112300 19
112314 34
112411 37
112412 31
115200 7
115300 10
115301 10
115302 31
116301 10
116302 31
116400 13
126101 9
126216 16
126321 19
126326 31
126333 27
126334 1
126428 16
126432 7
126443 25
127100 21
127101 19
127203 6
127204 19
127207 28
127303 16
127312 22
127314 31
127315 25
127316 28
127326 4
127337 1
127711 25
127717 31
127718 19
127719 10
127727 31
127728 10
128100 12
128101 22
128202 31
128203 6
128204 40
128307 27
128309 9
128334 34
128354 37
128355 16
128403 7
128701 25
128710 19
128730 10
128740 31
128762 31
140101 31
140102 10
140103 10
140104 7
140105 10
152211 19
152301 15
152321 22
154104 21
154141 7
154151 22
154231 19
154261 7
154262 22
154281 15
154311 16
154330 19
154353 37
154375 10
154377 28
154384 1
154388 1
154443 25
154455 34
154457 16
154481 19
154488 28
154493 10
154494 13
159100 24
159101 36
159151 31
159203 19
159221 22
159231 10
159301 31
159303 37
159305 28
159332 13
159356 31
159362 22
159403 10
159411 28
159431 30
159454 16
160341 13
164200 7
164341 31
168100 13
168101 0
168222 31
176100 38
176101 40
176104 37
176220 7
177103 5
177214 25
177215 7
177216 19
177217 1
177281 37
177283 25
177285 16
177321 19
177330 16
177341 22
177362 41
177393 33
177401 3
177404 22
177405 0
177414 7
177426 31
177427 1
177430 25
177434 19
177446 36
177450 28
177463 34
177464 13
177465 3
177467 10
177468 19
177481 24
177494 3
179402 13
179403 6
201100 23
201110 28
201114 32
201115 27
201116 30
201117 37
201190 28
202100 22
202101 31
202141 18
202143 4
202145 4
202184 31
202231 7
202260 28
202305 19
202311 28
202332 41
202334 34
202342 7
202361 37
202371 10
202434 37
202438 16
202443 19
202473 13
202474 31
202477 10
202481 34
202495 25
202742 10
202765 25
202776 31
202782 31
202833 31
202848 31
202873 19
203100 26
203103 3
203111 19
203116 34
203151 28
203162 24
203171 4
203201 31
203203 30
203204 28
203206 11
203207 12
203208 22
203209 17
203222 10
203226 27
203231 7
203235 40
203236 6
203255 19
203303 28
203315 16
203323 22
203324 0
203331 18
203332 31
203333 19
203351 37
203352 34
203405 34
203406 10
203414 25
203423 31
203431 0
203434 19
203458 13
203471 28
203475 19
203705 19
203709 10
203714 19
203716 25
203722 25
203743 10
203753 31
203807 25
203821 10
203828 19
203879 25
203889 25
204100 10
204101 28
204111 10
204123 16
204202 21
204211 40
204216 10
204231 31
204251 19
204321 19
204325 13
204335 25
204341 28
204361 21
204365 13
204381 16
204383 25
204432 10
204435 6
204442 19
204451 31
204452 25
204453 34
204471 40
204712 25
204721 10
204732 19
204764 31
205100 33
205103 16
205104 13
205105 16
205235 19
205239 10
205275 31
205303 37
205337 3
205355 19
205393 7
205415 22
205421 10
205461 10
205464 19
205475 28
205479 31
205483 37
205486 25
205496 0
205712 10
205735 31
205761 25
205783 19
206100 41
206101 22
206103 37
206104 22
206107 22
206108 25
206111 22
206112 0
206113 34
206161 19
206162 2
206171 22
206172 31
206181 3
206191 33
206203 22
206207 28
206211 31
206216 37
206217 9
206261 10
206267 33
206281 27
206300 10
206321 7
206324 13
206325 37
206327 22
206328 6
206331 34
206336 34
206341 19
206355 16
206362 31
206370 40
206381 13
206412 25
206436 0
206437 40
206441 37
206455 13
206707 10
206713 31
206720 19
206721 10
206730 10
206736 31
206738 25
206739 31
206743 10
206753 31
206766 34
206783 25
207100 34
207103 33
207105 22
207106 15
207107 4
207109 30
207115 28
207117 3
207123 25
207131 19
207135 19
207164 19
207171 4
207173 8
207174 22
207183 31
207187 33
207203 19
207205 10
207208 24
207213 10
207308 1
207310 28
207313 22
207323 34
207348 16
207401 0
207403 28
207406 37
207416 25
207419 22
207422 31
207436 10
207701 10
207703 25
207705 19
207711 31
207741 31
207743 10
207808 31
208101 27
208140 10
208150 3
208250 31
208251 31
208263 7
208265 13
208270 0
208271 7
208272 6
208280 7
208321 19
208329 36
208343 34
208348 31
208370 0
208383 0
208425 6
208439 4
208440 13
208469 34
208711 25
208760 19
208761 10
208770 31
208871 19
208872 31
209201 28
209251 10
209301 6
209302 34
209303 25
209331 31
209351 4
209358 16
209361 10
209368 31
209375 3
209403 10
209442 25
209451 41
209453 3
209461 34
209463 31
209471 19
209483 31
209485 22
209703 34
209705 13
209707 34
209709 25
209711 25
209713 19
209722 25
209731 19
209771 31
209773 10
209779 19
209785 25
210100 34
210201 7
210202 31
210204 28
210343 28
210351 13
210383 16
210425 10
210433 31
210434 25
210453 16
210465 10
210485 25
210703 25
210704 19
210705 10
210707 31
210723 31
210731 10
211100 30
211311 10
211315 10
211319 18
211413 10
211440 13
211442 16
211443 19
211495 31
211702 10
211889 31
212701 25
212703 19
212711 10
212721 31
212741 31
213201 31
213714 10
213763 25
213779 31
214100 31
214261 31
214312 34
214341 31
214381 28
214401 0
214411 25
214414 10
214415 19
214421 31
214430 13
214441 19
214445 13
215205 31
215206 28
215207 19
215208 0
215301 34
215302 40
215381 6
215411 16
215431 31
215471 10
215481 16
215495 13
215496 25
215497 4
215734 19
215762 31
215785 10
215794 31
217701 19
217703 10
217707 31
217734 10
217751 10
217775 31
217781 31
218100 9
218101 31
218233 10
218235 19
218321 16
218323 10
218351 31
218471 19
218475 34
218483 10
218486 25
219720 19
219731 31
225701 25
225703 19
225705 10
225720 31
226701 31
226709 10
226710 25
226801 34
226889 31
229123 10
229323 37
229352 22
229711 31
251211 1
251213 28
251261 6
251281 31
251312 22
251313 37
251333 34
251334 22
251361 24
251363 19
251371 33
251372 36
251374 7
251384 37
251411 25
251418 31
251437 13
251438 10
251451 10
251455 34
251457 28
251461 3
251475 22
251479 31
251701 34
251702 25
251703 10
251711 34
251714 25
251715 19
251717 10
251718 34
251745 19
251751 25
251752 19
251757 10
251758 34
251773 25
251783 19
251785 10
251790 31
252201 33
252211 7
252232 27
252282 41
252283 36
252285 33
252286 12
252301 34
252302 1
252317 0
252320 13
252322 7
252325 31
252327 28
252330 3
252342 31
252363 41
252420 10
252421 13
252424 19
252425 37
252426 34
252427 31
252444 19
252450 4
252455 16
252460 13
252489 25
252498 7
252702 31
252708 34
252723 10
252724 10
252741 10
252748 31
252781 25
252785 19
252789 31
252791 31
253303 13
253314 13
253315 3
253432 0
253455 13
253456 16
253481 34
253701 10
253715 31
253717 13
253722 25
253731 34
253732 31
253734 10
253735 1
253736 13
253748 34
253752 31
253754 19
254181 22
254205 28
254206 37
254211 22
254215 18
254216 21
254222 37
254231 31
254232 6
254252 7
254282 25
254302 25
254325 0
254333 19
254372 33
254421 22
254425 31
254426 7
254435 25
254436 13
254438 28
254439 28
254441 19
254442 34
254451 10
254456 3
254457 37
254458 1
254459 34
254461 31
254471 16
254473 31
254492 31
254494 31
254700 31
254702 34
254703 25
254710 19
254711 10
254734 13
254770 25
254777 10
254804 34
254875 19
255201 31
255215 27
255251 6
255290 33
255300 19
255320 0
255321 12
255330 37
255359 7
255415 10
255417 31
255420 25
255422 16
255424 9
255430 7
255432 40
255434 6
255437 34
255438 1
255439 28
255441 28
255447 0
255449 22
255454 22
255460 4
255462 9
255464 31
255471 31
255492 36
255499 13
255712 19
255722 34
255734 34
255739 25
255750 10
255764 19
255766 25
255770 31
255771 31
255772 10
255786 13
255791 10
255830 31
256100 33
256212 7
256271 10
256281 13
256316 16
256333 34
256373 13
256383 7
256412 28
256415 10
256441 16
256457 34
256462 31
256473 3
256700 19
256761 10
256762 31
259103 40
259104 13
259106 10
259107 22
259108 30
259109 17
259201 28
259203 22
260312 19
260404 34
260413 13
260424 31
260434 31
260717 10
260772 31
261103 3
261111 13
261200 40
261210 28
261212 31
261216 25
261217 34
261304 9
261305 13
261335 22
261336 16
261342 27
261343 24
261361 25
261405 37
261406 28
261434 4
261447 19
261456 13
261457 6
261458 34
261461 41
261469 0
261494 10
261497 21
261499 31
261701 10
261702 25
261706 34
261735 19
261739 10
261753 19
261754 19
261767 10
261769 10
261791 31
263701 25
263702 19
263720 34
263746 10
263760 31
263771 34
264701 25
264706 19
264707 34
264710 10
264741 10
264791 19
266703 31
268721 10
269101 3
269102 34
269200 25
269201 28
269202 34
269340 16
269430 34
269462 7
269470 10
269497 25
270701 19
270702 10
270711 10
270791 10
301254 16
305202 22
311352 25
318322 13
318351 22
320351 19
321251 19
324703 31
328310 37
328313 31
330110 13
330111 4
351100 18
351201 0
351202 22
351301 25
351321 31
351331 28
351410 10
351441 28
351442 22
351451 25
351463 34
351466 13
352301 13
352311 10
352321 1
352323 6
352332 22
352422 37
352431 10
353301 13
353421 25
353431 28
353451 16
353452 22
354311 31
356100 15
356101 26
356102 39
356202 25
356210 10
356212 28
356303 31
356304 31
356306 7
356312 28
356361 13
356412 22
356414 25
356416 19
356432 31
356441 34
356442 13
356443 25
356471 25
356496 31
357101 17
357110 34
357210 3
357322 28
357360 37
357417 19
357441 1
357491 28
359202 13
359203 36
359204 37
359206 4
359301 6
359311 16
359405 25
359409 13
359410 22
359413 34
359414 28
359421 31
359431 19
359451 3
360100 30
360210 6
360400 19
360402 10
360404 31
360407 28
360411 28
360431 22
360460 19
360470 25
361210 1
361214 28
361301 16
361321 19
361351 28
361453 10
361461 31
361471 31
363210 31
365301 28
365321 22
365331 10
365421 31
365427 28
365428 13
368200 40
368317 16
368331 25
368412 19
368433 16
368441 34
368487 13
400110 13
400211 2
401382 13
403382 10
406385 31
406395 1
409281 1
409292 13
411281 34
411291 25
415291 4
420281 10
421281 31
421291 28
421385 4
421395 28
423382 16
428382 34
461100 14
461170 16
461471 34
461472 19
461511 34
461527 28
461529 19
462130 29
462541 28
462587 4
462588 25
463251 19
463311 1
463331 10
463341 25
463353 4
463402 34
463433 16
463455 25
463491 4
463503 25
463504 1
463545 10
463556 31
463558 13
464301 19
464311 31
464341 13
464401 19
464413 10
464441 28
464443 31
464444 13
464445 31
464501 34
464502 13
464503 16
464509 25
464510 25
464541 19
464542 31
464544 10
464549 28
466141 28
501301 7
501302 16
502211 34
502311 19
503402 4
504302 40
506303 3
506361 0
507402 28
508203 33
508207 19
508303 28
509402 16
510201 28
510202 31
510307 22
510411 19
510414 13
510415 31
510416 1
510417 10
512303 31
512402 25
513111 19
513114 22
513223 28
513224 10
513283 34
513315 19
513324 28
513328 4
513363 25
513371 10
513412 34
513429 25
513445 19
513451 10
513471 31
514211 28
514241 25
514317 19
514323 16
514335 25
514341 31
514343 13
514381 1
514383 28
514395 34
514397 10
514425 25
514442 10
514451 13
514453 19
514466 34
514475 31
515201 34
515250 13
515307 10
515312 31
515334 19
515361 25
515364 37
515370 31
515376 34
515403 10
515490 31
551461 34
552216 28
552217 19
552222 25
553312 28
554314 37
555313 34
556311 31
557433 25
558411 19
558432 10
558442 31
561312 22
562211 31
571115 22
601201 25
601302 19
601321 19
601322 13
601341 4
601344 28
601351 31
601422 1
601427 31
601428 10
601452 19
601460 25
601462 3
601702 10
601731 25
601758 31
601765 10
601767 19
602100 34
602102 3
602111 4
602211 10
602315 13
602321 24
602322 41
602431 31
602432 25
602441 16
602464 19
602731 10
602761 31
603211 31
603322 25
603332 37
603352 31
603371 10
603421 34
603441 13
603453 16
603465 10
603471 31
603494 28
603495 19
603711 19
603723 10
603731 31
604304 3
604305 28
604312 31
604313 3
604351 22
604352 6
604412 10
604414 4
604416 25
604422 31
604441 13
604451 28
604711 10
604715 19
604731 31
605201 22
605204 19
605301 1
605313 34
605314 9
605321 21
605322 16
605341 28
605412 31
605432 16
605446 13
605459 10
605461 10
605476 25
605701 19
605702 10
605713 31
605751 31
606231 13
606242 1
606244 19
606263 28
606343 19
606362 13
606363 10
610114 21
651105 25
651109 31
651120 19
651210 7
651311 25
651312 10
651315 31
651316 19
701101 22
701181 24
701182 4
701183 19
701201 31
701211 40
701281 11
701313 41
701321 21
701331 31
701342 33
701344 19
701402 22
701403 34
701407 10
701409 25
701425 3
701455 19
701494 31
702101 36
702205 4
702211 18
702312 28
702313 25
702316 4
702318 22
702341 19
702351 37
702411 34
702416 16
702418 10
702423 19
702431 31
703103 31
703202 41
703204 37
703243 24
703244 19
703305 34
703308 0
703311 36
703313 25
703322 28
703324 37
703330 9
703331 1
703345 16
703352 10
703391 40
703404 6
703412 31
703435 37
703447 0
703454 28
703498 3
703499 25
704101 22
704141 13
704201 7
704345 34
705191 34
705211 33
705311 2
705329 41
705331 36
705351 27
705411 6
705437 18
705441 12
705442 33
705444 37
705492 9
705499 1
751100 25
751101 36
751102 6
751106 25
751202 0
751209 1
751301 11
751302 12
751303 34
751304 10
751305 21
751308 37
751309 39
751321 10
751326 4
751327 28
751330 19
751345 13
751401 24
751403 31
751405 3
751408 10
751413 7
751419 16
751421 13
751422 25
751424 13
751428 16
751443 30
751447 22
751451 31
751701 31
751702 10
751703 19
751704 19
751705 34
751706 31
751708 19
751712 34
751718 25
751724 10
751726 25
751751 25
801100 18
801201 19
801225 28
801235 10
801321 31
801324 3
801331 37
801333 28
801334 13
801336 7
801421 13
801471 31
801481 19
803121 34
803123 4
803231 16
803331 25
803360 31
803431 10
851100 14
851104 5
851105 19
851108 8
851200 10
851201 41
851202 19
851243 28
851251 15
851262 13
851273 25
851305 22
851306 7
851309 40
851342 16
851352 31
851354 37
851355 34
851360 16
851362 31
851375 34
851376 40
851400 9
851404 6
851407 28
851441 13
851462 22
852100 31
852101 34
852102 22
852103 4
852201 7
852202 22
852203 19
852204 13
951100 39
951102 4
951106 19
951124 33
951203 28
951302 3
951323 25
951331 16
951344 10
951348 34
951352 19
951497 10
953103 4
953111 28
953212 16
953231 4
953233 31
953261 22
953321 1
953322 28
953331 19
953361 10
953421 31
953444 31
953494 22
953495 25
954100 19
954244 19
954246 13
954310 31
954370 19
954374 3
954410 13
954413 22
954416 41
954426 16
954443 1
954449 10
954462 34
954464 37
954471 31
954477 1
954491-001 10
954491-002 31
954491-003 31
954491-004 13
954498 25
955102 3
955103 16
955104 19
958111 4
958201 7
958221 31
958225 28
958261 22
958373 13
