001101 31
001102 1
001112 15
001118 36
001201 23
001202 28
001210 1
001212 33
001218 28
001222 6
001223 26
001224 29
001225 5
001226 33
001227 15
001228 25
001229 33
001230 41
001231 19
001234 39
001250 7
001281 9
001291 34
001292 13
001310 13
001311 18
001312 31
001314 12
001315 10
001320 7
001321 19
001323 16
001330 28
001341 10
001342 19
001352 7
001355 25
001361 16
001362 13
001391 7
001410 0
001440 13
001445 37
001463 31
001472 28
002102 31
002111 19
002191 41
002202 34
002230 31
002260 28
002302 28
002321 13
002362 31
003102 13
003191 6
003202 13
003213 28
003261 31
003454 31
004465 34
004472 28
004474 37
004476 16
006103 19
006226 28
006241 22
006253 16
006307 40
006325 10
006443 19
006448 7
008314 19
008402 28
008411 37
009103 28
009213 16
009232 13
009254 28
009301 13
009327 10
009344 13
009355 13
009358 16
009363 31
011100 11
011101 19
011153 0
011154 41
011156 10
011157 19
011251 12
011257 7
011268 0
011269 11
011276 13
011277 10
011278 40
011358 33
011367 16
011457 19
012173 41
012200 22
012271 12
012272 13
012374 37
013103 4
013110 7
013203 16
013204 34
013206 9
013207 34
013208 7
013209 31
013216 0
013301 31
013303 10
013305 34
013314 31
013337 28
013413 37
013425 10
013431 13
013432 10
013433 31
014210 16
014211 18
014270 22
014310 40
014311 7
014370 19
014371 7
014390 19
014401 31
014410 28
014423 10
014471 4
014481 13
015101 7
015102 13
016101 41
017101 22
017102 31
017111 10
017201 19
017231 31
018104 21
018111 19
018112 0
018114 31
018126 40
018204 10
018271 34
018323 16
018332 28
018352 13
018372 7
019101 6
019104 9
019105 41
019106 37
019112 24
019204 16
019205 34
019206 13
019211 31
019212 10
019221 19
019222 40
019332 28
019351 19
019362 31
019371 31
019382 10
019441 13
020101 21
020102 24
020211 31
020212 28
020231 13
020232 13
020261 19
020341 34
021101 19
021102 13
021203 13
021204 10
021270 31
024752 13
025110 31
025381 31
025481 16
026101 28
026102 27
026111 6
026112 10
026201 10
050100 19
050103 22
050104 27
050106 29
050112 32
050113 10
051300 0
051302 34
051304 31
051306 15
051310 19
051313 19
052201 28
052203 19
052310 0
052323 34
052331 10
052351 41
052353 31
052355 13
052417 31
052422 10
052442 10
052449 13
052466 37
057121 26
057122 25
057123 41
057125 39
057126 36
057127 22
057128 36
057129 4
057130 12
057131 37
057132 17
057133 6
057134 37
057135 10
057136 40
057137 31
057138 19
057205 40
057213 9
057276 27
057283 28
057286 3
057287 34
057289 7
057290 16
057295 7
057297 10
057298 13
057301 28
057302 10
057305 0
057316 31
057366 13
057404 19
057407 7
057425 21
057428 10
059405 31
059419 19
061103 1
061106 7
061201 31
061205 31
061223 22
061306 19
061312 19
061313 25
061317 28
061401 28
061403 10
061430 31
062320 10
062341 16
062342 37
062343 34
062344 10
062345 13
062346 19
062360 34
062380 10
062411 19
062452 31
062460 16
062470 28
064202 7
064204 1
064207 34
064272 16
064273 19
064303 19
064410 28
064413 31
064417 31
064418 13
064422 37
064424 0
065120 16
065121 31
065211 19
065212 31
065311 37
065333 40
065420 13
065795 28
065797 13
065799 13
066222 0
066324 37
066412 10
066416 7
066426 10
067201 4
067203 31
067311 28
067371 10
067433 13
067435 31
067436 31
067491 10
067492 13
070100 19
070200 7
070301 34
070303 19
070304 13
070305 31
070308 13
070400 13
070403 19
070404 10
070410 31
070411 10
070413 31
070414 7
070415 28
070416 13
070711 28
070726 28
070740 13
070741 13
070792 13
071412 31
071413 13
071414 19
071415 0
071417 7
074100 10
074101 33
074201 13
076312 13
076314 0
076414 13
076426 31
076427 19
076428 22
076429 16
076444 16
076466 10
078444 10
078454 19
079444 22
099101 22
099102 36
100104 36
100105 9
100106 15
100107 19
100108 33
100205 10
100206 25
100207 30
100208 28
100209 33
100211 10
100306 6
100307 34
100308 18
100309 2
100310 16
100501 34
101201 22
101202 0
101205 33
101325 41
101490 16
103112 13
103271 25
104100 16
104302 15
104310 10
104320 37
104327 10
104334 19
104450 40
104490 19
109100 27
109114 9
112101 28
112105 22
112106 16
112109 19
112202 10
112205 31
112321 28
112322 19
112406 10
112424 16
115200 28
115300 16
115301 19
116301 10
126101 36
126102 19
126212 34
126213 31
126214 9
126325 36
126326 16
126328 28
126331 10
126332 16
126431 10
126436 13
126442 31
127100 10
127101 19
127202 10
127204 7
127205 31
127303 10
127313 24
127330 12
127359 10
127411 28
127412 16
127414 31
127716 34
127720 28
127721 13
127726 16
128100 21
128101 15
128201 41
128304 36
128305 13
128306 10
128308 24
128310 16
128351 37
128355 1
128423 13
128427 28
128434 13
128443 10
128700 16
128727 34
128734 28
128751 13
140104 3
152211 31
152301 34
152331 16
154104 20
154141 28
154152 19
154153 27
154173 10
154181 25
154251 7
154276 18
154281 9
154301 31
154330 31
154340 34
154363 13
154385 13
154431 10
154457 13
154481 28
159100 11
159101 21
159102 9
159151 21
159202 22
159204 31
159231 28
159331 19
159332 28
159401 10
159411 37
159412 13
159431 13
159434 19
160242 13
164261 13
168335 16
176100 9
176101 24
176104 16
177104 41
177113 25
177114 10
177141 18
177142 7
177181 22
177215 4
177217 0
177227 31
177228 13
177229 41
177300 19
177321 16
177332 34
177335 36
177341 34
177362 10
177443 10
177460 1
177463 10
177471 13
177472 28
177483 28
177491 13
179443 31
201100 40
201110 28
201114 13
201116 8
201117 21
202100 21
202101 24
202102 21
202147 4
202231 30
202302 13
202303 13
202305 13
202356 36
202362 34
202371 7
202405 31
202421 37
202446 16
202471 25
202475 16
202476 28
202484 16
202701 13
202731 13
202736 28
202744 13
202749 13
202775 34
202776 28
202803 28
202833 13
202849 13
203100 40
203104 39
203108 12
203111 14
203113 14
203114 12
203131 31
203132 10
203151 28
203152 37
203154 16
203158 6
203159 22
203162 30
203202 13
203203 25
203204 0
203206 29
203207 31
203208 15
203209 38
203211 21
203222 31
203223 18
203226 22
203232 40
203236 24
203250 28
203287 16
203316 28
203351 37
203459 10
203715 31
203719 28
203721 13
203725 31
203726 31
203734 13
203735 28
203749 13
203752 28
203754 10
203775 28
203812 13
203825 28
203829 10
203833 10
203879 31
204100 16
204101 19
204113 21
204202 31
204211 40
204217 33
204232 31
204251 37
204306 10
204315 37
204333 19
204355 7
204362 16
204382 13
204422 13
204423 37
204424 13
204441 34
204443 31
204452 1
204482 31
204483 34
204490 28
204725 16
204728 13
204755 28
204792 34
204891 13
205100 41
205103 16
205105 12
205216 1
205232 31
205244 16
205252 28
205282 13
205324 10
205344 28
205358 34
205382 13
205731 34
205742 28
205796 13
206100 34
206101 40
206103 35
206104 33
206111 35
206112 34
206113 16
206161 38
206162 26
206171 8
206172 33
206181 19
206182 21
206191 19
206211 19
206216 1
206217 22
206253 31
206255 7
206261 19
206266 13
206267 19
206281 18
206313 16
206321 27
206324 28
206325 41
206327 28
206331 1
206336 25
206341 34
206342 19
206355 13
206362 25
206364 9
206367 40
206368 25
206370 7
206421 34
206427 28
206428 10
206435 13
206437 31
206476 19
206481 0
206703 34
206722 16
206724 34
206725 28
206731 13
206737 28
206774 13
207100 28
207104 31
207105 10
207106 33
207108 39
207109 28
207110 31
207116 8
207117 3
207118 40
207125 37
207137 16
207162 19
207172 31
207181 3
207187 32
207188 31
207191 18
207195 25
207214 1
207302 31
207305 10
207306 16
207312 28
207402 28
207448 13
207704 16
207706 34
207708 28
207712 13
207766 13
207794 13
208101 18
208140 15
208141 16
208150 31
208263 13
208264 15
208271 12
208272 2
208322 7
208345 40
208346 10
208353 41
208362 28
208373 31
208384 16
208423 13
208444 16
208446 19
208460 10
208738 34
208772 28
208774 13
209203 19
209204 34
209252 1
209253 25
209262 13
209263 28
209270 1
209271 40
209272 16
209352 16
209370 34
209376 28
209382 31
209456 28
209466 31
210200 10
210207 28
210221 31
210251 16
210276 1
210315 13
210331 10
210355 16
210432 1
210448 34
210463 28
210702 13
210705 10
210743 28
210745 28
210748 31
210789 31
211100 17
211315 19
211319 37
211341 10
211342 10
211444 16
211709 13
211889 10
213708 13
213717 34
213718 16
213763 28
214100 31
214301 10
214310 16
214340 31
214341 10
214352 31
214412 16
214491 31
215205 39
215206 13
215207 7
215208 41
215303 19
215312 13
215313 28
215401 13
215482 10
215711 28
215741 34
215742 28
215743 13
215781 13
215783 34
217705 34
217708 28
217752 13
217773 13
218100 24
218234 34
218236 7
218244 16
218262 31
218352 10
218362 28
218372 31
218382 19
226703 34
226709 13
226710 28
226789 13
229123 13
229223 10
251100 16
251211 25
251213 40
251216 28
251242 0
251261 31
251292 10
251312 13
251333 16
251334 34
251342 19
251361 10
251363 1
251371 37
251372 31
251399 34
251411 28
251434 10
251436 13
251452 34
251455 28
251456 31
251461 13
251477 31
251704 34
251707 13
251723 28
251724 13
251746 13
251748 28
251754 16
251760 13
251763 34
251765 28
251773 16
251781 34
252210 34
252212 0
252222 19
252235 31
252282 41
252283 1
252285 19
252311 25
252320 28
252331 10
252353 16
252402 37
252403 1
252404 28
252413 10
252420 13
252423 34
252427 10
252428 37
252429 13
252435 19
252440 13
252459 37
252460 13
252479 28
252489 10
252706 28
252714 16
252727 37
252755 34
252774 13
252781 16
252785 13
252789 13
252792 28
253215 10
253433 28
253441 10
253443 10
253451 13
253452 34
253454 16
253716 37
253721 28
253722 16
253725 16
253734 28
253747 13
253749 7
253752 37
253754 34
253791 34
254182 16
254200 4
254205 0
254206 10
254211 12
254215 31
254216 31
254222 13
254231 21
254232 21
254271 40
254282 34
254325 34
254334 10
254352 0
254362 34
254371 15
254373 28
254400 7
254411 13
254412 31
254415 13
254421 16
254423 10
254424 28
254435 13
254445 13
254451 1
254452 31
254453 31
254466 7
254476 16
254477 19
254478 31
254495 16
254701 31
254721 13
254733 10
254737 28
254771 10
254803 13
254817 10
254857 13
255210 34
255230 24
255301 0
255316 16
255323 13
255328 37
255337 10
255340 28
255422 31
255425 10
255427 13
255432 28
255437 10
255440 10
255447 28
255455 31
255497 31
255714 16
255735 34
255750 16
255766 28
255769 13
255772 13
255779 13
255783 37
256100 28
256271 10
256317 10
256318 13
256334 16
256382 31
256383 28
256462 19
259103 18
259104 41
259106 3
259107 14
259108 22
259193 21
259195 37
259200 31
259201 16
259203 37
259401 31
260704 10
260708 34
260712 28
260719 31
260791 13
261102 16
261111 37
261112 19
261113 1
261205 28
261207 27
261208 13
261214 10
261215 31
261218 18
261305 10
261306 31
261332 0
261342 28
261343 40
261361 28
261430 31
261433 34
261444 10
261446 19
261447 10
261448 16
261449 31
261465 13
261473 13
261494 34
261497 31
261499 16
261742 13
261745 13
261755 13
261763 28
261764 16
261793 34
261795 34
261796 28
263710 28
263721 16
263724 37
263745 37
263751 34
264702 16
264705 34
264755 28
264789 13
265706 34
265709 28
265710 13
266703 28
266801 13
268732 13
268735 28
268741 34
268742 16
269103 19
269105 10
269130 31
269210 13
269341 31
269360 37
269370 7
269421 13
269431 7
269497 16
270701 28
270702 13
305203 16
318322 19
329104 2
330112 32
351100 19
351201 19
351364 28
351371 19
351426 16
352103 40
352311 19
352314 13
352315 34
352331 10
352332 13
352401 28
352412 16
352413 31
352421 16
352422 16
352433 34
352441 10
353313 10
353431 31
353441 19
353471 28
355411 31
356100 37
356101 40
356102 9
356210 7
356261 28
356311 28
356331 28
356431 16
356432 10
356441 31
356442 34
356443 13
356449 16
356455 13
356472 13
356475 16
357101 7
357110 37
357210 24
357323 34
357360 10
357418 13
357442 31
357444 19
359202 16
359205 13
359401 10
359408 13
359431 13
359455 10
360100 6
360210 27
361210 13
361321 10
361322 16
361341 13
361421 0
361433 28
361452 31
361461 16
361475 16
362211 40
363210 18
365425 34
368211 25
368317 10
400110 29
400210 22
401281 34
401383 34
401391 10
403281 28
403383 37
406284 19
406294 7
406386 25
406396 40
408382 30
410381 16
413383 1
413391 19
415393 31
420282 37
421282 10
421292 31
421386 13
421396 28
422381 9
428281 13
428282 16
428381 0
428383 7
461170 5
461471 1
461472 34
461511 19
461521 34
461526 31
461551 37
461566 16
461584 13
462130 22
462412 34
462413 28
462414 37
462503 16
462587 13
462588 28
463201 10
463252 19
463331 28
463332 31
463342 34
463354 16
463506 34
463512 37
463513 1
463543 31
463544 34
463557 28
463559 10
463571 31
463592 16
464302 10
464312 13
464402 13
464403 10
464414 16
464442 28
464443 37
464445 34
464446 7
501201 28
501202 16
501305 19
501306 7
502313 16
502314 34
504202 40
504305 37
506202 22
508304 7
510306 28
512304 13
513113 21
513115 31
513212 10
513216 16
513217 19
513225 31
513284 13
513331 10
513343 34
513364 28
513373 31
513390 13
513446 13
514202 7
514206 10
514222 28
514244 31
514272 13
514322 10
514352 13
514358 16
514382 10
514384 28
515204 37
515205 1
515256 28
515257 16
515337 34
515362 28
515380 13
552216 31
552217 19
552232 10
554413 37
555312 16
557432 34
558101 30
558313 28
558441 13
562101 24
562211 19
601201 40
601202 36
601231 19
601242 28
601342 10
601346 16
601361 19
601423 34
601425 28
601454 13
601455 31
601724 13
601745 28
601775 13
602100 34
602102 34
602103 39
602111 31
602120 3
602121 6
602122 28
602301 13
602314 10
602421 34
602453 28
602454 16
602455 13
602461 13
602471 16
602722 28
602741 13
602751 34
603200 22
603231 31
603321 10
603396 16
603496 13
603725 34
603743 28
603751 13
604101 16
604211 9
604311 13
604314 34
604315 28
604411 28
604415 19
604423 31
604431 10
604455 10
605203 25
605302 13
605313 31
605315 31
605316 10
605331 28
605430 16
605701 28
605711 34
605719 13
605742 28
606211 16
606243 34
606245 31
606264 13
606310 37
606451 10
606452 31
610114 11
651211 13
651212 10
651231 31
651234 31
651313 7
651314 37
651317 13
651319 16
651416 34
651425 28
701100 37
701101 15
701181 21
701183 31
701202 13
701235 16
701243 34
701244 31
701283 31
701295 37
701310 19
701335 31
701341 10
701408 7
701423 16
702100 0
702101 31
702211 22
702213 15
702312 41
702317 36
702321 34
702331 40
702342 28
702354 31
702418 16
703103 10
703202 4
703204 0
703243 19
703244 13
703309 28
703311 31
703322 28
703324 10
703330 40
703331 37
703345 28
703351 16
703361 34
703413 10
703441 31
703499 13
705191 0
705211 32
705311 6
705328 16
705331 19
705332 28
705343 31
705351 16
705431 37
705438 34
705440 10
705441 19
705444 0
705446 1
705448 10
705492 16
705499 13
751100 4
751101 3
751102 41
751106 16
751202 27
751209 19
751301 31
751302 10
751303 31
751304 13
751305 16
751308 41
751309 7
751321 10
751326 28
751330 15
751345 37
751401 10
751403 34
751405 13
751408 28
751413 34
751418 19
751419 10
751421 19
751428 31
751440 37
751443 13
751701 37
751702 16
751703 28
751705 13
751706 16
751708 13
751710 7
751712 7
751716 37
751724 16
751728 7
751732 34
751734 28
751744 34
751745 34
751751 28
751752 34
801100 41
801122 28
801134 31
801201 31
801204 10
801233 31
801236 19
801241 7
801322 19
801371 31
803122 16
803124 28
803131 10
803230 16
803232 19
851100 21
851103 18
851104 37
851105 0
851200 16
851201 18
851202 15
851204 7
851205 34
851241 19
851261 34
851273 12
851305 33
851306 25
851309 34
851310 37
851341 28
851342 37
851344 10
851350 15
851363 22
851366 13
851371 31
851375 9
851400 0
851401 31
851404 7
851443 13
851445 13
851450 37
851467 13
951100 38
951106 24
951124 16
951202 28
951231 28
951321 31
951366 13
951421 31
951497 10
951498 13
953102 28
953104 31
953111 40
953201 28
953202 16
953214 10
953231 19
953232 13
953234 16
953323 37
953494 7
953495 16
954140 22
954141 24
954142 3
954240 10
954244 16
954310 40
954326 16
954340 0
954364 10
954371 19
954372 1
954373 28
954413 10
954420 13
954422 37
954423 10
954443 10
954472 31
954498 13
