001101 2
001102 1
001112 31
001118 10
001201 31
001202 22
001210 24
001222 37
001223 4
001224 4
001225 4
001226 4
001227 10
001228 4
001229 4
001230 39
001231 28
001234 0
001250 19
001291 12
001292 25
001310 30
001311 16
001312 9
001314 39
001315 25
001320 7
001321 37
001323 13
001330 16
001341 7
001342 16
001352 19
001355 40
001361 4
001362 19
001391 25
001410 34
001423 37
001440 0
001445 31
001446 22
001463 28
001471 19
001472 37
002102 9
002111 30
002191 36
002202 19
002230 31
002260 16
002302 7
002311 16
002321 19
002331 22
002362 25
002402 22
002441 28
002471 19
003102 28
003191 20
003202 16
003314 25
003331 19
003332 7
003361 22
003367 19
003454 16
004282 22
004465 19
004472 28
004474 34
004476 34
006103 12
006226 31
006241 10
006253 34
006307 7
006326 19
006330 37
006349 22
006353 16
006423 25
006432 16
006443 28
006448 25
006475 37
008214 7
008314 13
008326 7
008402 12
008411 0
009103 41
009213 16
009234 25
009236 7
009254 15
009325 13
009327 25
009344 28
009355 31
009356 19
009358 16
009363 22
009446 16
011100 39
011101 36
011154 7
011156 9
011157 13
011251 6
011257 6
011268 19
011269 30
011276 12
011277 15
011278 33
011355 16
011367 19
011457 19
011479 22
012173 18
012200 27
012271 7
012272 19
013103 32
013110 7
013203 21
013204 36
013207 13
013208 25
013209 16
013216 40
013217 33
013301 27
013303 9
013306 18
013321 7
013335 34
013337 25
013410 19
013413 22
013422 31
013428 16
013431 16
013432 19
014210 10
014211 31
014270 21
014310 22
014311 16
014323 16
014370 36
014383 19
014390 19
014401 31
014410 16
014422 25
014423 22
014471 10
014481 34
015101 41
015102 28
016101 24
016102 22
017101 37
017102 19
017111 22
017112 22
017231 28
018104 7
018111 31
018112 21
018114 33
018126 4
018204 16
018271 12
018323 16
018352 7
018372 16
018468 16
019101 15
019104 31
019105 27
019106 36
019112 25
019204 22
019205 21
019206 7
019212 16
019222 9
019332 22
019351 16
019362 31
019373 34
019441 37
020101 10
020102 10
020212 31
020231 10
020232 16
020261 28
021101 24
021102 34
021203 19
021204 16
021270 34
024752 19
025110 16
025381 16
025481 19
026101 27
026102 10
026111 34
026112 34
026201 41
026202 7
050100 28
050103 15
050104 39
050106 27
050112 17
050113 6
051302 19
051304 16
051306 28
051310 16
051313 19
051412 31
051418 22
052203 36
052310 28
052323 22
052331 16
052350 31
052351 4
052353 19
052355 7
052400 4
052417 16
052420 34
052422 22
052441 25
052442 30
052445 28
052448 37
052449 7
052725 16
054821 19
054822 19
055702 16
055703 19
055711 28
055739 28
057121 26
057122 36
057123 33
057125 0
057126 34
057127 35
057128 11
057129 18
057130 38
057131 16
057132 33
057133 39
057134 22
057135 36
057136 19
057137 41
057138 41
057139 28
057213 0
057283 34
057286 19
057287 7
057290 16
057295 22
057297 13
057298 4
057301 34
057302 22
057305 7
057307 16
057316 19
057366 7
057401 13
057404 31
057407 37
057413 10
057419 4
057425 4
057427 16
057428 30
057450 28
059405 16
059413 22
059419 41
061106 22
061201 4
061205 16
061223 25
061224 19
061306 9
061312 24
061313 25
061317 13
061319 10
061401 7
061403 19
061405 28
061430 37
062342 31
062346 19
062360 22
062380 31
062411 22
062452 34
062460 19
062470 34
062499 16
063201 4
064204 19
064231 19
064232 4
064252 4
064303 31
064411 7
064412 25
064413 7
064417 34
064422 4
064423 31
064424 41
064474 4
065120 10
065121 40
065211 34
065212 9
065311 19
065320 1
065333 10
065420 7
065436 19
065437 16
065438 4
065782 28
065795 16
065797 19
065799 19
066222 4
066324 7
066412 22
066416 13
066426 31
067201 31
067203 16
067303 28
067311 19
067371 15
067433 4
067435 34
067436 4
067491 37
070200 37
070304 16
070305 19
070400 16
070401 7
070403 34
070404 13
070410 25
070411 22
070413 24
070414 41
070415 4
070416 19
070727 16
070731 19
070741 19
071411 10
071412 7
071413 31
071414 4
071415 16
071416 21
071417 16
071419 22
071420 4
071426 37
071724 19
074100 0
074101 18
076414 22
076426 16
076427 19
076428 28
076429 19
076430 31
076444 22
076466 37
078444 6
079444 34
088708 19
099101 28
099102 21
099103 13
100102 28
100104 0
100109 13
100110 22
100111 10
100112 12
100205 25
100206 25
100207 3
100208 10
100210 13
100212 0
100213 10
100214 28
100218 12
100219 30
100220 40
100222 31
100225 37
100227 34
100281 25
100306 40
100307 25
100308 4
100309 28
100310 12
100501 41
101201 31
101202 28
101205 10
101325 4
101405 16
101490 13
103271 40
104100 7
104201 4
104302 4
104310 16
104320 16
104327 19
104334 16
104435 16
104450 4
104490 4
109100 9
109114 40
112101 37
112105 31
112106 4
112109 7
112202 22
112205 16
112303 19
112321 4
112322 25
112406 4
112424 34
115300 22
116301 22
116302 4
126101 41
126102 34
126212 16
126213 4
126214 22
126324 12
126325 19
126328 1
126330 25
126331 40
126332 31
126400 16
126431 37
126434 16
126436 3
126437 34
126438 16
126442 22
127100 24
127101 14
127202 31
127205 28
127206 16
127303 28
127313 7
127320 31
127330 19
127332 0
127333 10
127336 4
127359 3
127411 25
127412 22
127413 28
127414 16
127415 28
127416 10
127424 19
127433 4
127492 16
127716 28
127720 16
127721 4
127730 19
128100 8
128101 31
128201 12
128304 7
128305 31
128306 28
128308 9
128310 0
128353 19
128401 22
128423 31
128425 10
128427 4
128429 4
128434 19
128445 31
128451 16
128462 4
128471 16
128484 19
128700 28
128712 4
128727 16
128734 19
128751 4
140101 19
140102 7
140103 24
140104 5
140105 25
152211 34
152301 16
152321 19
152331 4
154100 4
154104 29
154141 13
154152 25
154153 27
154173 13
154181 4
154251 24
154276 37
154281 21
154301 7
154330 16
154431 13
154479 4
154482 22
154492 28
159100 36
159101 6
159102 25
159151 13
159202 0
159203 27
159204 22
159331 41
159411 34
159412 34
159434 31
159462 28
160342 16
164261 16
164341 19
168101 4
168410 34
176100 6
176101 10
176104 37
177104 22
177113 16
177114 4
177141 19
177142 31
177181 28
177220 40
177222 25
177227 13
177228 31
177229 7
177300 34
177321 10
177332 19
177335 22
177341 38
177361 18
177362 2
177413 31
177420 28
177425 28
177429 28
177430 4
177431 31
177433 16
177460 37
177464 19
177465 21
177466 4
177470 4
177471 34
177483 15
177491 28
177494 16
177495 4
179402 4
179403 16
179404 22
179406 19
179443 25
201100 34
201110 12
201114 22
201116 19
201117 3
201190 4
202100 3
202101 9
202102 9
202147 22
202231 15
202303 4
202305 28
202311 19
202331 31
202356 34
202371 16
202405 7
202432 34
202442 16
202461 28
202471 16
202475 19
202476 16
202484 34
202731 16
202736 16
202749 19
202770 16
202804 19
202807 19
202833 19
202843 16
203100 6
203104 31
203108 21
203111 32
203113 31
203114 21
203131 3
203132 31
203151 13
203152 39
203154 39
203158 13
203159 22
203162 31
203202 15
203203 18
203204 31
203206 37
203207 40
203208 19
203209 19
203211 30
203222 10
203223 19
203226 24
203232 13
203236 14
203250 34
203287 22
203300 22
203304 31
203316 10
203351 37
203352 6
203413 19
203424 16
203425 19
203435 19
203459 37
203708 16
203715 19
203719 28
203721 19
203734 28
203735 16
203749 28
203754 19
203775 16
203804 19
203812 16
203825 28
203829 16
204100 19
204101 24
204113 10
204123 40
204202 19
204217 25
204232 34
204251 10
204306 7
204315 21
204320 34
204333 28
204355 4
204362 19
204382 25
204422 37
204425 22
204441 4
204443 1
204452 31
204456 16
204482 34
204483 0
204490 10
205100 0
205103 13
205105 24
205216 9
205232 16
205244 13
205252 22
205282 31
205324 7
205344 37
205358 30
205361 19
205382 22
205421 28
205473 16
206100 25
206103 5
206104 28
206108 31
206111 25
206112 37
206161 26
206162 25
206171 24
206172 25
206181 37
206182 25
206191 7
206211 31
206216 7
206217 19
206253 25
206255 28
206261 39
206266 15
206281 16
206311 19
206313 19
206321 22
206325 3
206327 24
206331 1
206336 34
206341 37
206342 28
206355 15
206357 19
206362 10
206364 19
206367 37
206368 30
206370 19
206421 28
206435 16
206437 31
206467 41
206471 37
206476 13
206481 16
206725 28
206726 16
206728 19
206729 19
206731 28
206734 16
206736 28
206737 28
206774 16
207100 30
207104 34
207105 10
207106 10
207108 21
207109 18
207110 19
207116 13
207117 22
207118 15
207125 37
207137 10
207162 10
207172 3
207181 22
207187 16
207188 7
207191 24
207195 31
207214 15
207302 16
207305 10
207306 19
207312 7
207321 4
207402 10
207408 28
207415 22
207442 16
207448 19
207449 19
207704 28
207706 16
207708 19
207712 19
207741 28
207766 19
207776 19
208101 20
208140 10
208141 10
208161 15
208250 16
208263 22
208264 40
208271 10
208272 9
208322 19
208345 31
208346 16
208353 36
208362 13
208373 28
208384 19
208423 16
208444 7
208446 4
208460 19
208738 4
208740 19
208770 28
208772 28
208774 16
208776 16
208873 19
209203 31
209204 19
209252 1
209253 7
209262 34
209263 19
209270 16
209271 13
209272 22
209322 28
209332 28
209341 4
209352 34
209370 19
209376 34
209382 22
209424 28
209452 40
209454 25
209456 28
209466 19
209486 16
209714 28
209772 19
209787 16
209789 28
210100 22
210200 28
210207 34
210221 13
210251 7
210276 19
210315 28
210331 37
210355 31
210432 34
210435 19
210448 19
210463 25
210702 19
210717 16
210734 28
210741 16
210743 28
210748 16
210787 28
211100 30
211303 22
211312 37
211315 1
211318 4
211319 7
211341 10
211342 16
211448 28
211449 7
211495 4
211709 19
212712 19
212714 16
212731 28
213708 19
213717 28
213718 16
213763 16
214301 34
214310 31
214340 27
214341 22
214352 34
214403 22
214412 31
214431 28
214442 4
214462 4
214491 16
215205 9
215206 13
215207 28
215208 7
215303 19
215312 10
215313 31
215314 31
215401 16
215462 22
215482 28
215711 16
215783 19
217705 16
217708 19
217773 4
218100 18
218234 31
218236 37
218244 28
218262 22
218352 22
218362 28
218372 19
218382 16
218481 16
218486 19
218496 19
219753 28
219781 16
226703 19
226704 16
226710 16
226805 19
229223 9
229351 25
251100 21
251211 7
251213 7
251216 40
251242 28
251261 13
251292 30
251312 34
251313 4
251333 10
251334 28
251342 12
251361 16
251363 22
251371 19
251372 31
251374 1
251399 25
251411 16
251417 16
251434 16
251436 4
251451 19
251455 7
251456 16
251457 19
251461 22
251465 31
251704 22
251707 19
251713 16
251716 4
251723 28
251724 19
251738 19
251746 4
251748 28
251754 4
251760 28
251763 16
251765 19
251773 4
251781 28
251784 19
252210 0
252212 7
252222 28
252235 40
252281 16
252282 12
252283 22
252285 12
252311 24
252320 16
252331 13
252353 9
252401 25
252402 27
252403 37
252404 22
252413 25
252420 4
252421 4
252422 16
252423 1
252427 22
252428 28
252429 7
252435 25
252440 31
252442 31
252443 4
252448 25
252450 28
252456 4
252459 19
252460 16
252479 16
252489 28
252706 16
252707 28
252714 4
252721 4
252727 28
252755 28
252765 16
252781 16
252792 19
253215 31
253318 34
253321 19
253332 31
253423 4
253433 28
253441 37
253443 19
253451 16
253452 28
253454 31
253721 19
253725 4
253731 4
253734 28
253735 28
253747 22
253749 31
253752 22
253754 16
253791 16
254182 1
254200 14
254205 22
254206 28
254207 7
254211 0
254215 1
254216 16
254222 27
254231 7
254232 30
254271 40
254282 10
254334 19
254352 25
254362 37
254371 1
254373 10
254400 25
254411 7
254412 4
254415 31
254421 34
254423 31
254424 28
254427 4
254435 4
254441 19
254443 16
254445 16
254446 19
254451 16
254452 4
254453 28
254466 34
254476 22
254477 16
254478 28
254495 28
254701 19
254721 16
254733 4
254737 28
254771 28
254816 19
254857 16
255210 9
255230 27
255300 16
255301 21
255316 10
255323 7
255328 24
255337 2
255340 13
255393 4
255422 37
255425 4
255430 4
255432 34
255433 16
255437 28
255440 19
255442 19
255445 16
255447 19
255451 16
255455 12
255463 4
255471 22
255497 16
255714 16
255735 19
255746 28
255750 4
255751 4
255769 4
255772 16
255783 22
255786 4
255791 31
255792 19
256100 33
256271 19
256281 31
256317 19
256318 34
256334 16
256415 19
256419 28
256442 16
256443 1
256456 31
256473 22
256474 25
256713 4
256741 19
256752 28
256753 16
256791 19
259103 28
259104 38
259106 4
259107 19
259108 15
259193 37
259195 21
259200 22
259201 34
259203 22
259401 16
260313 16
260334 19
260421 28
260702 4
260712 28
260719 16
260791 19
261102 4
261111 14
261112 36
261113 37
261205 16
261207 12
261208 25
261214 22
261215 9
261218 1
261305 10
261306 1
261332 28
261342 19
261343 10
261361 13
261411 19
261421 37
261430 31
261433 7
261444 34
261446 31
261447 7
261448 28
261449 19
261453 31
261465 7
261473 19
261479 25
261494 7
261497 34
261498 19
261499 16
261731 19
261736 19
261742 4
261745 22
261751 19
261752 16
261755 28
261763 4
261792 22
261796 16
261891 4
263710 4
263721 28
263724 16
263745 19
263751 19
264702 28
264703 16
264705 19
264755 4
264791 22
265706 28
265709 16
265710 19
266703 19
266801 16
268735 16
268741 19
268742 28
269103 28
269105 4
269130 19
269210 22
269341 19
269360 22
269370 16
269497 4
269498 4
270721 16
270791 16
305203 25
318322 13
329104 4
330112 22
351100 12
351201 16
351302 4
351331 19
351364 19
351371 13
351425 31
351426 22
351464 16
352103 33
352311 4
352314 31
352315 7
352323 19
352331 25
352332 4
352401 22
352412 4
352413 16
352421 34
352422 34
352433 28
352441 19
353313 4
353418 16
353431 7
353441 22
353471 34
353482 19
354311 25
354312 25
355411 16
356100 20
356101 15
356102 39
356210 41
356261 12
356306 28
356331 34
356333 22
356373 16
356375 34
356411 34
356412 25
356415 19
356416 25
356431 4
356432 28
356441 16
356442 13
356443 22
356444 19
356446 7
356447 28
356448 25
356449 4
356455 19
356472 25
356474 19
357110 7
357210 13
357322 7
357323 4
357418 19
357421 25
357432 19
357442 22
357444 37
357446 31
359202 40
359205 4
359206 22
359302 22
359305 13
359341 16
359350 28
359360 40
359401 4
359403 13
359419 16
359422 19
359452 22
359455 19
359460 19
359461 16
360100 3
360301 34
360402 28
360403 37
360411 16
360423 19
360441 34
360460 19
361210 34
361211 19
361214 4
361341 7
361414 16
361421 34
361433 25
361442 22
361461 28
361475 16
363210 13
365201 34
365211 4
365301 7
365324 19
365331 25
365422 16
365425 22
365426 4
368211 4
368310 7
368412 16
368417 4
368433 16
400110 3
400210 10
401281 37
401383 13
401391 7
403281 25
403383 22
406284 19
406294 28
406386 31
406396 19
408382 16
410381 40
413383 4
413391 28
415393 10
420282 16
421282 34
421292 31
421386 37
421396 1
422381 25
428281 22
428282 4
428381 34
428383 0
461170 27
461471 19
461472 4
461511 34
461526 19
462130 18
462531 4
462542 28
462545 16
462582 19
462587 19
462588 16
463201 13
463252 10
463331 4
463332 4
463342 22
463354 40
463512 7
463513 16
463534 31
463543 25
463544 16
463557 31
463559 22
463571 16
463592 7
464302 28
464312 1
464402 13
464403 22
464414 1
464442 40
464443 25
464445 7
464446 28
464500 16
464502 25
464504 1
464505 7
464506 13
464508 16
464544 4
464545 16
464546 19
464549 19
501201 16
501202 7
501305 4
501306 7
502313 22
502314 28
504202 1
504305 1
506202 25
508304 13
510306 10
512304 25
513113 13
513115 4
513212 25
513216 13
513217 28
513225 10
513284 7
513331 7
513343 4
513364 13
513373 25
513390 10
513411 19
513446 19
514202 7
514206 9
514222 16
514244 22
514272 30
514322 37
514336 10
514352 31
514358 25
514382 7
514384 22
514396 4
514398 16
515204 7
515205 28
515256 13
515257 10
515330 13
515337 22
515339 28
515362 10
515377 25
515378 7
515380 4
515407 4
515440 28
515441 16
515442 19
518724 19
518770 16
551311 28
552216 7
552217 28
552232 25
553312 16
554314 7
555313 16
556311 19
557433 34
558101 31
558432 25
561312 13
562101 19
562211 13
571115 22
601201 36
601202 4
601231 25
601242 0
601342 10
601346 7
601351 22
601361 1
601423 19
601424 4
601425 16
601436 4
601452 28
601471 16
601472 19
601745 16
601769 28
601775 19
602100 36
602102 33
602103 27
602120 22
602121 7
602122 4
602314 21
602421 28
602432 16
602453 7
602454 19
602455 37
602461 4
602463 19
602471 34
602741 16
602751 19
603200 30
603231 31
603321 16
603341 19
603396 34
603423 4
603496 16
603725 28
603743 16
603751 19
604101 13
604211 34
604311 30
604314 10
604315 28
604411 6
604415 13
604423 25
604431 15
604443 19
604454 16
604455 4
605203 4
605302 19
605313 10
605315 4
605316 22
605321 16
605331 4
605340 19
605412 16
605430 40
605711 16
605719 19
606211 16
606243 4
606245 31
606264 25
606310 19
606341 4
606342 28
606344 16
606451 31
606452 19
610114 23
651211 16
651212 7
651231 25
651234 25
651306 19
651313 31
651314 22
651317 19
651319 4
651416 28
651425 16
701100 16
701101 16
701181 3
701202 34
701211 13
701235 25
701243 19
701244 10
701283 37
701310 4
701335 19
701408 19
701409 28
701410 16
701496 22
702100 12
702101 41
702211 31
702213 30
702312 9
702317 31
702321 34
702331 25
702342 13
702354 7
702423 4
702443 28
702499 19
703103 40
703202 10
703204 28
703243 22
703244 10
703322 19
703324 1
703330 34
703331 40
703345 22
703351 6
703361 31
703413 4
703441 25
703444 19
703499 16
705191 6
705211 13
705311 13
705328 12
705331 37
705332 0
705343 40
705431 13
705438 34
705440 36
705441 7
705444 16
705446 12
705447 28
705461 33
705492 16
705499 19
751100 16
751101 37
751102 13
751106 7
751202 3
751209 36
751301 37
751302 39
751303 37
751305 10
751308 30
751309 0
751321 16
751326 34
751330 10
751345 16
751401 19
751403 27
751405 22
751408 40
751417 19
751418 19
751419 16
751421 4
751422 4
751424 34
751428 36
751440 19
751443 31
751447 28
751451 4
751701 31
751702 19
751703 22
751705 34
751706 19
751708 16
751710 4
751716 28
751718 28
751719 22
751727 4
751742 4
751744 28
801100 24
801122 12
801134 4
801204 10
801233 4
801236 13
801241 28
801322 4
801334 4
801371 16
803122 4
803124 16
803131 31
803230 19
803232 4
803260 16
851100 33
851103 31
851104 37
851105 13
851200 13
851201 34
851202 33
851204 10
851207 16
851241 31
851252 40
851253 19
851261 4
851263 25
851273 28
851305 2
851306 10
851309 0
851313 16
851363 13
851366 31
851375 13
851400 25
851401 22
851404 4
851406 28
851443 19
851445 34
851450 19
851462 7
851467 19
951100 12
951202 10
951231 28
951321 19
951324 22
951366 10
951421 13
951498-020 16
951498-021 19
953102 4
953104 31
953111 34
953201 16
953202 7
953214 34
953231 22
953232 13
953234 22
953323 31
953361 19
953421 25
953444 4
953494 25
953495 4
954100 4
954140 7
954142 10
954143 40
954170 13
954240 10
954244 7
954310 13
954340 31
954347 4
954371 12
954372 7
954374 19
954413 4
954421 34
954423 16
954464 19
954472 19
954491 3
954498 28
955102 31
955104 31
