001101 16
001102 4
001111 12
001113 7
001201 1
001202 10
001210 4
001212 3
001218 0
001230 18
001231 28
001250 15
001291 30
001293 7
001310 0
001311 10
001312 10
001318 0
001320 28
001321 18
001323 19
001330 25
001342 7
001353 15
001354 34
001362 10
001381 4
001410 22
001423 22
001425 34
001443 10
001444 40
001445 34
001447 10
001461 22
002101 7
002110 37
002191 27
002192 7
002201 13
002211 34
002221 19
002250 31
002301 25
002333 34
002351 13
002361 28
002365 0
002401 34
002473 22
003101 10
003191 7
003201 10
003313 34
003320 25
003331 40
003367 37
004241 7
004282 6
004301 9
004303 13
004324 12
004432 34
004473 28
004475 22
004483 33
006103 33
006126 22
006206 34
006226 28
006242 10
006253 37
006303 37
006325 31
006326 10
006330 24
006344 28
006346 7
006355 13
006425 13
006426 34
006428 22
006443 7
006448 7
006454 34
008214 37
008303 10
008314 16
008411 22
008417 22
009103 8
009105 34
009212 22
009230 19
009231 15
009326 34
009328 37
009426 31
009431 34
009445 34
011100 19
011151 37
011152 18
011153 30
011251 41
011257 20
011259 7
011269 24
011276 18
011353 7
011356 10
011358 13
011362 34
011374 37
011461 22
011464 10
011479 25
012100 7
012173 37
012200 40
012273 37
012371 22
012475 37
013103 13
013110 10
013203 10
013204 15
013206 28
013209 6
013301 22
013302 0
013303 22
013305 10
013306 22
013307 28
013317 19
013321 15
013326 22
013329 10
013330 34
013335 22
013337 22
013413 37
013427 34
013433 10
014210 37
014211 22
014270 34
014310 22
014311 10
014322 6
014323 27
014324 22
014370 34
014371 13
014381 4
014382 0
014401 15
014471 34
014481 37
014485 7
015101 28
016101 19
017101 34
017102 22
017111 37
017112 22
017210 10
018103 28
018111 13
018113 30
018125 22
018203 31
018211 34
018213 37
018231 10
018235 22
018271 18
018301 31
018335 13
018351 7
018353 37
018433 22
018435 10
018438 34
018467 34
019101 39
019103 34
019105 24
019106 19
019108 22
019111 10
019203 31
019205 19
019206 31
019208 27
019211 34
019221 37
019303 19
019311 34
019331 40
019361 13
019371 21
019373 10
019381 31
019411 19
019442 31
019471 34
019473 22
020101 41
020102 25
020211 18
020212 22
020231 25
020311 13
020321 22
020333 31
020341 7
020362 15
020363 34
021101 6
021102 28
021203 19
021270 37
025108 22
025110 10
025310 10
025480 10
026101 7
026102 19
026111 31
026112 37
026201 22
026271 10
029701 22
029711 10
050100 19
050103 40
050104 40
050106 23
050111 0
051302 10
051304 37
051306 18
051313 22
051412 16
051418 28
052201 37
052202 34
052314 10
052350 37
052352 28
052357 19
052400 13
052419 19
052443 7
052445 37
052447 34
052725 22
055701 10
055706 31
055707 34
055771 31
055797 22
057121 40
057122 25
057123 24
057125 21
057126 18
057127 22
057128 25
057129 25
057130 9
057131 3
057132 40
057133 10
057134 22
057135 4
057137 19
057138 4
057139 10
057140 37
057201 13
057205 10
057215 19
057274 19
057279 0
057283 34
057284 19
057285 34
057288 22
057293 13
057294 10
057300 31
057302 34
057305 18
057351 22
057366 10
057403 12
057405 28
057410 7
057411 25
057420 37
057425 27
057426 25
057428 3
059419 7
061106 19
061201 31
061223 21
061306 16
061307 12
061312 7
061313 22
061317 10
061401 7
061403 22
061404 34
062342 37
062343 22
062344 13
062345 31
062346 19
062360 31
062380 22
062411 7
062452 37
062460 19
062470 19
063703 22
063813 10
064207 22
064231 34
064251 19
064281 25
064291 34
064301 10
064303 19
064410 7
064412 31
064417 10
064418 25
064424 15
064474 34
065210 28
065212 31
065310 41
065320 22
065332 10
065421 1
065434 37
065435 16
065436 34
065437 13
065797 10
065799 10
066221 22
066323 28
066410 13
066414 31
066425 7
066755 22
067202 34
067303 21
067311 19
067372 13
067373 31
067432 16
070301 13
070303 34
070304 16
070305 10
070308 22
070400 10
070401 10
070403 28
070404 13
070410 31
070411 34
070415 13
070416 31
070720 31
070721 34
070726 22
070727 22
070731 10
070792 10
071412 22
071413 22
071414 34
071420 16
071422 25
071423 31
071425 10
071712 34
071811 22
074100 28
074101 22
074414 10
076314 7
076414 7
076425 10
076427 34
076428 37
076429 1
076444 15
076466 19
078444 6
078454 13
079444 22
088708 10
091800 10
099101 9
099102 31
100102 13
100103 34
100104 15
100105 22
100109 31
100110 25
100111 25
100112 7
100206 30
100207 28
100208 40
100209 22
100210 25
100211 41
100212 30
100213 37
100218 22
100219 13
100220 22
100225 25
100226 10
100281 7
100306 33
100307 16
100308 0
100309 25
100310 36
100501 22
101100 37
101105 13
101201 34
101211 31
101400 9
101405 27
103112 22
103191 10
103271 27
104200 34
104201 10
104300 19
104301 37
104340 10
104410 15
104424 34
104495 22
105304 16
109100 30
109115 38
112101 31
112102 22
112103 7
112108 10
112201 31
112203 22
112213 37
112300 34
112411 37
112412 22
115200 10
115301 10
115302 21
116400 34
126101 22
126216 16
126321 40
126330 3
126333 37
126334 37
126428 12
126432 7
126443 16
127100 10
127101 25
127203 37
127204 34
127207 25
127303 25
127312 30
127314 6
127315 10
127316 0
127329 16
127337 16
127711 31
127717 34
127718 22
127719 10
128100 9
128101 7
128202 16
128203 22
128204 34
128307 3
128309 16
128334 34
128352 34
128354 34
128403 25
128701 31
128710 34
128730 22
128740 10
128762 10
140101 22
140102 10
140105 4
152321 10
154104 10
154141 31
154151 12
154231 31
154262 37
154281 3
154311 34
154330 21
154340 41
154351 16
154353 37
154363 10
154375 31
154377 7
154388 25
154433 31
154443 22
154488 34
159100 20
159101 36
159151 22
159203 34
159221 19
159302 22
159303 19
159305 25
159332 37
159356 31
159362 15
159403 10
159411 16
159412 22
159431 10
160341 31
164200 12
164341 37
168101 34
168410 22
176100 28
176101 11
176104 19
176220 40
177103 24
177214 3
177215 24
177216 34
177217 28
177242 22
177281 18
177283 40
177285 7
177321 22
177330 12
177336 24
177341 10
177361 18
177393 16
177404 31
177414 22
177427 19
177430 7
177434 22
177446 37
177447 34
177450 34
177465 10
177467 10
177481 7
177494 34
179403 22
201100 38
201110 27
201114 22
201115 5
201116 6
202100 26
202101 0
202141 34
202143 4
202145 37
202184 12
202231 5
202260 25
202310 22
202311 19
202332 10
202334 34
202342 16
202361 37
202371 7
202410 34
202434 31
202438 34
202443 22
202473 10
202474 7
202477 10
202495 37
202737 22
202765 22
202773 34
202776 10
202783 34
202833 10
202844 31
202848 10
203100 28
203103 13
203111 12
203116 7
203151 6
203162 19
203201 16
203203 37
203204 37
203206 17
203207 31
203208 34
203209 32
203222 30
203226 12
203231 22
203235 15
203236 7
203255 12
203300 34
203303 34
203315 37
203323 12
203324 28
203331 22
203332 30
203333 40
203351 19
203352 27
203475 22
203705 22
203709 34
203713 31
203714 34
203716 22
203723 34
203732 22
203736 31
203739 34
203743 34
203753 31
203803 19
203807 31
203821 31
203828 22
203879 10
204100 28
204101 7
204111 10
204202 41
204211 22
204216 31
204217 10
204231 6
204321 4
204325 25
204335 9
204341 0
204361 15
204363 22
204365 34
204381 28
204383 31
204432 28
204442 40
204451 9
204453 31
204471 22
204721 34
204725 10
204735 22
204764 10
204891 10
205100 0
205103 10
205104 15
205105 6
205235 34
205239 28
205275 21
205303 15
205337 0
205355 34
205393 25
205441 22
205461 10
205765 31
205805 10
206100 33
206101 0
206103 39
206107 18
206108 41
206111 36
206113 34
206161 37
206171 14
206181 6
206191 22
206203 15
206207 13
206211 37
206216 10
206217 18
206254 34
206261 12
206267 19
206281 16
206300 18
206321 37
206324 37
206325 15
206327 24
206328 31
206331 0
206335 34
206336 19
206341 4
206355 7
206362 10
206370 31
206381 34
206412 10
206432 31
206436 37
206437 22
206441 25
206457 34
206470 22
206705 22
206707 34
206713 10
206717 22
206720 22
206726 34
206738 22
206739 10
206743 22
206753 22
206785 10
207100 4
207103 10
207105 0
207106 22
207107 19
207109 27
207110 37
207115 3
207117 25
207123 6
207131 37
207135 22
207171 41
207173 34
207183 10
207187 19
207203 9
207205 10
207208 22
207213 12
207308 28
207310 25
207313 18
207323 31
207348 28
207401 12
207403 34
207406 37
207419 10
207422 22
207455 31
207458 10
207463 10
207701 31
207703 34
207705 22
207711 10
207808 10
208101 32
208140 10
208150 22
208263 34
208270 15
208271 33
208280 10
208321 34
208329 7
208343 40
208348 34
208383 31
208425 15
208439 22
208440 10
208469 10
208711 31
208760 34
208761 22
208770 10
208871 22
208872 10
209201 34
209251 28
209301 28
209302 7
209303 10
209331 19
209351 40
209358 13
209361 37
209368 19
209375 34
209451 19
209453 31
209461 34
209463 10
209483 22
209485 10
209705 19
209707 31
209771 34
209773 37
209779 10
209785 22
210201 16
210202 21
210204 31
210343 28
210351 10
210383 7
210425 34
210433 31
210434 34
210445 10
210485 10
210703 31
210704 34
210705 22
210707 10
210731 10
211100 34
211311 16
211315 31
211319 17
211440 34
211443 22
211702 10
211889 22
212701 31
212703 22
212711 10
212741 34
213706 10
213707 22
213711 10
213714 34
214100 31
214261 28
214312 10
214341 1
214381 34
214401 7
214411 31
214414 34
214415 25
214430 22
214445 34
215205 27
215206 34
215207 25
215208 37
215302 21
215381 34
215411 7
215431 24
215734 34
215744 31
215752 10
215762 34
215782 34
215785 22
216781 34
217701 34
217703 22
217707 10
217726 22
217775 10
217781 10
218100 30
218101 34
218233 37
218235 31
218321 30
218323 34
218351 22
218471 34
218474 22
218475 10
219720 10
219731 34
220703 10
226701 10
226702 10
226709 10
226710 22
229123 19
229323 10
251211 3
251213 6
251216 31
251261 9
251281 28
251312 37
251313 37
251333 37
251361 28
251363 10
251371 18
251372 40
251374 22
251384 18
251411 31
251437 10
251438 34
251439 22
251461 19
251475 10
251479 10
251701 19
251702 31
251703 10
251711 19
251714 31
251715 34
251717 22
251718 19
251745 34
251751 31
251752 34
251757 22
251758 19
251776 19
251783 31
251785 34
251790 10
252201 25
252211 9
252232 3
252282 24
252283 3
252285 9
252286 36
252301 0
252302 22
252317 37
252320 31
252322 6
252325 16
252327 10
252330 34
252342 21
252363 13
252420 37
252421 19
252425 31
252427 7
252439 22
252444 28
252450 22
252460 22
252498 25
252702 31
252708 31
252711 22
252719 31
252724 22
252725 34
252752 34
252785 34
252789 19
252791 10
253303 31
253314 31
253315 40
253432 37
253455 34
253456 22
253481 19
253701 34
253717 22
253722 10
253732 31
253734 22
253736 19
253747 34
253748 19
253752 10
253754 31
254181 37
254205 3
254206 27
254211 18
254215 16
254216 16
254222 28
254231 24
254232 37
254252 19
254282 16
254302 25
254325 34
254333 21
254372 39
254373 31
254421 31
254426 28
254436 10
254439 19
254441 41
254451 37
254456 13
254457 7
254459 37
254461 1
254471 16
254473 22
254494 31
254496 25
254700 22
254702 19
254703 10
254710 34
254734 10
254770 19
254804 31
254872 34
254875 31
255201 10
255215 40
255251 28
255290 6
255300 27
255320 36
255321 5
255330 34
255359 15
255415 31
255417 10
255420 16
255422 31
255424 10
255431 7
255432 22
255434 10
255438 10
255449 22
255454 22
255455 10
255460 10
255462 10
255471 37
255492 10
255722 34
255734 22
255750 19
255752 31
255758 10
255764 10
255766 31
255770 22
255771 34
255772-001 31
255772-801 22
255772-803 31
255772-804 10
256100 9
256212 22
256271 13
256281 10
256316 31
256333 34
256373 37
256384 13
256412 19
256418 10
256441 7
256457 31
256462 16
256473 10
256700 22
256751 10
259103 33
259104 41
259106 25
259107 17
259108 31
259109 22
259201 27
259203 16
260312 34
260701 37
260705 22
260709 10
260716 19
260718 34
260772 31
261103 34
261111 14
261200 21
261210 25
261212 18
261216 28
261217 31
261304 18
261305 16
261335 34
261336 16
261342 28
261343 3
261361 1
261405 10
261434 34
261447 22
261456 34
261457 37
261458 7
261469 22
261473 16
261497 22
261701 31
261702 34
261706 22
261739 10
261746 34
261754 10
261769 10
261781 10
261791 22
261792 10
263701 34
263702 22
263720 31
263760 10
263771 31
264701 19
264706 31
264710 22
264741 34
264789 22
264791 10
266702 10
268721 10
269101 22
269102 10
269111 31
269200 31
269201 28
269202 19
269340 9
269430 10
269462 37
269470 22
269494 31
270701 22
270702 10
270711 34
270712 22
270791 34
301254 28
305202 19
311352 40
318322 19
318351 34
320351 10
321251 10
324703 10
328310 31
328313 22
330110 30
330111 1
351100 34
351200 10
351201 16
351202 36
351301 31
351302 13
351321 22
351331 28
351410 10
351425 37
351441 31
351442 19
351451 22
351463 34
351466 10
352103 7
352301 31
352311 28
352321 33
352323 10
352421 34
352422 25
352431 25
353301 13
353311 34
353421 22
353431 22
353451 36
353452 10
354311 19
356100 41
356101 30
356102 7
356202 31
356210 24
356212 34
356261 19
356303 13
356304 22
356312 22
356361 37
356411 34
356416 24
356432 10
356477 34
357110 19
357210 22
357322 22
357325 40
357360 7
357417 13
357441 10
357491 34
359202 29
359203 28
359204 31
359206 10
359301 9
359311 19
359380 22
359405 22
359409 13
359410 7
359413 37
359421 34
359465 22
360100 3
360210 21
360301 31
360304 7
360402 22
360403 22
360423 10
360460 16
361210 7
361211 22
361301 34
361321 31
361351 10
361453 37
361471 10
362211 7
363210 25
365201 19
365211 10
365321 37
365421 34
365427 34
365428 31
365431 22
368200 22
368317 16
368431 10
400110 4
400211 24
401382 31
403382 22
406385 37
406395 19
409281 7
409292 16
411281 13
411291 37
415291 19
420281 31
421281 34
421291 22
421385 7
421395 28
423382 16
428382 13
461100 30
461170 3
461471 19
461511 31
461523 22
461526 10
461527 19
461529 10
462130 19
462151 37
462505 34
462523 22
462541 19
462586 10
462587 19
462588 34
463251 25
463311 10
463331 31
463341 37
463353 13
463402 28
463433 37
463455 22
463491 13
463503 31
463504 31
463545 22
463556 37
463558 22
464301 16
464311 34
464341 22
464401 34
464413 16
464441 10
464443 7
464444 31
464445 31
464501 7
464502 34
464503 37
464508 10
464509 10
464510 10
464541 34
464542 16
464546 10
464549 13
501301 10
501302 37
502211 37
504302 34
506303 19
506361 28
508203 21
508303 22
510201 4
510202 16
510411 34
510414 22
510415 19
510417 31
512303 31
513111 1
513114 36
513223 31
513224 34
513283 22
513315 10
513324 13
513328 37
513363 19
513371 34
513412 19
513429 31
513445 34
513451 22
513471 10
514211 34
514241 22
514317 37
514323 16
514335 13
514341 34
514343 22
514381 31
514383 7
514395 10
514397 19
514466 22
515201 37
515250 16
515307 37
515312 7
515334 16
515361 13
515364 31
515376 22
515403 34
515455 22
515490 10
551311 34
552216 10
552217 22
552222 10
553312 34
554314 22
555313 22
556311 10
558431 10
561312 10
562211 10
571115 12
601201 25
601302 28
601321 10
601341 18
601344 13
601351 25
601422 0
601452 34
601456 22
601462 31
601702 31
601731 34
601742 10
601758 10
601765 31
601767 22
602100 8
602102 25
602103 10
602111 10
602211 28
602315 19
602321 40
602322 24
602431 34
602432 10
602441 22
602464 31
602731 10
602753 22
602761 22
603211 28
603322 28
603332 13
603352 31
603371 19
603421 22
603441 10
603711 34
603723 22
603731 10
604304 28
604305 12
604312 10
604313 13
604351 7
604352 34
604412 19
604414 31
604416 34
604422 10
604451 22
604715 22
605201 10
605204 34
605301 37
605313 1
605314 37
605321 22
605322 10
605341 28
605412 37
605432 31
605444 34
605445 22
605461 10
605701 22
605702 10
605717 10
605741 34
605745 22
605751 22
606231 10
606242 31
606244 34
606263 16
606343 34
606362 22
606363 16
610114 37
651105 7
651109 10
651120 1
651210 22
651311 31
651312 34
651315 10
651316 22
701101 28
701181 0
701182 22
701183 12
701201 34
701211 28
701281 34
701295 19
701313 21
701321 27
701331 34
701341 28
701342 0
701344 10
701407 13
701425 10
701455 19
701494 34
702100 9
702101 24
702205 22
702211 25
702213 18
702312 16
702316 10
702317 21
702318 13
702341 7
702351 31
702411 37
702416 34
702431 22
703103 40
703202 27
703243 6
703244 4
703305 9
703308 16
703309 25
703310 34
703311 13
703322 36
703323 22
703324 31
703330 22
703331 28
703391 19
703404 31
703412 19
703447 34
703454 10
703498 22
705191 22
705211 37
705311 19
705328 6
705329 13
705331 10
705342 31
705351 22
705437 10
705438 7
705440 22
705441 31
705442 18
705444 37
705446 13
705447 10
705461 34
705493 22
751100 13
751101 27
751102 41
751106 34
751202 10
751209 21
751301 39
751302 24
751303 16
751305 15
751308 36
751309 13
751321 10
751326 34
751327 37
751330 22
751345 37
751401 0
751403 16
751405 10
751408 34
751417 10
751419 28
751425 34
751428 7
751441 22
751443 24
751447 10
751451 19
751701 19
751702 31
751703 37
751704 22
751705 13
751706 19
751708 31
751710 37
751712 10
751716 22
751718 34
751726 10
751734 13
751742 22
751743 34
801100 35
801201 37
801225 22
801235 19
801324 10
801331 16
801333 34
801334 34
801336 40
801421 31
801471 34
801481 22
803121 22
803123 34
803231 10
803331 10
851100 26
851104 22
851105 31
851108 10
851200 16
851201 7
851202 30
851204 10
851205 7
851243 7
851251 28
851262 12
851273 3
851305 37
851309 24
851313 12
851343 12
851344 0
851345 31
851360 25
851362 37
851367 4
851372 7
851375 40
851400 9
851404 22
851406 34
851407 28
851462 36
852101 34
852102 22
852103 10
951100 31
951102 7
951106 34
951125 16
951203 10
951302 34
951323 19
951331 31
951344 16
951348 28
951352 10
951497-020 16
951497-021 37
953103 22
953111 6
953211 10
953212 37
953233 10
953261 22
953321 7
953322 13
953331 19
953361 31
953421 22
953494 28
954100 0
954140 10
954143 19
954170 16
954246 37
954326 0
954370 28
954374 37
954410 40
954413 34
954416 15
954426 10
954443 10
954449 19
954462 22
954471 7
954477 31
954491 16
954498 10
955102 37
955103 33
955104 22
958111 22
