001101 2
001102 1
001111 34
001113 22
001201 1
001202 25
001210 7
001212 6
001218 27
001230 13
001231 9
001250 22
001291 28
001293 28
001310 0
001311 26
001312 10
001318 12
001320 10
001321 6
001323 22
001330 27
001342 19
001353 18
001354 30
001362 7
001381 36
001410 7
001423 22
001425 4
001443 7
001444 13
001445 31
001447 7
001461 4
002101 25
002110 10
002191 25
002192 28
002201 19
002211 22
002221 10
002250 13
002301 37
002333 19
002351 9
002361 31
002365 34
002401 22
002473 7
003101 7
003191 16
003201 22
003313 31
003320 34
003331 19
003367 16
004241 28
004282 37
004301 7
004303 10
004324 9
004432 4
004473 25
004475 34
004483 3
006103 18
006126 28
006206 37
006226 40
006242 22
006253 31
006303 25
006325 37
006326 7
006330 10
006344 31
006346 13
006355 28
006425 31
006426 22
006428 22
006443 25
006448 22
006454 22
008214 10
008303 22
008314 31
008411 7
008417 7
009103 40
009105 7
009212 22
009230 37
009231 16
009326 22
009328 31
009426 22
009431 7
009445 7
011100 21
011151 31
011152 37
011153 30
011251 29
011257 5
011259 31
011269 18
011276 34
011353 13
011356 22
011358 22
011362 31
011374 25
011461 10
011464 7
011479 25
012100 25
012173 8
012200 19
012273 13
012371 25
012475 31
013103 10
013110 7
013203 25
013204 15
013206 34
013209 10
013301 13
013302 12
013303 10
013305 9
013306 7
013307 16
013317 37
013321 4
013326 7
013329 22
013330 40
013335 22
013337 22
013413 7
013427 37
013433 4
014210 31
014211 30
014270 18
014310 31
014311 25
014322 37
014323 25
014324 28
014370 37
014371 16
014381 22
014382 31
014401 25
014471 10
014481 4
014485 19
015101 12
016101 40
017101 4
017102 22
017111 28
017112 7
017210 31
018103 22
018111 10
018113 28
018125 10
018203 10
018211 31
018213 22
018231 28
018235 34
018271 3
018301 37
018335 34
018351 19
018353 7
018433 37
018435 22
018438 7
018467 28
019101 34
019103 37
019105 28
019106 13
019108 7
019111 10
019203 22
019205 6
019206 37
019208 40
019211 37
019221 31
019303 34
019311 7
019331 28
019361 37
019371 7
019373 4
019381 22
019411 34
019442 13
019471 37
019473 7
020101 4
020102 25
020211 41
020212 4
020231 19
020311 10
020321 31
020333 7
020341 28
020362 25
020363 22
021101 39
021102 10
021203 22
021270 4
025108 37
025110 7
025310 28
025480 31
026101 4
026102 34
026111 37
026112 7
026201 25
026271 22
029701 7
029711 22
050100 13
050103 31
050104 9
050106 35
050111 0
051302 37
051304 25
051306 40
051313 22
051412 31
051418 7
052201 18
052202 31
052314 13
052350 22
052352 7
052357 13
052400 13
052419 7
052443 22
052445 10
052447 28
052725 7
055701 22
055706 37
055707 4
055771 37
055797 7
057121 34
057122 19
057123 19
057125 41
057126 12
057127 16
057128 30
057129 35
057130 5
057131 41
057132 41
057133 41
057134 22
057135 7
057137 0
057138 25
057139 7
057140 31
057201 37
057205 10
057215 34
057274 7
057279 25
057283 16
057284 28
057285 22
057288 4
057293 37
057294 28
057300 13
057302 19
057305 41
057351 31
057366 19
057403 27
057405 41
057410 37
057411 25
057420 0
057425 25
057426 22
057428 15
059419 18
061106 7
061201 22
061223 25
061306 7
061307 41
061312 25
061313 37
061317 19
061401 37
061403 22
061404 13
062342 28
062343 4
062344 31
062345 37
062346 10
062360 31
062380 4
062411 33
062452 31
062460 28
062470 31
063703 7
063813 22
064207 7
064231 13
064251 19
064281 22
064291 31
064301 31
064303 28
064410 37
064412 37
064417 7
064418 10
064424 13
064474 22
065210 19
065212 28
065310 19
065320 4
065332 22
065421 37
065434 7
065435 37
065436 22
065437 19
065797 22
065799 22
066221 28
066323 37
066410 4
066414 37
066425 31
066755 7
067202 7
067303 7
067311 7
067372 39
067373 31
067432 6
070301 34
070303 4
070304 10
070305 7
070308 22
070400 7
070401 7
070403 22
070404 37
070410 22
070411 4
070415 34
070416 22
070720 37
070721 4
070726 7
070727 7
070731 22
070792 22
071412 19
071413 4
071414 7
071420 28
071422 28
071423 22
071425 25
071712 4
071811 7
074100 12
074101 24
074414 37
076314 31
076414 7
076425 28
076427 16
076428 7
076429 22
076444 31
076466 37
078444 27
078454 13
079444 34
088708 22
091800 22
099101 24
099102 31
100102 10
100103 31
100104 18
100105 22
100109 19
100110 4
100111 7
100112 37
100206 16
100207 4
100208 0
100209 4
100210 10
100211 22
100212 37
100213 7
100218 28
100219 40
100220 16
100225 10
100226 28
100281 34
100306 34
100307 39
100308 28
100309 21
100310 11
100501 34
101100 12
101105 10
101201 31
101211 31
101400 34
101405 34
103112 31
103191 7
103271 41
104200 31
104201 7
104300 37
104301 10
104340 31
104410 22
104424 4
104495 22
105304 13
109100 24
109115 24
112101 28
112102 22
112103 28
112108 7
112201 10
112203 28
112213 19
112300 31
112411 22
112412 28
115200 22
115301 16
115302 13
116400 22
126101 33
126216 37
126321 15
126330 22
126333 7
126334 7
126428 39
126432 4
126443 19
127100 31
127101 36
127203 28
127204 37
127207 10
127303 18
127312 40
127314 16
127315 22
127316 0
127329 31
127337 34
127711 37
127717 4
127718 7
127719 22
128100 27
128101 28
128202 16
128203 7
128204 40
128307 16
128309 19
128334 25
128352 34
128354 40
128403 31
128701 37
128710 4
128730 7
128740 22
128762 22
140101 37
140102 13
140105 7
152321 7
154104 8
154141 34
154151 19
154231 13
154262 22
154281 18
154311 16
154330 40
154340 7
154351 37
154353 31
154363 22
154375 28
154377 10
154388 7
154433 22
154443 4
154488 7
159100 38
159101 3
159151 28
159203 30
159221 28
159302 37
159303 19
159305 7
159332 22
159356 31
159362 22
159403 10
159411 12
159412 7
159431 13
160341 37
164200 25
164341 31
168101 36
168410 4
176100 22
176101 8
176104 37
176220 9
177103 12
177214 27
177215 9
177216 16
177217 36
177242 22
177281 18
177283 4
177285 28
177321 28
177330 16
177336 37
177341 10
177361 7
177393 12
177404 19
177414 4
177427 7
177430 28
177434 31
177446 25
177447 4
177450 22
177465 10
177467 37
177481 4
177494 22
179403 28
201100 28
201110 6
201114 16
201115 20
201116 32
202100 27
202101 24
202141 18
202143 3
202145 34
202184 39
202231 28
202260 22
202310 4
202311 7
202332 7
202334 19
202342 31
202361 13
202371 22
202410 7
202434 22
202438 37
202443 22
202473 4
202474 7
202477 37
202495 34
202737 4
202765 7
202773 4
202776 7
202783 4
202833 22
202844 7
202848 22
203100 23
203103 10
203111 11
203116 36
203151 36
203162 18
203201 37
203203 15
203204 22
203206 38
203207 37
203208 19
203209 14
203222 34
203226 21
203231 3
203235 18
203236 7
203255 22
203300 28
203303 28
203315 41
203323 34
203324 22
203331 36
203332 19
203333 7
203351 25
203352 16
203475 37
203705 4
203709 37
203713 37
203714 4
203716 7
203723 4
203732 7
203736 37
203739 4
203743 4
203753 37
203803 10
203807 7
203821 37
203828 7
203879 22
204100 22
204101 24
204111 22
204202 28
204211 22
204216 7
204217 28
204231 18
204321 0
204325 13
204335 7
204341 7
204361 37
204363 37
204365 28
204381 31
204383 34
204432 22
204442 10
204451 25
204453 22
204471 19
204721 4
204725 22
204735 7
204764 22
204891 22
205100 0
205103 7
205104 22
205105 18
205235 25
205239 28
205275 27
205303 19
205337 0
205355 37
205393 40
205441 22
205461 7
205765 37
205805 22
206100 17
206101 22
206103 15
206107 31
206108 3
206111 32
206113 4
206161 30
206171 15
206181 18
206191 31
206203 7
206207 10
206211 41
206216 13
206217 12
206254 28
206261 11
206267 16
206281 16
206300 31
206321 37
206324 3
206325 30
206327 7
206328 10
206331 0
206335 37
206336 25
206341 22
206355 13
206362 0
206370 19
206381 31
206412 37
206432 19
206436 9
206437 7
206441 4
206457 34
206470 7
206705 7
206707 4
206713 22
206717 7
206720 7
206726 4
206738 7
206739 22
206743 7
206753 7
206785 22
207100 25
207103 22
207105 27
207106 4
207107 37
207109 37
207110 28
207115 12
207117 22
207123 27
207131 15
207135 7
207171 33
207173 4
207183 22
207187 36
207203 13
207205 25
207208 4
207213 34
207308 28
207310 16
207313 41
207323 27
207348 18
207401 19
207403 7
207406 22
207419 4
207422 7
207455 37
207458 7
207463 7
207701 37
207703 4
207705 7
207711 22
207808 22
208101 26
208140 28
208150 22
208263 28
208270 16
208271 27
208280 6
208321 4
208329 0
208343 22
208348 16
208383 4
208425 19
208439 22
208440 7
208469 7
208711 37
208760 4
208761 7
208770 22
208871 7
208872 22
209201 31
209251 3
209301 13
209302 22
209303 28
209331 7
209351 10
209358 34
209361 4
209368 7
209375 31
209451 31
209453 4
209461 22
209463 7
209483 22
209485 7
209705 10
209707 37
209771 22
209773 28
209779 7
209785 4
210201 37
210202 3
210204 10
210343 7
210351 10
210383 22
210425 7
210433 4
210434 34
210445 7
210485 7
210703 37
210704 4
210705 7
210707 22
210731 22
211100 3
211311 34
211315 37
211319 3
211440 4
211443 7
211702 22
211889 7
212701 37
212703 7
212711 22
212741 4
213706 22
213707 7
213711 22
213714 4
214100 28
214261 4
214312 28
214341 19
214381 22
214401 22
214411 10
214414 13
214415 0
214430 25
214445 37
215205 33
215206 31
215207 40
215208 31
215302 0
215381 40
215411 25
215431 34
215734 7
215744 4
215752 22
215762 4
215782 37
215785 7
216781 4
217701 4
217703 7
217707 22
217726 7
217775 22
217781 22
218100 19
218101 41
218233 31
218235 28
218321 16
218323 37
218351 19
218471 10
218474 7
218475 22
219720 22
219731 4
220703 22
226701 22
226702 22
226709 22
226710 7
229123 37
229323 28
251211 24
251213 3
251216 4
251261 37
251281 16
251312 28
251313 4
251333 4
251361 41
251363 31
251371 37
251372 22
251374 22
251384 16
251411 7
251437 7
251438 16
251439 22
251461 10
251475 28
251479 7
251701 10
251702 37
251703 22
251711 10
251714 37
251715 4
251717 7
251718 10
251745 4
251751 37
251752 4
251757 7
251758 10
251776 10
251783 37
251785 4
251790 22
252201 39
252211 21
252232 33
252282 33
252283 28
252285 28
252286 21
252301 27
252302 19
252317 28
252320 12
252322 36
252325 30
252327 22
252330 0
252342 31
252363 10
252420 34
252421 4
252425 31
252427 10
252439 37
252444 15
252450 37
252460 34
252498 7
252702 37
252708 37
252711 7
252719 37
252724 7
252725 4
252752 4
252785 4
252789 10
252791 22
253303 25
253314 0
253315 27
253432 28
253455 7
253456 22
253481 10
253701 4
253717 7
253722 22
253732 37
253734 7
253736 10
253747 4
253748 10
253752 22
253754 37
254181 34
254205 31
254206 37
254211 0
254215 7
254216 3
254222 10
254231 39
254232 12
254252 13
254282 7
254302 41
254325 16
254333 36
254372 28
254373 7
254421 22
254426 22
254436 36
254439 31
254441 37
254451 13
254456 28
254457 4
254459 10
254461 7
254471 25
254473 22
254494 19
254496 25
254700 7
254702 10
254703 22
254710 4
254734 22
254770 10
254804 37
254872 4
254875 37
255201 16
255215 3
255251 7
255290 13
255300 36
255320 14
255321 30
255330 8
255359 21
255415 37
255417 28
255420 13
255422 7
255424 28
255431 10
255432 22
255434 25
255438 7
255449 22
255454 7
255455 7
255460 37
255462 28
255471 28
255492 4
255722 4
255734 7
255750 10
255752 37
255758 22
255764 22
255766 37
255770 7
255771 4
255772-001 37
255772-801 7
255772-803 37
255772-804 22
256100 12
256212 28
256271 7
256281 16
256316 22
256333 28
256373 4
256384 10
256412 7
256418 7
256441 22
256457 31
256462 19
256473 7
256700 7
256751 22
259103 15
259104 35
259106 41
259107 37
259108 25
259109 5
259201 34
259203 3
260312 22
260701 28
260705 7
260709 22
260716 10
260718 4
260772 37
261103 4
261111 34
261200 40
261210 15
261212 13
261216 7
261217 37
261304 15
261305 18
261335 27
261336 18
261342 31
261343 3
261361 31
261405 10
261434 4
261447 7
261456 37
261457 34
261458 13
261469 7
261473 22
261497 7
261701 37
261702 4
261706 7
261739 22
261746 4
261754 22
261769 22
261781 22
261791 7
261792 22
263701 4
263702 7
263720 37
263760 22
263771 37
264701 10
264706 37
264710 7
264741 4
264789 7
264791 22
266702 22
268721 22
269101 4
269102 7
269111 10
269200 22
269201 25
269202 13
269340 21
269430 7
269462 37
269470 10
269494 37
270701 7
270702 22
270711 4
270712 7
270791 4
301254 40
305202 10
311352 6
318322 37
318351 4
320351 25
321251 7
324703 22
328310 22
328313 10
330110 15
330111 39
351100 6
351200 22
351201 22
351202 24
351301 13
351302 4
351321 7
351331 31
351410 22
351425 22
351441 19
351442 34
351451 10
351463 37
351466 7
352103 28
352301 7
352311 22
352321 10
352323 16
352421 22
352422 37
352431 34
353301 28
353311 13
353421 22
353431 22
353451 16
353452 28
354311 7
356100 40
356101 40
356102 4
356202 7
356210 36
356212 22
356261 28
356303 16
356304 31
356312 31
356361 22
356411 10
356416 25
356432 40
356477 7
357110 28
357210 21
357322 31
357325 28
357360 13
357417 34
357441 22
357491 28
359202 5
359203 31
359204 13
359206 7
359301 40
359311 10
359380 7
359405 34
359409 31
359410 13
359413 22
359421 28
359465 31
360100 25
360210 22
360301 16
360304 34
360402 22
360403 22
360423 28
360460 37
361210 25
361211 31
361301 28
361321 10
361351 22
361453 22
361471 22
362211 0
363210 33
365201 4
365211 22
365321 10
365421 7
365427 4
365428 28
365431 37
368200 13
368317 31
368431 22
400110 20
400211 40
401382 37
403382 22
406385 28
406395 10
409281 19
409292 31
411281 34
411291 28
415291 10
420281 37
421281 4
421291 22
421385 19
421395 40
423382 31
428382 34
461100 16
461170 25
461471 34
461511 4
461523 22
461526 7
461527 31
461529 37
462130 13
462151 28
462505 4
462523 22
462541 31
462586 7
462587 31
462588 7
463251 28
463311 7
463331 22
463341 27
463353 34
463402 22
463433 34
463455 10
463491 18
463503 28
463504 34
463545 10
463556 22
463558 28
464301 37
464311 4
464341 10
464401 4
464413 28
464441 7
464443 37
464444 31
464445 31
464501 10
464502 4
464503 37
464508 7
464509 7
464510 7
464541 4
464542 22
464546 7
464549 30
501301 22
501302 28
502211 28
504302 4
506303 10
506361 28
508203 33
508303 7
510201 13
510202 37
510411 4
510414 7
510415 10
510417 37
512303 37
513111 21
513114 36
513223 7
513224 22
513283 31
513315 7
513324 31
513328 28
513363 37
513371 4
513412 10
513429 37
513445 4
513451 7
513471 22
514211 22
514241 31
514317 22
514323 10
514335 31
514341 37
514343 13
514381 4
514383 34
514395 7
514397 28
514466 22
515201 31
515250 13
515307 31
515312 4
515334 34
515361 22
515364 10
515376 13
515403 4
515455 7
515490 22
551311 22
552216 28
552217 31
552222 28
553312 4
554314 7
555313 31
556311 28
558431 22
561312 22
562211 31
571115 25
601201 37
601302 10
601321 22
601341 12
601344 19
601351 25
601422 31
601452 7
601456 10
601462 7
601702 37
601731 4
601742 22
601758 22
601765 37
601767 7
602100 22
602102 19
602103 7
602111 22
602211 31
602315 25
602321 18
602322 34
602431 37
602432 22
602441 10
602464 34
602731 22
602753 7
602761 7
603211 30
603322 34
603332 10
603352 16
603371 22
603421 13
603441 22
603711 4
603723 7
603731 22
604304 22
604305 13
604312 22
604313 37
604351 28
604352 34
604412 28
604414 37
604416 4
604422 22
604451 31
604715 7
605201 22
605204 28
605301 33
605313 28
605314 31
605321 9
605322 22
605341 18
605412 19
605432 37
605444 22
605445 10
605461 7
605701 7
605702 22
605717 22
605741 4
605745 7
605751 7
606231 7
606242 40
606244 28
606263 13
606343 37
606362 7
606363 28
610114 31
651105 0
651109 28
651120 37
651210 31
651311 37
651312 4
651315 22
651316 7
701101 25
701181 18
701182 10
701183 3
701201 22
701211 30
701281 12
701295 31
701313 10
701321 16
701331 27
701341 10
701342 18
701344 13
701407 4
701425 37
701455 22
701494 28
702100 28
702101 19
702205 22
702211 36
702213 25
702312 37
702316 37
702317 13
702318 34
702341 22
702351 10
702411 4
702416 28
702431 22
703103 33
703202 29
703243 30
703244 13
703305 34
703308 18
703309 37
703310 22
703311 10
703322 33
703323 7
703324 7
703330 22
703331 25
703391 28
703404 28
703412 37
703447 7
703454 4
703498 22
705191 25
705211 31
705311 13
705328 36
705329 10
705331 7
705342 28
705351 10
705437 4
705438 7
705440 22
705441 6
705442 41
705444 33
705446 25
705447 7
705461 19
705493 22
751100 10
751101 23
751102 30
751106 19
751202 24
751209 30
751301 39
751302 40
751303 25
751305 34
751308 11
751309 10
751321 7
751326 4
751327 37
751330 37
751345 25
751401 0
751403 4
751405 15
751408 4
751417 16
751419 22
751425 10
751428 13
751441 7
751443 16
751447 7
751451 25
751701 10
751702 37
751703 28
751704 7
751705 34
751706 10
751708 37
751710 28
751712 22
751716 7
751718 4
751726 22
751734 34
751742 7
751743 4
801100 37
801201 7
801225 28
801235 34
801324 13
801331 7
801333 37
801334 22
801336 34
801421 28
801471 13
801481 31
803121 10
803123 7
803231 22
803331 28
851100 40
851104 28
851105 31
851108 22
851200 18
851201 10
851202 22
851204 40
851205 0
851243 41
851251 37
851262 12
851273 24
851305 25
851309 9
851313 15
851343 4
851344 28
851345 19
851360 10
851362 7
851367 3
851372 21
851375 31
851400 27
851404 34
851406 41
851407 22
851462 37
852101 28
852102 37
852103 7
951100 25
951102 22
951106 37
951125 33
951203 7
951302 19
951323 28
951331 13
951344 28
951348 13
951352 22
951497-020 31
951497-021 37
953103 22
953111 21
953211 7
953212 22
953233 13
953261 31
953321 7
953322 34
953331 19
953361 7
953421 10
953494 37
954100 13
954140 22
954143 6
954170 37
954246 31
954326 37
954370 10
954374 31
954410 37
954413 28
954416 7
954426 25
954443 7
954449 19
954462 4
954471 13
954477 34
954491 22
954498 31
955102 0
955103 31
955104 4
958111 10
