001101 2
001102 1
001111 25
001113 4
001201 1
001202 34
001210 4
001230 37
001231 41
001250 6
001281 0
001291 4
001293 25
001310 4
001311 28
001312 37
001318 25
001320 4
001321 27
001323 10
001330 40
001342 25
001353 4
001354 28
001361 4
001362 13
001381 6
001410 31
001425 10
001443 10
001444 13
001445 10
002101 25
002110 4
002191 3
002201 12
002211 36
002221 31
002250 10
002301 37
002333 25
002365 19
003101 31
003191 25
003201 37
003414 25
003421 10
003436 31
004282 10
004301 37
004303 19
004324 31
004432 25
004473 13
004475 19
004483 31
006103 26
006126 13
006206 31
006226 40
006241 18
006242 37
006253 10
006303 25
006331 37
006346 10
006448 4
008214 31
008303 10
008314 4
008411 13
008417 4
009103 38
009105 4
009212 34
009230 18
009231 3
009326 10
009328 31
011100 14
011152 7
011153 41
011251 32
011257 25
011259 19
011269 29
011276 13
011353 25
011356 4
011362 40
011363 19
011374 37
011461 19
011464 4
011479 31
012100 37
012173 16
012200 12
012273 37
012371 25
013103 25
013110 4
013203 34
013204 9
013207 31
013209 31
013302 7
013306 13
013307 25
013317 19
013326 4
013329 10
013330 31
013413 4
013420 31
013433 10
014210 25
014211 13
014270 34
014310 31
014322 31
014323 31
014370 37
014371 31
014381 37
014401 13
014481 4
015101 19
016101 37
016102 25
017101 10
017102 10
017111 31
017210 31
018103 37
018111 7
018113 7
018125 6
018203 10
018211 25
018213 37
018231 34
018235 16
018271 12
018321 10
018351 19
019101 28
019102 37
019103 10
019105 4
019106 4
019108 31
019111 4
019203 19
019205 19
019211 31
019221 13
019303 28
019311 37
019331 19
019361 10
019371 25
019381 13
019471 37
020101 34
020102 25
020211 19
020231 25
020341 31
020362 31
021101 34
021102 25
021203 4
025108 31
025110 31
025310 19
025480 4
026101 17
026102 25
026111 25
029701 31
029711 4
050100 16
050103 17
050104 0
050106 35
050111 0
051300 25
051306 25
051313 19
051412 0
051418 10
051421 19
052202 33
052314 25
052350 10
052352 4
052357 34
052421 28
055701 4
055704 4
055771 4
057121 22
057122 19
057123 14
057125 26
057126 29
057127 13
057128 23
057129 39
057130 39
057131 22
057132 6
057133 29
057134 40
057135 6
057136 16
057137 25
057201 16
057213 37
057215 25
057284 10
057285 19
057288 4
057293 37
057294 37
057296 31
057300 34
057305 37
057403 13
057405 4
057410 31
057420 19
057425 4
057426 31
057428 10
057450 13
059419 25
061106 9
061201 19
061223 10
061306 13
061309 25
061312 37
061317 4
061403 28
062200 4
062320 16
062341 37
062342 7
062343 7
062344 10
062346 28
062360 37
062380 13
062411 28
062452 13
062460 37
062499 25
063710 31
064201 19
064206 37
064207 25
064271 4
064272 37
064281 37
064301 41
064410 0
064423 19
064424 10
065210 25
065212 10
065310 13
065320 31
065332 10
065436 4
065799 4
066221 25
066323 13
066410 40
066414 31
066425 25
067202 37
067303 0
067311 37
067372 25
067373 34
067432 37
070100 24
070201 25
070301 19
070303 25
070304 4
070308 4
070400 31
070401 25
070404 10
070413 13
070414 40
070415 37
070416 31
070711 10
070720 13
070721 31
070727 31
070731 4
070740 4
071411 31
071412 4
071413 10
071415 10
071416 28
071419 37
071420 4
071423 13
071425 31
071426 4
071724 4
074100 16
074101 31
074414 37
076312 40
076314 10
076414 4
076427 4
076428 25
076429 16
076444 37
076466 37
077422 31
078444 28
078454 37
099101 37
099102 15
100102 25
100103 16
100104 12
100105 40
100106 0
100107 21
100108 25
100205 3
100206 23
100207 31
100208 10
100209 8
100306 7
100307 26
100308 16
100309 19
100310 40
100501 37
101100 28
101105 31
101201 34
101211 37
101400 19
101405 10
103191 31
103271 37
104200 40
104201 12
104300 19
104301 16
104325 31
104340 31
104410 4
104495 31
105304 37
109100 21
109115 22
112101 25
112102 25
112103 10
112108 19
112110 25
112201 37
112203 19
112213 25
112300 31
112314 37
112411 25
115200 37
115300 25
115301 10
115302 13
126101 22
126321 16
126330 10
126428 37
126443 19
127100 39
127101 36
127203 16
127206 25
127207 34
127303 25
127312 19
127314 19
127315 13
127316 31
127320 10
127326 10
127329 13
127413 4
127711 10
127717 13
127718 31
127719 4
128100 7
128101 4
128202 15
128203 3
128204 9
128307 4
128309 10
128352 19
128354 25
128403 31
128701 4
128710 10
128730 13
128734 31
128740 31
128762 4
140103 33
152321 10
154104 4
154141 19
154151 21
154231 16
154262 25
154281 19
154311 16
154330 19
154352 31
154371 4
154384 34
154388 10
154443 4
154455 31
154482 4
154488 10
159100 13
159101 14
159151 39
159203 34
159221 25
159301 10
159351 13
159356 31
159403 10
159411 16
159412 4
159431 25
159454 31
164200 40
164341 31
168101 19
168313 4
176100 31
176101 28
176220 18
177103 4
177214 25
177216 37
177242 19
177283 10
177285 16
177321 37
177330 19
177336 34
177341 4
177361 16
177393 37
177404 25
177425 19
177426 10
177427 7
177434 13
177446 4
177447 40
177450 31
177464 10
177465 25
177467 31
177481 4
201100 19
201110 32
201114 10
201115 19
201116 37
201117 16
202100 13
202101 9
202141 16
202143 0
202145 21
202184 31
202231 27
202260 37
202321 7
202334 10
202342 31
202353 37
202361 13
202434 31
202473 25
202495 10
202742 31
202764 31
202765 13
202773 31
202782 31
202833 4
202848 13
202873 31
203100 40
203103 31
203111 34
203116 25
203151 34
203162 17
203201 37
203203 10
203204 25
203206 34
203207 15
203208 37
203209 20
203222 34
203226 3
203231 19
203235 33
203236 25
203255 40
203315 37
203331 37
203351 16
203352 12
203475 37
203714 13
203716 31
203722 10
203732 4
203736 13
203739 31
203743 13
203753 4
203821 19
203828 4
203879 31
204100 31
204101 10
204111 25
204202 19
204219 31
204231 13
204251 21
204321 31
204325 13
204341 10
204361 25
204363 4
204365 4
204381 31
204383 19
204432 4
204435 31
204451 37
204453 19
204471 31
204712 4
204721 13
204732 31
204735 10
205100 9
205103 18
205104 10
205105 22
205235 25
205239 34
205275 37
205303 37
205337 25
205355 10
205393 19
205712 13
205735 31
205783 4
206100 10
206101 41
206103 27
206107 37
206111 41
206113 25
206161 40
206171 40
206181 40
206191 10
206203 36
206211 34
206216 25
206217 19
206261 40
206267 34
206281 33
206300 28
206321 31
206324 4
206325 40
206327 37
206331 25
206335 7
206336 10
206341 31
206355 19
206362 16
206370 4
206381 19
206436 31
206437 25
206441 37
206717 31
206720 13
206721 31
206730 4
206736 4
206753 4
207100 6
207103 37
207105 0
207107 10
207109 37
207110 19
207115 4
207117 24
207123 6
207131 0
207135 13
207171 36
207173 37
207183 25
207187 36
207203 25
207205 25
207208 4
207213 37
207308 40
207310 10
207313 37
207323 31
207348 31
207401 25
207406 31
207701 10
207703 13
207705 31
207711 4
207741 4
208101 34
208140 37
208263 19
208270 3
208271 3
208272 31
208280 34
208321 37
208329 19
208343 4
208348 25
208425 10
208737 4
209201 31
209251 19
209301 10
209302 25
209303 19
209331 13
209351 4
209358 34
209361 40
209368 16
209375 4
210201 16
210202 12
210204 10
210343 25
210351 19
210383 40
210425 31
210434 16
210703 10
210704 13
210707 31
210731 4
210733 4
210743 4
211100 11
211311 25
211315 10
211319 21
211413 16
211440 37
211442 25
211495 19
211702 13
211889 31
213706 13
213707 4
213714 31
214261 10
214312 4
214341 25
214381 19
214414 13
214415 31
214421 13
215205 6
215206 12
215207 30
215208 6
215423 25
215424 19
215431 4
215475 10
215476 13
215485 31
215486 4
215734 31
215744 13
215752 4
215762 31
215785 31
217701 13
217703 31
217707 4
217734 31
217751 4
217775 31
218100 9
218101 25
218233 19
218235 37
218321 10
218323 25
218351 19
219761 31
219789 4
220703 4
226701 10
226702 13
226704 31
226711 31
226801 4
251101 19
251211 7
251213 37
251261 0
251281 12
251312 4
251313 19
251363 13
251374 10
251384 31
251419 4
251437 31
251438 31
251439 4
251451 19
251475 10
251701 10
251702 13
251703 4
251711 31
251715 4
251745 31
251751 19
251752 10
251757 13
251758 31
251776 19
251783 10
251784 13
251785 31
251790 4
252201 21
252211 19
252232 6
252282 24
252283 3
252285 18
252286 24
252301 19
252302 31
252317 12
252322 37
252325 0
252327 9
252330 10
252342 25
252363 34
252420 4
252421 25
252427 31
252444 31
252498 10
252702 10
252726 31
252746 13
252747 31
252791 4
253303 31
253314 10
253315 4
253455 31
253481 13
253701 4
253715 25
253717 19
253731 37
253732 25
253735 10
253736 31
253748 37
253754 13
254181 10
254205 9
254206 3
254211 37
254215 21
254216 0
254222 34
254231 28
254232 4
254252 6
254282 13
254302 31
254325 36
254333 12
254372 19
254373 31
254421 4
254426 4
254435 19
254436 4
254439 13
254442 31
254444 4
254451 31
254456 10
254459 10
254461 28
254471 40
254473 31
254700 4
254702 19
254703 31
254710 13
254711 10
254734 4
254736 19
254770 19
254804 10
254873 10
254875 13
255201 19
255215 28
255251 9
255290 12
255300 4
255320 19
255321 31
255330 21
255359 10
255415 10
255431 25
255432 31
255434 4
255454 31
255455 4
255492 13
255722 10
255734 13
255738 31
255750 4
255764 4
255770 13
255771 31
255772 4
255786 10
255811 31
255820 4
256100 25
256212 13
256281 37
256316 16
256333 10
256373 31
256418 4
256441 31
259103 14
259104 9
259106 21
259107 35
259108 30
259109 26
259201 32
259203 34
260402 10
260413 31
260701 4
260702 19
260705 10
260709 13
260716 10
260718 13
260772 31
261103 16
261111 37
261200 10
261210 16
261212 13
261216 4
261217 31
261304 0
261305 37
261335 34
261336 37
261342 10
261343 31
261361 9
261405 4
261434 31
261447 37
261458 13
261461 19
261469 25
261701 31
261702 4
261706 13
261739 10
261752 13
261754 4
261769 10
261791 31
261895 31
263701 13
263702 4
263720 19
263746 10
263760 31
263770 31
263771 19
264701 19
264703 10
264706 13
264710 13
264733 31
264791 4
266702 4
268721 31
269101 4
269102 31
269111 4
269200 16
269201 25
269202 4
269340 4
269430 7
269452 4
269462 31
269470 10
269493 31
301254 19
305202 16
311352 22
318322 25
318351 37
320351 40
321251 13
324703 4
328310 31
328313 10
330110 33
330111 15
351100 19
351200 23
351201 30
351301 10
351321 37
351331 4
351441 25
351442 31
351451 10
351466 4
351489 19
352103 18
352301 10
352311 25
352321 19
352323 37
352422 31
353210 31
353301 4
353311 25
353418 31
353421 4
353431 7
353451 10
354311 37
356100 28
356101 41
356102 10
356202 10
356210 3
356212 37
356261 4
356303 25
356304 19
356411 37
356416 10
357101 28
357110 10
357210 27
357322 25
357325 10
357417 13
357441 4
357491 10
359202 25
359203 10
359204 19
359210 37
359311 31
359409 31
359421 16
359465 4
360100 16
360400 10
360403 13
360423 31
360460 4
361210 15
361214 40
361301 10
361351 19
361442 4
361453 16
361461 25
361471 37
362211 37
363210 37
365321 10
365322 13
365324 31
365421 37
368200 16
400110 25
401382 7
403382 25
406385 31
406395 28
409281 28
409292 37
411281 10
411291 31
415291 40
420281 4
421281 25
421291 7
421385 10
421395 13
423382 4
428382 19
461100 40
461435 10
461472 10
461514 31
461523 13
462130 13
462151 19
462405 31
462409 4
462445 4
462541 13
462543 31
462584 4
463251 34
463311 37
463331 19
463341 13
463353 4
463402 13
463433 7
463455 4
463491 19
463503 25
463513 13
463545 4
463556 19
463571 31
464301 31
464311 10
464341 25
464401 40
464413 10
464441 31
464443 25
464444 19
464445 28
464502 10
501301 10
501302 13
504302 25
506303 31
506361 31
508203 25
508303 19
510201 34
510202 6
512303 4
513111 18
513114 41
513223 10
513224 37
513283 19
513315 19
513324 37
513328 25
513363 13
513371 4
513411 10
513429 13
513445 31
513471 4
514211 10
514241 25
514317 4
514323 19
514341 31
514343 10
514381 19
514383 13
514451 13
515201 34
515250 10
515306 19
515310 31
515334 4
515361 10
515364 13
515370 31
515373 4
518770 4
551312 25
552216 37
552217 25
552222 25
553311 19
554312 10
556412 13
561313 31
561314 4
562101 19
562211 37
601201 4
601302 16
601341 16
601344 10
601351 19
601422 37
601452 31
601456 4
601731 13
601758 31
601765 10
601842 4
602100 31
602102 22
602103 13
602111 4
602211 37
602315 37
602321 40
602322 25
602431 19
602432 16
602441 37
602464 10
602731 31
602761 4
603211 30
603321 40
603322 25
603351 37
603421 13
603441 31
603471 4
603496 19
603711 13
603723 31
603731 4
604304 31
604305 4
604312 7
604313 13
604351 37
604352 4
604451 4
604711 31
604715 4
605201 37
605204 10
605301 13
605313 4
605314 31
605321 37
605322 31
605701 10
605713 13
605741 31
605745 4
605751 4
606231 4
606242 25
606244 25
606263 37
606310 31
606343 4
610114 28
651104 4
651105 24
651109 19
651120 12
651210 25
651311 10
651312 13
651315 31
651316 4
701100 13
701101 25
701104 31
701181 25
701183 30
701201 31
701205 19
701211 36
701243 37
701281 15
701313 40
701321 16
701331 37
701341 4
701344 19
702100 10
702101 4
702205 40
702211 34
702213 9
702312 33
702316 37
702317 25
702341 10
702351 31
703103 22
703109 25
703202 17
703243 13
703244 34
703305 31
703308 28
703309 37
703310 19
703322 13
703323 4
703330 25
703331 13
703391 4
703404 25
703412 19
703447 10
703454 4
703498 13
705191 7
705211 16
705311 37
705329 40
705331 10
705332 25
705342 13
705351 25
705431 19
705438 16
705440 10
705441 31
705442 19
705444 31
705461 25
705493 4
705499 31
751100 7
751101 12
751102 14
751106 18
751202 34
751209 37
751301 41
751302 22
751303 31
751304 37
751305 31
751308 8
751309 13
751321 13
751326 25
751330 33
751345 13
751401 10
751403 13
751405 34
751408 4
751417 4
751418 28
751419 10
751422 25
751428 34
751440 31
751441 25
751443 10
751447 10
751451 19
751701 31
751702 4
751703 13
751704 25
751705 10
751706 13
751708 25
751712 4
751716 19
751724 31
751725 10
751726 31
751727 19
751729 19
751734 10
751744 13
751752 4
801100 25
801201 19
801225 10
801235 25
801321 4
801331 40
801333 37
801336 10
801421 4
801471 13
801481 31
803121 31
803123 4
803231 25
851100 28
851104 34
851105 4
851108 10
851200 13
851201 26
851202 33
851204 40
851205 9
851273 30
851305 23
851309 21
851313 4
851343 16
851344 31
851345 28
851360 10
851362 10
851367 31
851372 4
851375 10
851400 0
851404 37
851406 7
851407 25
951100 10
951101 33
951102 31
951125 3
951203 16
951302 25
951323 16
951331 37
951344 31
951348 13
951352 4
951497 19
953103 19
953111 34
953211 37
953212 40
953233 19
953261 10
953321 31
953322 10
953331 25
953361 37
953421 4
953494 10
954100 37
954140 34
954141 19
954245 4
954246 24
954260 31
954270 10
954311 37
954312 25
954320 7
954323 10
954343 10
954370 4
954374 31
954412 4
954413 7
954462 4
954471 10
954491 25
954498 31
