001101 1
001102 28
001111 25
001113 16
001201 1
001202 25
001210 3
001230 6
001231 22
001250 28
001281 19
001291 31
001293 37
001310 37
001311 25
001312 13
001318 13
001320 31
001321 4
001323 4
001330 31
001342 4
001353 22
001354 28
001361 10
001362 4
001381 4
001410 25
001425 25
001443 31
001444 10
001445 31
002101 37
002110 40
002191 4
002201 31
002211 22
002221 40
002250 13
002301 37
002333 4
002365 25
003101 16
003191 22
003201 22
003414 4
003421 31
003436 25
004282 4
004301 9
004303 34
004324 19
004432 31
004473 37
004475 34
004483 0
006103 6
006126 13
006206 7
006226 37
006241 25
006242 4
006253 34
006303 31
006331 4
006346 4
006448 31
008214 16
008303 25
008314 4
008411 34
008417 25
009103 22
009105 37
009212 16
009230 40
009231 16
009326 31
009328 25
011100 31
011152 16
011153 31
011251 2
011257 23
011259 25
011269 21
011276 34
011353 40
011356 37
011362 10
011363 37
011374 7
011461 31
011464 4
011479 31
012100 13
012173 24
012200 37
012273 34
012371 4
013103 11
013110 16
013203 31
013204 10
013207 13
013209 31
013302 7
013306 13
013307 37
013317 34
013326 31
013329 25
013330 4
013413 31
013420 13
013433 31
014210 37
014211 37
014270 37
014310 33
014322 7
014323 19
014370 28
014371 31
014381 25
014401 13
014481 37
015101 10
016101 4
016102 25
017101 40
017102 37
017111 4
017210 25
018103 16
018111 18
018113 7
018125 19
018203 10
018211 0
018213 37
018231 25
018235 13
018271 4
018321 10
018351 4
019101 3
019102 31
019103 10
019105 41
019106 31
019108 40
019111 37
019203 34
019205 37
019211 28
019221 37
019303 34
019311 7
019331 10
019361 4
019371 22
019381 25
019471 13
020101 24
020102 16
020211 25
020231 41
020341 31
020362 28
021101 25
021102 34
021203 31
025108 6
025110 7
025310 7
025480 37
026101 6
026102 13
026111 31
029701 31
029711 25
050100 4
050103 18
050104 10
050106 23
050111 7
051300 31
051306 4
051313 25
051412 4
051418 34
051421 37
052202 10
052314 40
052350 13
052352 7
052357 4
052421 10
055701 25
055704 25
055771 25
057121 36
057122 39
057123 27
057125 41
057126 33
057127 41
057128 12
057129 15
057130 32
057131 12
057132 18
057133 10
057134 30
057135 9
057136 19
057137 25
057201 7
057213 19
057215 34
057284 37
057285 4
057288 10
057293 22
057294 37
057296 7
057300 19
057305 18
057403 34
057405 37
057410 4
057420 31
057425 7
057426 25
057428 13
057450 13
059419 37
061106 41
061201 4
061223 15
061306 9
061309 41
061312 37
061317 22
061403 6
062200 40
062320 10
062341 4
062342 13
062343 34
062344 40
062346 7
062360 10
062380 37
062411 7
062452 10
062460 37
062499 31
063710 31
064201 37
064206 37
064207 31
064271 16
064272 34
064281 37
064301 28
064410 13
064423 7
064424 36
065210 4
065212 13
065310 13
065320 37
065332 4
065436 25
065799 25
066221 37
066323 40
066410 37
066414 25
066425 31
067202 37
067303 7
067311 37
067372 37
067373 4
067432 4
070100 4
070201 37
070301 7
070303 4
070304 25
070308 31
070400 25
070401 13
070404 13
070413 37
070414 31
070415 4
070416 4
070711 37
070720 4
070721 31
070727 31
070731 25
070740 25
071411 34
071412 25
071413 16
071415 34
071416 3
071419 37
071420 25
071423 13
071425 4
071426 7
071724 25
074100 3
074101 21
074414 37
076312 16
076314 25
076414 40
076427 31
076428 0
076429 13
076444 34
076466 7
077422 34
078444 3
078454 22
099101 25
099102 9
100102 30
100103 6
100104 10
100105 28
100106 34
100107 7
100108 32
100205 30
100206 24
100207 15
100208 21
100209 19
100306 33
100307 30
100308 25
100309 27
100310 40
100501 37
101100 37
101105 37
101201 7
101211 10
101400 4
101405 37
103191 37
103271 22
104200 25
104201 4
104300 4
104301 40
104325 25
104340 25
104410 13
104495 37
105304 37
109100 9
109115 17
112101 40
112102 40
112103 7
112108 4
112110 4
112201 24
112203 40
112213 19
112300 25
112314 40
112411 13
115200 10
115300 25
115301 31
115302 31
126101 13
126321 37
126330 4
126428 31
126443 25
127100 21
127101 7
127203 22
127206 25
127207 7
127303 7
127312 15
127314 10
127315 25
127316 4
127320 31
127326 13
127329 37
127413 37
127711 37
127717 4
127718 31
127719 25
128100 38
128101 10
128202 4
128203 13
128204 37
128307 13
128309 37
128352 34
128354 25
128403 4
128701 25
128710 37
128730 4
128734 31
128740 31
128762 25
140103 40
152321 25
154104 16
154141 25
154151 7
154231 6
154262 34
154281 9
154311 10
154330 31
154352 13
154371 4
154384 25
154388 34
154443 31
154455 28
154482 4
154488 37
159100 40
159101 37
159151 24
159203 31
159221 37
159301 25
159351 4
159356 31
159403 10
159411 31
159412 31
159431 10
159454 37
164200 6
164341 37
168101 25
168313 31
176100 36
176101 16
176220 40
177103 4
177214 37
177216 22
177242 25
177283 7
177285 13
177321 13
177330 4
177336 31
177341 10
177361 25
177393 13
177404 7
177425 4
177426 10
177427 37
177434 37
177446 25
177447 34
177450 31
177464 4
177465 34
177467 19
177481 25
201100 25
201110 19
201114 13
201115 14
201116 35
201117 10
202100 40
202101 13
202141 32
202143 7
202145 40
202184 19
202231 40
202260 31
202321 25
202334 4
202342 9
202353 34
202361 13
202434 37
202473 7
202495 4
202742 31
202764 31
202765 4
202773 31
202782 31
202833 25
202848 4
202873 31
203100 34
203103 22
203111 7
203116 3
203151 4
203162 34
203201 7
203203 7
203204 37
203206 4
203207 24
203208 22
203209 7
203222 13
203226 17
203231 37
203235 31
203236 37
203255 3
203315 4
203331 4
203351 25
203352 19
203475 13
203714 31
203716 37
203722 4
203732 25
203736 4
203739 31
203743 4
203753 25
203821 37
203828 25
203879 10
204100 19
204101 13
204111 25
204202 31
204219 13
204231 7
204251 28
204321 13
204325 4
204341 22
204361 16
204363 37
204365 4
204381 25
204383 31
204432 25
204435 25
204451 25
204453 31
204471 13
204712 25
204721 4
204732 31
204735 37
205100 22
205103 27
205104 31
205105 7
205235 7
205239 19
205275 25
205303 10
205337 31
205355 13
205393 25
205712 4
205735 31
205783 25
206100 31
206101 29
206103 37
206107 25
206111 22
206113 7
206161 7
206171 25
206181 33
206191 4
206203 41
206211 22
206216 19
206217 34
206261 7
206267 4
206281 36
206300 7
206321 31
206324 31
206325 7
206327 15
206331 37
206335 13
206336 25
206341 31
206355 10
206362 30
206370 4
206381 25
206436 22
206437 37
206441 13
206717 31
206720 4
206721 31
206730 25
206736 25
206753 25
207100 24
207103 37
207105 19
207107 25
207109 31
207110 19
207115 16
207117 41
207123 19
207131 7
207135 7
207171 25
207173 31
207183 25
207187 25
207203 37
207205 37
207208 6
207213 27
207308 19
207310 25
207313 13
207323 31
207348 4
207401 37
207406 4
207701 37
207703 4
207705 31
207711 25
207741 25
208101 22
208140 4
208263 40
208270 25
208271 41
208272 25
208280 28
208321 7
208329 4
208343 4
208348 13
208425 7
208737 25
209201 28
209251 19
209301 37
209302 31
209303 25
209331 7
209351 34
209358 13
209361 7
209368 10
209375 10
210201 25
210202 10
210204 13
210343 7
210351 37
210383 25
210425 31
210434 4
210703 37
210704 4
210707 31
210731 25
210733 25
210743 25
211100 9
211311 13
211315 4
211319 22
211413 37
211440 4
211442 31
211495 25
211702 4
211889 31
213706 4
213707 25
213714 31
214261 37
214312 7
214341 37
214381 31
214414 25
214415 13
214421 4
215205 25
215206 19
215207 10
215208 19
215423 7
215424 10
215431 31
215475 37
215476 4
215485 31
215486 25
215734 31
215744 4
215752 25
215762 31
215785 31
217701 4
217703 31
217707 25
217734 31
217751 25
217775 31
218100 24
218101 28
218233 31
218235 4
218321 25
218323 4
218351 34
219761 31
219789 25
220703 25
226701 37
226702 4
226704 31
226711 31
226801 25
251101 34
251211 37
251213 34
251261 3
251281 24
251312 25
251313 10
251363 34
251374 37
251384 40
251419 4
251437 25
251438 40
251439 22
251451 37
251475 31
251701 37
251702 4
251703 25
251711 31
251715 25
251745 31
251751 10
251752 37
251757 4
251758 31
251776 10
251783 37
251784 4
251785 31
251790 25
252201 25
252211 31
252232 19
252282 16
252283 19
252285 16
252286 18
252301 7
252302 40
252317 40
252322 37
252325 4
252327 34
252330 13
252342 4
252363 10
252420 13
252421 25
252427 4
252444 25
252498 13
252702 37
252726 31
252746 4
252747 31
252791 25
253303 16
253314 25
253315 34
253455 13
253481 31
253701 25
253715 4
253717 13
253731 37
253732 4
253735 7
253736 31
253748 37
253754 10
254181 37
254205 0
254206 4
254211 10
254215 25
254216 25
254222 4
254231 32
254232 40
254252 40
254282 28
254302 7
254325 37
254333 10
254372 13
254373 31
254421 31
254426 22
254435 25
254436 31
254439 10
254442 31
254444 31
254451 4
254456 4
254459 4
254461 25
254471 28
254473 10
254700 25
254702 10
254703 4
254710 31
254711 37
254734 25
254736 10
254770 10
254804 37
254873 37
254875 31
255201 13
255215 31
255251 25
255290 4
255300 13
255320 22
255321 25
255330 40
255359 37
255415 4
255431 25
255432 31
255434 13
255454 25
255455 25
255492 4
255722 37
255734 4
255738 25
255750 31
255764 31
255770 4
255771 25
255772 31
255786 37
255811 31
255820 25
256100 4
256212 4
256281 22
256316 25
256333 4
256373 34
256418 31
256441 7
259103 28
259104 25
259106 4
259107 11
259108 21
259109 14
259201 20
259203 13
260402 4
260413 34
260701 25
260702 10
260705 37
260709 4
260716 37
260718 4
260772 31
261103 40
261111 10
261200 4
261210 13
261212 37
261216 25
261217 28
261304 22
261305 4
261335 40
261336 34
261342 10
261343 4
261361 22
261405 25
261434 7
261447 34
261458 31
261461 9
261469 40
261701 4
261702 31
261706 25
261739 37
261752 25
261754 31
261769 37
261791 4
261895 25
263701 4
263702 25
263720 37
263746 10
263760 31
263770 31
263771 37
264701 10
264703 37
264706 4
264710 4
264733 31
264791 25
266702 25
268721 25
269101 4
269102 37
269111 4
269200 10
269201 25
269202 31
269340 13
269430 40
269452 25
269462 4
269470 34
269493 4
301254 7
305202 10
311352 28
318322 37
318351 13
320351 40
321251 4
324703 25
328310 13
328313 25
330110 25
330111 7
351100 19
351200 37
351201 0
351301 19
351321 16
351331 37
351441 22
351442 13
351451 19
351466 37
351489 37
352103 31
352301 22
352311 37
352321 16
352323 19
352422 13
353210 37
353301 37
353311 31
353418 31
353421 25
353431 19
353451 16
354311 18
356100 34
356101 16
356102 30
356202 37
356210 10
356212 4
356261 13
356303 19
356304 7
356411 37
356416 22
357101 29
357110 37
357210 40
357322 15
357325 4
357417 4
357441 13
357491 37
359202 34
359203 37
359204 15
359210 16
359311 7
359409 22
359421 7
359465 13
360100 12
360400 37
360403 4
360423 31
360460 25
361210 15
361214 34
361301 13
361351 7
361442 25
361453 25
361461 37
361471 40
362211 27
363210 41
365321 13
365322 31
365324 25
365421 4
368200 31
400110 33
401382 16
403382 10
406385 31
406395 34
409281 34
409292 13
411281 37
411291 31
415291 40
420281 25
421281 10
421291 16
421385 37
421395 4
423382 25
428382 7
461100 5
461435 37
461472 37
461514 4
461523 25
462130 0
462151 7
462405 31
462409 25
462445 31
462541 4
462543 31
462584 25
463251 7
463311 37
463331 34
463341 7
463353 13
463402 31
463433 9
463455 4
463491 7
463503 10
463513 4
463545 31
463556 37
463571 25
464301 25
464311 31
464341 10
464401 28
464413 25
464441 13
464443 34
464444 7
464445 37
464502 4
501301 37
501302 4
504302 7
506303 31
506361 31
508203 18
508303 10
510201 13
510202 25
512303 25
513111 25
513114 7
513223 4
513224 31
513283 37
513315 37
513324 7
513328 10
513363 31
513371 4
513411 37
513429 4
513445 31
513471 25
514211 25
514241 37
514317 25
514323 4
514341 31
514343 10
514381 7
514383 37
514451 4
515201 15
515250 3
515306 10
515310 13
515334 4
515361 37
515364 4
515370 31
515373 25
518770 25
551312 7
552216 7
552217 16
552222 25
553311 10
554312 37
556412 4
561313 31
561314 25
562101 13
562211 25
601201 41
601302 28
601341 37
601344 4
601351 25
601422 31
601452 37
601456 10
601731 4
601758 31
601765 37
601842 25
602100 30
602102 37
602103 40
602111 25
602211 34
602315 7
602321 13
602322 37
602431 4
602432 25
602441 34
602464 13
602731 31
602761 25
603211 13
603321 13
603322 37
603351 25
603421 4
603441 31
603471 25
603496 4
603711 4
603723 31
603731 25
604304 31
604305 25
604312 13
604313 31
604351 40
604352 16
604451 25
604711 31
604715 25
605201 25
605204 37
605301 25
605313 7
605314 37
605321 19
605322 13
605701 37
605713 4
605741 31
605745 25
605751 25
606231 40
606242 19
606244 25
606263 22
606310 13
606343 7
610114 27
651104 37
651105 37
651109 25
651120 7
651210 31
651311 37
651312 4
651315 31
651316 25
701100 25
701101 10
701104 10
701181 25
701183 34
701201 19
701205 7
701211 10
701243 13
701281 10
701313 10
701321 7
701331 31
701341 4
701344 25
702100 7
702101 22
702205 4
702211 37
702213 40
702312 4
702316 4
702317 31
702341 25
702351 13
703103 13
703109 34
703202 6
703243 22
703244 34
703305 13
703308 10
703309 25
703310 31
703322 28
703323 7
703330 4
703331 4
703391 13
703404 25
703412 7
703447 4
703454 37
703498 31
705191 37
705211 15
705311 18
705329 37
705331 25
705332 31
705342 25
705351 13
705431 4
705438 4
705440 34
705441 10
705442 27
705444 16
705461 31
705493 7
705499 37
751100 10
751101 40
751102 3
751106 28
751202 34
751209 27
751301 4
751302 4
751303 10
751304 31
751305 27
751308 22
751309 36
751321 31
751326 10
751330 25
751345 31
751401 37
751403 13
751405 34
751408 4
751417 4
751418 10
751419 7
751422 37
751428 13
751440 25
751441 37
751443 31
751447 7
751451 31
751701 31
751702 25
751703 4
751704 37
751705 37
751706 4
751708 37
751712 25
751716 10
751724 31
751725 37
751726 31
751727 10
751729 10
751734 7
751744 4
751752 25
801100 20
801201 13
801225 37
801235 22
801321 31
801331 4
801333 10
801336 25
801421 31
801471 4
801481 25
803121 37
803123 7
803231 25
851100 37
851104 13
851105 10
851108 16
851200 34
851201 7
851202 36
851204 30
851205 28
851273 21
851305 33
851309 37
851313 7
851343 19
851344 31
851345 34
851360 28
851362 13
851367 4
851372 25
851375 4
851400 25
851404 40
851406 6
851407 25
951100 34
951101 7
951102 37
951125 4
951203 37
951302 25
951323 10
951331 4
951344 4
951348 31
951352 25
951497 31
953103 19
953111 31
953211 40
953212 4
953233 34
953261 25
953321 31
953322 25
953331 13
953361 13
953421 4
953494 25
954100 7
954140 5
954141 37
954245 37
954246 0
954260 4
954270 19
954311 22
954312 4
954320 7
954323 13
954343 10
954370 37
954374 34
954412 4
954413 7
954462 34
954471 13
954491 4
954498 37
