001101 1
001102 1
001112 36
001118 34
001201 1
001202 37
001210 29
001222 4
001223 7
001224 8
001225 4
001226 15
001227 5
001228 14
001229 39
001230 40
001231 21
001234 39
001250 16
001291 16
001292 37
001310 11
001311 24
001312 27
001314 10
001320 34
001321 40
001323 18
001330 19
001341 37
001342 21
001352 31
001355 24
001361 41
001362 40
001410 25
001423 16
001440 10
001445 34
001447 27
001471 28
001472 22
002102 37
002111 28
002191 16
002192 31
002202 25
002230 19
002260 34
002302 37
002311 15
002321 25
002331 41
002362 34
002402 10
002441 34
002471 25
002472 40
003101 13
003102 19
003191 24
003202 10
003332 28
003414 25
003421 37
003436 34
003454 10
004282 3
004465 31
004470 36
004472 19
004474 10
004476 28
006103 24
006126 16
006226 31
006241 15
006253 22
006307 36
006326 19
006330 13
006349 41
006443 24
006448 28
006454 37
006475 28
008214 19
008314 25
008326 28
008402 25
008411 28
009103 29
009213 37
009234 4
009236 9
009254 13
009301 31
009344 28
009355 10
009356 19
009358 22
009363 36
009446 16
011100 30
011101 34
011151 16
011154 30
011156 37
011157 9
011251 15
011268 28
011269 20
011276 16
011277 31
011278 40
011355 31
011367 37
011457 13
011479 19
012173 25
012174 31
012200 40
012374 33
012475 18
013103 18
013110 13
013203 19
013204 16
013207 28
013208 36
013209 28
013216 22
013217 40
013301 9
013303 31
013306 25
013321 34
013335 10
013337 16
013410 16
013413 34
013428 37
013431 28
013432 37
013433 25
014211 41
014270 37
014310 22
014311 34
014323 16
014370 10
014371 37
014383 28
014401 25
014422 21
014423 27
014471 19
014481 18
014483 37
015101 25
015102 16
016101 10
016102 28
017101 37
017102 25
017111 22
017231 10
018104 28
018112 0
018114 25
018126 19
018204 25
018271 19
018323 37
018352 19
018372 34
018467 28
018471 10
019101 15
019104 36
019105 13
019106 30
019112 40
019204 28
019205 22
019206 19
019212 22
019222 31
019332 25
019351 37
019362 10
019371 37
019373 28
019441 34
020101 33
020102 4
020212 4
020231 13
020232 28
020261 28
021101 0
021102 25
021203 28
021204 28
021270 16
024752 10
025110 34
025310 22
025481 34
026101 12
026102 16
026111 31
026112 40
026201 35
029732 16
030101 30
050100 40
050103 15
050104 19
050106 34
050112 10
050113 18
051302 16
051304 34
051306 37
051310 39
051313 19
051418 31
052203 16
052310 36
052314 37
052323 22
052331 16
052350 28
052351 28
052353 31
052355 16
052400 37
052417 22
052419 31
052422 22
052442 16
052447 34
052448 10
052449 10
053713 10
054821 10
055702 31
055734 22
055739 16
055757 10
057121 15
057122 32
057123 25
057125 12
057126 21
057127 23
057128 34
057129 41
057130 25
057131 24
057132 6
057133 9
057134 31
057135 9
057136 12
057137 31
057138 16
057139 27
057213 34
057283 34
057286 22
057287 19
057290 4
057295 13
057297 0
057298 37
057301 25
057302 10
057305 16
057316 10
057366 13
057401 31
057404 28
057407 22
057411 13
057413 13
057419 37
057427 34
057428 3
059405 37
059419 33
061103 31
061106 25
061201 22
061223 33
061224 13
061306 36
061307 10
061312 19
061313 16
061403 13
061405 28
062200 19
062210 22
062320 22
062343 28
062499 34
063201 31
064204 37
064231 19
064331 22
064411 16
064412 37
064421 28
064422 25
064423 10
064424 16
064430 16
064474 37
065120 34
065121 37
065211 13
065212 22
065311 10
065320 40
065333 19
065420 25
065435 28
065436 37
065437 28
065438 16
065797 10
066222 37
066324 16
066412 37
066414 28
067201 19
067203 22
067311 21
067371 31
067433 0
067435 24
067436 10
067491 37
070200 19
070201 28
070301 22
070303 22
070305 10
070401 34
070411 37
070413 15
070414 25
070416 37
070792 10
071411 28
071412 34
071414 37
071415 28
071416 6
071418 13
071419 10
071420 19
071423 10
071426 22
073721 10
074100 33
074101 41
074414 28
076425 37
076426 10
076427 28
076430 16
076444 31
076466 34
078444 24
078454 28
079220 28
099101 13
099102 6
099103 34
100104 28
100109 10
100110 31
100111 36
100112 9
100207 19
100220 25
100222 10
100228 28
100229 19
100230 34
100231 4
100233 25
100307 37
100308 41
100309 13
100310 25
100311 37
100312 34
100313 39
100314 30
100501 19
101201 22
101202 27
101205 37
101325 31
101405 28
101490 39
103271 11
104100 16
104302 22
104310 13
104320 19
104327 22
104334 28
104340 13
104435 28
104471 28
104490 19
109100 6
109114 40
112101 19
112105 7
112106 37
112109 28
112202 22
112205 22
112303 25
112321 34
112322 13
112406 34
112424 25
115301 37
115401 28
116301 13
116302 25
126101 36
126102 4
126212 31
126213 28
126214 19
126324 41
126326 37
126328 34
126330 33
126332 30
126400 7
126431 28
126436 16
126442 37
127100 25
127101 12
127202 10
127205 34
127313 21
127329 25
127330 28
127332 7
127333 13
127359 9
127411 40
127415 37
127416 16
127424 19
127433 28
127492 34
127493 28
127716 22
127720 16
127721 31
127727 10
128100 12
128101 21
128201 16
128304 36
128305 9
128306 30
128308 34
128310 28
128401 22
128423 21
128425 37
128427 10
128434 34
128443 36
128445 37
128451 31
128471 28
128481 25
128484 10
128700 16
128714 22
128727 10
128734 31
140101 16
140102 27
140103 0
140104 4
140105 3
152211 37
152301 28
152321 37
152331 28
154100 19
154104 12
154141 25
154152 19
154153 30
154173 34
154181 37
154251 28
154262 19
154276 16
154281 39
154301 19
154330 40
154431 7
154479 28
154492 10
159100 22
159101 22
159102 27
159151 40
159202 31
159204 4
159331 34
159351 28
159411 3
159434 37
160342 16
164261 22
164341 28
168100 34
168101 15
168410 13
176100 18
176101 16
176104 10
177103 13
177104 37
177113 28
177114 22
177141 4
177142 16
177181 7
177220 19
177222 23
177227 22
177228 37
177229 19
177300 10
177321 4
177332 40
177335 30
177336 34
177341 37
177361 13
177413 41
177420 27
177425 36
177429 33
177430 18
177431 28
177433 24
177441 19
177447 25
177460 31
177464 34
177465 34
177466 37
177470 21
177483 22
177491 28
177494 25
177495 10
179404 37
179406 10
179443 16
201100 25
201110 3
201114 28
201116 14
201117 4
201190 28
202100 37
202101 27
202102 27
202147 31
202231 22
202302 16
202303 28
202305 10
202311 28
202356 16
202362 25
202371 22
202405 22
202421 28
202432 16
202446 37
202461 28
202471 19
202475 28
202476 25
202484 37
202731 10
202744 37
202749 37
202802 37
202833 28
202843 10
203100 17
203104 36
203108 10
203111 15
203113 22
203114 13
203131 10
203132 3
203151 37
203152 37
203154 22
203158 28
203159 25
203162 40
203202 28
203204 22
203206 19
203208 41
203209 16
203211 0
203222 37
203223 19
203226 28
203232 10
203236 37
203250 40
203287 36
203300 36
203304 9
203316 22
203351 31
203352 41
203404 28
203413 25
203424 19
203425 10
203435 37
203459 28
203474 22
203708 25
203715 28
203719 10
203721 16
203725 28
203734 28
203735 10
203754 37
203775 25
203812 37
203825 25
203829 10
203879 10
204100 7
204101 10
204113 22
204123 34
204202 27
204217 28
204232 7
204251 9
204306 30
204315 28
204320 19
204333 37
204355 19
204362 22
204382 19
204422 41
204423 25
204424 16
204425 16
204443 34
204456 28
204482 16
204483 25
204490 10
204725 37
204735 10
204792 28
205100 6
205103 19
205105 31
205216 37
205232 28
205244 22
205252 0
205282 34
205324 18
205344 10
205358 25
205382 22
205421 28
205441 25
205473 22
205476 16
205731 22
205742 16
205764 22
205789 16
205796 10
206100 28
206103 41
206104 39
206108 16
206111 30
206112 19
206161 21
206162 22
206171 20
206172 36
206181 25
206182 36
206191 22
206203 27
206216 30
206217 25
206253 7
206255 37
206261 22
206266 9
206267 28
206281 31
206311 10
206313 19
206321 7
206324 40
206327 28
206331 16
206336 21
206341 10
206342 25
206362 22
206364 10
206367 16
206368 10
206370 30
206428 34
206435 37
206437 28
206457 40
206476 22
206481 3
206703 22
206714 22
206724 22
206734 10
206736 16
206737 16
206774 10
207104 33
207105 19
207106 19
207108 37
207109 3
207110 13
207116 16
207117 37
207118 36
207125 28
207162 4
207172 19
207181 7
207187 13
207188 40
207191 38
207195 37
207214 19
207302 40
207305 41
207306 22
207312 28
207321 28
207402 19
207408 25
207415 36
207442 25
207448 22
207481 28
207704 22
207706 16
207708 10
207712 10
207766 10
208101 23
208140 35
208141 7
208250 10
208263 25
208264 22
208272 37
208322 9
208345 37
208346 25
208353 6
208362 21
208373 22
208423 37
208444 28
208446 10
208460 25
208738 16
208772 10
208873 10
209203 10
209204 16
209252 31
209253 34
209262 25
209263 10
209270 25
209271 28
209272 40
209322 37
209332 28
209341 40
209352 34
209370 19
209376 10
209382 34
209424 22
209452 22
209454 19
209456 31
209466 41
209486 28
209712 22
209714 16
209716 16
209772 10
209787 22
210100 41
210200 0
210207 34
210221 37
210251 10
210276 16
210315 19
210331 28
210355 34
210432 37
210435 31
210463 24
210497 10
210702 10
210717 25
210741 25
210743 16
210744 25
210748 25
211100 39
211303 37
211312 10
211315 6
211318 25
211319 0
211341 34
211342 16
211444 22
211445 28
211446 25
211448 7
211449 31
211709 16
211843 10
212712 28
212721 37
212731 10
213706 28
213707 10
213708 37
213717 10
214301 22
214310 28
214340 24
214341 3
214352 16
214403 25
214412 10
214431 25
214491 37
215205 16
215206 37
215207 34
215208 9
215303 19
215311 10
215312 22
215313 34
215314 34
215401 28
215462 25
215482 19
215495 22
215497 28
215711 10
215742 10
217705 16
217708 10
217773 22
218100 30
218234 25
218236 22
218244 28
218262 10
218352 28
218362 25
218372 10
218382 34
218474 16
218481 19
218496 25
219741 37
219753 10
219766 28
219789 37
225702 31
225704 22
225706 16
225707 10
226703 10
226704 10
226711 22
226805 10
229223 16
229351 37
251100 10
251211 0
251213 19
251216 28
251242 13
251261 7
251292 13
251312 25
251313 25
251333 37
251334 16
251342 22
251361 21
251363 31
251371 16
251372 37
251374 10
251399 28
251411 34
251417 28
251434 18
251436 25
251451 31
251455 28
251456 22
251457 41
251461 10
251476 19
251477 36
251704 34
251707 10
251713 37
251716 28
251723 34
251724 10
251746 10
251748 28
251754 31
251760 22
251763 16
251765 10
251776 34
251781 10
251784 28
252210 39
252212 7
252222 10
252235 25
252281 13
252282 25
252283 34
252285 19
252311 22
252320 19
252328 19
252331 13
252353 7
252401 36
252402 28
252403 19
252404 41
252413 10
252420 34
252421 37
252422 27
252423 31
252427 21
252428 36
252429 41
252435 16
252440 37
252442 19
252443 34
252448 24
252450 16
252456 25
252459 10
252460 40
252479 40
252489 31
252706 16
252707 22
252727 10
252785 22
252789 16
252792 25
253215 40
253318 37
253321 34
253332 16
253416 37
253417 34
253423 16
253433 19
253441 10
253443 10
253451 25
253452 18
253454 28
253716 16
253721 10
253725 22
253734 31
253735 22
253747 16
253749 24
253752 22
253754 25
253791 25
254182 25
254200 10
254205 13
254206 34
254207 10
254211 18
254215 39
254216 41
254222 34
254231 18
254232 0
254271 16
254282 40
254302 33
254325 34
254334 21
254352 25
254362 36
254371 9
254373 39
254400 7
254411 19
254412 19
254415 34
254421 37
254422 31
254423 22
254424 28
254435 34
254441 10
254443 19
254445 19
254451 31
254452 25
254453 16
254454 19
254466 37
254476 22
254477 37
254478 30
254495 19
254701 10
254702 10
254721 10
254733 22
254737 10
254791 22
254816 25
254817 16
254857 16
255201 9
255210 16
255230 6
255300 31
255301 41
255316 3
255323 16
255328 19
255337 25
255340 9
255393 22
255422 18
255425 16
255429 10
255430 24
255431 0
255432 39
255433 15
255440 33
255442 41
255444 19
255445 16
255447 25
255451 25
255455 21
255462 31
255463 37
255471 16
255492 36
255497 34
255499 28
255714 37
255735 28
255750 37
255751 25
255769 34
255772 34
255783 10
256100 33
256271 19
256317 28
256318 10
256334 18
256418 25
256419 34
256441 16
256444 19
256456 37
256473 28
256474 16
256791 10
259103 8
259104 27
259106 5
259107 34
259108 30
259193 38
259195 7
259200 22
259201 37
259203 15
259401 24
260313 10
260334 34
260416 37
260421 37
260432 28
260702 28
261102 6
261111 10
261112 3
261113 19
261205 28
261207 36
261208 25
261214 34
261215 19
261218 7
261305 37
261306 0
261332 10
261342 19
261343 25
261361 31
261421 22
261430 41
261433 16
261438 10
261444 40
261446 22
261447 28
261448 19
261449 16
261453 10
261465 37
261473 10
261479 19
261494 13
261497-002 16
261497-008 25
261497-802 28
261497-808 25
261499 16
261736 10
261738 34
261745 37
261751 34
261752 10
261755 28
261763 28
261781 34
261795 28
261891 34
263710 25
263721 10
263724 31
263745 22
263751 16
264702 34
264705 10
264709 28
264755 37
265706 34
265709 10
265710 28
266801 10
268732 37
268735 10
268741 28
269103 19
269105 34
269111 25
269130 13
269210 10
269341 37
269360 16
269370 37
269452 25
269498 34
270712 28
270721 10
305203 22
318322 19
329105 38
329106 7
330115 2
351100 19
351201 13
351302 4
351321 16
351364 40
351371 13
351425 0
351426 28
351464 34
352103 34
352311 31
352313 19
352314 22
352401 13
352412 0
352421 31
352422 28
352433 34
352441 31
353313 34
353418 34
353431 37
353441 25
353471 25
353482 10
354311 4
354312 37
355411 34
356100 9
356101 15
356102 41
356210 21
356261 34
356333 40
356361 19
356373 13
356374 37
356411 3
356414 22
356415 31
356416 16
356431 28
356432 34
356441 31
356442 34
356443 4
356444 22
356446 30
356447 16
356449 18
356451 37
356455 25
356471 25
356472 28
356474 25
356496 25
357101 0
357110 33
357210 35
357322 0
357323 34
357418 31
357421 40
357432 28
357441 28
357444 22
357446 7
359202 6
359205 37
359206 40
359302 25
359303 37
359305 4
359341 19
359350 31
359360 28
359380 34
359401 28
359403 37
359408 18
359422 10
359423 19
359452 34
359460 34
359461 31
359465 22
360100 32
360301 28
360304 19
360441 37
361210 4
361211 41
361214 31
361341 4
361413 13
361414 37
361421 28
361433 7
361442 31
361452 10
361461 22
361475 28
363210 3
363401 10
363402 28
365201 4
365211 28
365322 28
365324 22
365422 19
365425 28
365426 37
368211 31
368310 34
368412 16
368417 31
400110 20
400210 37
401281 34
401383 31
401391 22
403281 19
403383 37
406284 28
406294 37
406386 19
406396 10
408382 33
410381 27
413383 18
413391 41
415393 34
420282 31
421282 22
421292 16
421386 40
421396 16
422381 36
428281 25
428282 10
428381 28
428383 25
461170 34
461471 41
461472 37
461511 16
461523 10
461526 37
461527 19
461532 37
462130 26
462544 28
462587 28
462588 25
463201 28
463252 37
463331 37
463332 15
463342 28
463354 19
463433 19
463512 16
463513 37
463543 10
463544 37
463557 19
463559 28
463571 16
463592 10
464302 34
464312 10
464402 25
464403 34
464414 37
464442 31
464443 7
464445 28
464446 40
464500 28
464502 25
464504 10
464505 34
464506 37
464508 28
464545 16
464549 28
501201 22
501202 34
501305 22
501306 19
502313 16
502314 31
504202 25
504305 34
506202 37
508304 37
510306 25
512304 10
513113 19
513115 4
513212 34
513216 28
513217 4
513225 37
513284 19
513331 25
513343 16
513364 31
513373 10
513390 22
513411 16
513446 10
514202 10
514206 40
514222 25
514244 37
514272 34
514322 40
514336 10
514352 28
514358 19
514382 25
514384 16
514396 34
514398 37
514436 37
514462 28
514742 22
514752 16
515204 37
515205 10
515256 25
515257 34
515330 19
515337 16
515339 28
515362 25
515377 37
515378 22
515380 10
518724 10
518770 16
551461 34
552216 10
552217 37
552232 28
557433 10
558101 37
558411 28
558432 37
562101 22
562211 37
601201 3
601202 3
601231 16
601242 3
601342 19
601346 34
601351 24
601361 28
601423 10
601424 37
601431 10
601436 37
601452 16
601471 25
601472 22
601724 10
601731 22
601745 16
601769 22
601775 10
602100 17
602102 24
602103 27
602120 7
602121 22
602122 19
602301 34
602314 7
602421 7
602453 31
602454 16
602455 22
602461 34
602472 19
602741 10
602751 10
603200 10
603231 21
603321 31
603341 4
603396 31
603423 34
603496 13
603743 16
604101 37
604211 22
604311 37
604314 4
604315 22
604411 16
604415 34
604423 0
604431 36
604443 25
604454 28
605203 28
605302 19
605313 37
605315 4
605316 40
605321 34
605331 9
605340 16
605412 25
605413 19
605430 7
605476 25
605701 37
605711 34
605719 10
605742 28
606211 37
606243 22
606245 28
606264 4
606310 13
606341 31
606342 22
606344 16
606451 25
606452 10
610114 20
651210 4
651211 37
651212 28
651234 10
651306 28
651313 19
651314 25
651317 34
651319 10
651416 28
651425 37
701100 22
701181 21
701202 25
701235 19
701244 0
701283 37
701335 10
701408 16
701423 10
701496 25
702100 31
702101 38
702211 22
702312 22
702313 41
702317 16
702321 37
702331 34
702342 19
702354 34
702418 37
702443 25
702499 22
703103 35
703109 10
703202 37
703204 4
703243 7
703244 31
703309 22
703322 10
703324 2
703330 9
703331 7
703345 13
703351 25
703361 31
703413 19
703441 34
703499 22
705191 9
705211 19
705311 27
705328 28
705331 16
705332 34
705343 25
705431 22
705438 3
705440 31
705441 39
705442 19
705444 34
705447 4
705448 25
705499 28
751100 31
751101 41
751102 6
751106 41
751202 13
751209 31
751301 27
751302 0
751303 18
751305 36
751308 24
751309 5
751320 28
751326 25
751327 31
751330 34
751401 32
751403 15
751405 10
751408 21
751417 22
751418 33
751421 28
751422 28
751428 41
751440 19
751443 24
751701 25
751702 10
751703 16
751705 15
751706 10
751708 25
751716 31
751718 31
751719 24
751728 22
751734 16
751752 16
801100 33
801122 19
801134 7
801204 19
801233 34
801236 10
801241 37
801322 28
801334 19
801371 28
803122 28
803124 22
803131 19
803230 31
803232 13
803260 25
851100 35
851103 6
851104 25
851105 22
851201 37
851202 28
851204 31
851207 4
851241 19
851252 34
851253 31
851261 37
851263 33
851273 16
851305 9
851309 21
851345 19
851363 22
851366 37
851400 13
851404 38
851406 37
851407 2
851441 24
851462 33
851467 31
852100 28
951100 18
951231 37
951324 16
951344 37
951366 19
951421 28
951498-004 37
951498-007 37
951498-011 10
951498-015 10
951498-020 34
951498-021 10
953102 36
953111 17
953201 22
953202 28
953211 19
953214 10
953231 7
953232 31
953234 13
953323 16
953422 10
953494 25
954100 13
954140 34
954142 37
954143 13
954170 28
954240 34
954326 16
954340 27
954371 28
954374 22
954423 16
954462 7
954464 37
954472 19
954491-001 4
954491-002 13
954491-003 16
954498 22
955102 22
955104 22
