001101 13
001102 4
001111 41
001113 0
001201 1
001202 28
001210 8
001212 39
001218 1
001230 24
001231 9
001250 12
001291 40
001293 28
001310 22
001311 4
001312 4
001315 27
001318 40
001320 28
001321 28
001323 33
001330 37
001342 37
001353 19
001354 3
001362 7
001410 28
001423 34
001425 22
001443 37
001444 34
001445 10
001447 16
001461 0
001464 25
002101 22
002110 4
002191 10
002192 34
002201 28
002211 31
002221 37
002250 19
002301 37
002333 28
002351 22
002365 7
002372 31
002401 37
002441 31
002473 22
003101 34
003191 5
003201 34
003314 28
003320 7
003331 31
003414 16
003421 34
003436 37
004241 30
004301 31
004303 39
004324 37
004351 34
004432 16
004473 19
004475 28
006103 9
006126 33
006206 25
006226 16
006242 31
006253 37
006303 36
006307 10
006326 22
006330 10
006331 34
006344 16
006346 7
006355 28
006425 7
006432 37
006433 4
006443 19
006448 25
008214 25
008303 4
008314 25
008326 31
008411 16
008417 25
009103 40
009105 19
009212 28
009230 34
009231 31
009326 28
009425 19
009426 7
009431 28
011100 11
011151 25
011152 31
011153 3
011251 31
011257 41
011259 4
011269 24
011276 0
011353 40
011356 4
011358 30
011362 6
011374 25
011461 16
011464 19
011751 25
012100 25
012173 33
012200 5
012271 25
012272 28
012273 7
012371 31
012475 4
013103 34
013110 34
013203 41
013204 34
013206 30
013207 12
013217 0
013301 31
013302 15
013303 28
013304 19
013305 37
013306 4
013307 36
013317 19
013326 7
013329 10
013330 22
013335 10
013338 10
013420 25
013421 28
013422 34
013427 0
013433 25
013435 28
014210 34
014270 10
014310 37
014311 22
014322 16
014323 36
014325 3
014370 31
014371 0
014382 10
014390 15
014401 13
014410 41
014421 4
015101 28
016101 4
016232 31
017101 25
017102 40
017111 28
017201 22
017210 7
018103 34
018111 23
018113 31
018125 25
018203 28
018211 19
018213 4
018231 31
018235 10
018271 34
018301 25
018335 31
018351 28
018353 7
018421 37
018433 25
018435 19
018436 4
018438 7
018451 28
018465 10
018467 34
018471 31
019101 19
019103 10
019105 10
019106 0
019108 7
019111 28
019203 10
019205 33
019206 28
019208 31
019211 40
019221 37
019303 37
019311 16
019331 6
019361 22
019373 31
019381 0
019411 19
019442 25
019471 34
019473 16
020101 19
020102 34
020211 10
020231 40
020311 22
020321 19
020333 10
020341 7
020362 37
020363 16
020412 7
020421 22
020481 4
021101 30
021102 7
021203 25
021204 31
021270 10
025108 25
025480 25
026101 11
026102 25
026111 13
026112 28
026201 25
026271 4
029701 31
029703 25
029711 28
030101 34
050100 31
050103 20
050104 22
050106 7
050111 3
051302 10
051304 19
051306 37
051310 25
051313 18
051418 7
052201 1
052202 25
052352 22
052357 34
052420 4
052441 4
052443 31
052445 25
052447 19
052466 28
053712 28
053713 31
053770 28
054810 31
054870 28
055701 13
055703 7
055704 25
055706 31
055707 28
055713 7
055733 13
055734 28
055757 31
055771 13
055797 25
057121 36
057123 41
057125 34
057126 8
057127 35
057128 17
057129 34
057130 6
057131 13
057132 21
057133 41
057134 4
057135 22
057136 11
057137 22
057138 31
057139 0
057140 19
057201 7
057205 16
057213 7
057215 31
057274 19
057284 10
057285 4
057288 25
057293 19
057294 28
057296 22
057300 36
057302 13
057305 28
057316 25
057351 28
057366 28
057403 10
057404 16
057405 13
057410 31
057411 10
057420 4
057426 25
057428 34
059413 10
059419 34
061103 28
061106 25
061201 7
061223 28
061224 31
061306 13
061307 13
061317 31
061319 13
061403 34
061404 37
061407 7
061430 25
062200 16
062210 28
062343 22
062411 4
062452 22
062460 19
062470 10
062499 31
063201 31
063702 31
063704 28
063710 25
064204 37
064232 25
064251 4
064252 13
064303 13
064331 31
064392 16
064412 13
064418 15
064423 16
064424 31
064430 19
064474 25
064490 13
065210 7
065212 28
065310 40
065311 19
065320 4
065332 16
065421 28
065435 16
065436 25
065437 25
065438 19
065797 13
066221 31
066323 13
066410 25
066416 31
066421 10
066425 4
067202 4
067303 40
067311 13
067372 22
067373 19
067432 28
069712 28
070200 37
070304 10
070305 13
070403 13
070404 31
070410 28
070411 4
070416 28
070711 31
070720 28
070721 25
070740 13
070741 13
071411 25
071412 31
071413 1
071415 28
071416 27
071418 25
071419 28
071422 25
071423 22
071425 10
071712 28
071715 31
071730 4
071736 7
071738 31
071811 31
073711 28
073721 31
073770 31
074100 9
074101 41
074414 37
076425 16
076427 22
076430 28
076444 10
076466 25
078444 30
078454 10
079169 40
079220 25
079264 16
091700 25
091800 25
099100 7
099101 3
099102 4
100102 22
100109 0
100110 40
100111 6
100112 28
100207 7
100213 25
100214 4
100220 10
100222 10
100225 0
100228 37
100229 16
100230 40
100231 7
100233 28
100281 31
100306 7
100307 13
100308 33
100309 19
100310 25
100311 31
100312 7
100313 28
100314 25
100501 7
101100 30
101105 4
101201 9
101211 28
101400 7
101405 31
103112 10
103191 25
103271 25
104200 28
104201 6
104300 10
104301 31
104325 13
104410 13
104424 25
104495 10
105304 28
109100 3
109115 10
112101 28
112102 7
112103 25
112108 28
112110 16
112201 25
112203 28
112213 7
112300 4
112314 13
112411 31
112412 28
115200 7
115300 28
115301 4
115302 4
116301 13
116302 13
116400 25
126101 21
126216 13
126321 13
126326 13
126333 25
126334 7
126428 30
126432 28
126443 36
127100 6
127101 36
127203 37
127204 28
127207 25
127303 30
127312 31
127314 25
127315 28
127316 13
127326 19
127337 34
127711 31
127717 13
127718 28
127719 25
127727 13
127728 25
128100 22
128101 4
128202 13
128203 31
128204 16
128307 6
128309 24
128334 0
128354 34
128355 4
128403 30
128701 31
128710 28
128730 25
128740 13
128762 13
140101 25
140102 25
140103 4
140104 2
140105 22
152211 33
152301 37
152321 25
154104 35
154141 10
154151 33
154231 31
154261 40
154262 25
154281 13
154311 15
154330 13
154353 34
154375 25
154377 37
154384 37
154388 19
154443 13
154455 31
154457 25
154481 22
154488 4
154493 7
154494 13
159100 17
159101 25
159151 31
159203 28
159221 31
159231 18
159301 13
159303 13
159305 30
159332 4
159356 34
159362 10
159403 18
159411 40
159431 7
159454 16
160341 37
164200 12
164341 7
168100 34
168101 41
168222 13
176100 37
176101 17
176104 28
176220 21
177103 0
177214 12
177215 9
177216 15
177217 28
177281 33
177283 25
177285 31
177321 10
177330 40
177341 36
177362 19
177393 3
177401 31
177404 22
177405 34
177414 31
177426 13
177427 28
177430 7
177434 37
177446 4
177450 33
177463 25
177464 7
177465 0
177467 10
177468 28
177481 25
177494 41
179402 7
179403 16
201100 27
201110 25
201114 19
201115 40
201116 18
201117 4
201190 25
202100 27
202101 33
202141 15
202143 36
202145 16
202184 28
202231 27
202260 22
202305 34
202311 19
202332 13
202334 25
202342 4
202361 22
202371 33
202434 28
202438 10
202443 7
202473 4
202474 28
202477 25
202481 19
202495 34
202742 25
202765 7
202776 25
202782 25
202833 28
202848 25
202873 31
203100 23
203103 22
203111 15
203116 31
203151 25
203162 7
203171 18
203201 15
203203 37
203204 25
203206 30
203207 12
203208 7
203209 12
203222 33
203226 15
203231 41
203235 22
203236 31
203255 25
203303 31
203315 4
203323 0
203324 16
203331 12
203332 25
203333 18
203351 37
203352 10
203405 22
203406 10
203414 31
203423 25
203431 28
203434 7
203458 37
203471 4
203475 31
203705 31
203709 28
203714 31
203716 7
203722 7
203743 28
203753 25
203807 7
203821 28
203828 31
203879 7
203889 7
204100 26
204101 25
204111 25
204123 4
204202 16
204211 25
204216 19
204231 7
204251 25
204321 19
204325 33
204335 25
204341 41
204361 3
204365 28
204381 31
204383 16
204432 37
204435 19
204442 4
204451 22
204452 7
204453 25
204471 31
204712 7
204721 28
204732 31
204764 25
205100 34
205103 37
205104 19
205105 25
205235 25
205239 28
205275 15
205303 28
205337 25
205355 19
205393 7
205415 37
205421 28
205461 25
205464 10
205475 31
205479 22
205483 19
205486 28
205496 16
205712 28
205735 25
205761 7
205783 31
206100 28
206101 4
206103 9
206104 33
206107 7
206108 9
206111 39
206112 28
206113 31
206161 19
206162 33
206171 39
206172 32
206181 19
206191 28
206203 31
206207 37
206211 30
206216 4
206217 34
206261 9
206267 22
206281 12
206300 9
206321 0
206324 34
206325 3
206327 34
206328 1
206331 7
206336 37
206341 22
206355 31
206362 7
206370 28
206381 34
206412 25
206436 13
206437 6
206441 19
206455 28
206707 31
206713 28
206720 4
206721 31
206730 31
206736 25
206738 25
206739 28
206743 7
206753 25
206766 4
206783 25
207100 10
207103 31
207105 30
207106 30
207107 37
207109 41
207115 34
207117 7
207123 28
207131 31
207135 25
207164 25
207171 22
207173 7
207174 28
207183 28
207187 9
207203 40
207205 25
207208 34
207213 33
207308 4
207310 25
207313 13
207323 10
207348 31
207401 7
207403 28
207406 10
207416 22
207419 12
207422 31
207436 25
207701 28
207703 7
207705 31
207711 25
207741 25
207743 28
207808 25
208101 40
208140 25
208150 4
208250 10
208251 28
208263 20
208265 4
208270 25
208271 15
208272 30
208280 19
208321 12
208329 16
208343 4
208348 7
208370 28
208383 30
208425 10
208439 7
208440 22
208469 31
208711 7
208760 31
208761 25
208770 28
208871 31
208872 28
209201 25
209251 19
209301 7
209302 41
209303 19
209331 25
209351 37
209358 16
209361 4
209368 31
209375 15
209403 28
209442 31
209451 37
209453 22
209461 7
209463 31
209471 4
209483 25
209485 16
209703 4
209705 4
209707 7
209709 10
209711 7
209713 31
209722 7
209731 31
209771 25
209773 28
209779 31
209785 10
210100 28
210201 16
210202 31
210204 19
210343 4
210351 25
210383 37
210425 7
210433 34
210434 34
210453 28
210465 19
210485 28
210703 7
210704 31
210705 28
210707 25
210723 25
210731 28
211100 26
211311 27
211315 28
211319 33
211413 4
211440 16
211442 7
211443 31
211495 28
211702 28
211889 25
212701 7
212703 31
212711 28
212721 25
212741 25
213201 7
213714 28
213763 7
213779 25
214100 31
214261 41
214312 22
214341 12
214381 31
214401 28
214411 37
214414 24
214415 34
214421 25
214430 22
214441 31
214445 4
215205 19
215206 24
215207 25
215208 40
215301 22
215302 10
215381 16
215411 4
215431 37
215471 28
215481 25
215495 19
215496 7
215497 31
215734 31
215762 25
215785 28
215794 25
217701 7
217703 31
217707 28
217734 28
217751 28
217775 25
217781 25
218100 33
218101 19
218233 28
218235 31
218321 22
218323 31
218351 28
218471 7
218475 31
218483 28
218486 25
219720 28
219731 31
225701 7
225703 31
225705 28
225720 25
226701 28
226709 25
226710 25
226801 4
226889 25
229123 28
229323 37
229352 25
229711 28
251211 24
251213 13
251261 4
251281 12
251312 24
251313 10
251333 7
251334 19
251361 37
251363 22
251371 0
251372 6
251374 31
251384 13
251411 37
251418 7
251437 10
251438 4
251451 13
251455 7
251457 25
251461 28
251475 31
251479 34
251701 4
251702 7
251703 28
251711 4
251714 7
251715 31
251717 28
251718 28
251745 31
251751 4
251752 7
251757 31
251758 13
251773 7
251783 31
251785 28
251790 25
252201 36
252211 28
252232 6
252282 13
252283 31
252285 31
252286 37
252301 19
252302 4
252317 41
252320 28
252322 13
252325 0
252327 13
252330 25
252342 13
252363 31
252420 22
252421 13
252424 28
252425 34
252426 31
252427 1
252444 28
252450 37
252455 19
252460 7
252489 10
252498 31
252702 25
252708 4
252723 28
252724 28
252741 25
252748 28
252781 7
252785 31
252789 25
252791 25
253303 10
253314 16
253315 0
253432 7
253455 28
253456 31
253481 7
253701 28
253715 25
253717 10
253722 7
253731 4
253732 25
253734 28
253735 19
253736 10
253748 4
253752 25
253754 31
254181 37
254205 0
254206 25
254211 25
254215 4
254216 34
254222 13
254231 16
254232 30
254252 28
254282 19
254302 10
254325 22
254333 36
254372 19
254421 25
254425 28
254426 13
254435 28
254436 10
254438 28
254439 34
254441 37
254442 28
254451 4
254456 31
254457 1
254458 16
254459 28
254461 7
254471 12
254473 7
254492 7
254494 25
254700 25
254702 4
254703 7
254710 31
254711 28
254734 10
254770 7
254777 28
254804 4
254875 31
255201 28
255215 21
255251 15
255290 18
255300 24
255320 39
255321 36
255330 6
255359 0
255415 10
255417 28
255420 33
255422 37
255424 13
255430 18
255432 30
255434 22
255437 0
255438 28
255439 7
255441 7
255447 34
255449 25
255454 25
255460 4
255462 4
255464 19
255471 1
255492 16
255499 28
255712 4
255722 7
255734 7
255739 25
255750 25
255764 25
255766 4
255770 31
255771 31
255772 28
255786 4
255791 28
255830 25
256100 27
256212 40
256271 0
256281 4
256316 41
256333 16
256373 13
256383 7
256412 31
256415 7
256441 22
256457 4
256462 28
256473 25
256700 31
256761 28
256762 25
259103 22
259104 41
259106 9
259107 24
259108 14
259109 27
259201 12
259203 6
260312 31
260404 28
260413 7
260424 28
260434 25
260717 28
260772 25
261103 7
261111 7
261200 37
261210 0
261212 6
261216 4
261217 31
261304 36
261305 22
261335 12
261336 15
261342 25
261343 41
261361 31
261405 13
261406 25
261434 4
261447 19
261456 34
261457 1
261458 22
261461 10
261469 10
261494 28
261497 7
261499 31
261701 25
261702 31
261706 7
261735 28
261739 25
261753 31
261754 28
261767 25
261769 25
261791 13
263701 7
263702 31
263720 4
263746 28
263760 25
263771 4
264701 4
264706 7
264707 28
264710 28
264741 31
264791 31
266703 25
268721 28
269101 28
269102 25
269200 31
269201 7
269202 25
269340 37
269430 13
269462 31
269470 15
269497 25
270701 25
270702 31
270711 28
270791 31
301254 19
305202 7
311352 34
318322 28
318351 16
320351 13
321251 13
324703 25
328310 19
328313 4
330110 22
330111 1
351100 19
351201 9
351202 27
351301 41
351321 37
351331 33
351410 25
351441 34
351442 22
351451 16
351463 4
351466 7
352301 34
352311 25
352321 25
352323 3
352332 22
352422 7
352431 13
353301 10
353421 13
353431 10
353451 31
353452 31
354311 19
356100 37
356101 16
356102 34
356202 28
356210 36
356212 25
356303 37
356304 25
356306 25
356312 13
356361 31
356412 7
356414 13
356416 13
356432 13
356441 4
356442 31
356443 13
356471 13
356496 25
357101 11
357110 22
357210 25
357322 28
357360 16
357417 22
357441 25
357491 13
359202 6
359203 13
359204 10
359206 25
359301 19
359311 37
359405 22
359409 4
359410 25
359413 25
359414 13
359421 31
359431 10
359451 7
360100 41
360210 36
360400 28
360402 25
360404 7
360407 13
360411 37
360431 4
360460 22
360470 25
361210 25
361214 28
361301 25
361321 31
361351 13
361453 28
361461 28
361471 13
363210 4
365301 28
365321 22
365331 19
365421 7
365427 13
365428 25
368200 7
368317 28
368331 36
368412 28
368433 28
368441 4
368487 13
400110 18
400211 16
401382 7
403382 28
406385 25
406395 4
409281 10
409292 4
411281 7
411291 31
415291 16
420281 28
421281 25
421291 22
421385 22
421395 19
423382 10
428382 31
461100 18
461170 13
461471 4
461472 31
461511 31
461527 19
461529 4
462130 22
462541 19
462587 19
462588 10
463251 13
463311 31
463331 25
463341 19
463353 28
463402 34
463433 4
463455 28
463491 22
463503 13
463504 7
463545 7
463556 28
463558 28
464301 4
464311 10
464341 22
464401 10
464413 25
464441 13
464443 19
464444 7
464445 31
464501 13
464502 25
464503 34
464509 10
464510 10
464541 4
464542 31
464544 25
464549 22
466141 24
501301 31
501302 28
502211 13
502311 22
503402 19
504302 19
506303 13
506361 13
507402 10
508203 41
508207 22
508303 25
509402 34
510201 37
510202 13
510307 16
510411 22
510414 31
510415 7
510416 4
510417 25
512303 7
512402 28
513111 4
513114 7
513223 31
513224 28
513283 25
513315 25
513324 7
513328 28
513363 31
513371 10
513412 4
513429 7
513445 31
513451 28
513471 25
514211 31
514241 28
514317 4
514323 19
514335 25
514341 13
514343 28
514381 7
514383 22
514395 10
514397 31
514425 31
514442 25
514451 7
514453 4
514466 13
514475 28
515201 7
515250 4
515307 13
515312 25
515334 31
515361 7
515364 4
515370 13
515376 10
515403 28
515490 25
551461 4
552216 13
552217 25
552222 13
553312 7
554314 31
555313 28
556311 13
557433 7
558411 31
558432 28
558442 13
561312 25
562211 13
571115 41
601201 10
601302 37
601321 40
601322 34
601341 37
601344 0
601351 4
601422 7
601427 13
601428 4
601452 28
601460 31
601462 25
601702 13
601731 31
601758 28
601765 13
601767 31
602100 31
602102 3
602111 31
602211 34
602315 22
602321 9
602322 40
602431 37
602432 34
602441 4
602464 7
602731 25
602761 13
603211 25
603322 16
603332 31
603352 10
603371 13
603421 25
603441 10
603453 34
603465 22
603471 13
603494 4
603495 7
603711 28
603723 25
603731 13
604304 36
604305 0
604312 40
604313 16
604351 9
604352 28
604412 22
604414 19
604416 13
604422 4
604441 25
604451 25
604711 13
604715 25
604731 28
605201 25
605204 28
605301 16
605313 13
605314 3
605321 4
605322 37
605341 31
605412 25
605432 22
605446 7
605459 28
605461 28
605476 13
605701 28
605702 25
605713 25
605751 13
606231 7
606242 28
606244 37
606263 13
606343 7
606362 4
606363 31
610114 16
651105 34
651109 31
651120 7
651210 13
651311 31
651312 28
651315 25
651316 13
701101 7
701181 34
701182 25
701183 41
701201 18
701211 10
701281 32
701313 4
701321 0
701331 12
701342 25
701344 25
701402 13
701403 22
701407 13
701409 25
701425 34
701455 34
701494 7
702101 21
702205 25
702211 19
702312 37
702313 25
702316 41
702318 16
702341 16
702351 34
702411 28
702416 7
702418 13
702423 22
702431 31
703103 32
703202 18
703204 4
703243 9
703244 27
703305 37
703308 4
703311 40
703313 25
703322 24
703324 31
703330 6
703331 25
703345 28
703352 7
703391 0
703404 30
703412 22
703435 13
703447 10
703454 15
703498 4
703499 13
704101 31
704141 28
704201 25
704345 13
705191 28
705211 33
705311 12
705329 40
705331 0
705351 24
705411 10
705437 13
705441 4
705442 31
705444 0
705492 4
705499 34
751100 10
751101 9
751102 22
751106 3
751202 36
751209 24
751301 12
751302 41
751303 6
751304 4
751305 16
751308 10
751309 37
751321 25
751326 4
751327 37
751330 28
751345 21
751401 10
751403 4
751405 18
751408 22
751413 40
751419 34
751421 34
751422 4
751424 25
751428 34
751443 7
751447 25
751451 28
751701 13
751702 28
751703 31
751704 31
751705 7
751706 13
751708 31
751712 7
751718 25
751724 28
751726 25
751751 25
801100 41
801201 31
801225 13
801235 28
801321 13
801324 13
801331 4
801333 28
801334 28
801336 31
801421 13
801471 7
801481 25
803121 31
803123 7
803231 22
803331 13
803360 28
803431 25
851100 16
851104 34
851105 22
851108 28
851200 16
851201 4
851202 7
851243 28
851251 37
851262 6
851273 13
851305 28
851306 30
851309 21
851342 31
851352 18
851354 16
851355 16
851360 37
851362 28
851375 25
851376 10
851400 7
851404 33
851407 15
851441 19
851462 41
852100 4
852101 37
852102 28
852103 4
852201 10
852202 7
852203 13
852204 25
951100 29
951102 7
951106 28
951124 25
951203 13
951302 28
951323 37
951331 19
951344 4
951348 7
951352 13
951497 25
953103 25
953111 38
953212 25
953231 4
953233 10
953261 22
953321 16
953322 13
953331 31
953361 28
953421 7
953444 13
953494 25
953495 4
954100 31
954244 25
954246 16
954310 13
954370 34
954374 31
954410 41
954413 4
954416 1
954426 10
954443 4
954449 13
954462 28
954464 25
954471 37
954477 22
954491-001 13
954491-002 37
954491-003 37
954491-004 13
954498 7
955102 34
955103 24
955104 7
958111 7
958201 31
958221 19
958225 10
958261 28
958373 25
