001101 2
001102 1
001112 28
001118 9
001201 1
001202 13
001210 24
001212 27
001218 34
001222 30
001223 6
001224 39
001225 2
001226 38
001227 20
001228 34
001229 39
001230 15
001231 16
001234 4
001250 24
001281 31
001291 22
001292 4
001310 33
001311 25
001312 4
001314 12
001315 22
001320 10
001321 31
001323 13
001330 34
001341 22
001342 28
001352 15
001355 31
001361 13
001362 16
001391 4
001410 30
001440 10
001445 4
001463 34
001472 4
002102 37
002111 10
002191 22
002202 16
002230 22
002260 13
002302 13
002321 34
002362 10
003102 16
003191 15
003202 4
003213 25
003261 13
003454 4
004465 30
004472 4
004474 10
004476 13
006103 28
006226 0
006241 19
006253 7
006307 22
006325 40
006443 28
006448 28
008314 28
008402 10
008411 10
009103 32
009213 37
009232 4
009254 34
009301 22
009327 22
009344 4
009355 13
009358 13
009363 4
011100 15
011101 40
011153 13
011154 10
011156 31
011157 28
011251 12
011257 36
011268 22
011269 41
011276 28
011277 28
011278 0
011358 41
011367 13
011457 4
012173 25
012200 22
012271 12
012272 4
012374 10
013103 7
013110 4
013203 19
013204 10
013206 30
013207 37
013208 34
013209 4
013216 36
013301 13
013303 28
013305 13
013314 4
013337 34
013413 13
013425 22
013431 10
013432 22
013433 25
014210 28
014211 40
014270 25
014310 34
014311 4
014370 0
014371 4
014390 28
014401 10
014410 10
014423 34
014471 27
014481 31
015101 15
015102 10
016101 22
017101 25
017102 4
017111 10
017201 28
017231 4
018104 34
018111 4
018112 9
018114 10
018126 19
018204 0
018271 13
018323 28
018332 10
018352 34
018372 13
019101 6
019104 16
019105 25
019106 28
019112 10
019204 9
019205 28
019206 4
019211 7
019212 0
019221 28
019222 37
019332 16
019351 10
019362 13
019371 9
019382 22
019441 4
020101 40
020102 19
020211 22
020212 22
020231 34
020232 4
020261 16
020341 22
021101 36
021102 24
021203 22
021204 22
021270 4
024752 4
025110 37
025381 28
025481 22
026101 12
026102 25
026111 10
026112 4
026201 22
050100 28
050103 34
050104 18
050106 23
050112 38
050113 16
051300 40
051302 16
051304 7
051306 27
051310 10
051313 10
052201 28
052203 16
052310 28
052323 31
052331 16
052351 24
052353 34
052355 10
052417 22
052422 9
052442 4
052449 16
052466 31
057121 12
057122 30
057123 6
057125 3
057126 6
057127 24
057128 25
057129 24
057130 27
057131 27
057132 30
057133 36
057134 22
057135 37
057136 13
057137 10
057138 4
057205 28
057213 4
057276 22
057283 25
057286 34
057287 25
057289 40
057290 13
057295 10
057297 34
057298 4
057301 33
057302 25
057305 41
057316 27
057366 4
057404 7
057407 9
057425 37
057428 31
059405 4
059419 0
061103 34
061106 31
061201 10
061205 37
061223 7
061306 7
061312 10
061313 34
061317 28
061401 13
061403 25
061430 16
062320 34
062341 4
062342 31
062343 31
062344 16
062345 31
062346 28
062360 16
062380 10
062411 28
062452 22
062460 16
062470 34
064202 16
064204 4
064207 10
064272 13
064273 4
064303 9
064410 10
064413 28
064417 4
064418 25
064422 16
064424 10
065120 3
065121 41
065211 31
065212 10
065311 4
065333 34
065420 16
065795 22
065797 4
065799 4
066222 28
066324 25
066412 25
066416 22
066426 28
067201 25
067203 37
067311 16
067371 31
067433 16
067435 37
067436 13
067491 22
067492 4
070100 37
070200 4
070301 22
070303 22
070304 13
070305 4
070308 10
070400 22
070403 37
070404 34
070410 4
070411 28
070413 7
070414 16
070415 4
070416 34
070711 22
070726 22
070740 4
070741 4
070792 4
071412 28
071413 4
071414 10
071415 25
071417 37
074100 15
074101 12
074201 31
076312 25
076314 4
076414 31
076426 4
076427 10
076428 7
076429 28
076444 10
076466 12
078444 31
078454 34
079444 25
099101 0
099102 6
100104 30
100105 19
100106 40
100107 10
100108 10
100205 31
100206 22
100207 37
100208 19
100209 39
100211 19
100306 10
100307 24
100308 22
100309 40
100310 13
100501 10
101201 13
101202 37
101205 10
101325 28
101490 19
103112 4
103271 30
104100 7
104302 40
104310 37
104320 36
104327 4
104334 10
104450 40
104490 10
109100 22
109114 17
112101 25
112105 13
112106 37
112109 28
112202 10
112205 37
112321 28
112322 7
112406 4
112424 22
115200 18
115300 22
115301 37
116301 7
126101 41
126102 10
126212 37
126213 9
126214 19
126325 22
126326 22
126328 10
126331 10
126332 25
126431 4
126436 22
126442 13
127100 31
127101 27
127202 25
127204 27
127205 4
127303 4
127313 33
127330 0
127359 4
127411 13
127412 22
127414 25
127716 28
127720 22
127721 4
127726 31
128100 3
128101 36
128201 10
128304 34
128305 4
128306 34
128308 22
128310 4
128351 28
128355 13
128423 34
128427 10
128434 22
128443 22
128700 31
128727 28
128734 22
128751 4
140104 6
152211 4
152301 22
152331 31
154104 27
154141 19
154152 10
154153 0
154173 37
154181 40
154251 16
154276 22
154281 32
154301 4
154330 22
154340 28
154363 10
154385 22
154431 13
154457 10
154481 34
159100 11
159101 40
159102 10
159151 16
159202 0
159204 9
159231 34
159331 19
159332 22
159401 22
159411 16
159412 4
159431 4
159434 31
160242 22
164261 4
168335 4
176100 21
176101 22
176104 22
177104 16
177113 4
177114 10
177141 12
177142 40
177181 28
177215 7
177217 37
177227 10
177228 16
177229 19
177300 22
177321 4
177332 25
177335 15
177341 10
177362 31
177443 13
177460 28
177463 13
177471 4
177472 22
177483 4
177491 34
179443 10
201100 25
201110 21
201114 16
201116 5
201117 7
202100 15
202101 40
202102 40
202147 16
202231 8
202302 4
202303 12
202305 4
202356 34
202362 13
202371 24
202405 28
202421 10
202446 4
202471 16
202475 22
202476 22
202484 22
202701 4
202731 4
202736 22
202744 4
202749 4
202775 28
202776 22
202803 22
202833 4
202849 4
203100 33
203104 37
203108 16
203111 34
203113 13
203114 37
203131 22
203132 19
203151 10
203152 10
203154 19
203158 37
203159 10
203162 22
203202 37
203203 19
203204 36
203206 40
203207 13
203208 10
203209 25
203211 10
203222 13
203223 22
203226 39
203232 19
203236 19
203250 34
203287 40
203316 4
203351 12
203459 34
203715 22
203719 34
203721 22
203725 10
203726 10
203734 10
203735 34
203749 10
203752 34
203754 4
203775 34
203812 22
203825 34
203829 4
203833 4
203879 22
204100 13
204101 27
204113 25
204202 10
204211 22
204217 28
204232 13
204251 31
204306 34
204315 33
204333 4
204355 4
204362 25
204382 4
204422 13
204423 10
204424 22
204441 4
204443 22
204452 10
204482 22
204483 10
204490 31
204725 31
204728 4
204755 22
204792 28
204891 4
205100 34
205103 10
205105 31
205216 10
205232 22
205244 40
205252 16
205282 13
205324 4
205344 28
205358 34
205382 10
205731 28
205742 22
205796 4
206100 19
206101 34
206103 31
206104 19
206111 16
206112 37
206113 4
206161 19
206162 4
206171 5
206172 37
206181 37
206182 41
206191 37
206211 25
206216 13
206217 40
206253 10
206255 13
206261 12
206266 16
206267 25
206281 40
206313 28
206321 15
206324 4
206325 13
206327 22
206331 34
206336 28
206341 22
206342 4
206355 4
206362 13
206364 31
206367 28
206368 37
206370 10
206421 10
206427 13
206428 7
206435 4
206437 22
206476 10
206481 25
206703 28
206722 31
206724 28
206725 22
206731 4
206737 22
206774 4
207100 40
207104 3
207105 10
207106 10
207108 29
207109 18
207110 10
207116 13
207117 19
207118 18
207125 33
207137 25
207162 22
207172 13
207181 10
207187 10
207188 37
207191 16
207195 3
207214 41
207302 40
207305 13
207306 31
207312 16
207402 13
207448 31
207704 31
207706 28
207708 22
207712 4
207766 4
207794 4
208101 37
208140 37
208141 40
208150 10
208263 16
208264 13
208271 10
208272 2
208322 34
208345 9
208346 22
208353 22
208362 22
208373 22
208384 22
208423 10
208444 4
208446 25
208460 13
208738 28
208772 22
208774 4
209203 28
209204 10
209252 34
209253 27
209262 15
209263 31
209270 15
209271 40
209272 22
209352 10
209370 28
209376 10
209382 13
209456 25
209466 13
210200 4
210207 22
210221 10
210251 31
210276 28
210315 28
210331 4
210355 10
210432 34
210448 13
210463 22
210702 10
210705 4
210743 34
210745 34
210748 22
210789 22
211100 12
211315 9
211319 41
211341 22
211342 28
211444 4
211709 10
211889 4
213708 4
213717 28
213718 13
213763 22
214100 4
214301 31
214310 41
214340 28
214341 31
214352 10
214412 13
214491 4
215205 33
215206 22
215207 4
215208 37
215303 4
215312 22
215313 13
215401 4
215482 34
215711 22
215741 28
215742 22
215743 4
215781 4
215783 22
217705 28
217708 22
217752 4
217773 4
218100 3
218234 40
218236 4
218244 28
218262 16
218352 40
218362 37
218372 28
218382 10
226703 28
226709 4
226710 22
226789 4
229123 16
229223 4
251100 37
251211 28
251213 13
251216 19
251242 37
251261 10
251292 0
251312 16
251333 28
251334 13
251342 25
251361 22
251363 28
251371 10
251372 13
251399 4
251411 34
251434 22
251436 10
251452 13
251455 34
251456 4
251461 10
251477 4
251704 28
251707 4
251723 22
251724 4
251746 4
251748 22
251754 13
251760 4
251763 28
251765 22
251773 13
251781 28
252210 9
252212 37
252222 0
252235 27
252282 15
252283 36
252285 22
252311 16
252320 10
252331 13
252353 25
252402 22
252403 10
252404 34
252413 4
252420 22
252423 28
252427 22
252428 16
252429 31
252435 34
252440 4
252459 4
252460 4
252479 10
252489 22
252706 13
252714 22
252727 28
252755 31
252774 4
252781 22
252785 4
252789 4
252792 13
253215 0
253433 13
253441 22
253443 22
253451 34
253452 25
253454 4
253716 31
253721 22
253722 13
253725 13
253734 22
253747 4
253749 25
253752 31
253754 28
253791 28
254182 4
254200 19
254205 16
254206 27
254211 19
254215 0
254216 31
254222 9
254231 10
254232 7
254271 37
254282 4
254325 22
254334 28
254352 25
254362 34
254371 19
254373 4
254400 16
254411 13
254412 10
254415 22
254421 22
254423 4
254424 28
254435 25
254445 16
254451 10
254452 31
254453 34
254466 15
254476 10
254477 12
254478 4
254495 22
254701 22
254721 10
254733 4
254737 34
254771 4
254803 10
254817 4
254857 10
255210 28
255230 37
255301 13
255316 34
255323 4
255328 16
255337 7
255340 40
255422 4
255425 4
255427 25
255432 13
255437 10
255440 13
255447 10
255455 37
255497 22
255714 28
255735 22
255750 31
255766 4
255769 31
255772 4
255779 31
255783 13
256100 31
256271 34
256317 22
256318 13
256334 10
256382 4
256383 25
256462 16
259103 28
259104 6
259106 16
259107 19
259108 39
259193 9
259195 41
259200 10
259201 25
259203 40
259401 15
260704 4
260708 13
260712 34
260719 22
260791 10
261102 22
261111 35
261112 21
261113 31
261205 28
261207 16
261208 40
261214 0
261215 10
261218 28
261305 10
261306 22
261332 37
261342 22
261343 13
261361 22
261430 13
261433 41
261444 4
261446 10
261447 31
261448 4
261449 22
261465 4
261473 25
261494 13
261497 25
261499 22
261742 4
261745 4
261755 4
261763 22
261764 31
261793 28
261795 28
261796 22
263710 22
263721 13
263724 31
263745 31
263751 28
264702 31
264705 28
264755 22
264789 4
265706 28
265709 22
265710 4
266703 22
266801 4
268732 28
268735 4
268741 22
268742 13
269103 7
269105 10
269130 37
269210 16
269341 13
269360 34
269370 4
269421 22
269431 4
269497 28
270701 22
270702 4
305203 4
318322 10
329104 19
330112 10
351100 25
351201 28
351364 13
351371 4
351426 22
352103 25
352311 10
352314 22
352315 13
352331 22
352332 4
352401 10
352412 25
352413 28
352421 25
352422 25
352433 4
352441 7
353313 28
353431 4
353441 4
353471 37
355411 7
356100 35
356101 41
356102 15
356210 22
356261 22
356311 4
356331 10
356431 25
356432 28
356441 13
356442 22
356443 4
356449 4
356455 4
356472 10
356475 4
357101 26
357110 40
357210 37
357323 13
357360 22
357418 4
357442 25
357444 10
359202 14
359205 4
359401 22
359408 4
359431 22
359455 10
360100 34
360210 22
361210 18
361321 22
361322 13
361341 4
361421 0
361433 40
361452 7
361461 25
361475 37
362211 30
363210 18
365425 22
368211 10
368317 10
400110 33
400210 10
401281 40
401383 13
401391 25
403281 7
403383 40
406284 12
406294 4
406386 10
406396 28
408382 33
410381 16
413383 15
413391 9
415393 31
420282 28
421282 31
421292 25
421386 22
421396 34
422381 7
428281 22
428282 37
428381 37
428383 4
461170 21
461471 27
461472 16
461511 16
461521 28
461526 28
461551 31
461566 13
461584 4
462130 29
462412 28
462413 22
462414 31
462503 13
462587 4
462588 22
463201 22
463252 4
463331 22
463332 28
463342 13
463354 34
463506 34
463512 13
463513 34
463543 28
463544 34
463557 10
463559 22
463571 28
463592 25
464302 10
464312 4
464402 4
464403 13
464414 16
464442 10
464443 31
464445 34
464446 22
501201 21
501202 13
501305 12
501306 25
502313 13
502314 28
504202 18
504305 31
506202 0
508304 25
510306 22
512304 4
513113 19
513115 10
513212 10
513216 4
513217 13
513225 34
513284 22
513331 10
513343 34
513364 4
513373 28
513390 22
513446 4
514202 28
514206 13
514222 16
514244 22
514272 34
514322 28
514352 13
514358 4
514382 10
514384 22
515204 13
515205 22
515256 10
515257 4
515337 28
515362 22
515380 4
552216 10
552217 4
552232 28
554413 13
555312 31
557432 28
558101 13
558313 22
558441 4
562101 4
562211 28
601201 30
601202 34
601231 0
601242 22
601342 10
601346 22
601361 4
601423 13
601425 28
601454 13
601455 34
601724 4
601745 22
601775 4
602100 21
602102 8
602103 33
602111 0
602120 37
602121 10
602122 10
602301 4
602314 37
602421 34
602453 10
602454 22
602455 13
602461 13
602471 22
602722 28
602741 4
602751 22
603200 25
603231 0
603321 10
603396 4
603496 4
603725 28
603743 22
603751 4
604101 13
604211 28
604311 22
604314 16
604315 13
604411 7
604415 28
604423 4
604431 28
604455 4
605203 10
605302 28
605313 4
605315 28
605316 10
605331 22
605430 4
605701 22
605711 28
605719 4
605742 22
606211 22
606243 10
606245 4
606264 13
606310 34
606451 28
606452 4
610114 24
651211 13
651212 34
651231 16
651234 4
651313 25
651314 13
651317 4
651319 31
651416 28
651425 22
701100 20
701101 27
701181 37
701183 13
701202 28
701235 25
701243 22
701244 13
701283 28
701295 13
701310 4
701335 13
701341 34
701408 22
701423 10
702100 25
702101 18
702211 22
702213 15
702312 33
702317 16
702321 22
702331 40
702342 12
702354 4
702418 16
703103 31
703202 7
703204 16
703243 10
703244 7
703309 4
703311 4
703322 37
703324 36
703330 40
703331 25
703345 10
703351 28
703361 31
703413 4
703441 13
703499 4
705191 0
705211 10
705311 9
705328 37
705331 10
705332 0
705343 28
705351 22
705431 16
705438 22
705440 25
705441 40
705444 7
705446 4
705448 34
705492 25
705499 4
751100 7
751101 40
751102 13
751106 37
751202 39
751209 4
751301 15
751302 31
751303 7
751304 4
751305 10
751308 22
751309 21
751321 13
751326 4
751330 4
751345 4
751401 25
751403 34
751405 22
751408 28
751413 22
751418 4
751419 16
751421 4
751428 9
751440 16
751443 13
751701 13
751702 28
751703 4
751705 22
751706 28
751708 22
751710 4
751712 4
751716 13
751724 13
751728 25
751732 28
751734 25
751744 31
751745 31
751751 4
751752 31
801100 41
801122 28
801134 10
801201 4
801204 4
801233 13
801236 16
801241 22
801322 4
801371 13
803122 7
803124 28
803131 10
803230 10
803232 37
851100 33
851103 22
851104 16
851105 9
851200 22
851201 3
851202 19
851204 4
851205 12
851241 13
851261 10
851273 36
851305 34
851306 28
851309 13
851310 28
851341 30
851342 16
851344 4
851350 15
851363 0
851366 31
851371 22
851375 25
851400 37
851401 10
851404 34
851443 16
851445 4
851450 4
851467 4
951100 26
951106 10
951124 16
951202 37
951231 10
951321 10
951366 4
951421 13
951497 22
951498 4
953102 22
953104 10
953111 14
953201 25
953202 37
953214 4
953231 28
953232 28
953234 22
953323 13
953494 22
953495 4
954140 9
954141 37
954142 9
954240 10
954244 28
954310 0
954326 34
954340 13
954364 10
954371 28
954372 4
954373 22
954413 13
954420 22
954422 13
954423 4
954443 4
954472 13
954498 16
