001101 1
001102 34
001111 33
001113 3
001201 4
001202 34
001210 2
001212 31
001218 0
001230 9
001231 25
001250 12
001291 11
001293 3
001310 16
001311 34
001312 3
001318 3
001320 16
001321 37
001323 22
001330 31
001342 28
001353 24
001354 34
001362 0
001381 40
001410 28
001423 28
001425 0
001443 19
001444 25
001445 31
001447 28
001461 28
002101 12
002110 22
002191 40
002192 34
002201 16
002211 22
002221 25
002250 37
002301 19
002333 13
002351 25
002361 31
002365 28
002401 19
002473 28
003101 6
003191 3
003201 31
003313 13
003320 25
003331 31
003367 22
004241 19
004282 16
004301 34
004303 0
004324 13
004432 4
004473 13
004475 31
004483 18
006103 24
006126 41
006206 10
006226 19
006242 37
006253 0
006303 13
006325 19
006326 22
006330 28
006344 31
006346 25
006355 10
006425 28
006426 34
006428 13
006443 34
006448 16
006454 25
008214 37
008303 10
008314 13
008411 22
008417 19
009103 19
009105 36
009212 19
009230 16
009231 28
009326 19
009328 0
009426 16
009431 28
009445 28
011100 41
011151 37
011152 28
011153 21
011251 27
011257 25
011259 16
011269 6
011276 36
011353 25
011356 10
011358 7
011362 31
011374 19
011461 16
011464 22
011479 28
012100 13
012173 39
012200 16
012273 37
012371 13
012475 19
013103 14
013110 13
013203 9
013204 12
013206 19
013209 36
013301 40
013302 10
013303 19
013305 10
013306 16
013307 37
013317 16
013321 31
013326 16
013329 28
013330 0
013335 16
013337 19
013413 13
013427 22
013433 28
014210 13
014211 19
014270 37
014310 0
014311 25
014322 34
014323 25
014324 16
014370 37
014371 28
014381 34
014382 22
014401 25
014471 10
014481 28
014485 31
015101 31
016101 7
017101 28
017102 28
017111 40
017112 28
017210 19
018103 31
018111 8
018113 12
018125 34
018203 25
018211 37
018213 22
018231 34
018235 19
018271 41
018301 19
018335 13
018351 25
018353 22
018433 19
018435 16
018438 0
018467 31
019101 16
019103 13
019105 19
019106 41
019108 19
019111 22
019203 19
019205 36
019206 16
019208 16
019211 10
019221 22
019303 10
019311 22
019331 0
019361 28
019371 13
019373 16
019381 19
019411 25
019442 34
019471 0
019473 28
020101 12
020102 19
020211 22
020212 31
020231 25
020311 28
020321 19
020333 0
020341 25
020362 28
020363 13
021101 18
021102 7
021203 7
021270 25
025108 19
025110 22
025310 0
025480 19
026101 18
026102 31
026111 41
026112 28
026201 31
026271 31
029701 16
029711 28
050100 7
050103 39
050104 6
050106 33
050111 10
051302 31
051304 40
051306 41
051313 10
051412 28
051418 19
052201 22
052202 28
052314 40
052350 13
052352 22
052357 28
052400 37
052419 31
052443 22
052445 19
052447 1
052725 16
055701 28
055706 1
055707 19
055771 1
055797 16
057121 27
057122 27
057123 6
057125 21
057126 11
057127 29
057128 15
057129 23
057130 24
057131 18
057132 26
057133 30
057134 34
057135 31
057137 6
057138 0
057139 36
057140 31
057201 13
057205 40
057215 31
057274 25
057279 24
057283 13
057284 10
057285 34
057288 25
057293 28
057294 28
057300 22
057302 25
057305 18
057351 10
057366 31
057403 1
057405 16
057410 10
057411 40
057420 34
057425 40
057426 19
057428 0
059419 37
061106 25
061201 28
061223 19
061306 13
061307 16
061312 16
061313 19
061317 31
061401 25
061403 10
061404 22
062342 31
062343 13
062344 31
062345 28
062346 19
062360 13
062380 34
062411 25
062452 34
062460 4
062470 34
063703 16
063813 28
064207 10
064231 28
064251 28
064281 31
064291 37
064301 13
064303 22
064410 37
064412 13
064417 28
064418 4
064424 39
064474 28
065210 28
065212 34
065310 31
065320 16
065332 22
065421 31
065434 34
065435 16
065436 22
065437 10
065797 28
065799 28
066221 28
066323 7
066410 10
066414 34
066425 31
066755 16
067202 22
067303 40
067311 10
067372 28
067373 10
067432 10
070301 16
070303 28
070304 31
070305 19
070308 34
070400 4
070401 25
070403 13
070404 10
070410 22
070411 13
070415 22
070416 22
070720 1
070721 19
070726 16
070727 16
070731 28
070792 28
071412 25
071413 22
071414 34
071420 37
071422 28
071423 4
071425 22
071712 19
071811 16
074100 37
074101 33
074414 25
076314 25
076414 25
076425 25
076427 28
076428 12
076429 4
076444 0
076466 4
078444 17
078454 3
079444 24
088708 28
091800 28
099101 16
099102 40
100102 22
100103 19
100104 41
100105 16
100109 22
100110 4
100111 4
100112 10
100206 28
100207 10
100208 21
100209 16
100210 22
100211 0
100212 19
100213 19
100218 25
100219 12
100220 28
100225 31
100226 28
100281 0
100306 1
100307 9
100308 3
100309 13
100310 19
100501 7
101100 10
101105 34
101201 22
101211 19
101400 22
101405 25
103112 31
103191 31
103271 38
104200 22
104201 13
104300 41
104301 28
104340 19
104410 37
104424 28
104495 34
105304 13
109100 20
109115 33
112101 22
112102 19
112103 28
112108 22
112201 28
112203 19
112213 34
112300 19
112411 25
112412 34
115200 19
115301 0
115302 31
116400 28
126101 22
126216 10
126321 33
126330 1
126333 22
126334 25
126428 22
126432 16
126443 28
127100 13
127101 10
127203 19
127204 22
127207 28
127303 28
127312 0
127314 34
127315 28
127316 13
127329 25
127337 25
127711 1
127717 19
127718 16
127719 28
128100 12
128101 40
128202 6
128203 19
128204 33
128307 0
128309 28
128334 25
128352 22
128354 19
128403 3
128701 1
128710 19
128730 16
128740 28
128762 28
140101 31
140102 19
140105 6
152321 10
154104 13
154141 4
154151 24
154231 13
154262 25
154281 9
154311 22
154330 7
154340 28
154351 25
154353 40
154363 28
154375 1
154377 13
154388 10
154433 16
154443 1
154488 28
159100 22
159101 33
159151 34
159203 28
159221 19
159302 22
159303 28
159305 25
159332 16
159356 28
159362 34
159403 0
159411 37
159412 16
159431 31
160341 12
164200 1
164341 19
168101 16
168410 16
176100 31
176101 13
176104 37
176220 10
177103 7
177214 21
177215 10
177216 2
177217 25
177242 25
177281 7
177283 4
177285 28
177321 22
177330 22
177336 1
177341 10
177361 7
177393 34
177404 16
177414 28
177427 28
177430 28
177434 13
177446 19
177447 4
177450 31
177465 16
177467 1
177481 28
177494 28
179403 28
201100 29
201110 41
201114 37
201115 8
201116 17
202100 24
202101 16
202141 33
202143 10
202145 28
202184 3
202231 31
202260 19
202310 28
202311 13
202332 34
202334 31
202342 25
202361 0
202371 22
202410 19
202434 16
202438 16
202443 16
202473 25
202474 34
202477 16
202495 22
202737 19
202765 28
202773 19
202776 28
202783 16
202833 25
202844 22
202848 28
203100 31
203103 37
203111 10
203116 19
203151 10
203162 7
203201 10
203203 1
203204 10
203206 10
203207 10
203208 28
203209 38
203222 25
203226 25
203231 33
203235 36
203236 31
203255 1
203300 22
203303 37
203315 19
203323 41
203324 0
203331 19
203332 7
203333 16
203351 25
203352 41
203475 0
203705 28
203709 16
203713 0
203714 16
203716 28
203723 16
203732 28
203736 0
203739 16
203743 16
203753 22
203803 31
203807 0
203821 0
203828 28
203879 19
204100 31
204101 19
204111 19
204202 0
204211 1
204216 22
204217 28
204231 19
204321 25
204325 31
204335 22
204341 22
204361 0
204363 0
204365 31
204381 0
204383 28
204432 19
204442 28
204451 33
204453 19
204471 4
204721 19
204725 28
204735 16
204764 28
204891 28
205100 40
205103 31
205104 1
205105 0
205235 37
205239 19
205275 33
205303 37
205337 25
205355 0
205393 34
205441 16
205461 28
205765 0
205805 28
206100 37
206101 21
206103 28
206107 3
206108 0
206111 28
206113 10
206161 10
206171 25
206181 28
206191 10
206203 13
206207 19
206211 12
206216 25
206217 41
206254 28
206261 22
206267 7
206281 9
206300 28
206321 19
206324 16
206325 36
206327 34
206328 4
206331 0
206335 16
206336 40
206341 3
206355 37
206362 13
206370 22
206381 16
206412 28
206432 19
206436 7
206437 28
206441 25
206457 0
206470 34
206705 16
206707 19
206713 28
206717 16
206720 16
206726 19
206738 16
206739 28
206743 16
206753 16
206785 28
207100 40
207103 19
207105 19
207106 28
207107 34
207109 21
207110 28
207115 4
207117 19
207123 8
207131 6
207135 13
207171 41
207173 22
207183 10
207187 3
207203 28
207205 34
207208 22
207213 34
207308 10
207310 16
207313 1
207323 34
207348 25
207401 34
207403 16
207406 41
207419 19
207422 28
207455 19
207458 28
207463 28
207701 0
207703 19
207705 16
207711 28
207808 28
208101 26
208140 13
208150 4
208263 32
208270 9
208271 0
208280 33
208321 25
208329 28
208343 31
208348 19
208383 16
208425 25
208439 31
208440 16
208469 0
208711 0
208760 19
208761 16
208770 28
208871 16
208872 28
209201 28
209251 25
209301 10
209302 0
209303 34
209331 22
209351 31
209358 13
209361 4
209368 25
209375 13
209451 31
209453 0
209461 16
209463 28
209483 16
209485 28
209705 31
209707 0
209771 19
209773 22
209779 16
209785 28
210201 25
210202 0
210204 22
210343 13
210351 19
210383 4
210425 19
210433 28
210434 31
210445 28
210485 28
210703 0
210704 19
210705 16
210707 28
210731 19
211100 35
211311 0
211315 10
211319 23
211440 28
211443 16
211702 19
211889 28
212701 0
212703 16
212711 28
212741 19
213706 28
213707 16
213711 28
213714 19
214100 4
214261 18
214312 4
214341 25
214381 28
214401 34
214411 16
214414 0
214415 28
214430 19
214445 16
215205 6
215206 25
215207 22
215208 1
215302 16
215381 13
215411 37
215431 19
215734 22
215744 16
215752 19
215762 16
215782 0
215785 28
216781 16
217701 19
217703 16
217707 28
217726 16
217775 28
217781 28
218100 28
218101 16
218233 25
218235 22
218321 0
218323 25
218351 34
218471 31
218474 0
218475 16
219720 28
219731 19
220703 28
226701 28
226702 28
226709 28
226710 16
229123 15
229323 13
251211 9
251213 36
251216 16
251261 12
251281 28
251312 19
251313 16
251333 1
251361 10
251363 1
251371 33
251372 27
251374 28
251384 31
251411 19
251437 16
251438 31
251439 34
251461 16
251475 28
251479 28
251701 31
251702 1
251703 28
251711 31
251714 1
251715 19
251717 16
251718 31
251745 19
251751 1
251752 19
251757 16
251758 31
251776 31
251783 1
251785 19
251790 28
252201 33
252211 0
252232 41
252282 24
252283 37
252285 1
252286 36
252301 3
252302 25
252317 19
252320 34
252322 37
252325 10
252327 28
252330 1
252342 34
252363 21
252420 22
252421 31
252425 16
252427 13
252439 16
252444 31
252450 19
252460 4
252498 34
252702 19
252708 19
252711 16
252719 1
252724 16
252725 19
252752 31
252785 1
252789 1
252791 28
253303 16
253314 37
253315 25
253432 19
253455 16
253456 28
253481 10
253701 19
253717 16
253722 28
253732 1
253734 16
253736 31
253747 19
253748 31
253752 28
253754 1
254181 0
254205 16
254206 10
254211 36
254215 24
254216 28
254222 10
254231 12
254232 31
254252 18
254282 3
254302 37
254325 0
254333 34
254372 21
254373 19
254421 40
254426 7
254436 28
254439 16
254441 31
254451 4
254456 22
254457 34
254459 10
254461 31
254471 19
254473 16
254494 22
254496 25
254700 19
254702 31
254703 28
254710 16
254734 28
254770 31
254804 1
254872 16
254875 1
255201 18
255215 13
255251 33
255290 16
255300 10
255320 12
255321 41
255330 34
255359 0
255415 28
255417 16
255420 28
255422 16
255424 16
255431 4
255432 19
255434 28
255438 16
255449 16
255454 19
255455 28
255460 16
255462 28
255471 28
255492 16
255722 1
255734 28
255750 31
255752 19
255758 28
255764 31
255766 19
255770 16
255771 16
255772-001 19
255772-801 16
255772-803 1
255772-804 19
256100 7
256212 19
256271 28
256281 25
256316 19
256333 0
256373 16
256384 22
256412 31
256418 28
256441 19
256457 28
256462 31
256473 28
256700 16
256751 28
259103 40
259104 25
259106 16
259107 10
259108 6
259109 28
259201 2
259203 0
260312 28
260701 22
260705 16
260709 28
260716 31
260718 19
260772 1
261103 28
261111 30
261200 37
261210 9
261212 3
261216 34
261217 6
261304 16
261305 28
261335 31
261336 28
261342 40
261343 36
261361 1
261405 4
261434 25
261447 28
261456 1
261457 16
261458 13
261469 19
261473 19
261497 19
261701 19
261702 16
261706 28
261739 28
261746 16
261754 1
261769 16
261781 1
261791 28
261792 16
263701 19
263702 16
263720 1
263760 28
263771 1
264701 31
264706 1
264710 16
264741 19
264789 16
264791 28
266702 28
268721 28
269101 28
269102 34
269111 19
269200 25
269201 13
269202 34
269340 4
269430 22
269462 34
269470 16
269494 1
270701 16
270702 28
270711 19
270712 16
270791 19
301254 13
305202 1
311352 10
318322 1
318351 19
320351 28
321251 28
324703 28
328310 1
328313 22
330110 9
330111 4
351100 9
351200 16
351201 19
351202 41
351301 19
351302 34
351321 6
351331 10
351410 34
351425 19
351441 16
351442 1
351451 28
351463 4
351466 22
352103 6
352301 41
352311 25
352321 31
352323 22
352421 19
352422 37
352431 1
353301 40
353311 0
353421 1
353431 34
353451 25
353452 28
354311 19
356100 18
356101 20
356102 17
356202 28
356210 22
356212 13
356261 1
356303 6
356304 28
356312 34
356361 19
356411 16
356416 40
356432 25
356477 13
357110 15
357210 3
357322 13
357325 34
357360 34
357417 16
357441 22
357491 1
359202 20
359203 28
359204 28
359206 16
359301 28
359311 1
359380 16
359405 4
359409 34
359410 19
359413 34
359421 7
359465 34
360100 14
360210 19
360301 31
360304 28
360402 16
360403 16
360423 25
360460 22
361210 3
361211 34
361301 13
361321 28
361351 25
361453 16
361471 28
362211 17
363210 4
365201 31
365211 25
365321 4
365421 13
365427 28
365428 10
365431 34
368200 1
368317 10
368431 13
400110 30
400211 21
401382 1
403382 16
406385 22
406395 31
409281 25
409292 34
411281 4
411291 22
415291 31
420281 1
421281 19
421291 16
421385 25
421395 13
423382 34
428382 4
461100 7
461170 5
461471 34
461511 1
461523 19
461526 10
461527 13
461529 28
462130 36
462151 24
462505 19
462523 16
462541 22
462586 28
462587 22
462588 16
463251 33
463311 4
463331 1
463341 19
463353 25
463402 25
463433 19
463455 34
463491 37
463503 19
463504 7
463545 13
463556 0
463558 19
464301 10
464311 22
464341 34
464401 22
464413 4
464441 10
464443 28
464444 1
464445 1
464501 34
464502 22
464503 4
464508 28
464509 28
464510 25
464541 1
464542 10
464546 28
464549 13
501301 28
501302 22
502211 22
504302 19
506303 31
506361 0
508203 9
508303 16
510201 37
510202 1
510411 19
510414 16
510415 31
510417 1
512303 0
513111 34
513114 40
513223 7
513224 34
513283 19
513315 34
513324 28
513328 7
513363 10
513371 19
513412 31
513429 1
513445 19
513451 16
513471 28
514211 19
514241 1
514317 28
514323 13
514335 19
514341 37
514343 0
514381 34
514383 7
514395 22
514397 10
514466 28
515201 34
515250 28
515307 10
515312 28
515334 7
515361 34
515364 19
515376 4
515403 19
515455 16
515490 28
551311 10
552216 10
552217 22
552222 10
553312 19
554314 16
555313 22
556311 31
558431 28
561312 28
562211 19
571115 25
601201 22
601302 19
601321 25
601341 28
601344 6
601351 22
601422 19
601452 13
601456 37
601462 28
601702 1
601731 19
601742 28
601758 28
601765 1
601767 16
602100 15
602102 30
602103 41
602111 19
602211 0
602315 19
602321 16
602322 1
602431 19
602432 16
602441 28
602464 16
602731 28
602753 16
602761 16
603211 19
603322 37
603332 28
603352 25
603371 34
603421 1
603441 28
603711 19
603723 16
603731 28
604304 3
604305 25
604312 16
604313 34
604351 22
604352 40
604412 31
604414 1
604416 16
604422 28
604451 19
604715 16
605201 34
605204 13
605301 34
605313 1
605314 1
605321 25
605322 4
605341 28
605412 22
605432 31
605444 1
605445 16
605461 28
605701 16
605702 28
605717 28
605741 19
605745 16
605751 16
606231 34
606242 1
606244 22
606263 13
606343 10
606362 34
606363 13
610114 19
651105 25
651109 1
651120 4
651210 19
651311 28
651312 13
651315 1
651316 19
701101 7
701181 28
701182 22
701183 1
701201 7
701211 34
701281 22
701295 16
701313 22
701321 7
701331 1
701341 34
701342 10
701344 25
701407 1
701425 19
701455 16
701494 22
702100 6
702101 12
702205 4
702211 30
702213 41
702312 40
702316 19
702317 7
702318 22
702341 13
702351 0
702411 31
702416 16
702431 28
703103 16
703202 37
703243 25
703244 3
703305 28
703308 8
703309 1
703310 19
703311 22
703322 27
703323 16
703324 28
703330 41
703331 16
703391 25
703404 19
703412 4
703447 16
703454 22
703498 28
705191 37
705211 39
705311 40
705328 41
705329 1
705331 33
705342 28
705351 10
705437 31
705438 24
705440 16
705441 33
705442 10
705444 9
705446 22
705447 28
705461 16
705493 34
751100 22
751101 15
751102 15
751106 22
751202 37
751209 34
751301 24
751302 25
751303 19
751305 21
751308 15
751309 16
751321 28
751326 28
751327 19
751330 31
751345 25
751401 31
751403 22
751405 36
751408 4
751417 34
751419 13
751425 16
751428 13
751441 28
751443 12
751447 19
751451 7
751701 16
751702 28
751703 19
751704 1
751705 1
751706 16
751708 28
751710 1
751712 31
751716 19
751718 4
751726 19
751734 19
751742 22
751743 31
801100 36
801201 9
801225 19
801235 28
801324 10
801331 34
801333 13
801334 22
801336 7
801421 0
801471 34
801481 10
803121 19
803123 4
803231 19
803331 25
851100 41
851104 5
851105 28
851108 12
851200 22
851201 19
851202 6
851204 10
851205 16
851243 19
851251 31
851262 9
851273 1
851305 40
851309 7
851313 0
851343 13
851344 33
851345 22
851360 33
851362 13
851367 34
851372 34
851375 19
851400 28
851404 28
851406 24
851407 13
851462 3
852101 10
852102 19
852103 22
951100 40
951102 3
951106 19
951125 1
951203 31
951302 1
951323 25
951331 34
951344 1
951348 19
951352 28
951497-020 22
951497-021 31
953103 34
953111 28
953211 19
953212 28
953233 25
953261 34
953321 1
953322 34
953331 22
953361 13
953421 16
953494 4
954100 34
954140 34
954143 10
954170 21
954246 19
954326 40
954370 3
954374 7
954410 28
954413 31
954416 9
954426 1
954443 19
954449 34
954462 13
954471 22
954477 19
954491 16
954498 28
955102 10
955103 4
955104 34
958111 22
