001101 4
001102 1
001112 28
001118 26
001201 4
001202 7
001210 28
001212 37
001218 34
001222 0
001223 7
001224 2
001225 10
001226 0
001227 2
001228 0
001229 0
001230 31
001231 13
001234 0
001250 3
001281 37
001291 4
001292 19
001310 4
001311 7
001312 7
001314 6
001315 1
001320 37
001321 28
001323 25
001330 4
001341 16
001342 22
001352 19
001355 4
001361 16
001362 28
001391 13
001410 16
001440 25
001445 13
001463 37
001472 16
002102 19
002111 22
002191 33
002202 0
002230 16
002260 34
002302 19
002321 25
002362 13
003102 19
003191 18
003202 19
003213 13
003261 25
003454 37
004465 4
004472 25
004474 31
004476 22
006103 28
006226 37
006241 16
006253 10
006307 10
006325 22
006443 37
006448 16
008314 25
008402 37
008411 16
009103 34
009213 22
009232 13
009254 0
009301 37
009327 37
009344 37
009355 13
009358 25
009363 16
011100 18
011101 10
011153 33
011154 36
011156 9
011157 37
011251 18
011257 18
011268 34
011269 9
011276 13
011277 39
011278 4
011358 0
011367 16
011457 31
012173 24
012200 34
012271 33
012272 37
012374 22
013103 12
013110 13
013203 22
013204 33
013206 40
013207 19
013208 13
013209 25
013216 10
013301 16
013303 13
013305 0
013314 10
013337 13
013413 25
013425 37
013431 16
013432 37
013433 10
014210 28
014211 22
014270 10
014310 19
014311 19
014370 16
014371 28
014390 0
014401 37
014410 37
014423 10
014471 4
014481 40
015101 19
015102 37
016101 31
017101 28
017102 16
017111 22
017201 37
017231 16
018104 37
018111 16
018112 18
018114 19
018126 19
018204 37
018271 22
018323 19
018332 34
018352 37
018372 25
019101 7
019104 25
019105 25
019106 30
019112 19
019204 0
019205 19
019206 37
019211 25
019212 4
019221 37
019222 34
019332 19
019351 25
019362 13
019371 16
019382 10
019441 37
020101 13
020102 40
020211 16
020212 13
020231 37
020232 37
020261 19
020341 16
021101 21
021102 10
021203 16
021204 16
021270 37
024752 37
025110 16
025381 37
025481 16
026101 14
026102 19
026111 28
026112 37
026201 16
050100 25
050103 18
050104 16
050106 29
050112 16
050113 33
051300 19
051302 16
051304 16
051306 7
051310 37
051313 13
052201 25
052203 13
052310 16
052323 37
052331 13
052351 7
052353 31
052355 19
052417 16
052422 40
052442 37
052449 19
052466 25
057121 32
057122 31
057123 3
057125 31
057126 11
057127 28
057128 36
057129 27
057130 0
057131 8
057132 5
057133 28
057134 37
057135 10
057136 4
057137 37
057138 33
057205 19
057213 40
057276 31
057283 13
057286 34
057287 22
057289 28
057290 13
057295 16
057297 19
057298 37
057301 16
057302 37
057305 40
057316 13
057366 40
057404 19
057407 0
057425 37
057428 28
059405 37
059419 34
061103 31
061106 37
061201 37
061205 7
061223 4
061306 13
061312 9
061313 28
061317 16
061401 28
061403 19
061430 13
062320 22
062341 7
062342 28
062343 28
062344 28
062345 19
062346 10
062360 19
062380 25
062411 10
062452 16
062460 19
062470 13
064202 13
064204 16
064207 16
064272 37
064273 4
064303 28
064410 13
064413 10
064417 25
064418 37
064422 37
064424 4
065120 34
065121 9
065211 19
065212 25
065311 4
065333 10
065420 37
065795 16
065797 37
065799 37
066222 37
066324 10
066412 19
066416 37
066426 25
067201 22
067203 10
067311 25
067371 4
067433 10
067435 7
067436 13
067491 16
067492 37
070100 19
070200 34
070301 37
070303 19
070304 25
070305 16
070308 13
070400 16
070403 10
070404 13
070410 37
070411 37
070413 6
070414 37
070415 37
070416 13
070711 16
070726 16
070740 37
070741 37
070792 37
071412 16
071413 28
071414 37
071415 10
071417 19
074100 15
074101 36
074201 10
076312 19
076314 37
076414 37
076426 37
076427 16
076428 7
076429 0
076444 37
076466 7
078444 21
078454 19
079444 13
099101 6
099102 9
100104 31
100105 25
100106 15
100107 41
100108 41
100205 1
100206 0
100207 15
100208 25
100209 34
100211 3
100306 34
100307 37
100308 12
100309 2
100310 22
100501 34
101201 37
101202 31
101205 28
101325 16
101490 34
103112 16
103271 31
104100 37
104302 37
104310 16
104320 34
104327 16
104334 37
104450 10
104490 37
109100 10
109114 40
112101 13
112105 19
112106 25
112109 16
112202 37
112205 37
112321 13
112322 16
112406 37
112424 16
115200 10
115300 25
115301 13
116301 22
126101 3
126102 22
126212 16
126213 6
126214 4
126325 10
126326 16
126328 25
126331 0
126332 13
126431 37
126436 13
126442 16
127100 15
127101 30
127202 21
127204 13
127205 36
127303 37
127313 33
127330 36
127359 37
127411 22
127412 25
127414 16
127716 13
127720 16
127721 37
127726 25
128100 15
128101 33
128201 16
128304 36
128305 4
128306 19
128308 27
128310 37
128351 13
128355 13
128423 19
128427 25
128434 16
128443 25
128700 25
128727 13
128734 16
128751 37
140104 10
152211 13
152301 37
152331 25
154104 26
154141 10
154152 19
154153 13
154173 37
154181 25
154251 19
154276 13
154281 16
154301 37
154330 37
154340 13
154363 16
154385 13
154431 25
154457 13
154481 13
159100 8
159101 34
159102 28
159151 7
159202 19
159204 4
159231 19
159331 37
159332 16
159401 37
159411 16
159412 13
159431 37
159434 28
160242 16
164261 16
168335 16
176100 31
176101 30
176104 16
177104 19
177113 25
177114 28
177141 6
177142 31
177181 40
177215 12
177217 6
177227 19
177228 10
177229 15
177300 16
177321 28
177332 13
177335 7
177341 25
177362 0
177443 25
177460 37
177463 25
177471 16
177472 13
177483 16
177491 16
179443 37
201100 10
201110 33
201114 19
201116 14
201117 7
202100 6
202101 33
202102 6
202147 41
202231 39
202302 37
202303 19
202305 19
202356 4
202362 37
202371 31
202405 34
202421 13
202446 37
202471 0
202475 16
202476 16
202484 16
202701 37
202731 37
202736 16
202744 37
202749 37
202775 13
202776 16
202803 16
202833 37
202849 37
203100 38
203104 16
203108 19
203111 20
203113 21
203114 27
203131 16
203132 37
203151 34
203152 41
203154 39
203158 3
203159 22
203162 37
203202 19
203203 21
203204 4
203206 30
203207 15
203208 34
203209 24
203211 4
203222 28
203223 12
203226 28
203232 30
203236 21
203250 28
203287 22
203316 19
203351 25
203459 25
203715 16
203719 25
203721 13
203725 16
203726 16
203734 13
203735 25
203749 13
203752 25
203754 37
203775 25
203812 13
203825 25
203829 37
203833 37
203879 16
204100 22
204101 28
204113 3
204202 16
204211 37
204217 7
204232 1
204251 22
204306 28
204315 6
204333 10
204355 19
204362 1
204382 19
204422 22
204423 25
204424 37
204441 37
204443 37
204452 13
204482 13
204483 25
204490 16
204725 25
204728 37
204755 16
204792 13
204891 37
205100 0
205103 13
205105 22
205216 30
205232 19
205244 40
205252 22
205282 1
205324 25
205344 13
205358 19
205382 16
205731 13
205742 16
205796 37
206100 37
206101 40
206103 41
206104 41
206111 39
206112 37
206113 16
206161 26
206162 21
206171 6
206172 24
206181 7
206182 16
206191 16
206211 25
206216 1
206217 3
206253 22
206255 37
206261 0
206266 37
206267 13
206281 33
206313 19
206321 16
206324 37
206325 22
206327 13
206331 37
206336 30
206341 0
206342 37
206355 16
206362 0
206364 7
206367 16
206368 0
206370 31
206421 25
206427 13
206428 28
206435 16
206437 37
206476 25
206481 19
206703 13
206722 25
206724 13
206725 16
206731 37
206737 16
206774 37
207100 22
207104 18
207105 28
207106 39
207108 30
207109 34
207110 10
207116 12
207117 12
207118 4
207125 34
207137 3
207162 25
207172 28
207181 34
207187 17
207188 37
207191 10
207195 31
207214 34
207302 37
207305 22
207306 28
207312 28
207402 16
207448 19
207704 25
207706 13
207708 16
207712 37
207766 37
207794 37
208101 24
208140 4
208141 40
208150 37
208263 19
208264 19
208271 40
208272 34
208322 22
208345 40
208346 25
208353 31
208362 37
208373 10
208384 37
208423 25
208444 16
208446 13
208460 13
208738 13
208772 16
208774 37
209203 16
209204 25
209252 34
209253 41
209262 1
209263 19
209270 37
209271 31
209272 4
209352 28
209370 19
209376 16
209382 37
209456 10
209466 19
210200 31
210207 7
210221 1
210251 25
210276 4
210315 16
210331 19
210355 13
210432 25
210448 37
210463 25
210702 16
210705 37
210743 25
210745 25
210748 13
210789 13
211100 39
211315 40
211319 25
211341 37
211342 19
211444 37
211709 16
211889 37
213708 37
213717 13
213718 25
213763 16
214100 37
214301 16
214310 22
214340 28
214341 10
214352 13
214412 13
214491 37
215205 6
215206 19
215207 25
215208 13
215303 37
215312 1
215313 19
215401 37
215482 25
215711 16
215741 13
215742 16
215743 37
215781 37
215783 13
217705 13
217708 16
217752 37
217773 37
218100 12
218234 22
218236 37
218244 19
218262 4
218352 10
218362 25
218372 13
218382 16
226703 13
226709 37
226710 16
226789 37
229123 19
229223 16
251100 10
251211 34
251213 13
251216 7
251242 16
251261 22
251292 4
251312 13
251333 10
251334 19
251342 16
251361 37
251363 10
251371 19
251372 25
251399 28
251411 25
251434 37
251436 13
251452 19
251455 25
251456 16
251461 13
251477 16
251704 13
251707 37
251723 16
251724 37
251746 37
251748 16
251754 25
251760 37
251763 13
251765 16
251773 25
251781 13
252210 33
252212 28
252222 22
252235 16
252282 7
252283 15
252285 37
252311 1
252320 34
252331 36
252353 28
252402 25
252403 16
252404 37
252413 37
252420 25
252423 19
252427 37
252428 7
252429 4
252435 22
252440 13
252459 13
252460 13
252479 19
252489 37
252706 16
252714 25
252727 19
252755 13
252774 37
252781 25
252785 37
252789 37
252792 16
253215 16
253433 25
253441 16
253443 16
253451 13
253452 13
253454 37
253716 19
253721 16
253722 25
253725 25
253734 16
253747 37
253749 10
253752 19
253754 13
253791 13
254182 25
254200 7
254205 3
254206 36
254211 25
254215 24
254216 25
254222 41
254231 22
254232 22
254271 15
254282 37
254325 37
254334 28
254352 34
254362 31
254371 7
254373 1
254400 13
254411 13
254412 25
254415 13
254421 37
254423 7
254424 16
254435 19
254445 13
254451 16
254452 25
254453 16
254466 4
254476 16
254477 19
254478 37
254495 37
254701 37
254721 13
254733 13
254737 25
254771 16
254803 13
254817 16
254857 16
255210 18
255230 21
255301 28
255316 34
255323 13
255328 31
255337 22
255340 4
255422 37
255425 16
255427 25
255432 13
255437 16
255440 13
255447 16
255455 16
255497 37
255714 25
255735 13
255750 25
255766 16
255769 37
255772 37
255779 37
255783 19
256100 34
256271 28
256317 19
256318 4
256334 13
256382 37
256383 1
256462 16
259103 32
259104 4
259106 16
259107 24
259108 5
259193 6
259195 4
259200 13
259201 27
259203 31
259401 16
260704 37
260708 19
260712 25
260719 16
260791 13
261102 15
261111 11
261112 16
261113 16
261205 7
261207 6
261208 22
261214 31
261215 28
261218 1
261305 13
261306 19
261332 19
261342 7
261343 34
261361 25
261430 37
261433 1
261444 37
261446 37
261447 25
261448 16
261449 37
261465 25
261473 19
261494 37
261497 10
261499 16
261742 37
261745 37
261755 37
261763 16
261764 25
261793 13
261795 13
261796 16
263710 16
263721 25
263724 19
263745 19
263751 13
264702 25
264705 13
264755 16
264789 37
265706 13
265709 16
265710 37
266703 16
266801 37
268732 37
268735 16
268741 13
268742 25
269103 16
269105 37
269130 4
269210 19
269341 19
269360 13
269370 16
269421 10
269431 16
269497 19
270701 16
270702 37
305203 16
318322 34
329104 30
330112 16
351100 16
351201 16
351364 22
351371 16
351426 25
352103 7
352311 28
352314 10
352315 25
352331 13
352332 37
352401 19
352412 13
352413 16
352421 10
352422 19
352433 25
352441 37
353313 34
353431 37
353441 13
353471 37
355411 10
356100 40
356101 4
356102 6
356210 10
356261 16
356311 37
356331 22
356431 28
356432 16
356441 10
356442 13
356443 37
356449 37
356455 37
356472 16
356475 37
357101 13
357110 34
357210 27
357323 25
357360 13
357418 37
357442 10
357444 16
359202 22
359205 16
359401 16
359408 37
359431 16
359455 16
360100 25
360210 12
361210 19
361321 19
361322 19
361341 25
361421 25
361433 13
361452 16
361461 16
361475 37
362211 9
363210 28
365425 37
368211 13
368317 13
400110 33
400210 34
401281 19
401383 19
401391 16
403281 25
403383 28
406284 4
406294 22
406386 34
406396 31
408382 0
410381 10
413383 40
413391 4
415393 37
420282 28
421282 37
421292 16
421386 13
421396 25
422381 7
428281 13
428282 10
428381 1
428383 22
461170 33
461471 28
461472 13
461511 25
461521 13
461526 37
461551 19
461566 25
461584 37
462130 28
462412 13
462413 16
462414 19
462503 25
462587 37
462588 16
463201 16
463252 37
463331 10
463332 37
463342 13
463354 19
463506 13
463512 10
463513 28
463543 37
463544 19
463557 25
463559 13
463571 37
463592 34
464302 25
464312 16
464402 16
464403 4
464414 25
464442 10
464443 7
464445 13
464446 19
501201 19
501202 25
501305 28
501306 10
502313 25
502314 13
504202 10
504305 19
506202 13
508304 10
510306 16
512304 37
513113 19
513115 16
513212 37
513216 16
513217 19
513225 25
513284 13
513331 37
513343 19
513364 16
513373 25
513390 13
513446 37
514202 28
514206 10
514222 25
514244 13
514272 19
514322 13
514352 19
514358 16
514382 37
514384 37
515204 10
515205 25
515256 16
515257 37
515337 13
515362 16
515380 37
552216 13
552217 16
552232 13
554413 19
555312 25
557432 13
558101 24
558313 16
558441 37
562101 3
562211 37
601201 41
601202 9
601231 28
601242 25
601342 13
601346 16
601361 37
601423 25
601425 10
601454 19
601455 25
601724 37
601745 16
601775 37
602100 37
602102 37
602103 30
602111 16
602120 21
602121 6
602122 7
602301 37
602314 34
602421 28
602453 25
602454 16
602455 13
602461 13
602471 16
602722 16
602741 37
602751 13
603200 7
603231 4
603321 34
603396 37
603496 37
603725 13
603743 16
603751 37
604101 37
604211 4
604311 19
604314 36
604315 40
604411 13
604415 37
604423 25
604431 16
604455 16
605203 6
605302 22
605313 37
605315 10
605316 19
605331 25
605430 16
605701 16
605711 13
605719 37
605742 16
606211 13
606243 25
606245 37
606264 16
606310 4
606451 13
606452 37
610114 23
651211 25
651212 13
651231 7
651234 37
651313 10
651314 19
651317 37
651319 25
651416 13
651425 16
701100 3
701101 7
701181 28
701183 3
701202 22
701235 19
701243 13
701244 25
701283 10
701295 37
701310 37
701335 25
701341 28
701408 13
701423 16
702100 22
702101 33
702211 24
702213 25
702312 40
702317 9
702321 13
702331 31
702342 25
702354 16
702418 10
703103 16
703202 28
703204 34
703243 16
703244 19
703309 37
703311 16
703322 4
703324 22
703330 37
703331 30
703345 19
703351 4
703361 10
703413 37
703441 13
703499 16
705191 21
705211 17
705311 31
705328 25
705331 22
705332 22
705343 10
705351 4
705431 19
705438 37
705440 16
705441 28
705444 7
705446 16
705448 13
705492 13
705499 28
751100 7
751101 41
751102 22
751106 19
751202 38
751209 31
751301 7
751302 6
751303 19
751304 37
751305 37
751308 21
751309 37
751321 16
751326 4
751330 31
751345 13
751401 4
751403 25
751405 1
751408 22
751413 13
751418 16
751419 16
751421 16
751428 31
751440 10
751443 19
751701 19
751702 25
751703 16
751705 37
751706 25
751708 37
751710 10
751712 10
751716 19
751724 25
751728 10
751732 13
751734 16
751744 13
751745 13
751751 16
751752 13
801100 41
801122 13
801134 37
801201 16
801204 10
801233 13
801236 37
801241 19
801322 37
801371 16
803122 25
803124 13
803131 37
803230 16
803232 37
851100 3
851103 30
851104 9
851105 30
851200 10
851201 1
851202 37
851204 3
851205 33
851241 22
851261 28
851273 25
851305 0
851306 13
851309 22
851310 40
851341 0
851342 19
851344 16
851350 36
851363 9
851366 16
851371 16
851375 30
851400 34
851401 19
851404 25
851443 37
851445 37
851450 37
851467 37
951100 35
951106 27
951124 22
951202 37
951231 25
951321 19
951366 37
951421 13
951497 16
951498 37
953102 4
953104 13
953111 9
953201 19
953202 25
953214 16
953231 28
953232 22
953234 25
953323 16
953494 37
953495 13
954140 27
954141 30
954142 33
954240 31
954244 22
954310 9
954326 25
954340 40
954364 25
954371 22
954372 13
954373 16
954413 37
954420 13
954422 10
954423 16
954443 37
954472 37
954498 19
