001101 7
001102 1
001112 13
001118 7
001201 19
001202 28
001210 33
001222 0
001223 7
001224 4
001225 4
001226 4
001227 22
001228 7
001229 0
001230 28
001231 19
001234 16
001250 0
001291 19
001292 13
001310 12
001311 37
001312 10
001314 10
001320 4
001321 16
001323 7
001330 28
001341 31
001342 34
001352 13
001355 4
001361 13
001362 10
001410 7
001423 19
001440 16
001445 25
001447 13
001471 28
001472 19
002102 19
002111 13
002191 21
002192 34
002202 13
002230 28
002260 4
002302 13
002311 25
002321 34
002331 16
002362 4
002402 4
002441 7
002471 25
002472 16
003101 34
003102 40
003191 11
003202 37
003332 28
003414 34
003421 25
003436 16
003454 19
004282 13
004465 31
004470 4
004472 19
004474 22
004476 16
006103 33
006126 10
006226 16
006241 31
006253 25
006307 28
006326 28
006330 34
006349 25
006443 10
006448 37
006454 28
006475 4
008214 37
008314 4
008326 37
008402 4
008411 25
009103 33
009213 28
009234 4
009236 31
009254 25
009301 13
009344 19
009355 31
009356 25
009358 16
009363 3
009446 4
011100 39
011101 21
011151 34
011154 34
011156 40
011157 18
011251 9
011268 25
011269 24
011276 39
011277 37
011278 28
011355 22
011367 28
011457 0
011479 4
012173 9
012174 19
012200 15
012374 16
012475 0
013103 18
013110 16
013203 41
013204 31
013207 31
013208 13
013209 4
013216 16
013217 28
013301 0
013303 16
013306 18
013321 25
013335 34
013337 34
013410 4
013413 28
013428 13
013431 13
013432 4
013433 22
014211 25
014270 16
014310 25
014311 4
014323 10
014370 31
014371 37
014383 7
014401 10
014422 25
014423 4
014471 28
014481 16
014483 13
015101 30
015102 16
016101 19
016102 37
017101 19
017102 31
017111 19
017231 25
018104 31
018112 24
018114 0
018126 4
018204 13
018271 10
018323 25
018352 25
018372 28
018467 28
018471 19
019101 32
019104 28
019105 16
019106 34
019112 13
019204 19
019205 9
019206 34
019212 4
019222 31
019332 0
019351 4
019362 13
019371 28
019373 0
019441 25
020101 21
020102 3
020212 4
020231 19
020232 37
020261 13
021101 36
021102 22
021203 19
021204 37
021270 40
024752 28
025110 28
025310 4
025481 16
026101 17
026102 27
026111 0
026112 37
026201 15
029732 19
030101 6
050100 29
050103 6
050104 27
050106 21
050112 28
050113 40
051302 24
051304 22
051306 31
051310 34
051313 41
051418 37
052203 19
052310 13
052314 34
052323 16
052331 25
052350 31
052351 19
052353 1
052355 31
052400 4
052417 34
052419 25
052422 16
052442 13
052447 37
052448 28
052449 4
053713 28
054821 28
055702 25
055734 16
055739 19
055757 28
057121 19
057122 21
057123 4
057125 35
057126 15
057127 41
057128 27
057129 30
057130 24
057131 10
057132 34
057133 12
057134 34
057135 21
057136 38
057137 19
057138 10
057139 33
057213 15
057283 25
057286 34
057287 19
057290 28
057295 16
057297 7
057298 13
057301 16
057302 19
057305 1
057316 34
057366 7
057401 0
057404 4
057407 28
057411 34
057413 25
057419 34
057427 7
057428 13
059405 37
059419 41
061103 25
061106 15
061201 25
061223 34
061224 40
061306 19
061307 28
061312 34
061313 10
061403 22
061405 25
062200 25
062210 13
062320 28
062343 13
062499 37
063201 37
064204 4
064231 19
064331 37
064411 25
064412 28
064421 37
064422 19
064423 28
064424 28
064430 34
064474 34
065120 28
065121 19
065211 4
065212 25
065311 13
065320 28
065333 40
065420 4
065435 19
065436 25
065437 19
065438 19
065797 28
066222 25
066324 4
066412 19
066414 28
067201 28
067203 37
067311 4
067371 34
067433 28
067435 37
067436 34
067491 37
070200 10
070201 19
070301 28
070303 28
070305 37
070401 13
070411 4
070413 9
070414 34
070416 4
070792 28
071411 25
071412 28
071414 7
071415 25
071416 12
071418 16
071419 19
071420 37
071423 19
071426 28
073721 28
074100 26
074101 36
074414 16
076425 34
076426 25
076427 22
076430 19
076444 13
076466 10
078444 17
078454 19
079220 13
099101 19
099102 40
099103 19
100104 7
100109 41
100110 15
100111 13
100112 37
100207 34
100220 22
100222 18
100228 4
100229 31
100230 7
100231 0
100233 25
100307 28
100308 40
100309 31
100310 19
100311 3
100312 36
100313 25
100314 18
100501 15
101201 16
101202 37
101205 31
101325 10
101405 37
101490 4
103271 14
104100 25
104302 16
104310 19
104320 37
104327 19
104334 37
104340 28
104435 28
104471 28
104490 16
109100 9
109114 3
112101 19
112105 25
112106 37
112109 4
112202 28
112205 4
112303 28
112321 28
112322 19
112406 10
112424 28
115301 37
115401 25
116301 34
116302 40
126101 36
126102 37
126212 37
126213 31
126214 10
126324 41
126326 28
126328 25
126330 1
126332 31
126400 19
126431 37
126436 1
126442 16
127100 41
127101 6
127202 10
127205 0
127313 27
127329 22
127330 25
127332 13
127333 28
127359 16
127411 19
127415 13
127416 36
127424 16
127433 25
127492 1
127493 28
127716 16
127720 19
127721 25
127727 28
128100 17
128101 19
128201 28
128304 9
128305 0
128306 40
128308 27
128310 24
128401 25
128423 37
128425 30
128427 13
128434 28
128443 13
128445 37
128451 0
128471 3
128481 19
128484 10
128700 19
128714 16
128727 28
128734 25
140101 28
140102 7
140103 15
140104 4
140105 6
152211 13
152301 28
152321 19
152331 40
154100 10
154104 36
154141 13
154152 31
154153 34
154173 28
154181 19
154251 25
154262 13
154276 18
154281 9
154301 28
154330 10
154431 13
154479 19
154492 10
159100 40
159101 15
159102 3
159151 25
159202 25
159204 28
159331 37
159351 19
159411 7
159434 40
160342 28
164261 40
164341 10
168100 0
168101 3
168410 37
176100 12
176101 25
176104 18
177103 13
177104 31
177113 40
177114 25
177141 40
177142 13
177181 16
177220 40
177222 31
177227 25
177228 28
177229 16
177300 37
177321 20
177332 10
177335 1
177336 16
177341 2
177361 7
177413 4
177420 25
177425 13
177429 25
177430 28
177431 3
177433 31
177441 37
177447 1
177460 19
177464 13
177465 0
177466 28
177470 30
177483 15
177491 9
177494 19
177495 37
179404 10
179406 1
179443 34
201100 30
201110 34
201114 34
201116 18
201117 12
201190 4
202100 9
202101 13
202102 18
202147 19
202231 24
202302 37
202303 10
202305 3
202311 13
202356 31
202362 28
202371 1
202405 1
202421 25
202432 16
202446 25
202461 19
202471 40
202475 7
202476 34
202484 28
202731 28
202744 16
202749 19
202802 19
202833 28
202843 19
203100 8
203104 25
203108 13
203111 32
203113 24
203114 16
203131 3
203132 6
203151 13
203152 13
203154 31
203158 34
203159 34
203162 32
203202 13
203204 6
203206 40
203208 40
203209 25
203211 28
203222 10
203223 0
203226 0
203232 34
203236 8
203250 16
203287 25
203300 34
203304 40
203316 28
203351 16
203352 31
203404 19
203413 19
203424 37
203425 31
203435 28
203459 7
203474 25
203708 19
203715 16
203719 19
203721 16
203725 16
203734 19
203735 28
203754 28
203775 19
203812 28
203825 19
203829 28
203879 28
204100 10
204101 25
204113 13
204123 39
204202 25
204217 31
204232 13
204251 7
204306 18
204315 0
204320 40
204333 25
204355 25
204362 40
204382 37
204422 4
204423 34
204424 10
204425 6
204443 13
204456 16
204482 31
204483 28
204490 1
204725 28
204735 16
204792 19
205100 34
205103 3
205105 15
205216 28
205232 34
205244 0
205252 31
205282 7
205324 19
205344 16
205358 1
205382 13
205421 28
205441 19
205473 28
205476 25
205731 16
205742 19
205764 16
205789 19
205796 28
206100 26
206103 33
206104 15
206108 16
206111 27
206112 22
206161 28
206162 28
206171 28
206172 28
206181 16
206182 34
206191 13
206203 37
206216 13
206217 28
206253 16
206255 13
206261 7
206266 11
206267 28
206281 37
206311 37
206313 34
206321 7
206324 25
206327 13
206331 6
206336 1
206341 0
206342 31
206362 7
206364 37
206367 13
206368 25
206370 10
206428 25
206435 19
206437 22
206457 28
206476 31
206481 9
206703 16
206714 16
206724 16
206734 28
206736 19
206737 19
206774 28
207104 19
207105 3
207106 22
207108 40
207109 15
207110 13
207116 19
207117 40
207118 34
207125 4
207162 4
207172 25
207181 13
207187 16
207188 27
207191 3
207195 28
207214 19
207302 0
207305 7
207306 10
207312 19
207321 37
207402 34
207408 31
207415 25
207442 1
207448 28
207481 28
207704 16
207706 19
207708 28
207712 28
207766 28
208101 41
208140 31
208141 6
208250 19
208263 31
208264 19
208272 27
208322 0
208345 16
208346 25
208353 36
208362 34
208373 13
208423 13
208444 37
208446 0
208460 28
208738 19
208772 28
208873 28
209203 19
209204 7
209252 34
209253 1
209262 19
209263 25
209270 0
209271 28
209272 13
209322 19
209332 34
209341 7
209352 7
209370 28
209376 1
209382 13
209424 7
209452 4
209454 1
209456 16
209466 13
209486 25
209712 16
209714 19
209716 19
209772 28
209787 16
210100 34
210200 6
210207 34
210221 28
210251 10
210276 37
210315 16
210331 28
210355 25
210432 10
210435 16
210463 13
210497 28
210702 28
210717 19
210741 19
210743 16
210744 19
210748 19
211100 18
211303 4
211312 10
211315 9
211318 7
211319 12
211341 28
211342 19
211444 16
211445 16
211446 28
211448 13
211449 1
211709 19
211843 28
212712 16
212721 19
212731 28
213706 16
213707 19
213708 28
213717 28
214301 31
214310 7
214340 19
214341 19
214352 28
214403 37
214412 34
214431 25
214491 4
215205 25
215206 28
215207 25
215208 37
215303 34
215311 4
215312 1
215313 28
215314 13
215401 31
215462 25
215482 37
215495 28
215497 13
215711 28
215742 28
217705 19
217708 28
217773 16
218100 13
218234 34
218236 10
218244 25
218262 19
218352 34
218362 7
218372 16
218382 13
218474 4
218481 28
218496 7
219741 37
219753 28
219766 25
219789 19
225702 25
225704 16
225706 19
225707 28
226703 28
226704 28
226711 16
226805 28
229223 25
229351 13
251100 13
251211 0
251213 16
251216 37
251242 10
251261 40
251292 7
251312 34
251313 37
251333 28
251334 13
251342 19
251361 31
251363 4
251371 13
251372 28
251374 19
251399 28
251411 25
251417 13
251434 31
251436 34
251451 4
251455 10
251456 19
251457 16
251461 7
251476 6
251477 37
251704 25
251707 28
251713 28
251716 19
251723 25
251724 16
251746 16
251748 19
251754 25
251760 16
251763 19
251765 28
251776 25
251781 16
251784 19
252210 31
252212 36
252222 18
252235 13
252281 16
252282 24
252283 30
252285 30
252311 28
252320 28
252328 4
252331 16
252353 3
252401 13
252402 10
252403 25
252404 31
252413 28
252420 28
252421 25
252422 6
252423 31
252427 16
252428 34
252429 13
252435 1
252440 7
252442 7
252443 24
252448 16
252450 1
252456 19
252459 37
252460 22
252479 34
252489 31
252706 16
252707 25
252727 28
252785 25
252789 16
252792 19
253215 36
253318 28
253321 10
253332 34
253416 25
253417 28
253423 1
253433 19
253441 13
253443 37
253451 13
253452 25
253454 16
253716 16
253721 28
253725 25
253734 34
253735 25
253747 16
253749 37
253752 25
253754 19
253791 19
254182 10
254200 13
254205 35
254206 16
254207 34
254211 27
254215 0
254216 18
254222 16
254231 28
254232 37
254271 40
254282 13
254302 1
254325 37
254334 28
254352 24
254362 31
254371 18
254373 6
254400 25
254411 13
254412 34
254415 31
254421 1
254422 19
254423 16
254424 34
254435 13
254441 28
254443 19
254445 13
254451 37
254452 40
254453 3
254454 19
254466 1
254476 10
254477 25
254478 25
254495 37
254701 28
254702 28
254721 28
254733 25
254737 28
254791 25
254816 19
254817 16
254857 16
255201 10
255210 18
255230 0
255300 1
255301 3
255316 6
255323 37
255328 31
255337 24
255340 12
255393 19
255422 1
255425 34
255429 27
255430 13
255431 28
255432 15
255433 41
255440 37
255442 7
255444 31
255445 4
255447 25
255451 19
255455 9
255462 13
255463 0
255471 22
255492 25
255497 3
255499 0
255714 28
255735 19
255750 25
255751 34
255769 25
255772 25
255783 16
256100 5
256271 31
256317 10
256318 25
256334 6
256418 28
256419 16
256441 13
256444 19
256456 37
256473 25
256474 28
256791 28
259103 11
259104 35
259106 5
259107 40
259108 9
259193 33
259195 10
259200 37
259201 25
259203 27
259401 18
260313 25
260334 16
260416 28
260421 25
260432 34
260702 19
261102 13
261111 13
261112 41
261113 37
261205 13
261207 40
261208 3
261214 25
261215 0
261218 10
261305 37
261306 19
261332 12
261342 10
261343 13
261361 31
261421 28
261430 1
261433 25
261438 13
261444 16
261446 25
261447 10
261448 13
261449 6
261453 16
261465 19
261473 25
261479 25
261494 40
261497-002 34
261497-008 28
261497-802 16
261497-808 19
261499 34
261736 16
261738 25
261745 28
261751 25
261752 16
261755 19
261763 19
261781 25
261795 19
261891 25
263710 34
263721 28
263724 25
263745 16
263751 19
264702 16
264705 19
264709 28
264755 25
265706 16
265709 19
265710 28
266801 28
268732 28
268735 16
268741 19
269103 7
269105 16
269111 7
269130 19
269210 19
269341 16
269360 31
269370 37
269452 4
269498 37
270712 19
270721 16
305203 28
318322 12
329105 0
329106 30
330115 7
351100 40
351201 13
351302 10
351321 25
351364 6
351371 16
351425 37
351426 37
351464 25
352103 6
352311 37
352313 7
352314 0
352401 37
352412 13
352421 28
352422 25
352433 34
352441 4
353313 10
353418 4
353431 19
353441 25
353471 37
353482 19
354311 4
354312 28
355411 31
356100 12
356101 15
356102 36
356210 37
356261 37
356333 25
356361 16
356373 19
356374 28
356411 0
356414 28
356415 28
356416 16
356431 28
356432 37
356441 25
356442 37
356443 34
356444 31
356446 4
356447 7
356449 0
356451 4
356455 28
356471 31
356472 19
356474 25
356496 28
357101 39
357110 9
357210 15
357322 0
357323 37
357418 37
357421 34
357432 13
357441 28
357444 7
357446 28
359202 11
359205 19
359206 19
359302 40
359303 25
359305 28
359341 41
359350 19
359360 37
359380 25
359401 28
359403 34
359408 1
359422 13
359423 25
359452 37
359460 1
359461 31
359465 25
360100 41
360301 19
360304 25
360441 31
361210 18
361211 10
361214 28
361341 34
361413 25
361414 13
361421 28
361433 19
361442 28
361452 34
361461 37
361475 13
363210 37
363401 25
363402 25
365201 28
365211 34
365322 25
365324 34
365422 28
365425 25
365426 19
368211 37
368310 34
368412 4
368417 10
400110 30
400210 5
401281 13
401383 1
401391 13
403281 31
403383 28
406284 10
406294 37
406386 37
406396 16
408382 22
410381 4
413383 40
413391 7
415393 25
420282 34
421282 25
421292 16
421386 31
421396 10
422381 0
428281 19
428282 28
428381 19
428383 34
461170 25
461471 1
461472 25
461511 10
461523 28
461526 25
461527 7
461532 25
462130 35
462544 28
462587 7
462588 16
463201 16
463252 13
463331 19
463332 16
463342 10
463354 3
463433 10
463512 13
463513 28
463543 4
463544 25
463557 28
463559 19
463571 7
463592 19
464302 13
464312 37
464402 31
464403 34
464414 28
464442 13
464443 25
464445 4
464446 37
464500 25
464502 4
464504 13
464505 37
464506 19
464508 25
464545 19
464549 25
501201 25
501202 19
501305 19
501306 31
502313 4
502314 9
504202 37
504305 28
506202 31
508304 13
510306 37
512304 25
513113 4
513115 13
513212 16
513216 19
513217 37
513225 25
513284 13
513331 34
513343 19
513364 25
513373 28
513390 16
513411 19
513446 28
514202 19
514206 34
514222 37
514244 25
514272 1
514322 37
514336 28
514352 13
514358 4
514382 31
514384 16
514396 25
514398 19
514436 19
514462 4
514742 16
514752 19
515204 19
515205 28
515256 31
515257 13
515330 37
515337 4
515339 13
515362 34
515377 16
515378 19
515380 25
518724 28
518770 19
551461 19
552216 13
552217 37
552232 25
557433 28
558101 24
558411 37
558432 25
562101 31
562211 37
601201 18
601202 34
601231 4
601242 37
601342 28
601346 13
601351 37
601361 4
601423 7
601424 37
601431 13
601436 0
601452 25
601471 16
601472 34
601724 28
601731 16
601745 19
601769 16
601775 28
602100 33
602102 30
602103 6
602120 28
602121 10
602122 25
602301 25
602314 4
602421 37
602453 28
602454 10
602455 1
602461 13
602472 7
602741 28
602751 28
603200 13
603231 3
603321 37
603341 25
603396 4
603423 28
603496 13
603743 16
604101 19
604211 19
604311 4
604314 28
604315 0
604411 31
604415 4
604423 41
604431 7
604443 37
604454 25
605203 19
605302 10
605313 4
605315 13
605316 28
605321 37
605331 13
605340 4
605412 37
605413 25
605430 0
605476 28
605701 19
605711 16
605719 28
605742 19
606211 37
606243 34
606245 13
606264 4
606310 28
606341 34
606342 25
606344 16
606451 19
606452 28
610114 11
651210 13
651211 1
651212 13
651234 19
651306 13
651313 40
651314 25
651317 28
651319 4
651416 19
651425 13
701100 40
701181 33
701202 13
701235 37
701244 3
701283 20
701335 37
701408 19
701423 28
701496 28
702100 10
702101 2
702211 40
702312 40
702313 30
702317 4
702321 16
702331 28
702342 13
702354 1
702418 28
702443 1
702499 4
703103 38
703109 28
703202 19
703204 31
703243 24
703244 5
703309 1
703322 31
703324 41
703330 13
703331 37
703345 3
703351 28
703361 37
703413 31
703441 9
703499 1
705191 6
705211 22
705311 10
705328 28
705331 34
705332 34
705343 30
705431 16
705438 39
705440 31
705441 25
705442 1
705444 28
705447 37
705448 4
705499 37
751100 37
751101 31
751102 24
751106 30
751202 16
751209 31
751301 3
751302 37
751303 15
751305 13
751308 0
751309 0
751320 25
751326 4
751327 31
751330 10
751401 6
751403 13
751405 41
751408 18
751417 7
751418 19
751421 34
751422 16
751428 4
751440 28
751443 24
751701 19
751702 28
751703 16
751705 34
751706 28
751708 19
751716 34
751718 37
751719 37
751728 25
751734 16
751752 19
801100 23
801122 19
801134 37
801204 28
801233 31
801236 13
801241 4
801322 19
801334 37
801371 4
803122 19
803124 28
803131 13
803230 37
803232 25
803260 31
851100 15
851103 12
851104 18
851105 34
851201 7
851202 37
851204 37
851207 4
851241 13
851252 1
851253 13
851261 20
851263 13
851273 39
851305 24
851309 10
851345 1
851363 19
851366 37
851400 25
851404 3
851406 28
851407 18
851441 31
851462 1
851467 16
852100 25
951100 39
951231 16
951324 28
951344 4
951366 4
951421 13
951498-004 28
951498-007 25
951498-011 28
951498-015 28
951498-020 7
951498-021 34
953102 19
953111 11
953201 28
953202 28
953211 13
953214 1
953231 25
953232 37
953234 16
953323 19
953422 25
953494 31
954100 13
954140 21
954142 16
954143 37
954170 13
954240 15
954326 13
954340 7
954371 34
954374 4
954423 13
954462 25
954464 37
954472 16
954491-001 10
954491-002 16
954491-003 10
954498 4
955102 16
955104 19
