001101 1
001102 31
001111 9
001113 31
001201 1
001202 10
001210 3
001212 22
001218 28
001230 31
001231 13
001250 41
001291 6
001293 4
001310 21
001311 40
001312 7
001318 39
001320 34
001321 31
001323 19
001330 7
001342 37
001353 25
001354 3
001362 37
001381 22
001410 4
001423 16
001425 16
001443 25
001444 19
001445 4
001447 16
001461 16
002101 19
002110 37
002191 37
002192 7
002201 28
002211 7
002221 25
002250 19
002301 25
002333 37
002351 31
002361 4
002365 34
002401 25
002473 16
003101 30
003191 34
003201 19
003313 28
003320 37
003331 34
003367 25
004241 16
004282 27
004301 16
004303 0
004324 15
004432 4
004473 34
004475 22
004483 19
006103 6
006126 16
006206 28
006226 13
006242 4
006253 7
006303 22
006325 7
006326 19
006330 37
006344 34
006346 30
006355 16
006425 31
006426 4
006428 16
006443 34
006448 31
006454 25
008214 34
008303 19
008314 16
008411 16
008417 16
009103 16
009105 16
009212 28
009230 34
009231 7
009326 19
009328 16
009426 25
009431 16
009445 25
011100 27
011151 4
011152 39
011153 25
011251 23
011257 13
011259 37
011269 39
011276 30
011353 31
011356 13
011358 7
011362 37
011374 25
011461 34
011464 16
011479 10
012100 34
012173 29
012200 12
012273 37
012371 10
012475 34
013103 37
013110 10
013203 6
013204 28
013206 41
013209 19
013301 31
013302 18
013303 31
013305 34
013306 37
013307 27
013317 19
013321 13
013326 25
013329 16
013330 15
013335 19
013337 31
013413 16
013427 31
013433 25
014210 3
014211 34
014270 25
014310 9
014311 25
014322 31
014323 25
014324 34
014370 34
014371 16
014381 7
014382 34
014401 28
014471 40
014481 16
014485 19
015101 28
016101 7
017101 37
017102 37
017111 19
017112 16
017210 25
018103 31
018111 18
018113 30
018125 28
018203 37
018211 19
018213 25
018231 16
018235 22
018271 7
018301 16
018335 34
018351 25
018353 4
018433 16
018435 34
018438 37
018467 25
019101 20
019103 28
019105 7
019106 19
019108 37
019111 19
019203 25
019205 31
019206 28
019208 7
019211 34
019221 19
019303 28
019311 34
019331 22
019361 4
019371 22
019373 37
019381 37
019411 34
019442 31
019471 25
019473 16
020101 37
020102 19
020211 4
020212 16
020231 10
020311 4
020321 25
020333 37
020341 31
020362 13
020363 16
021101 21
021102 31
021203 16
021270 19
025108 37
025110 19
025310 37
025480 7
026101 27
026102 28
026111 6
026112 37
026201 25
026271 37
029701 25
029711 16
050100 4
050103 21
050104 31
050106 32
050111 7
051302 19
051304 31
051306 25
051313 37
051412 28
051418 31
052201 19
052202 30
052314 22
052350 37
052352 16
052357 25
052400 28
052419 7
052443 25
052445 34
052447 16
052725 25
055701 16
055706 31
055707 28
055771 31
055797 25
057121 36
057122 12
057123 39
057125 33
057126 26
057127 15
057128 5
057129 12
057130 17
057131 41
057132 9
057133 10
057134 19
057135 37
057137 25
057138 37
057139 7
057140 22
057201 22
057205 37
057215 4
057274 24
057279 10
057283 25
057284 4
057285 16
057288 28
057293 7
057294 28
057300 19
057302 16
057305 40
057351 7
057366 16
057403 40
057405 4
057410 22
057411 19
057420 7
057425 37
057426 34
057428 18
059419 15
061106 41
061201 34
061223 19
061306 37
061307 25
061312 25
061313 19
061317 30
061401 16
061403 7
061404 19
062342 19
062343 16
062344 37
062345 28
062346 4
062360 34
062380 16
062411 37
062452 34
062460 31
062470 34
063703 25
063813 16
064207 31
064231 4
064251 37
064281 34
064291 7
064301 31
064303 31
064410 7
064412 34
064417 16
064418 34
064424 30
064474 31
065210 31
065212 28
065310 7
065320 25
065332 33
065421 25
065434 7
065435 31
065436 28
065437 19
065797 16
065799 16
066221 19
066323 16
066410 41
066414 16
066425 28
066755 25
067202 19
067303 41
067311 4
067372 34
067373 37
067432 37
070301 7
070303 31
070304 7
070305 25
070308 28
070400 25
070401 31
070403 25
070404 19
070410 31
070411 28
070415 7
070416 28
070720 31
070721 28
070726 25
070727 25
070731 16
070792 16
071412 37
071413 19
071414 19
071420 41
071422 4
071423 16
071425 41
071712 28
071811 25
074100 6
074101 37
074414 31
076314 25
076414 25
076425 19
076427 34
076428 24
076429 28
076444 25
076466 31
078444 3
078454 22
079444 21
088708 16
091800 16
099101 16
099102 37
100102 4
100103 19
100104 30
100105 19
100109 31
100110 7
100111 19
100112 25
100206 34
100207 40
100208 19
100209 16
100210 19
100211 25
100212 34
100213 0
100218 40
100219 28
100220 39
100225 28
100226 31
100281 16
100306 4
100307 12
100308 9
100309 6
100310 21
100501 36
101100 7
101105 28
101201 16
101211 37
101400 25
101405 25
103112 28
103191 19
103271 0
104200 4
104201 7
104300 19
104301 37
104340 19
104410 34
104424 31
104495 37
105304 16
109100 24
109115 41
112101 19
112102 37
112103 28
112108 19
112201 7
112203 19
112213 37
112300 19
112411 28
112412 16
115200 19
115301 9
115302 4
116400 16
126101 19
126216 40
126321 16
126330 22
126333 37
126334 4
126428 33
126432 28
126443 41
127100 10
127101 7
127203 19
127204 28
127207 40
127303 10
127312 7
127314 22
127315 16
127316 3
127329 33
127337 34
127711 31
127717 28
127718 25
127719 16
128100 41
128101 40
128202 15
128203 13
128204 36
128307 33
128309 12
128334 4
128352 7
128354 16
128403 41
128701 31
128710 28
128730 25
128740 16
128762 16
140101 25
140102 16
140105 40
152321 37
154104 10
154141 7
154151 25
154231 7
154262 28
154281 31
154311 25
154330 16
154340 37
154351 28
154353 4
154363 16
154375 19
154377 31
154388 37
154433 25
154443 4
154488 19
159100 19
159101 37
159151 4
159203 25
159221 7
159302 19
159303 22
159305 34
159332 25
159356 28
159362 10
159403 25
159411 24
159412 25
159431 19
160341 40
164200 37
164341 25
168101 7
168410 25
176100 28
176101 10
176104 24
176220 7
177103 4
177214 7
177215 40
177216 19
177217 28
177242 34
177281 13
177283 16
177285 37
177321 37
177330 25
177336 18
177341 9
177361 31
177393 41
177404 22
177414 16
177427 16
177430 37
177434 34
177446 19
177447 16
177450 4
177465 25
177467 28
177481 16
177494 37
179403 7
201100 40
201110 29
201114 34
201115 5
201116 21
202100 40
202101 13
202141 3
202143 7
202145 10
202184 38
202231 30
202260 16
202310 16
202311 31
202332 34
202334 4
202342 22
202361 25
202371 19
202410 13
202434 31
202438 25
202443 28
202473 28
202474 16
202477 7
202495 19
202737 28
202765 16
202773 28
202776 16
202783 28
202833 25
202844 16
202848 16
203100 22
203103 11
203111 7
203116 7
203151 7
203162 4
203201 16
203203 3
203204 28
203206 7
203207 30
203208 37
203209 22
203222 13
203226 24
203231 41
203235 7
203236 28
203255 25
203300 19
203303 22
203315 16
203323 18
203324 7
203331 7
203332 4
203333 41
203351 37
203352 28
203475 31
203705 28
203709 31
203713 31
203714 28
203716 16
203723 28
203732 16
203736 31
203739 28
203743 28
203753 25
203803 34
203807 16
203821 31
203828 16
203879 25
204100 28
204101 24
204111 19
204202 22
204211 22
204216 25
204217 28
204231 33
204321 41
204325 25
204335 19
204341 22
204361 16
204363 7
204365 28
204381 16
204383 7
204432 7
204442 28
204451 25
204453 40
204471 13
204721 28
204725 16
204735 25
204764 16
204891 16
205100 22
205103 40
205104 6
205105 9
205235 16
205239 40
205275 41
205303 7
205337 40
205355 31
205393 34
205441 25
205461 16
205765 31
205805 16
206100 25
206101 25
206103 34
206107 24
206108 0
206111 25
206113 31
206161 7
206171 22
206181 28
206191 37
206203 9
206207 19
206211 37
206216 34
206217 9
206254 22
206261 19
206267 16
206281 4
206300 22
206321 15
206324 4
206325 7
206327 28
206328 31
206331 25
206335 31
206336 18
206341 41
206355 31
206362 25
206370 4
206381 4
206412 16
206432 25
206436 16
206437 37
206441 34
206457 19
206470 7
206705 25
206707 28
206713 16
206717 25
206720 25
206726 28
206738 25
206739 16
206743 25
206753 25
206785 16
207100 22
207103 13
207105 16
207106 31
207107 37
207109 20
207110 21
207115 13
207117 13
207123 16
207131 30
207135 28
207171 27
207173 19
207183 25
207187 37
207203 22
207205 10
207208 25
207213 31
207308 40
207310 18
207313 33
207323 22
207348 28
207401 15
207403 19
207406 4
207419 7
207422 25
207455 16
207458 37
207463 37
207701 31
207703 28
207705 25
207711 16
207808 16
208101 25
208140 16
208150 37
208263 40
208270 13
208271 2
208280 41
208321 27
208329 34
208343 19
208348 10
208383 34
208425 40
208439 16
208440 31
208469 25
208711 31
208760 28
208761 25
208770 16
208871 25
208872 16
209201 25
209251 12
209301 34
209302 31
209303 16
209331 37
209351 37
209358 4
209361 13
209368 28
209375 25
209451 31
209453 28
209461 25
209463 16
209483 37
209485 25
209705 34
209707 31
209771 25
209773 4
209779 16
209785 28
210201 28
210202 37
210204 19
210343 7
210351 37
210383 28
210425 37
210433 25
210434 34
210445 19
210485 31
210703 31
210704 28
210705 25
210707 16
210731 31
211100 33
211311 16
211315 11
211319 38
211440 25
211443 7
211702 25
211889 16
212701 31
212703 25
212711 16
212741 28
213706 16
213707 25
213711 16
213714 28
214100 37
214261 28
214312 25
214341 7
214381 19
214401 28
214411 25
214414 34
214415 4
214430 41
214445 24
215205 5
215206 34
215207 4
215208 19
215302 7
215381 31
215411 28
215431 4
215734 16
215744 28
215752 25
215762 28
215782 31
215785 16
216781 28
217701 28
217703 25
217707 16
217726 25
217775 16
217781 16
218100 30
218101 13
218233 40
218235 19
218321 34
218323 7
218351 16
218471 22
218474 19
218475 28
219720 16
219731 28
220703 16
226701 16
226702 16
226709 16
226710 25
229123 16
229323 28
251211 36
251213 24
251216 25
251261 7
251281 25
251312 18
251313 19
251333 31
251361 28
251363 7
251371 37
251372 15
251374 16
251384 25
251411 25
251437 16
251438 31
251439 41
251461 16
251475 19
251479 16
251701 34
251702 31
251703 16
251711 34
251714 31
251715 28
251717 25
251718 34
251745 28
251751 31
251752 28
251757 25
251758 34
251776 34
251783 31
251785 28
251790 16
252201 7
252211 41
252232 25
252282 10
252283 22
252285 41
252286 27
252301 21
252302 9
252317 0
252320 16
252322 12
252325 33
252327 16
252330 27
252342 24
252363 18
252420 25
252421 31
252425 7
252427 4
252439 19
252444 4
252450 34
252460 22
252498 10
252702 28
252708 28
252711 25
252719 31
252724 25
252725 28
252752 34
252785 31
252789 31
252791 16
253303 22
253314 16
253315 41
253432 28
253455 22
253456 31
253481 28
253701 28
253717 25
253722 16
253732 31
253734 25
253736 34
253747 28
253748 34
253752 16
253754 31
254181 28
254205 0
254206 24
254211 12
254215 4
254216 4
254222 34
254231 22
254232 7
254252 6
254282 13
254302 28
254325 16
254333 40
254372 31
254373 19
254421 28
254426 4
254436 13
254439 22
254441 7
254451 19
254456 37
254457 40
254459 25
254461 7
254471 9
254473 7
254494 19
254496 10
254700 28
254702 34
254703 16
254710 25
254734 16
254770 34
254804 31
254872 25
254875 31
255201 28
255215 6
255251 24
255290 16
255300 25
255320 0
255321 7
255330 40
255359 31
255415 37
255417 28
255420 22
255422 16
255424 7
255431 13
255432 4
255434 41
255438 16
255449 22
255454 19
255455 37
255460 31
255462 37
255471 7
255492 37
255722 31
255734 25
255750 34
255752 28
255758 16
255764 16
255766 31
255770 25
255771 28
255772-001 28
255772-801 25
255772-803 31
255772-804 16
256100 9
256212 16
256271 19
256281 34
256316 16
256333 25
256373 7
256384 19
256412 31
256418 16
256441 28
256457 16
256462 7
256473 19
256700 25
256751 16
259103 37
259104 22
259106 25
259107 35
259108 3
259109 34
259201 2
259203 9
260312 19
260701 4
260705 25
260709 16
260716 34
260718 28
260772 31
261103 31
261111 33
261200 37
261210 4
261212 15
261216 24
261217 10
261304 6
261305 22
261335 25
261336 22
261342 28
261343 13
261361 9
261405 31
261434 40
261447 28
261456 22
261457 7
261458 16
261469 19
261473 34
261497 19
261701 28
261702 25
261706 16
261739 16
261746 25
261754 31
261769 25
261781 31
261791 16
261792 25
263701 28
263702 25
263720 31
263760 16
263771 31
264701 34
264706 31
264710 25
264741 28
264789 25
264791 16
266702 16
268721 16
269101 37
269102 19
269111 30
269200 4
269201 16
269202 31
269340 34
269430 19
269462 34
269470 37
269494 28
270701 25
270702 16
270711 28
270712 25
270791 28
301254 22
305202 34
311352 40
318322 19
318351 28
320351 16
321251 16
324703 16
328310 28
328313 4
330110 8
330111 40
351100 8
351200 25
351201 16
351202 9
351301 37
351302 4
351321 0
351331 19
351410 16
351425 34
351441 37
351442 19
351451 25
351463 16
351466 7
352103 16
352301 10
352311 28
352321 40
352323 16
352421 25
352422 19
352431 25
353301 40
353311 4
353421 25
353431 37
353451 19
353452 37
354311 0
356100 17
356101 5
356102 14
356202 31
356210 19
356212 28
356261 16
356303 19
356304 28
356312 40
356361 25
356411 40
356416 34
356432 25
356477 37
357110 37
357210 16
357322 37
357325 13
357360 4
357417 34
357441 31
357491 16
359202 27
359203 28
359204 37
359206 19
359301 31
359311 4
359380 28
359405 19
359409 34
359410 15
359413 34
359421 25
359465 19
360100 34
360210 25
360301 19
360304 16
360402 37
360403 34
360423 25
360460 31
361210 13
361211 25
361301 16
361321 31
361351 37
361453 7
361471 16
362211 41
363210 18
365201 7
365211 37
365321 25
365421 16
365427 16
365428 34
365431 31
368200 10
368317 28
368431 34
400110 30
400211 18
401382 31
403382 25
406385 4
406395 34
409281 37
409292 7
411281 19
411291 4
415291 34
420281 31
421281 28
421291 25
421385 37
421395 22
423382 7
428382 19
461100 37
461170 12
461471 19
461511 31
461523 25
461526 4
461527 4
461529 28
462130 30
462151 40
462505 28
462523 25
462541 19
462586 16
462587 19
462588 16
463251 31
463311 16
463331 19
463341 7
463353 34
463402 31
463433 7
463455 19
463491 41
463503 25
463504 7
463545 34
463556 31
463558 25
464301 37
464311 40
464341 25
464401 4
464413 37
464441 25
464443 28
464444 16
464445 16
464501 16
464502 16
464503 37
464508 28
464509 28
464510 28
464541 34
464542 31
464546 28
464549 4
501301 16
501302 4
502211 4
504302 28
506303 34
506361 21
508203 41
508303 25
510201 34
510202 31
510411 28
510414 25
510415 34
510417 31
512303 31
513111 31
513114 7
513223 31
513224 28
513283 25
513315 19
513324 34
513328 31
513363 16
513371 25
513412 34
513429 31
513445 28
513451 25
513471 16
514211 28
514241 25
514317 9
514323 16
514335 7
514341 40
514343 19
514381 37
514383 28
514395 25
514397 34
514466 16
515201 7
515250 25
515307 40
515312 16
515334 7
515361 34
515364 9
515376 22
515403 28
515455 25
515490 16
551311 28
552216 19
552217 25
552222 16
553312 28
554314 25
555313 25
556311 16
558431 16
561312 16
562211 25
571115 13
601201 19
601302 19
601321 22
601341 13
601344 25
601351 7
601422 4
601452 16
601456 19
601462 25
601702 31
601731 28
601742 16
601758 16
601765 31
601767 25
602100 23
602102 33
602103 27
602111 37
602211 37
602315 16
602321 22
602322 19
602431 31
602432 19
602441 16
602464 28
602731 16
602753 25
602761 25
603211 0
603322 4
603332 34
603352 19
603371 31
603421 37
603441 16
603711 28
603723 25
603731 16
604304 7
604305 25
604312 4
604313 25
604351 9
604352 16
604412 34
604414 28
604416 25
604422 16
604451 31
604715 25
605201 25
605204 16
605301 31
605313 25
605314 28
605321 4
605322 16
605341 7
605412 7
605432 34
605444 37
605445 25
605461 19
605701 25
605702 16
605717 16
605741 28
605745 25
605751 25
606231 19
606242 31
606244 31
606263 4
606343 28
606362 16
606363 7
610114 3
651105 37
651109 25
651120 30
651210 16
651311 28
651312 25
651315 16
651316 19
701101 4
701181 6
701182 19
701183 12
701201 40
701211 28
701281 16
701295 7
701313 16
701321 31
701331 7
701341 22
701342 19
701344 4
701407 37
701425 25
701455 34
701494 16
702100 25
702101 9
702205 7
702211 13
702213 36
702312 18
702316 19
702317 33
702318 31
702341 31
702351 13
702411 28
702416 25
702431 16
703103 13
703202 0
703243 39
703244 41
703305 22
703308 9
703309 24
703310 28
703311 19
703322 25
703323 16
703324 31
703330 34
703331 37
703391 4
703404 16
703412 4
703447 28
703454 19
703498 37
705191 13
705211 9
705311 21
705328 13
705329 22
705331 30
705342 25
705351 18
705437 16
705438 19
705440 25
705441 27
705442 39
705444 28
705446 7
705447 16
705461 31
705493 19
751100 19
751101 16
751102 4
751106 19
751202 18
751209 15
751301 24
751302 39
751303 9
751305 37
751308 21
751309 9
751321 4
751326 25
751327 19
751330 31
751345 19
751401 28
751403 37
751405 16
751408 21
751417 19
751419 31
751425 31
751428 34
751441 25
751443 25
751447 31
751451 7
751701 25
751702 16
751703 28
751704 31
751705 31
751706 25
751708 16
751710 31
751712 34
751716 28
751718 19
751726 28
751734 28
751742 4
751743 34
801100 35
801201 7
801225 16
801235 34
801324 7
801331 31
801333 34
801334 37
801336 22
801421 31
801471 19
801481 16
803121 37
803123 19
803231 37
803331 25
851100 38
851104 40
851105 13
851108 16
851200 36
851201 7
851202 19
851204 19
851205 9
851243 19
851251 28
851262 18
851273 12
851305 25
851309 4
851313 33
851343 16
851344 7
851345 7
851360 7
851362 13
851367 22
851372 27
851375 24
851400 41
851404 34
851406 10
851407 22
851462 19
852101 40
852102 28
852103 19
951100 37
951102 31
951106 7
951125 10
951203 7
951302 16
951323 19
951331 28
951344 31
951348 34
951352 37
951497-020 7
951497-021 22
953103 16
953111 13
953211 28
953212 28
953233 16
953261 7
953321 25
953322 19
953331 37
953361 22
953421 25
953494 4
954100 27
954140 19
954143 34
954170 24
954246 7
954326 19
954370 25
954374 34
954410 19
954413 4
954416 16
954426 28
954443 7
954449 21
954462 37
954471 40
954477 7
954491 31
954498 16
955102 34
955103 7
955104 25
958111 19
