001101 1
001102 14
001112 4
001118 1
001201 1
001202 10
001210 28
001222 39
001223 4
001224 14
001225 4
001226 33
001227 2
001228 4
001229 4
001230 35
001231 28
001234 6
001250 10
001291 10
001292 22
001310 31
001311 1
001312 37
001314 16
001315 31
001320 21
001321 4
001323 19
001330 25
001341 0
001342 37
001352 36
001355 16
001361 4
001362 1
001391 4
001410 16
001423 22
001440 28
001445 7
001446 4
001463 4
001471 28
001472 27
002102 9
002111 24
002191 31
002202 31
002230 16
002260 10
002302 25
002311 7
002321 1
002331 4
002362 16
002402 28
002441 16
002471 4
003102 25
003191 33
003202 4
003314 4
003331 37
003332 28
003361 16
003367 7
003454 22
004282 39
004465 15
004472 18
004474 25
004476 24
006103 10
006226 37
006241 27
006253 28
006307 25
006326 31
006330 1
006349 10
006353 37
006423 22
006432 34
006443 13
006448 22
006475 16
008214 10
008314 13
008326 16
008402 25
008411 4
009103 28
009213 25
009234 16
009236 40
009254 6
009325 25
009327 16
009344 16
009355 22
009356 28
009358 10
009363 34
009446 7
011100 35
011101 36
011154 0
011156 3
011157 19
011251 19
011257 21
011268 28
011269 27
011276 15
011277 0
011278 22
011355 10
011367 10
011457 27
011479 25
012173 27
012200 34
012271 25
012272 37
013103 41
013110 10
013203 9
013204 36
013207 24
013208 40
013209 10
013216 25
013217 10
013301 34
013303 1
013306 24
013321 16
013335 18
013337 16
013410 19
013413 25
013422 22
013428 16
013431 13
013432 22
014210 10
014211 25
014270 37
014310 13
014311 25
014323 25
014370 28
014383 19
014390 22
014401 1
014410 31
014422 4
014423 1
014471 16
014481 28
015101 9
015102 28
016101 37
016102 22
017101 34
017102 28
017111 10
017112 4
017231 4
018104 10
018111 10
018112 22
018114 24
018126 31
018204 13
018271 36
018323 4
018352 4
018372 16
018468 16
019101 32
019104 16
019105 1
019106 7
019112 4
019204 7
019205 21
019206 10
019212 13
019222 25
019332 28
019351 9
019362 16
019373 24
019441 25
020101 0
020102 9
020212 16
020231 16
020232 25
020261 25
021101 21
021102 34
021203 10
021204 22
021270 28
024752 16
025110 16
025381 16
025481 16
026101 23
026102 18
026111 9
026112 1
026201 7
026202 37
050100 13
050103 36
050104 21
050106 41
050112 32
050113 9
051302 34
051304 9
051306 1
051310 37
051313 24
051412 31
051418 28
052203 24
052310 16
052323 34
052331 22
052350 37
052351 13
052353 25
052355 19
052400 22
052417 7
052420 13
052422 21
052441 16
052442 31
052445 4
052448 34
052449 28
052725 37
054821 16
054822 16
055702 37
055703 16
055711 28
055739 28
057121 41
057122 34
057123 12
057125 21
057126 18
057127 19
057128 38
057129 18
057130 41
057131 15
057132 0
057133 40
057134 27
057135 22
057136 4
057137 10
057138 9
057139 36
057213 24
057283 25
057286 28
057287 37
057290 19
057295 1
057297 16
057298 19
057301 27
057302 16
057305 37
057307 25
057316 25
057366 37
057401 34
057404 4
057407 34
057413 25
057419 10
057425 24
057427 13
057428 6
057450 4
059405 28
059413 13
059419 31
061106 34
061201 16
061205 28
061223 19
061224 34
061306 27
061312 28
061313 9
061317 28
061319 15
061401 25
061403 16
061405 10
061430 31
062342 7
062346 16
062360 37
062380 7
062411 37
062452 28
062460 22
062470 28
062499 13
063201 4
064204 31
064231 25
064232 4
064252 25
064303 37
064411 16
064412 16
064413 28
064417 13
064422 40
064423 25
064424 18
064474 28
065120 15
065121 18
065211 0
065212 31
065311 13
065320 31
065333 25
065420 21
065436 4
065437 4
065438 37
065782 28
065795 37
065797 16
065799 16
066222 19
066324 28
066412 19
066416 27
066426 31
067201 4
067203 16
067303 16
067311 0
067371 9
067433 31
067435 31
067436 16
067491 34
070200 41
070304 16
070305 4
070400 22
070401 16
070403 13
070404 1
070410 19
070411 22
070413 28
070414 30
070415 4
070416 10
070727 37
070731 16
070741 16
071411 28
071412 28
071413 21
071414 13
071415 34
071416 37
071417 4
071419 21
071420 34
071426 28
071724 16
074100 21
074101 8
076414 13
076426 4
076427 28
076428 16
076429 16
076430 37
076444 24
076466 1
078444 29
079444 22
088708 16
099101 18
099102 19
099103 4
100102 10
100104 1
100109 28
100110 13
100111 22
100112 21
100205 28
100206 22
100207 19
100208 24
100210 25
100212 28
100213 4
100214 16
100218 10
100219 39
100220 39
100222 9
100225 34
100227 25
100281 22
100306 40
100307 10
100308 4
100309 22
100310 18
100501 15
101201 37
101202 24
101205 30
101325 21
101405 13
101490 7
103271 22
104100 16
104201 4
104302 37
104310 4
104320 16
104327 4
104334 10
104435 28
104450 16
104490 13
109100 37
109114 28
112101 4
112105 25
112106 28
112109 37
112202 16
112205 28
112303 4
112321 37
112322 37
112406 28
112424 25
115300 25
116301 28
116302 13
126101 7
126102 25
126212 21
126213 16
126214 13
126324 25
126325 22
126328 16
126330 27
126331 10
126332 18
126400 37
126431 27
126434 25
126436 9
126437 37
126438 25
126442 30
127100 19
127101 28
127202 34
127205 40
127206 21
127303 6
127313 4
127320 31
127330 16
127332 7
127333 40
127336 28
127359 9
127411 22
127412 37
127413 16
127414 4
127415 25
127416 22
127424 16
127433 4
127492 13
127716 28
127720 37
127721 7
127730 16
128100 5
128101 16
128201 22
128304 4
128305 33
128306 16
128308 16
128310 27
128353 13
128401 4
128423 7
128425 1
128427 37
128429 22
128434 25
128445 22
128451 37
128462 37
128471 31
128484 16
128700 7
128712 37
128727 28
128734 16
128751 37
140101 4
140102 10
140103 37
140104 0
140105 4
152211 37
152301 28
152321 28
152331 28
154100 28
154104 10
154141 22
154152 34
154153 15
154173 37
154181 16
154251 16
154276 28
154281 30
154301 25
154330 10
154431 7
154479 28
154482 10
154492 22
159100 34
159101 25
159102 37
159151 34
159202 19
159203 10
159204 31
159331 25
159411 16
159412 4
159434 4
159462 16
160342 37
164261 4
164341 16
168101 22
168410 10
176100 20
176101 40
176104 37
177104 16
177113 9
177114 18
177141 28
177142 37
177181 21
177220 19
177222 25
177227 22
177228 37
177229 24
177300 7
177321 4
177332 10
177335 28
177341 0
177361 27
177362 16
177413 16
177420 1
177425 22
177429 1
177430 37
177431 25
177433 31
177460 19
177464 4
177465 24
177466 37
177470 37
177471 7
177483 25
177491 1
177494 21
177495 37
179402 37
179403 37
179404 4
179406 37
179443 34
201100 19
201110 10
201114 16
201116 15
201117 24
201190 28
202100 16
202101 9
202102 2
202147 16
202231 28
202303 13
202305 19
202311 13
202331 28
202356 22
202371 7
202405 40
202432 25
202442 4
202461 28
202471 28
202475 28
202476 37
202484 10
202731 37
202736 28
202749 16
202770 28
202804 16
202807 16
202833 16
202843 37
203100 34
203104 15
203108 37
203111 35
203113 23
203114 6
203131 4
203132 9
203151 33
203152 22
203154 30
203158 37
203159 16
203162 6
203202 12
203203 39
203204 33
203206 38
203207 22
203208 9
203209 25
203211 16
203222 7
203223 31
203226 24
203232 25
203236 41
203250 33
203287 27
203300 31
203304 28
203316 16
203351 34
203352 9
203413 37
203424 10
203425 4
203435 4
203459 22
203708 37
203715 16
203719 28
203721 16
203734 37
203735 37
203749 28
203754 16
203775 37
203804 16
203812 37
203825 28
203829 37
204100 25
204101 37
204113 25
204123 10
204202 37
204217 16
204232 24
204251 12
204306 34
204315 27
204320 25
204333 9
204355 4
204362 37
204382 30
204422 7
204425 4
204441 28
204443 18
204452 31
204456 16
204482 10
204483 4
204490 24
205100 33
205103 37
205105 28
205216 25
205232 7
205244 15
205252 28
205282 31
205324 34
205344 28
205358 37
205361 4
205382 25
205421 16
205473 4
206100 31
206103 30
206104 9
206108 4
206111 32
206112 30
206161 2
206162 39
206171 32
206172 15
206181 25
206182 4
206191 25
206211 28
206216 41
206217 18
206253 16
206255 7
206261 9
206266 39
206281 10
206311 28
206313 28
206321 16
206325 13
206327 12
206331 34
206336 37
206341 9
206342 19
206355 25
206357 4
206362 15
206364 37
206367 31
206368 28
206370 19
206421 16
206435 4
206437 34
206467 22
206471 13
206476 7
206481 30
206725 28
206726 37
206728 16
206729 16
206731 28
206734 37
206736 28
206737 28
206774 37
207100 10
207104 33
207105 25
207106 26
207108 16
207109 37
207110 4
207116 12
207117 39
207118 34
207125 18
207137 19
207162 25
207172 28
207181 41
207187 6
207188 13
207191 34
207195 22
207214 37
207302 40
207305 9
207306 12
207312 10
207321 4
207402 13
207408 28
207415 37
207442 37
207448 25
207449 16
207704 7
207706 28
207708 37
207712 16
207741 16
207766 16
207776 16
208101 12
208140 37
208141 40
208161 10
208250 28
208263 16
208264 19
208271 18
208272 41
208322 0
208345 31
208346 34
208353 10
208362 33
208373 10
208384 28
208423 37
208444 19
208446 16
208460 4
208738 7
208740 16
208770 37
208772 37
208774 28
208776 37
208873 16
209203 12
209204 28
209252 12
209253 22
209262 19
209263 28
209270 21
209271 16
209272 25
209322 16
209332 16
209341 4
209352 31
209370 28
209376 25
209382 10
209424 16
209452 19
209454 7
209456 10
209466 28
209486 4
209714 28
209772 16
209787 37
209789 28
210100 16
210200 34
210207 13
210221 27
210251 25
210276 15
210315 34
210331 37
210355 7
210432 25
210435 4
210448 4
210463 28
210702 16
210717 37
210734 28
210741 37
210743 28
210748 37
210787 28
211100 27
211303 16
211312 4
211315 39
211318 19
211319 24
211341 27
211342 22
211448 25
211449 37
211495 28
211709 16
212712 16
212714 37
212731 28
213708 16
213717 37
213718 37
213763 28
214301 16
214310 6
214340 34
214341 16
214352 4
214403 37
214412 16
214431 4
214442 10
214462 4
214491 16
215205 12
215206 36
215207 22
215208 10
215303 4
215312 25
215313 37
215314 28
215401 7
215462 37
215482 4
215711 37
215783 16
217705 28
217708 37
217773 16
218100 6
218234 25
218236 10
218244 31
218262 16
218352 18
218362 37
218372 28
218382 34
218481 25
218486 4
218496 37
219753 28
219781 37
226703 16
226704 37
226710 37
226805 16
229223 25
229351 25
251100 19
251211 0
251213 13
251216 31
251242 22
251261 24
251292 10
251312 34
251313 33
251333 37
251334 13
251342 18
251361 4
251363 25
251371 37
251372 27
251374 24
251399 15
251411 16
251417 16
251434 28
251436 28
251451 16
251455 21
251456 22
251457 37
251461 4
251465 7
251704 22
251707 16
251713 16
251716 7
251723 28
251724 37
251738 16
251746 7
251748 28
251754 7
251760 28
251763 16
251765 37
251773 7
251781 28
251784 37
252210 15
252212 28
252222 41
252235 0
252281 28
252282 19
252283 13
252285 16
252311 13
252320 31
252331 10
252353 25
252401 28
252402 16
252403 31
252404 10
252413 7
252420 22
252421 1
252422 37
252423 16
252427 18
252428 13
252429 21
252435 6
252440 37
252442 37
252443 16
252448 34
252450 22
252456 37
252459 31
252460 34
252479 28
252489 37
252706 37
252707 28
252714 7
252721 7
252727 28
252755 28
252765 37
252781 37
252792 16
253215 28
253318 19
253321 28
253332 16
253423 22
253433 16
253441 34
253443 10
253451 4
253452 37
253454 37
253721 16
253725 7
253731 7
253734 28
253735 28
253747 22
253749 25
253752 22
253754 37
253791 37
254182 10
254200 31
254205 27
254206 13
254207 28
254211 0
254215 0
254216 37
254222 12
254231 41
254232 39
254271 24
254282 37
254334 25
254352 19
254362 0
254371 36
254373 40
254400 31
254411 10
254412 16
254415 37
254421 7
254423 16
254424 4
254427 16
254435 4
254441 28
254443 16
254445 10
254446 37
254451 9
254452 4
254453 34
254466 34
254476 34
254477 22
254478 37
254495 37
254701 16
254721 37
254733 7
254737 28
254771 28
254816 16
254857 37
255210 12
255230 15
255300 13
255301 41
255316 3
255323 37
255328 18
255337 35
255340 31
255393 28
255422 22
255425 4
255430 4
255432 37
255433 4
255437 16
255440 25
255442 37
255445 16
255447 4
255451 16
255455 21
255463 4
255471 37
255497 16
255714 22
255735 28
255746 16
255750 7
255751 7
255769 37
255772 37
255783 7
255786 37
255791 25
255792 37
256100 9
256271 13
256281 28
256317 28
256318 7
256334 13
256415 37
256419 10
256442 4
256443 31
256456 25
256473 28
256474 37
256713 7
256741 16
256752 28
256753 37
256791 16
259103 3
259104 36
259106 37
259107 30
259108 22
259193 25
259195 33
259200 34
259201 18
259203 10
259401 28
260313 28
260334 25
260421 4
260702 7
260712 28
260719 37
260791 16
261102 10
261111 24
261112 1
261113 18
261205 13
261207 31
261208 39
261214 13
261215 16
261218 19
261305 18
261306 37
261332 34
261342 13
261343 16
261361 25
261411 10
261421 28
261430 16
261433 37
261444 28
261446 28
261447 22
261448 13
261449 4
261453 34
261465 31
261473 7
261479 6
261494 28
261497 22
261498 34
261499 10
261731 16
261736 16
261742 7
261745 28
261751 16
261752 37
261755 7
261763 28
261792 22
261796 37
261891 28
263710 7
263721 28
263724 37
263745 16
263751 16
264702 28
264703 37
264705 16
264755 7
264791 22
265706 28
265709 37
265710 16
266703 16
266801 37
268735 7
268741 28
268742 16
269103 19
269105 22
269130 28
269210 10
269341 19
269360 10
269370 25
269497 7
269498 4
270721 28
270791 28
305203 13
318322 22
329104 36
330112 4
351100 27
351201 16
351302 36
351331 31
351364 25
351371 21
351425 4
351426 4
351464 34
352103 34
352311 16
352314 25
352315 34
352323 4
352331 21
352332 28
352401 7
352412 37
352413 16
352421 4
352422 27
352433 4
352441 19
353313 16
353418 22
353431 13
353441 4
353471 37
353482 25
354311 13
354312 10
355411 28
356100 37
356101 40
356102 28
356210 22
356261 21
356306 28
356331 13
356333 16
356373 22
356375 13
356411 24
356412 34
356415 4
356416 34
356431 10
356432 28
356441 16
356442 31
356443 22
356444 25
356446 7
356447 28
356448 25
356449 13
356455 16
356472 25
356474 4
357110 21
357210 4
357322 22
357323 31
357418 34
357421 28
357432 10
357442 25
357444 16
357446 4
359202 27
359205 37
359206 34
359302 34
359305 31
359341 4
359350 19
359360 21
359401 31
359403 16
359419 37
359422 4
359452 25
359455 16
359460 37
359461 4
360100 33
360301 25
360402 13
360403 28
360411 34
360423 10
360441 7
360460 16
361210 22
361211 16
361214 22
361341 16
361414 4
361421 34
361433 10
361442 13
361461 21
361475 25
363210 40
365201 10
365211 16
365301 34
365324 25
365331 22
365422 10
365425 16
365426 13
368211 7
368310 25
368412 13
368417 7
368433 4
400110 5
400210 18
401281 25
401383 22
401391 7
403281 19
403383 16
406284 16
406294 1
406386 40
406396 10
408382 4
410381 34
413383 31
413391 1
415393 25
420282 4
421282 22
421292 7
421386 28
421396 19
422381 3
428281 28
428282 37
428381 37
428383 18
461170 19
461471 37
461472 16
461511 27
461526 37
462130 7
462531 7
462542 28
462545 37
462582 16
462587 37
462588 16
463201 4
463252 37
463331 16
463332 16
463342 22
463354 37
463512 16
463513 7
463534 22
463543 28
463544 37
463557 4
463559 7
463571 22
463592 31
464302 4
464312 24
464402 19
464403 25
464414 37
464442 10
464443 28
464445 22
464446 4
464500 16
464502 22
464504 7
464505 28
464506 37
464508 16
464544 4
464545 16
464546 16
464549 19
501201 25
501202 37
501305 16
501306 4
502313 19
502314 22
504202 28
504305 25
506202 16
508304 37
510306 7
512304 28
513113 16
513115 25
513212 16
513216 4
513217 22
513225 25
513284 37
513331 37
513343 16
513364 4
513373 7
513390 28
513411 4
513446 16
514202 25
514206 28
514222 16
514244 10
514272 7
514322 25
514336 22
514352 37
514358 7
514382 16
514384 19
514396 28
514398 4
515204 4
515205 16
515256 22
515257 37
515330 37
515337 22
515339 7
515362 16
515377 1
515378 28
515380 4
515407 7
515440 28
515441 37
515442 16
518724 16
518770 37
551311 28
552216 16
552217 4
552232 25
553312 37
554314 16
555313 37
556311 16
557433 22
558101 21
558432 25
561312 4
562101 4
562211 16
571115 4
601201 34
601202 31
601231 21
601242 37
601342 10
601346 13
601351 22
601361 31
601423 28
601424 4
601425 37
601436 4
601452 16
601471 28
601472 4
601745 37
601769 28
601775 16
602100 34
602102 31
602103 11
602120 4
602121 0
602122 22
602314 9
602421 34
602432 37
602453 7
602454 28
602455 10
602461 4
602463 16
602471 28
602741 37
602751 16
603200 25
603231 33
603321 4
603341 34
603396 16
603423 22
603496 13
603725 28
603743 37
603751 16
604101 18
604211 28
604311 24
604314 16
604315 12
604411 18
604415 31
604423 6
604431 0
604443 13
604454 4
604455 25
605203 16
605302 13
605313 13
605315 37
605316 16
605321 25
605331 28
605340 37
605412 28
605430 34
605711 37
605719 16
606211 16
606243 28
606245 25
606264 19
606310 4
606341 7
606342 28
606344 37
606451 25
606452 16
610114 18
651211 37
651212 16
651231 25
651234 4
651306 4
651313 25
651314 22
651317 16
651319 7
651416 28
651425 37
701100 0
701101 28
701181 30
701202 22
701211 28
701235 25
701243 4
701244 16
701283 22
701310 25
701335 16
701408 4
701409 4
701410 16
701496 10
702100 1
702101 37
702211 39
702213 15
702312 21
702317 27
702321 19
702331 10
702342 13
702354 6
702423 19
702443 25
702499 34
703103 22
703202 0
703204 6
703243 18
703244 25
703322 31
703324 9
703330 28
703331 19
703345 0
703351 36
703361 16
703413 10
703441 25
703444 4
703499 4
705191 9
705211 21
705311 19
705328 13
705331 25
705332 16
705343 28
705431 19
705438 33
705440 21
705441 31
705444 0
705446 1
705447 24
705461 34
705492 28
705499 16
751100 7
751101 8
751102 19
751106 7
751202 6
751209 18
751301 33
751302 33
751303 6
751305 1
751308 27
751309 9
751321 31
751326 22
751330 37
751345 16
751401 7
751403 40
751405 34
751408 3
751417 22
751418 16
751419 37
751421 4
751422 4
751424 13
751428 28
751440 21
751443 31
751447 24
751451 22
751701 25
751702 16
751703 22
751705 1
751706 16
751708 37
751710 28
751716 7
751718 7
751719 22
751727 7
751742 28
751744 28
801100 3
801122 10
801134 4
801204 34
801233 13
801236 22
801241 16
801322 28
801334 4
801371 16
803122 37
803124 16
803131 28
803230 13
803232 25
803260 10
851100 21
851103 33
851104 10
851105 22
851200 34
851201 28
851202 3
851204 37
851207 6
851241 34
851252 39
851253 13
851261 25
851263 0
851273 18
851305 25
851306 16
851309 37
851313 13
851363 34
851366 30
851375 34
851400 22
851401 27
851404 9
851406 10
851443 13
851445 37
851450 18
851462 18
851467 19
951100 26
951202 25
951231 28
951321 22
951324 13
951366 13
951421 25
951498-020 16
951498-021 22
953102 28
953104 10
953111 36
953201 19
953202 16
953214 16
953231 37
953232 37
953234 28
953323 37
953361 16
953421 4
953444 16
953494 1
953495 22
954100 34
954140 24
954142 28
954143 7
954170 24
954240 12
954244 0
954310 10
954340 37
954347 4
954371 25
954372 13
954374 10
954413 4
954421 34
954423 28
954464 7
954472 10
954491 22
954498 19
955102 18
955104 4
