001101 10
001102 4
001111 0
001113 25
001201 1
001202 21
001210 4
001230 34
001231 37
001250 13
001281 11
001291 0
001293 22
001310 22
001311 16
001312 4
001318 4
001320 22
001321 34
001323 19
001330 22
001342 19
001353 12
001354 36
001361 31
001362 34
001381 9
001410 31
001425 34
001443 34
001444 31
001445 16
002101 19
002110 31
002191 13
002201 34
002211 19
002221 16
002250 9
002301 16
002333 22
002365 34
003101 0
003191 31
003201 34
003414 31
003421 19
003436 16
004282 31
004301 19
004303 36
004324 16
004432 22
004473 22
004475 34
004483 3
006103 6
006126 3
006206 16
006226 19
006241 37
006242 16
006253 34
006303 0
006331 31
006346 34
006448 34
008214 13
008303 16
008314 34
008411 19
008417 34
009103 33
009105 12
009212 0
009230 24
009231 36
009326 16
009328 34
011100 20
011152 25
011153 27
011251 7
011257 31
011259 22
011269 34
011276 37
011353 13
011356 22
011362 19
011363 9
011374 34
011461 34
011464 31
011479 16
012100 9
012173 22
012200 4
012273 34
012371 25
013103 31
013110 7
013203 16
013204 24
013207 19
013209 34
013302 13
013306 31
013307 25
013317 31
013326 16
013329 22
013330 22
013413 16
013420 34
013433 10
014210 34
014211 4
014270 31
014310 25
014322 16
014323 34
014370 9
014371 34
014381 22
014401 19
014481 34
015101 36
016101 34
016102 34
017101 13
017102 19
017111 22
017210 16
018103 12
018111 13
018113 13
018125 34
018203 31
018211 22
018213 16
018231 13
018235 34
018271 22
018321 25
018351 31
019101 40
019102 34
019103 19
019105 22
019106 34
019108 16
019111 34
019203 25
019205 34
019211 19
019221 9
019303 13
019311 25
019331 31
019361 19
019371 34
019381 16
019471 34
020101 12
020102 13
020211 31
020231 4
020341 34
020362 19
021101 21
021102 19
021203 34
025108 16
025110 34
025310 22
025480 34
026101 23
026102 22
026111 22
029701 22
029711 34
050100 22
050103 14
050104 13
050106 20
050111 4
051300 34
051306 3
051313 22
051412 0
051418 31
051421 25
052202 37
052314 13
052350 16
052352 34
052357 4
052421 37
055701 34
055704 34
055771 34
057121 28
057122 25
057123 3
057125 30
057126 41
057127 19
057128 21
057129 41
057130 0
057131 14
057132 3
057133 13
057134 31
057135 30
057136 36
057137 10
057201 19
057213 25
057215 10
057284 34
057285 19
057288 16
057293 37
057294 16
057296 22
057300 3
057305 21
057403 16
057405 34
057410 22
057420 10
057425 19
057426 22
057428 13
057450 4
059419 22
061106 36
061201 16
061223 25
061306 41
061309 13
061312 13
061317 37
061403 7
062200 19
062320 22
062341 34
062342 13
062343 1
062344 22
062346 25
062360 31
062380 19
062411 13
062452 31
062460 19
062499 10
063710 22
064201 16
064206 16
064207 34
064271 10
064272 10
064281 16
064301 22
064410 4
064423 22
064424 31
065210 19
065212 34
065310 25
065320 4
065332 16
065436 34
065799 34
066221 19
066323 16
066410 19
066414 34
066425 37
067202 16
067303 37
067311 22
067372 16
067373 4
067432 22
070100 22
070201 13
070301 34
070303 10
070304 16
070308 16
070400 34
070401 34
070404 22
070413 25
070414 19
070415 16
070416 34
070711 10
070720 16
070721 22
070727 22
070731 34
070740 34
071411 19
071412 16
071413 22
071415 34
071416 24
071419 13
071420 34
071423 19
071425 16
071426 10
071724 34
074100 37
074101 38
074414 16
076312 3
076314 22
076414 3
076427 34
076428 25
076429 16
076444 1
076466 19
077422 34
078444 34
078454 31
099101 25
099102 25
100102 18
100103 9
100104 13
100105 34
100106 0
100107 39
100108 31
100205 33
100206 30
100207 8
100208 22
100209 11
100306 10
100307 41
100308 31
100309 28
100310 0
100501 22
101100 30
101105 13
101201 39
101211 36
101400 18
101405 16
103191 22
103271 34
104200 19
104201 25
104300 34
104301 22
104325 31
104340 34
104410 10
104495 16
105304 16
109100 14
109115 8
112101 34
112102 16
112103 34
112108 22
112110 10
112201 37
112203 16
112213 19
112300 22
112314 34
112411 22
115200 34
115300 22
115301 10
115302 19
126101 8
126321 10
126330 16
126428 22
126443 34
127100 1
127101 5
127203 19
127206 31
127207 10
127303 31
127312 25
127314 19
127315 10
127316 16
127320 34
127326 34
127329 34
127413 22
127711 10
127717 16
127718 22
127719 34
128100 13
128101 12
128202 12
128203 3
128204 10
128307 19
128309 16
128352 31
128354 34
128403 22
128701 34
128710 10
128730 16
128734 22
128740 22
128762 34
140103 3
152321 34
154104 7
154141 16
154151 21
154231 37
154262 16
154281 39
154311 19
154330 4
154352 31
154371 34
154384 31
154388 25
154443 22
154455 1
154482 34
154488 10
159100 19
159101 17
159151 21
159203 19
159221 25
159301 13
159351 16
159356 22
159403 10
159411 34
159412 22
159431 19
159454 22
164200 7
164341 34
168101 34
168313 22
176100 37
176101 7
176220 41
177103 21
177214 10
177216 31
177242 16
177283 36
177285 25
177321 25
177330 25
177336 22
177341 37
177361 13
177393 16
177404 31
177425 10
177426 19
177427 10
177434 16
177446 34
177447 19
177450 22
177464 16
177465 34
177467 22
177481 34
201100 25
201110 36
201114 16
201115 27
201116 34
201117 31
202100 41
202101 28
202141 22
202143 24
202145 18
202184 3
202231 24
202260 34
202321 25
202334 16
202342 37
202353 22
202361 34
202434 34
202473 10
202495 19
202742 22
202764 22
202765 22
202773 16
202782 22
202833 34
202848 16
202873 16
203100 38
203103 34
203111 40
203116 31
203151 27
203162 39
203201 4
203203 16
203204 33
203206 40
203207 5
203208 31
203209 36
203222 25
203226 11
203231 13
203235 11
203236 22
203255 16
203315 34
203331 16
203351 34
203352 37
203475 10
203714 22
203716 10
203722 16
203732 34
203736 16
203739 22
203743 16
203753 34
203821 19
203828 34
203879 10
204100 37
204101 10
204111 13
204202 21
204219 9
204231 10
204251 19
204321 4
204325 16
204341 22
204361 31
204363 19
204365 34
204381 16
204383 34
204432 10
204435 34
204451 0
204453 10
204471 22
204712 34
204721 16
204732 22
204735 10
205100 31
205103 18
205104 10
205105 19
205235 37
205239 16
205275 36
205303 10
205337 16
205355 22
205393 34
205712 16
205735 22
205783 34
206100 16
206101 36
206103 14
206107 0
206111 17
206113 22
206161 8
206171 24
206181 13
206191 25
206203 6
206211 3
206216 22
206217 31
206261 32
206267 37
206281 15
206300 37
206321 34
206324 4
206325 36
206327 6
206331 16
206335 19
206336 31
206341 22
206355 22
206362 30
206370 34
206381 16
206436 10
206437 16
206441 34
206717 22
206720 16
206721 22
206730 34
206736 34
206753 34
207100 24
207103 25
207105 3
207107 19
207109 28
207110 22
207115 30
207117 33
207123 21
207131 0
207135 1
207171 40
207173 3
207183 16
207187 19
207203 12
207205 34
207208 19
207213 4
207308 39
207310 10
207313 16
207323 34
207348 34
207401 22
207406 34
207701 10
207703 16
207705 22
207711 34
207741 34
208101 40
208140 16
208263 25
208270 30
208271 10
208272 34
208280 33
208321 25
208329 22
208343 34
208348 10
208425 34
208737 34
209201 25
209251 36
209301 10
209302 22
209303 34
209331 25
209351 37
209358 13
209361 25
209368 31
209375 31
210201 13
210202 31
210204 9
210343 22
210351 34
210383 19
210425 16
210434 31
210703 10
210704 16
210707 22
210731 34
210733 34
210743 34
211100 14
211311 3
211315 30
211319 16
211413 19
211440 10
211442 22
211495 34
211702 16
211889 22
213706 22
213707 34
213714 16
214261 18
214312 13
214341 19
214381 22
214414 1
214415 25
214421 16
215205 27
215206 11
215207 33
215208 21
215423 31
215424 19
215431 34
215475 10
215476 16
215485 22
215486 34
215734 22
215744 16
215752 34
215762 22
215785 22
217701 16
217703 22
217707 34
217734 22
217751 34
217775 22
218100 16
218101 19
218233 34
218235 31
218321 19
218323 22
218351 34
219761 22
219789 34
220703 34
226701 10
226702 16
226704 22
226711 22
226801 34
251101 16
251211 12
251213 10
251261 0
251281 41
251312 16
251313 31
251363 19
251374 34
251384 34
251419 10
251437 34
251438 22
251439 16
251451 16
251475 22
251701 10
251702 16
251703 34
251711 22
251715 34
251745 22
251751 19
251752 10
251757 16
251758 22
251776 19
251783 10
251784 16
251785 22
251790 34
252201 37
252211 41
252232 12
252282 37
252283 3
252285 6
252286 24
252301 0
252302 25
252317 24
252322 10
252325 34
252327 19
252330 13
252342 16
252363 22
252420 16
252421 10
252427 34
252444 34
252498 22
252702 10
252726 22
252746 16
252747 22
252791 34
253303 19
253314 13
253315 16
253455 22
253481 16
253701 34
253715 31
253717 19
253731 25
253732 31
253735 10
253736 22
253748 25
253754 16
254181 16
254205 36
254206 9
254211 10
254215 12
254216 0
254222 19
254231 15
254232 16
254252 41
254282 34
254302 10
254325 21
254333 13
254372 34
254373 34
254421 16
254426 19
254435 34
254436 13
254439 22
254442 10
254444 34
254451 34
254456 16
254459 16
254461 31
254471 1
254473 10
254700 34
254702 19
254703 22
254710 16
254711 10
254734 34
254736 19
254770 19
254804 10
254873 10
254875 16
255201 24
255215 27
255251 19
255290 34
255300 22
255320 13
255321 25
255330 15
255359 0
255415 19
255431 22
255432 16
255434 34
255454 34
255455 34
255492 34
255722 10
255734 16
255738 22
255750 34
255764 34
255770 16
255771 22
255772 34
255786 10
255811 22
255820 34
256100 16
256212 24
256281 31
256316 22
256333 25
256373 34
256418 34
256441 16
259103 18
259104 16
259106 1
259107 11
259108 21
259109 22
259201 4
259203 10
260402 22
260413 34
260701 34
260702 19
260705 10
260709 16
260716 10
260718 16
260772 22
261103 36
261111 33
261200 18
261210 3
261212 25
261216 37
261217 0
261304 25
261305 1
261335 10
261336 22
261342 34
261343 16
261361 22
261405 13
261434 10
261447 22
261458 34
261461 31
261469 19
261701 22
261702 34
261706 16
261739 10
261752 16
261754 34
261769 10
261791 22
261895 22
263701 16
263702 34
263720 19
263746 10
263760 22
263770 22
263771 19
264701 19
264703 10
264706 16
264710 16
264733 22
264791 34
266702 34
268721 22
269101 22
269102 34
269111 22
269200 34
269201 13
269202 31
269340 19
269430 19
269452 10
269462 10
269470 16
269493 22
301254 19
305202 19
311352 4
318322 22
318351 25
320351 37
321251 16
324703 34
328310 22
328313 16
330110 27
330111 15
351100 3
351200 24
351201 33
351301 10
351321 16
351331 22
351441 19
351442 34
351451 10
351466 22
351489 16
352103 18
352301 34
352311 31
352321 9
352323 16
352422 19
353210 34
353301 25
353311 34
353418 22
353421 34
353431 19
353451 16
354311 10
356100 33
356101 19
356102 16
356202 10
356210 18
356212 16
356261 19
356303 10
356304 22
356411 34
356416 16
357101 34
357110 22
357210 6
357322 16
357325 16
357417 19
357441 22
357491 34
359202 31
359203 15
359204 31
359210 16
359311 34
359409 10
359421 22
359465 10
360100 22
360400 10
360403 16
360423 22
360460 34
361210 21
361214 10
361301 16
361351 13
361442 34
361453 34
361461 22
361471 31
362211 5
363210 1
365321 10
365322 19
365324 22
365421 16
368200 9
400110 26
401382 1
403382 31
406385 22
406395 13
409281 13
409292 25
411281 10
411291 22
415291 37
420281 34
421281 31
421291 1
421385 10
421395 16
423382 34
428382 19
461100 26
461435 10
461472 22
461514 16
461523 34
462130 19
462151 25
462405 22
462409 34
462445 22
462541 16
462543 22
462584 34
463251 13
463311 22
463331 19
463341 16
463353 10
463402 13
463433 16
463455 25
463491 19
463503 31
463513 19
463545 16
463556 19
463571 34
464301 34
464311 31
464341 25
464401 1
464413 34
464441 10
464443 31
464444 19
464445 22
464502 22
501301 19
501302 16
504302 31
506303 22
506361 22
508203 9
508303 10
510201 24
510202 4
512303 34
513111 18
513114 1
513223 10
513224 16
513283 22
513315 19
513324 25
513328 31
513363 10
513371 34
513411 10
513429 16
513445 22
513471 34
514211 10
514241 34
514317 34
514323 16
514341 22
514343 19
514381 31
514383 10
514451 16
515201 36
515250 4
515306 19
515310 16
515334 34
515361 10
515364 16
515370 22
515373 34
518770 34
551312 31
552216 19
552217 22
552222 34
553311 19
554312 10
556412 16
561313 22
561314 34
562101 34
562211 22
601201 31
601302 9
601341 19
601344 16
601351 10
601422 22
601452 22
601456 34
601731 16
601758 22
601765 10
601842 34
602100 22
602102 28
602103 41
602111 34
602211 31
602315 10
602321 19
602322 34
602431 13
602432 34
602441 25
602464 16
602731 22
602761 34
603211 24
603321 13
603322 34
603351 22
603421 16
603441 22
603471 34
603496 34
603711 16
603723 22
603731 34
604304 25
604305 22
604312 19
604313 34
604351 13
604352 25
604451 34
604711 22
604715 34
605201 34
605204 16
605301 25
605313 34
605314 22
605321 19
605322 10
605701 10
605713 16
605741 22
605745 34
605751 34
606231 25
606242 19
606244 34
606263 16
606310 10
606343 34
610114 10
651104 34
651105 30
651109 34
651120 25
651210 22
651311 10
651312 16
651315 22
651316 34
701100 19
701101 13
701104 16
701181 34
701183 4
701201 34
701205 31
701211 13
701243 31
701281 37
701313 25
701321 19
701331 10
701341 22
701344 34
702100 10
702101 29
702205 22
702211 15
702213 22
702312 36
702316 10
702317 16
702341 22
702351 34
703103 28
703109 34
703202 30
703243 11
703244 16
703305 16
703308 34
703309 37
703310 19
703322 18
703323 10
703330 31
703331 25
703391 34
703404 31
703412 19
703447 10
703454 22
703498 34
705191 10
705211 22
705311 37
705329 22
705331 34
705332 12
705342 16
705351 18
705431 25
705438 31
705440 16
705441 10
705442 34
705444 31
705461 19
705493 34
705499 10
751100 13
751101 29
751102 36
751106 0
751202 36
751209 24
751301 21
751302 30
751303 34
751304 16
751305 37
751308 13
751309 13
751321 10
751326 19
751330 0
751345 16
751401 16
751403 10
751405 0
751408 22
751417 22
751418 34
751419 34
751422 25
751428 37
751440 25
751441 31
751443 22
751447 19
751451 16
751701 22
751702 34
751703 16
751704 31
751705 10
751706 16
751708 31
751712 34
751716 19
751724 22
751725 10
751726 22
751727 19
751729 19
751734 10
751744 16
751752 34
801100 31
801201 10
801225 22
801235 16
801321 19
801331 34
801333 16
801336 22
801421 19
801471 22
801481 34
803121 22
803123 34
803231 22
851100 34
851104 34
851105 37
851108 16
851200 16
851201 8
851202 41
851204 19
851205 22
851273 36
851305 11
851309 18
851313 10
851343 16
851344 22
851345 10
851360 30
851362 16
851367 22
851372 22
851375 25
851400 31
851404 13
851406 33
851407 22
951100 16
951101 37
951102 25
951125 33
951203 31
951302 34
951323 10
951331 16
951344 34
951348 16
951352 22
951497 22
953103 19
953111 40
953211 34
953212 25
953233 10
953261 19
953321 19
953322 10
953331 34
953361 34
953421 22
953494 13
954100 4
954140 37
954141 34
954245 22
954246 30
954260 9
954270 37
954311 31
954312 34
954320 13
954323 16
954343 16
954370 22
954374 10
954412 34
954413 19
954462 16
954471 16
954491 34
954498 22
