001101 2
001102 1
001112 3
001118 34
001201 25
001202 28
001210 9
001212 25
001218 19
001222 40
001223 4
001224 4
001225 4
001226 4
001227 4
001228 4
001229 4
001230 24
001231 37
001234 4
001250 18
001281 22
001291 28
001292 19
001310 10
001311 7
001312 25
001314 0
001315 37
001320 10
001321 7
001323 0
001330 31
001341 10
001342 10
001352 33
001355 31
001361 0
001362 15
001391 37
001410 19
001440 19
001445 28
001463 19
001472 10
002102 16
002111 4
002191 31
002202 31
002230 34
002260 13
002302 25
002321 10
002362 19
003102 19
003191 41
003202 16
003213 7
003261 0
003454 19
004465 25
004472 31
004474 10
004476 37
006103 34
006226 34
006241 13
006253 40
006307 25
006325 31
006443 19
006448 19
008314 4
008402 10
008411 10
009103 38
009213 3
009232 37
009254 7
009301 10
009327 19
009344 19
009355 25
009358 31
009363 10
011100 18
011101 33
011153 12
011154 21
011156 28
011157 13
011251 33
011257 15
011268 34
011269 6
011276 31
011277 41
011278 22
011358 0
011367 37
011457 25
012173 31
012200 37
012271 34
012272 10
012374 19
013103 10
013110 7
013203 16
013204 13
013206 7
013207 3
013208 16
013209 19
013216 13
013301 28
013303 25
013305 0
013314 10
013337 37
013413 28
013425 19
013431 10
013432 19
013433 7
014210 4
014211 34
014270 13
014310 15
014311 22
014370 10
014371 10
014390 37
014401 25
014410 19
014423 31
014471 25
014481 12
015101 21
015102 25
016101 10
017101 10
017102 19
017111 7
017201 19
017231 25
018104 7
018111 10
018112 15
018114 28
018126 3
018204 37
018271 10
018323 3
018332 34
018352 22
018372 0
019101 6
019104 13
019105 31
019106 9
019112 3
019204 16
019205 0
019206 19
019211 22
019212 10
019221 34
019222 0
019332 0
019351 28
019362 37
019371 40
019382 10
019441 19
020101 13
020102 7
020211 19
020212 25
020231 10
020232 31
020261 34
020341 19
021101 31
021102 22
021203 25
021204 19
021270 10
024752 19
025110 22
025381 19
025481 37
026101 30
026102 41
026111 34
026112 19
026201 10
050100 34
050103 9
050104 25
050106 29
050112 26
050113 37
051300 31
051302 31
051304 10
051306 25
051310 10
051313 19
052201 34
052203 7
052310 4
052323 15
052331 0
052351 19
052353 7
052355 3
052417 10
052422 0
052442 4
052449 31
052466 22
057121 24
057122 36
057123 27
057125 22
057126 9
057127 23
057128 20
057129 20
057130 0
057131 31
057132 21
057133 18
057134 25
057135 22
057136 31
057137 34
057138 3
057205 22
057213 15
057276 36
057283 22
057286 19
057287 40
057289 16
057290 34
057295 40
057297 25
057298 37
057301 37
057302 34
057305 30
057316 0
057366 19
057404 40
057407 4
057425 31
057428 41
059405 4
059419 22
061103 10
061106 28
061201 4
061205 13
061223 19
061306 19
061312 37
061313 25
061317 4
061401 40
061403 31
061430 4
062320 10
062341 4
062342 37
062343 37
062344 16
062345 25
062346 25
062360 10
062380 22
062411 10
062452 25
062460 22
062470 16
064202 10
064204 37
064207 37
064272 10
064273 13
064303 25
064410 22
064413 10
064417 31
064418 25
064422 4
064424 22
065120 40
065121 34
065211 22
065212 34
065311 4
065333 31
065420 37
065795 19
065797 4
065799 4
066222 16
066324 22
066412 19
066416 4
066426 10
067201 25
067203 16
067311 37
067371 34
067433 37
067435 4
067436 37
067491 25
067492 4
070100 19
070200 13
070301 4
070303 7
070304 16
070305 4
070308 13
070400 31
070403 10
070404 31
070410 4
070411 37
070413 31
070414 22
070415 4
070416 28
070711 19
070726 19
070740 4
070741 4
070792 4
071412 19
071413 4
071414 4
071415 16
071417 37
074100 27
074101 30
074201 15
076312 7
076314 25
076414 37
076426 19
076427 4
076428 10
076429 13
076444 37
076466 10
078444 22
078454 37
079444 31
099101 9
099102 37
100104 7
100105 12
100106 4
100107 4
100108 13
100205 25
100206 4
100207 21
100208 40
100209 1
100211 40
100306 2
100307 15
100308 28
100309 34
100310 13
100501 19
101201 10
101202 13
101205 4
101325 22
101490 16
103112 19
103271 36
104100 31
104302 7
104310 25
104320 3
104327 19
104334 4
104450 10
104490 4
109100 36
109114 18
112101 31
112105 34
112106 25
112109 13
112202 4
112205 10
112321 13
112322 22
112406 4
112424 19
115200 37
115300 37
115301 25
116301 22
126101 40
126102 10
126212 12
126213 3
126214 37
126325 28
126326 37
126328 28
126331 13
126332 25
126431 4
126436 4
126442 37
127100 6
127101 18
127202 21
127204 40
127205 28
127303 19
127313 1
127330 7
127359 19
127411 37
127412 25
127414 10
127716 10
127720 19
127721 4
127726 25
128100 24
128101 37
128201 4
128304 19
128305 0
128306 28
128308 28
128310 10
128351 4
128355 19
128423 25
128427 37
128434 25
128443 19
128700 25
128727 10
128734 19
128751 4
140104 9
152211 25
152301 10
152331 25
154104 33
154141 22
154152 13
154153 37
154173 3
154181 34
154251 19
154276 28
154281 37
154301 22
154330 19
154340 10
154363 19
154385 4
154431 37
154457 19
154481 4
159100 12
159101 12
159102 3
159151 9
159202 0
159204 7
159231 25
159331 25
159332 19
159401 19
159411 10
159412 37
159431 4
159434 28
160242 13
164261 16
168335 4
176100 36
176101 28
176104 37
177104 4
177113 13
177114 19
177141 13
177142 11
177181 28
177215 40
177217 2
177227 19
177228 10
177229 25
177300 13
177321 22
177332 25
177335 1
177341 37
177362 28
177443 25
177460 16
177463 25
177471 19
177472 10
177483 37
177491 19
179443 4
201100 31
201110 38
201114 19
201116 39
201117 10
202100 9
202101 30
202102 8
202147 19
202231 11
202302 4
202303 34
202305 37
202356 7
202362 1
202371 18
202405 22
202421 19
202446 10
202471 10
202475 28
202476 4
202484 4
202701 4
202731 4
202736 19
202744 4
202749 4
202775 10
202776 19
202803 19
202833 4
202849 4
203100 27
203104 3
203108 19
203111 40
203113 16
203114 16
203131 40
203132 21
203151 13
203152 3
203154 18
203158 13
203159 13
203162 28
203202 13
203203 3
203204 12
203206 9
203207 40
203208 0
203209 12
203211 28
203222 12
203223 31
203226 16
203232 7
203236 40
203250 25
203287 16
203316 4
203351 7
203459 22
203715 19
203719 25
203721 19
203725 10
203726 10
203734 10
203735 25
203749 10
203752 25
203754 4
203775 25
203812 19
203825 25
203829 4
203833 4
203879 19
204100 16
204101 16
204113 31
204202 34
204211 1
204217 25
204232 6
204251 25
204306 37
204315 31
204333 25
204355 25
204362 22
204382 10
204422 10
204423 1
204424 4
204441 25
204443 4
204452 10
204482 19
204483 28
204490 31
204725 25
204728 4
204755 19
204792 10
204891 4
205100 41
205103 3
205105 16
205216 31
205232 13
205244 16
205252 13
205282 34
205324 4
205344 37
205358 25
205382 10
205731 10
205742 19
205796 4
206100 22
206101 31
206103 13
206104 7
206111 19
206112 22
206113 19
206161 21
206162 7
206171 8
206172 8
206181 31
206182 16
206191 13
206211 22
206216 10
206217 9
206253 13
206255 34
206261 36
206266 10
206267 22
206281 41
206313 37
206321 12
206324 4
206325 25
206327 0
206331 10
206336 6
206341 1
206342 28
206355 19
206362 34
206364 22
206367 6
206368 16
206370 31
206421 25
206427 10
206428 16
206435 19
206437 4
206476 25
206481 19
206703 10
206722 25
206724 10
206725 19
206731 4
206737 19
206774 4
207100 31
207104 41
207105 13
207106 13
207108 28
207109 31
207110 4
207116 16
207117 13
207118 28
207125 22
207137 22
207162 41
207172 34
207181 13
207187 4
207188 37
207191 19
207195 41
207214 31
207302 1
207305 37
207306 25
207312 12
207402 4
207448 4
207704 25
207706 10
207708 19
207712 4
207766 4
207794 4
208101 41
208140 16
208141 41
208150 4
208263 19
208264 10
208271 34
208272 2
208322 16
208345 12
208346 10
208353 1
208362 37
208373 19
208384 4
208423 25
208444 19
208446 4
208460 10
208738 10
208772 19
208774 4
209203 34
209204 22
209252 28
209253 37
209262 1
209263 31
209270 31
209271 16
209272 25
209352 37
209370 28
209376 37
209382 25
209456 25
209466 4
210200 25
210207 13
210221 1
210251 10
210276 7
210315 37
210331 19
210355 10
210432 25
210448 4
210463 4
210702 19
210705 4
210743 25
210745 25
210748 10
210789 10
211100 14
211315 10
211319 34
211341 4
211342 1
211444 19
211709 19
211889 4
213708 4
213717 10
213718 25
213763 19
214100 10
214301 1
214310 31
214340 16
214341 4
214352 4
214412 25
214491 10
215205 41
215206 28
215207 9
215208 7
215303 37
215312 15
215313 1
215401 4
215482 25
215711 19
215741 10
215742 19
215743 4
215781 4
215783 19
217705 10
217708 19
217752 4
217773 4
218100 28
218234 34
218236 15
218244 25
218262 13
218352 37
218362 25
218372 19
218382 4
226703 10
226709 4
226710 19
226789 4
229123 34
229223 19
251100 4
251211 40
251213 10
251216 22
251242 2
251261 13
251292 37
251312 10
251333 28
251334 37
251342 19
251361 25
251363 1
251371 28
251372 37
251399 4
251411 10
251434 25
251436 19
251452 37
251455 10
251456 4
251461 19
251477 4
251704 10
251707 4
251723 19
251724 4
251746 4
251748 19
251754 25
251760 4
251763 10
251765 19
251773 25
251781 10
252210 12
252212 0
252222 18
252235 25
252282 0
252283 15
252285 25
252311 40
252320 10
252331 16
252353 13
252402 19
252403 10
252404 10
252413 19
252420 28
252423 37
252427 4
252428 31
252429 1
252435 6
252440 4
252459 19
252460 10
252479 4
252489 4
252706 25
252714 19
252727 10
252755 37
252774 4
252781 19
252785 4
252789 4
252792 25
253215 37
253433 25
253441 25
253443 4
253451 10
253452 4
253454 19
253716 37
253721 19
253722 25
253725 25
253734 19
253747 4
253749 28
253752 37
253754 10
253791 10
254182 13
254200 18
254205 12
254206 37
254211 22
254215 22
254216 1
254222 7
254231 16
254232 40
254271 9
254282 34
254325 4
254334 16
254352 31
254362 0
254371 22
254373 13
254400 19
254411 19
254412 10
254415 10
254421 19
254423 13
254424 25
254435 10
254445 10
254451 4
254452 19
254453 19
254466 25
254476 1
254477 37
254478 19
254495 4
254701 4
254721 10
254733 10
254737 25
254771 19
254803 10
254817 19
254857 19
255210 34
255230 40
255301 37
255316 31
255323 19
255328 1
255337 4
255340 25
255422 4
255425 19
255427 25
255432 10
255437 19
255440 10
255447 19
255455 4
255497 4
255714 10
255735 19
255750 25
255766 4
255769 37
255772 4
255779 37
255783 25
256100 6
256271 31
256317 37
256318 25
256334 4
256382 10
256383 19
256462 28
259103 34
259104 41
259106 19
259107 22
259108 27
259193 12
259195 25
259200 4
259201 31
259203 9
259401 19
260704 4
260708 37
260712 25
260719 19
260791 10
261102 3
261111 32
261112 33
261113 10
261205 13
261207 37
261208 28
261214 40
261215 13
261218 15
261305 19
261306 10
261332 0
261342 13
261343 1
261361 1
261430 10
261433 37
261444 19
261446 19
261447 10
261448 25
261449 4
261465 4
261473 28
261494 22
261497 4
261499 19
261742 4
261745 4
261755 4
261763 19
261764 25
261793 10
261795 10
261796 19
263710 19
263721 25
263724 37
263745 37
263751 10
264702 25
264705 10
264755 19
264789 4
265706 10
265709 19
265710 4
266703 19
266801 4
268732 10
268735 4
268741 19
268742 25
269103 4
269105 25
269130 10
269210 19
269341 4
269360 28
269370 25
269421 37
269431 25
269497 4
270701 19
270702 4
305203 16
318322 13
329104 13
330112 4
351100 34
351201 37
351364 25
351371 37
351426 1
352103 25
352311 37
352314 1
352315 37
352331 1
352332 22
352401 19
352412 28
352413 25
352421 4
352422 10
352433 19
352441 37
353313 22
353431 19
353441 4
353471 25
355411 19
356100 6
356101 24
356102 33
356210 37
356261 13
356311 4
356331 7
356431 1
356432 4
356441 19
356442 37
356443 22
356449 4
356455 4
356472 19
356475 4
357101 35
357110 9
357210 26
357323 25
357360 10
357418 19
357442 28
357444 4
359202 17
359205 4
359401 19
359408 4
359431 25
359455 4
360100 39
360210 28
361210 40
361321 28
361322 10
361341 37
361421 28
361433 25
361452 19
361461 4
361475 10
362211 31
363210 15
365425 4
368211 25
368317 28
400110 30
400210 4
401281 37
401383 37
401391 7
403281 25
403383 16
406284 28
406294 4
406386 10
406396 28
408382 6
410381 1
413383 31
413391 22
415393 34
420282 10
421282 34
421292 13
421386 19
421396 25
422381 40
428281 19
428282 1
428381 13
428383 4
461170 11
461471 19
461472 31
461511 22
461521 10
461526 4
461551 37
461566 25
461584 4
462130 26
462412 10
462413 19
462414 37
462503 25
462587 4
462588 19
463201 13
463252 1
463331 19
463332 4
463342 13
463354 16
463506 37
463512 37
463513 37
463543 4
463544 25
463557 10
463559 19
463571 4
463592 7
464302 34
464312 1
464402 13
464403 10
464414 37
464442 16
464443 25
464445 3
464446 1
501201 19
501202 37
501305 1
501306 28
502313 25
502314 10
504202 25
504305 37
506202 28
508304 28
510306 19
512304 4
513113 37
513115 4
513212 19
513216 28
513217 13
513225 37
513284 1
513331 4
513343 37
513364 19
513373 10
513390 25
513446 4
514202 31
514206 1
514222 25
514244 10
514272 7
514322 25
514352 4
514358 0
514382 19
514384 10
515204 18
515205 28
515256 37
515257 22
515337 10
515362 19
515380 4
552216 19
552217 22
552232 40
554413 37
555312 25
557432 10
558101 7
558313 19
558441 4
562101 5
562211 16
601201 18
601202 18
601231 28
601242 7
601342 25
601346 10
601361 4
601423 37
601425 28
601454 37
601455 19
601724 4
601745 19
601775 4
602100 35
602102 21
602103 27
602111 10
602120 25
602121 4
602122 4
602301 19
602314 0
602421 19
602453 28
602454 4
602455 25
602461 25
602471 37
602722 10
602741 4
602751 19
603200 10
603231 0
603321 37
603396 19
603496 4
603725 10
603743 19
603751 4
604101 16
604211 33
604311 25
604314 40
604315 31
604411 19
604415 4
604423 7
604431 19
604455 10
605203 3
605302 1
605313 10
605315 13
605316 37
605331 25
605430 10
605701 19
605711 10
605719 4
605742 19
606211 19
606243 13
606245 31
606264 25
606310 1
606451 19
606452 4
610114 33
651211 10
651212 7
651231 4
651234 1
651313 28
651314 37
651317 4
651319 25
651416 10
651425 19
701100 40
701101 3
701181 12
701183 40
701202 19
701235 1
701243 10
701244 40
701283 40
701295 31
701310 4
701335 1
701341 37
701408 22
701423 25
702100 31
702101 18
702211 28
702213 34
702312 3
702317 16
702321 19
702331 25
702342 1
702354 4
702418 25
703103 37
703202 10
703204 19
703243 13
703244 10
703309 4
703311 10
703322 28
703324 16
703330 10
703331 37
703345 37
703351 13
703361 4
703413 10
703441 19
703499 19
705191 6
705211 13
705311 16
705328 2
705331 13
705332 34
705343 22
705351 22
705431 31
705438 4
705440 19
705441 4
705444 13
705446 22
705448 1
705492 19
705499 10
751100 10
751101 23
751102 16
751106 16
751202 12
751209 19
751301 22
751302 22
751303 19
751304 4
751305 4
751308 31
751309 9
751321 37
751326 28
751330 28
751345 19
751401 22
751403 4
751405 13
751408 31
751413 4
751418 19
751419 4
751421 37
751428 10
751440 34
751443 0
751701 25
751702 10
751703 4
751705 19
751706 10
751708 19
751710 4
751712 4
751716 25
751724 25
751728 28
751732 10
751734 28
751744 37
751745 37
751751 4
751752 37
801100 15
801122 22
801134 4
801201 4
801204 4
801233 22
801236 1
801241 28
801322 4
801371 0
803122 22
803124 34
803131 4
803230 37
803232 10
851100 25
851103 6
851104 13
851105 10
851200 13
851201 0
851202 35
851204 40
851205 12
851241 3
851261 13
851273 33
851305 6
851306 19
851309 25
851310 28
851341 22
851342 19
851344 4
851350 25
851363 25
851366 10
851371 7
851375 15
851400 37
851401 16
851404 4
851443 10
851445 25
851450 37
851467 4
951100 32
951106 3
951124 13
951202 16
951231 25
951321 13
951366 4
951421 10
951497 19
951498 4
953102 10
953104 31
953111 39
953201 10
953202 22
953214 7
953231 13
953232 25
953234 13
953323 37
953494 25
953495 28
954140 25
954141 10
954142 4
954240 0
954244 13
954310 37
954326 19
954340 22
954364 1
954371 4
954372 10
954373 37
954413 25
954420 10
954422 25
954423 4
954443 10
954472 19
954498 28
