001101 4
001102 1
001112 38
001118 35
001201 1
001202 13
001210 28
001222 0
001223 4
001224 4
001225 4
001226 33
001227 4
001228 4
001229 37
001230 0
001231 40
001234 9
001250 34
001291 13
001292 25
001310 2
001311 21
001312 22
001314 28
001315 37
001320 24
001321 31
001323 28
001330 28
001341 10
001342 10
001352 16
001355 22
001361 34
001362 25
001391 37
001410 34
001423 31
001440 40
001445 18
001446 34
001463 40
001471 19
001472 15
002102 15
002111 9
002191 13
002202 40
002230 31
002260 37
002302 40
002311 31
002321 7
002331 19
002362 37
002402 34
002441 37
002471 19
003102 13
003191 31
003202 22
003314 37
003331 34
003332 40
003361 19
003367 34
003454 25
004282 40
004465 25
004472 28
004474 37
004476 22
006103 19
006226 40
006241 0
006253 0
006307 34
006326 31
006330 10
006349 40
006353 31
006423 19
006432 19
006443 22
006448 31
006475 25
008214 25
008314 19
008326 31
008402 22
008411 27
009103 28
009213 37
009234 16
009236 10
009254 6
009325 19
009327 25
009344 7
009355 0
009356 34
009358 31
009363 40
009446 37
011100 35
011101 24
011154 10
011156 21
011157 10
011251 6
011257 27
011268 25
011269 24
011276 13
011277 22
011278 30
011355 7
011367 37
011457 40
011479 28
012173 0
012200 18
012271 28
012272 19
013103 33
013110 10
013203 21
013204 0
013207 16
013208 40
013209 34
013216 22
013217 31
013301 15
013303 13
013306 7
013321 22
013335 25
013337 10
013410 34
013413 37
013422 37
013428 13
013431 34
013432 40
014210 40
014211 25
014270 34
014310 13
014311 10
014323 25
014370 0
014383 31
014390 19
014401 22
014410 10
014422 28
014423 19
014471 34
014481 6
015101 32
015102 31
016101 37
016102 19
017101 6
017102 31
017111 22
017112 0
017231 37
018104 31
018111 37
018112 22
018114 13
018126 40
018204 31
018271 15
018323 19
018352 34
018372 37
018468 34
019101 28
019104 13
019105 25
019106 0
019112 22
019204 28
019205 25
019206 31
019212 34
019222 37
019332 22
019351 10
019362 40
019373 16
019441 34
020101 19
020102 13
020212 10
020231 22
020232 25
020261 10
021101 13
021102 13
021203 31
021204 13
021270 0
024752 19
025110 34
025381 19
025481 19
026101 23
026102 13
026111 25
026112 25
026201 0
026202 13
050100 13
050103 33
050104 34
050106 41
050112 3
050113 41
051302 15
051304 13
051306 27
051310 37
051313 1
051412 19
051418 19
052203 27
052310 13
052323 34
052331 13
052350 25
052351 22
052353 37
052355 18
052400 13
052417 28
052420 41
052422 7
052441 19
052442 16
052445 31
052448 34
052449 31
052725 37
054821 19
054822 19
055702 37
055703 19
055711 34
055739 34
057121 41
057122 34
057123 27
057125 6
057126 18
057127 19
057128 38
057129 20
057130 41
057131 22
057132 28
057133 28
057134 6
057135 40
057136 37
057137 10
057138 0
057139 25
057213 6
057283 25
057286 40
057287 37
057290 31
057295 4
057297 31
057298 10
057301 25
057302 19
057305 0
057307 19
057316 22
057366 6
057401 25
057404 19
057407 37
057413 37
057419 19
057425 34
057427 13
057428 15
057450 34
059405 31
059413 13
059419 31
061106 31
061201 13
061205 19
061223 22
061224 22
061306 31
061312 6
061313 34
061317 34
061319 34
061401 25
061403 16
061405 19
061430 37
062342 40
062346 13
062360 34
062380 13
062411 40
062452 34
062460 37
062470 37
062499 31
063201 22
064204 7
064231 37
064232 40
064252 19
064303 37
064411 19
064412 19
064413 28
064417 25
064422 19
064423 37
064424 28
064474 13
065120 13
065121 28
065211 22
065212 13
065311 0
065320 31
065333 28
065420 19
065436 19
065437 22
065438 40
065782 34
065795 37
065797 19
065799 19
066222 34
066324 31
066412 19
066416 37
066426 7
067201 31
067203 40
067303 31
067311 28
067371 40
067433 4
067435 31
067436 27
067491 34
070200 28
070304 19
070305 37
070400 19
070401 1
070403 28
070404 22
070410 31
070411 19
070413 39
070414 19
070415 22
070416 34
070727 37
070731 19
070741 19
071411 34
071412 10
071413 1
071414 34
071415 16
071416 31
071417 34
071419 41
071420 19
071426 31
071724 19
074100 21
074101 8
076414 25
076426 31
076427 28
076428 19
076429 13
076430 31
076444 7
076466 22
078444 29
079444 16
088708 19
099101 31
099102 22
099103 31
100102 34
100104 1
100109 15
100110 3
100111 37
100112 34
100205 19
100206 13
100207 25
100208 34
100210 25
100212 34
100213 37
100214 31
100218 10
100219 24
100220 18
100222 40
100225 22
100227 25
100281 15
100306 19
100307 4
100308 10
100309 13
100310 40
100501 21
101201 31
101202 27
101205 37
101325 7
101405 19
101490 41
103271 22
104100 34
104201 19
104302 10
104310 22
104320 37
104327 22
104334 19
104435 34
104450 25
104490 19
109100 12
109114 39
112101 34
112105 19
112106 40
112109 25
112202 37
112205 19
112303 19
112321 34
112322 34
112406 19
112424 37
115300 40
116301 34
116302 31
126101 24
126102 1
126212 16
126213 37
126214 18
126324 33
126325 19
126328 34
126330 30
126331 40
126332 25
126400 25
126431 10
126434 40
126436 18
126437 13
126438 37
126442 28
127100 13
127101 6
127202 25
127205 34
127206 37
127303 6
127313 10
127320 40
127330 24
127332 18
127333 6
127336 0
127359 9
127411 31
127412 25
127413 37
127414 19
127415 34
127416 16
127424 25
127433 40
127492 19
127716 34
127720 37
127721 25
127730 19
128100 11
128101 1
128201 41
128304 16
128305 10
128306 34
128308 37
128310 10
128353 19
128401 13
128423 40
128425 28
128427 19
128429 19
128434 31
128445 22
128451 37
128462 31
128471 25
128484 19
128700 34
128712 25
128727 37
128734 19
128751 25
140101 37
140102 37
140103 37
140104 21
140105 12
152211 34
152301 40
152321 19
152331 19
154100 22
154104 14
154141 34
154152 37
154153 22
154173 13
154181 22
154251 22
154276 16
154281 12
154301 13
154330 31
154431 34
154479 19
154482 25
154492 10
159100 9
159101 19
159102 22
159151 25
159202 37
159203 19
159204 31
159331 16
159411 37
159412 19
159434 22
159462 25
160342 31
164261 19
164341 25
168101 31
168410 22
176100 20
176101 40
176104 15
177104 10
177113 41
177114 28
177141 31
177142 37
177181 13
177220 37
177222 22
177227 31
177228 34
177229 13
177300 19
177321 16
177332 6
177335 37
177341 0
177361 27
177362 9
177413 31
177420 13
177425 25
177429 34
177430 25
177431 13
177433 0
177460 22
177464 19
177465 1
177466 40
177470 25
177471 19
177483 28
177491 10
177494 34
177495 34
179402 34
179403 34
179404 19
179406 19
179443 40
201100 19
201110 15
201114 16
201116 15
201117 21
201190 37
202100 16
202101 21
202102 8
202147 18
202231 28
202303 25
202305 25
202311 34
202331 19
202356 37
202371 31
202405 28
202432 31
202442 37
202461 34
202471 19
202475 19
202476 13
202484 19
202731 37
202736 37
202749 19
202770 34
202804 19
202807 19
202833 19
202843 37
203100 5
203104 36
203108 23
203111 35
203113 25
203114 40
203131 22
203132 9
203151 40
203152 3
203154 28
203158 37
203159 16
203162 36
203202 27
203203 34
203204 0
203206 38
203207 40
203208 22
203209 15
203211 0
203222 31
203223 12
203226 27
203232 24
203236 41
203250 37
203287 16
203300 31
203304 16
203316 0
203351 22
203352 6
203413 19
203424 13
203425 37
203435 34
203459 25
203708 37
203715 19
203719 34
203721 19
203734 34
203735 37
203749 34
203754 19
203775 37
203804 19
203812 37
203825 34
203829 37
204100 25
204101 37
204113 34
204123 13
204202 19
204217 34
204232 9
204251 34
204306 6
204315 24
204320 19
204333 13
204355 40
204362 37
204382 0
204422 22
204425 31
204441 34
204443 27
204452 41
204456 25
204482 40
204483 31
204490 19
205100 27
205103 34
205105 12
205216 28
205232 34
205244 0
205252 16
205282 12
205324 25
205344 34
205358 37
205361 19
205382 13
205421 34
205473 19
206100 31
206103 30
206104 30
206108 13
206111 32
206112 30
206161 39
206162 9
206171 30
206172 17
206181 28
206182 13
206191 31
206211 25
206216 10
206217 25
206253 25
206255 13
206261 18
206266 18
206281 1
206311 37
206313 0
206321 41
206325 28
206327 16
206331 31
206336 37
206341 34
206342 22
206355 0
206357 37
206362 0
206364 37
206367 37
206368 25
206370 22
206421 19
206435 37
206437 13
206467 19
206471 22
206476 15
206481 30
206725 34
206726 37
206728 19
206729 19
206731 34
206734 37
206736 34
206737 34
206774 37
207100 34
207104 19
207105 25
207106 3
207108 9
207109 30
207110 25
207116 19
207117 3
207118 40
207125 4
207137 19
207162 22
207172 13
207181 25
207187 10
207188 13
207191 33
207195 19
207214 31
207302 13
207305 9
207306 18
207312 4
207321 34
207402 37
207408 19
207415 22
207442 0
207448 27
207449 19
207704 25
207706 34
207708 37
207712 19
207741 19
207766 19
207776 19
208101 36
208140 25
208141 36
208161 22
208250 19
208263 16
208264 28
208271 37
208272 41
208322 31
208345 0
208346 34
208353 16
208362 10
208373 7
208384 37
208423 22
208444 37
208446 13
208460 25
208738 25
208740 19
208770 37
208772 37
208774 34
208776 37
208873 19
209203 10
209204 16
209252 19
209253 10
209262 0
209263 40
209270 27
209271 25
209272 7
209322 40
209332 40
209341 25
209352 40
209370 31
209376 19
209382 37
209424 34
209452 19
209454 31
209456 0
209466 37
209486 19
209714 34
209772 19
209787 37
209789 34
210100 25
210200 10
210207 28
210221 0
210251 34
210276 40
210315 7
210331 22
210355 37
210432 19
210435 19
210448 19
210463 31
210702 19
210717 37
210734 34
210741 37
210743 34
210748 37
210787 34
211100 27
211303 10
211312 19
211315 19
211318 25
211319 10
211341 6
211342 13
211448 37
211449 4
211495 19
211709 19
212712 19
212714 37
212731 34
213708 19
213717 37
213718 37
213763 34
214301 1
214310 16
214340 13
214341 22
214352 0
214403 22
214412 13
214431 19
214442 37
214462 37
214491 34
215205 40
215206 24
215207 40
215208 10
215303 19
215312 16
215313 25
215314 40
215401 25
215462 37
215482 22
215711 37
215783 19
217705 34
217708 37
217773 19
218100 24
218234 10
218236 40
218244 31
218262 13
218352 0
218362 37
218372 13
218382 28
218481 37
218486 19
218496 19
219753 34
219781 37
226703 19
226704 37
226710 37
226805 19
229223 12
229351 34
251100 13
251211 19
251213 19
251216 34
251242 13
251261 24
251292 37
251312 31
251313 37
251333 13
251334 40
251342 25
251361 22
251363 16
251371 19
251372 7
251374 18
251399 1
251411 31
251417 37
251434 22
251436 34
251451 31
251455 10
251456 22
251457 40
251461 34
251465 1
251704 31
251707 19
251713 19
251716 25
251723 34
251724 37
251738 19
251746 25
251748 34
251754 25
251760 34
251763 19
251765 37
251773 25
251781 34
251784 37
252210 10
252212 37
252222 34
252235 13
252281 37
252282 0
252283 21
252285 21
252311 28
252320 0
252331 16
252353 10
252401 31
252402 40
252403 31
252404 13
252413 22
252420 37
252421 22
252422 37
252423 6
252427 13
252428 30
252429 12
252435 34
252440 1
252442 40
252443 34
252448 22
252450 25
252456 37
252459 1
252460 37
252479 31
252489 25
252706 37
252707 34
252714 25
252721 25
252727 34
252755 34
252765 37
252781 37
252792 19
253215 1
253318 1
253321 31
253332 13
253423 25
253433 19
253441 37
253443 31
253451 37
253452 34
253454 13
253721 19
253725 25
253731 25
253734 34
253735 34
253747 31
253749 13
253752 31
253754 37
253791 37
254182 19
254200 6
254205 34
254206 15
254207 1
254211 25
254215 12
254216 37
254222 15
254231 10
254232 40
254271 27
254282 22
254334 19
254352 13
254362 33
254371 37
254373 9
254400 13
254411 25
254412 37
254415 31
254421 34
254423 13
254424 34
254427 37
254435 25
254441 40
254443 37
254445 25
254446 19
254451 31
254452 22
254453 34
254466 34
254476 16
254477 31
254478 37
254495 34
254701 19
254721 37
254733 25
254737 34
254771 34
254816 19
254857 37
255210 27
255230 34
255300 0
255301 41
255316 29
255323 13
255328 31
255337 20
255340 3
255393 25
255422 22
255425 19
255430 34
255432 13
255433 19
255437 37
255440 31
255442 40
255445 34
255447 37
255451 37
255455 37
255463 22
255471 34
255497 13
255714 31
255735 34
255746 19
255750 25
255751 25
255769 37
255772 37
255783 25
255786 37
255791 13
255792 37
256100 28
256271 31
256281 37
256317 25
256318 31
256334 34
256415 19
256419 25
256442 37
256443 7
256456 37
256473 1
256474 13
256713 25
256741 19
256752 34
256753 37
256791 19
259103 29
259104 13
259106 34
259107 25
259108 22
259193 15
259195 24
259200 28
259201 32
259203 28
259401 37
260313 40
260334 19
260421 34
260702 25
260712 34
260719 37
260791 19
261102 37
261111 24
261112 12
261113 31
261205 37
261207 22
261208 37
261214 34
261215 40
261218 25
261305 22
261306 25
261332 27
261342 34
261343 13
261361 27
261411 13
261421 13
261430 1
261433 31
261444 31
261446 37
261447 31
261448 34
261449 19
261453 19
261465 0
261473 16
261479 37
261494 10
261497 31
261498 10
261499 13
261731 19
261736 19
261742 31
261745 25
261751 19
261752 34
261755 37
261763 25
261792 31
261796 34
261891 25
263710 25
263721 34
263724 37
263745 19
263751 19
264702 34
264703 37
264705 19
264755 25
264791 31
265706 34
265709 37
265710 19
266703 19
266801 37
268735 25
268741 34
268742 19
269103 13
269105 19
269130 31
269210 19
269341 1
269360 19
269370 22
269497 25
269498 25
270721 34
270791 34
305203 37
318322 31
329104 12
330112 16
351100 22
351201 13
351302 34
351331 40
351364 25
351371 10
351425 37
351426 37
351464 19
352103 13
352311 31
352314 34
352315 10
352323 34
352331 19
352332 31
352401 22
352412 19
352413 37
352421 34
352422 34
352433 13
352441 31
353313 22
353418 22
353431 31
353441 37
353471 40
353482 25
354311 13
354312 13
355411 19
356100 37
356101 40
356102 28
356210 30
356261 19
356306 37
356331 16
356333 25
356373 34
356375 31
356411 16
356412 19
356415 37
356416 13
356431 22
356432 31
356441 34
356442 25
356443 27
356444 41
356446 19
356447 37
356448 13
356449 25
356455 19
356472 13
356474 19
357110 10
357210 6
357322 1
357323 10
357418 19
357421 37
357432 37
357442 25
357444 13
357446 28
359202 6
359205 19
359206 31
359302 25
359305 31
359341 37
359350 6
359360 19
359401 34
359403 16
359419 37
359422 22
359452 37
359455 37
359460 1
359461 22
360100 31
360301 37
360402 19
360403 37
360411 34
360423 19
360441 31
360460 40
361210 34
361211 13
361214 37
361341 40
361414 19
361421 22
361433 34
361442 19
361461 34
361475 31
363210 3
365201 40
365211 19
365301 40
365324 25
365331 37
365422 19
365425 34
365426 13
368211 0
368310 22
368412 37
368417 13
368433 19
400110 11
400210 25
401281 1
401383 31
401391 40
403281 22
403383 37
406284 37
406294 10
406386 7
406396 28
408382 19
410381 4
413383 1
413391 10
415393 22
420282 19
421282 13
421292 31
421386 25
421396 13
422381 16
428281 25
428282 34
428381 34
428383 41
461170 7
461471 1
461472 34
461511 25
461526 25
462130 7
462531 25
462542 34
462545 37
462582 19
462587 40
462588 19
463201 37
463252 19
463331 34
463332 34
463342 25
463354 37
463512 19
463513 25
463534 40
463543 34
463544 25
463557 37
463559 31
463571 40
463592 19
464302 31
464312 13
464402 28
464403 22
464414 40
464442 37
464443 31
464445 1
464446 13
464500 19
464502 25
464504 34
464505 1
464506 37
464508 19
464544 13
464545 19
464546 31
464549 40
501201 25
501202 37
501305 37
501306 19
502313 22
502314 13
504202 40
504305 25
506202 19
508304 34
510306 31
512304 40
513113 16
513115 37
513212 25
513216 37
513217 31
513225 40
513284 19
513331 19
513343 34
513364 37
513373 40
513390 25
513411 37
513446 19
514202 13
514206 0
514222 22
514244 40
514272 10
514322 22
514336 13
514352 19
514358 37
514382 40
514384 25
514396 34
514398 31
515204 19
515205 37
515256 31
515257 25
515330 31
515337 25
515339 34
515362 37
515377 1
515378 13
515380 19
515407 25
515440 34
515441 37
515442 19
518724 19
518770 37
551311 34
552216 37
552217 19
552232 40
553312 25
554314 37
555313 37
556311 19
557433 31
558101 3
558432 40
561312 19
562101 10
562211 19
571115 19
601201 0
601202 9
601231 13
601242 37
601342 25
601346 28
601351 31
601361 13
601423 31
601424 19
601425 19
601436 19
601452 34
601471 37
601472 19
601745 37
601769 34
601775 19
602100 34
602102 31
602103 18
602120 10
602121 3
602122 37
602314 25
602421 37
602432 25
602453 34
602454 19
602455 19
602461 1
602463 37
602471 40
602741 37
602751 19
603200 6
603231 10
603321 13
603341 37
603396 34
603423 19
603496 13
603725 34
603743 37
603751 19
604101 19
604211 6
604311 16
604314 25
604315 4
604411 37
604415 31
604423 6
604431 18
604443 19
604454 37
604455 34
605203 31
605302 25
605313 22
605315 37
605316 34
605321 31
605331 37
605340 19
605412 37
605430 22
605711 37
605719 19
606211 19
606243 37
606245 25
606264 13
606310 31
606341 25
606342 34
606344 37
606451 13
606452 19
610114 18
651211 40
651212 25
651231 37
651234 37
651306 19
651313 13
651314 31
651317 19
651319 25
651416 34
651425 37
701100 27
701101 6
701181 9
701202 22
701211 34
701235 0
701243 19
701244 40
701283 25
701310 37
701335 19
701408 34
701409 34
701410 19
701496 40
702100 13
702101 37
702211 39
702213 25
702312 27
702317 34
702321 19
702331 40
702342 37
702354 31
702423 34
702443 37
702499 19
703103 22
703202 33
703204 15
703243 30
703244 33
703322 37
703324 22
703330 33
703331 28
703345 19
703351 0
703361 37
703413 31
703441 16
703444 22
703499 40
705191 40
705211 21
705311 19
705328 22
705331 16
705332 0
705343 34
705431 15
705438 31
705440 24
705441 1
705444 25
705446 13
705447 1
705461 37
705492 19
705499 37
751100 7
751101 8
751102 7
751106 25
751202 9
751209 0
751301 31
751302 24
751303 22
751305 15
751308 36
751309 36
751321 25
751326 22
751330 31
751345 34
751401 3
751403 40
751405 13
751408 7
751417 22
751418 31
751419 37
751421 37
751422 19
751424 25
751428 33
751440 37
751443 1
751447 10
751451 30
751701 13
751702 19
751703 31
751705 22
751706 19
751708 37
751710 34
751716 25
751718 25
751719 31
751727 25
751742 34
751744 34
801100 6
801122 19
801134 37
801204 34
801233 22
801236 31
801241 19
801322 19
801334 37
801371 19
803122 34
803124 37
803131 25
803230 19
803232 31
803260 19
851100 12
851103 22
851104 19
851105 34
851200 22
851201 37
851202 24
851204 31
851207 30
851241 37
851252 15
851253 18
851261 12
851263 40
851273 7
851305 25
851306 6
851309 12
851313 40
851363 13
851366 9
851375 16
851400 34
851401 37
851404 31
851406 31
851443 19
851445 19
851450 4
851462 28
851467 19
951100 26
951202 40
951231 25
951321 22
951324 13
951366 13
951421 34
951498-020 40
951498-021 31
953102 40
953104 31
953111 33
953201 37
953202 19
953214 10
953231 37
953232 40
953234 19
953323 31
953361 19
953421 25
953444 19
953494 22
953495 1
954100 34
954140 10
954142 13
954143 22
954170 24
954240 21
954244 34
954310 10
954340 4
954347 37
954371 25
954372 13
954374 37
954413 37
954421 40
954423 10
954464 22
954472 34
954491 27
954498 19
955102 25
955104 31
