001101 1
001102 1
001112 7
001118 15
001201 8
001202 31
001210 26
001222 40
001223 20
001224 20
001225 2
001226 15
001227 35
001228 32
001229 28
001230 17
001231 4
001234 27
001250 4
001291 9
001292 40
001310 6
001311 10
001312 28
001314 12
001315 7
001320 22
001321 13
001323 13
001330 37
001341 40
001342 39
001352 16
001355 24
001361 30
001362 31
001391 13
001410 7
001423 25
001440 4
001445 27
001446 37
001463 4
001471 4
001472 22
002102 6
002111 25
002191 4
002202 13
002230 25
002260 31
002302 22
002311 25
002321 12
002331 4
002362 37
002402 28
002441 10
002471 22
003102 37
003191 39
003202 10
003314 4
003331 22
003332 13
003361 25
003367 22
003454 28
004282 4
004465 13
004472 40
004474 37
004476 7
006103 21
006226 4
006241 34
006253 10
006307 25
006326 34
006330 13
006349 31
006353 22
006423 28
006432 28
006443 10
006448 37
006475 16
008214 25
008314 0
008326 25
008402 16
008411 4
009103 35
009213 22
009234 0
009236 4
009254 25
009325 37
009327 22
009344 7
009355 31
009356 25
009358 4
009363 12
009446 22
011100 34
011101 40
011154 4
011156 37
011157 9
011251 41
011257 12
011268 34
011269 9
011276 3
011277 34
011278 0
011355 13
011367 37
011457 28
011479 24
012173 22
012200 21
012271 22
012272 34
013103 39
013110 4
013203 10
013204 22
013207 37
013208 31
013209 22
013216 37
013217 16
013301 28
013303 9
013306 13
013321 24
013335 16
013337 9
013410 9
013413 25
013422 16
013428 25
013431 4
013432 22
014210 25
014211 4
014270 7
014310 3
014311 4
014323 28
014370 22
014383 16
014390 22
014401 7
014410 4
014422 28
014423 31
014471 31
014481 30
015101 36
015102 13
016101 34
016102 37
017101 19
017102 28
017111 4
017112 37
017231 37
018104 37
018111 13
018112 39
018114 10
018126 4
018204 37
018271 41
018323 25
018352 25
018372 24
018468 4
019101 6
019104 10
019105 22
019106 10
019112 19
019204 12
019205 22
019206 37
019212 4
019222 28
019332 4
019351 22
019362 25
019373 40
019441 28
020101 25
020102 25
020212 4
020231 25
020232 28
020261 4
021101 9
021102 22
021203 10
021204 31
021270 31
024752 4
025110 4
025381 4
025481 4
026101 18
026102 9
026111 37
026112 10
026201 31
026202 28
050100 25
050103 9
050104 3
050106 26
050112 35
050113 36
051302 37
051304 9
051306 19
051310 10
051313 13
051412 34
051418 10
052203 22
052310 28
052323 31
052331 4
052350 19
052351 7
052353 10
052355 10
052400 25
052417 37
052420 31
052422 6
052441 4
052442 16
052445 13
052448 22
052449 13
052725 22
054821 4
054822 4
055702 22
055703 4
055711 37
055739 37
057121 39
057122 30
057123 15
057125 21
057126 12
057127 23
057128 38
057129 27
057130 0
057131 13
057132 31
057133 18
057134 28
057135 34
057136 4
057137 16
057138 3
057139 31
057213 13
057283 19
057286 4
057287 37
057290 13
057295 19
057297 28
057298 4
057301 31
057302 22
057305 34
057307 13
057316 34
057366 16
057401 37
057404 34
057407 22
057413 22
057419 10
057425 19
057427 4
057428 37
057450 25
059405 13
059413 4
059419 25
061106 13
061201 37
061205 25
061223 13
061224 34
061306 3
061312 39
061313 22
061317 19
061319 22
061401 37
061403 37
061405 19
061430 31
062342 13
062346 22
062360 10
062380 13
062411 10
062452 22
062460 4
062470 4
062499 4
063201 13
064204 36
064231 37
064232 28
064252 31
064303 28
064411 25
064412 37
064413 31
064417 39
064422 31
064423 22
064424 41
064474 4
065120 19
065121 22
065211 30
065212 36
065311 31
065320 28
065333 37
065420 4
065436 4
065437 22
065438 25
065782 37
065795 22
065797 4
065799 4
066222 4
066324 22
066412 25
066416 10
066426 13
067201 13
067203 4
067303 28
067311 13
067371 24
067433 12
067435 37
067436 9
067491 25
070200 13
070304 28
070305 4
070400 28
070401 22
070403 12
070404 31
070410 16
070411 10
070413 33
070414 21
070415 25
070416 25
070727 22
070731 4
070741 4
071411 37
071412 10
071413 16
071414 31
071415 24
071416 15
071417 4
071419 16
071420 4
071426 13
071724 4
074100 31
074101 21
076414 19
076426 16
076427 13
076428 4
076429 34
076430 28
076444 27
076466 36
078444 24
079444 34
088708 4
099101 25
099102 16
099103 13
100102 4
100104 16
100109 10
100110 25
100111 37
100112 39
100205 10
100206 6
100207 34
100208 16
100210 34
100212 10
100213 37
100214 13
100218 41
100219 22
100220 19
100222 40
100225 22
100227 19
100281 0
100306 4
100307 0
100308 41
100309 10
100310 25
100501 28
101201 4
101202 25
101205 7
101325 28
101405 28
101490 36
103271 34
104100 37
104201 34
104302 34
104310 19
104320 7
104327 4
104334 22
104435 13
104450 28
104490 34
109100 39
109114 18
112101 37
112105 4
112106 34
112109 13
112202 25
112205 13
112303 4
112321 37
112322 37
112406 37
112424 25
115300 37
116301 13
116302 37
126101 9
126102 10
126212 31
126213 40
126214 3
126324 12
126325 25
126328 15
126330 28
126331 37
126332 36
126400 10
126431 25
126434 13
126436 27
126437 4
126438 10
126442 30
127100 31
127101 27
127202 37
127205 4
127206 25
127303 41
127313 0
127320 13
127330 24
127332 3
127333 16
127336 25
127359 30
127411 28
127412 10
127413 37
127414 22
127415 10
127416 22
127424 13
127433 28
127492 4
127716 37
127720 22
127721 10
127730 4
128100 37
128101 37
128201 4
128304 7
128305 19
128306 19
128308 25
128310 25
128353 10
128401 28
128423 4
128425 4
128427 7
128429 4
128434 37
128445 7
128451 28
128462 4
128471 25
128484 22
128700 10
128712 22
128727 37
128734 4
128751 22
140101 4
140102 37
140103 7
140104 32
140105 0
152211 25
152301 4
152321 4
152331 4
154100 37
154104 37
154141 6
154152 25
154153 36
154173 7
154181 19
154251 22
154276 0
154281 36
154301 4
154330 37
154431 27
154479 22
154482 37
154492 31
159100 29
159101 13
159102 41
159151 40
159202 25
159203 13
159204 16
159331 0
159411 28
159412 37
159434 12
159462 4
160342 25
164261 4
164341 10
168101 13
168410 37
176100 27
176101 7
176104 37
177104 13
177113 7
177114 4
177141 15
177142 25
177181 19
177220 40
177222 37
177227 28
177228 25
177229 10
177300 2
177321 4
177332 37
177335 16
177341 22
177361 17
177362 19
177413 28
177420 4
177425 22
177429 25
177430 31
177431 22
177433 31
177460 13
177464 25
177465 10
177466 31
177470 22
177471 30
177483 34
177491 30
177494 25
177495 31
179402 31
179403 25
179404 4
179406 37
179443 22
201100 31
201110 28
201114 19
201116 21
201117 39
201190 34
202100 29
202101 31
202102 6
202147 40
202231 3
202303 4
202305 4
202311 31
202331 28
202356 28
202371 13
202405 37
202432 13
202442 22
202461 37
202471 31
202475 16
202476 25
202484 28
202731 22
202736 37
202749 4
202770 22
202804 4
202807 4
202833 4
202843 22
203100 6
203104 28
203108 32
203111 20
203113 10
203114 4
203131 31
203132 34
203151 3
203152 10
203154 19
203158 28
203159 6
203162 28
203202 7
203203 37
203204 15
203206 28
203207 7
203208 37
203209 16
203211 3
203222 16
203223 10
203226 21
203232 0
203236 7
203250 4
203287 37
203300 16
203304 4
203316 40
203351 13
203352 19
203413 37
203424 10
203425 37
203435 25
203459 12
203708 22
203715 4
203719 37
203721 4
203734 22
203735 22
203749 37
203754 4
203775 22
203804 4
203812 22
203825 37
203829 22
204100 16
204101 40
204113 10
204123 25
204202 37
204217 19
204232 28
204251 0
204306 24
204315 15
204320 10
204333 37
204355 31
204362 9
204382 22
204422 25
204425 37
204441 10
204443 15
204452 40
204456 4
204482 31
204483 25
204490 28
205100 24
205103 19
205105 41
205216 31
205232 13
205244 24
205252 12
205282 10
205324 40
205344 31
205358 22
205361 28
205382 4
205421 10
205473 25
206100 22
206103 4
206104 40
206108 40
206111 41
206112 16
206161 37
206162 22
206171 3
206172 4
206181 16
206182 4
206191 37
206211 40
206216 4
206217 19
206253 25
206255 13
206261 12
206266 12
206281 30
206311 37
206313 13
206321 3
206325 12
206327 25
206331 3
206336 15
206341 13
206342 25
206355 41
206357 4
206362 40
206364 28
206367 22
206368 10
206370 24
206421 22
206435 4
206437 12
206467 10
206471 37
206476 31
206481 36
206725 37
206726 22
206728 4
206729 4
206731 37
206734 22
206736 37
206737 37
206774 22
207100 15
207104 22
207105 7
207106 7
207108 37
207109 24
207110 34
207116 10
207117 13
207118 37
207125 3
207137 16
207162 34
207172 25
207181 10
207187 4
207188 4
207191 12
207195 30
207214 30
207302 37
207305 28
207306 15
207312 28
207321 28
207402 22
207408 4
207415 10
207442 37
207448 13
207449 4
207704 37
207706 22
207708 4
207712 4
207741 37
207766 4
207776 4
208101 40
208140 40
208141 16
208161 13
208250 4
208263 19
208264 7
208271 25
208272 40
208322 0
208345 34
208346 25
208353 36
208362 37
208373 7
208384 25
208423 28
208444 4
208446 25
208460 28
208738 10
208740 4
208770 37
208772 37
208774 22
208776 22
208873 4
209203 4
209204 10
209252 9
209253 12
209262 22
209263 4
209270 22
209271 28
209272 13
209322 13
209332 13
209341 22
209352 40
209370 10
209376 4
209382 28
209424 37
209452 27
209454 31
209456 22
209466 10
209486 22
209714 37
209772 4
209787 22
209789 37
210100 25
210200 28
210207 25
210221 12
210251 4
210276 22
210315 31
210331 40
210355 16
210432 25
210435 22
210448 22
210463 4
210702 4
210717 22
210734 37
210741 22
210743 37
210748 22
210787 37
211100 30
211303 16
211312 31
211315 32
211318 22
211319 23
211341 12
211342 4
211448 25
211449 10
211495 25
211709 4
212712 4
212714 22
212731 37
213708 4
213717 37
213718 22
213763 22
214301 31
214310 24
214340 22
214341 25
214352 10
214403 22
214412 37
214431 22
214442 28
214462 10
214491 4
215205 40
215206 9
215207 25
215208 40
215303 22
215312 30
215313 16
215314 28
215401 25
215462 4
215482 31
215711 22
215783 4
217705 22
217708 4
217773 10
218100 22
218234 19
218236 22
218244 37
218262 4
218352 31
218362 25
218372 37
218382 13
218481 28
218486 37
218496 4
219753 37
219781 22
226703 4
226704 22
226710 22
226805 4
229223 9
229351 22
251100 18
251211 0
251213 13
251216 4
251242 22
251261 10
251292 28
251312 31
251313 31
251333 10
251334 16
251342 12
251361 16
251363 25
251371 10
251372 40
251374 22
251399 37
251411 28
251417 31
251434 25
251436 4
251451 13
251455 41
251456 25
251457 37
251461 4
251465 37
251704 28
251707 4
251713 22
251716 10
251723 37
251724 4
251738 4
251746 10
251748 37
251754 10
251760 37
251763 22
251765 4
251773 10
251781 37
251784 4
252210 30
252212 25
252222 15
252235 4
252281 4
252282 6
252283 19
252285 19
252311 19
252320 37
252331 7
252353 31
252401 31
252402 28
252403 37
252404 4
252413 13
252420 25
252421 22
252422 4
252423 9
252427 4
252428 40
252429 4
252435 28
252440 10
252442 10
252443 28
252448 22
252450 25
252456 4
252459 13
252460 37
252479 10
252489 28
252706 22
252707 37
252714 10
252721 10
252727 37
252755 37
252765 22
252781 22
252792 4
253215 24
253318 37
253321 10
253332 4
253423 22
253433 28
253441 12
253443 37
253451 25
253452 31
253454 4
253721 4
253725 10
253731 10
253734 37
253735 37
253747 28
253749 25
253752 28
253754 22
253791 22
254182 39
254200 24
254205 18
254206 37
254207 25
254211 16
254215 9
254216 10
254222 37
254231 4
254232 22
254271 28
254282 37
254334 9
254352 16
254362 39
254371 26
254373 31
254400 4
254411 4
254412 22
254415 10
254421 25
254423 25
254424 25
254427 4
254435 28
254441 10
254443 4
254445 4
254446 22
254451 22
254452 37
254453 25
254466 10
254476 28
254477 25
254478 4
254495 22
254701 4
254721 22
254733 10
254737 37
254771 37
254816 4
254857 22
255210 40
255230 23
255300 13
255301 31
255316 36
255323 37
255328 0
255337 20
255340 10
255393 22
255422 31
255425 4
255430 4
255432 25
255433 4
255437 37
255440 28
255442 25
255445 4
255447 28
255451 10
255455 37
255463 4
255471 22
255497 37
255714 22
255735 4
255746 37
255750 10
255751 10
255769 10
255772 22
255783 28
255786 10
255791 25
255792 4
256100 30
256271 25
256281 4
256317 25
256318 13
256334 10
256415 25
256419 4
256442 4
256443 31
256456 13
256473 28
256474 4
256713 10
256741 4
256752 37
256753 22
256791 4
259103 25
259104 3
259106 19
259107 16
259108 41
259193 7
259195 36
259200 36
259201 31
259203 16
259401 25
260313 4
260334 37
260421 25
260702 10
260712 37
260719 22
260791 4
261102 31
261111 11
261112 12
261113 34
261205 4
261207 15
261208 31
261214 24
261215 41
261218 28
261305 25
261306 16
261332 10
261342 31
261343 28
261361 10
261411 22
261421 22
261430 41
261433 16
261444 13
261446 10
261447 16
261448 31
261449 4
261453 37
261465 13
261473 4
261479 31
261494 4
261497 27
261498 4
261499 22
261731 4
261736 4
261742 10
261745 22
261751 4
261752 37
261755 10
261763 22
261792 28
261796 37
261891 22
263710 10
263721 37
263724 22
263745 4
263751 4
264702 37
264703 22
264705 4
264755 10
264791 28
265706 37
265709 22
265710 4
266703 4
266801 22
268735 22
268741 4
268742 37
269103 25
269105 34
269130 13
269210 25
269341 28
269360 25
269370 4
269497 22
269498 22
270721 22
270791 22
305203 10
318322 4
329104 15
330112 22
351100 9
351201 24
351302 0
351331 28
351364 22
351371 37
351425 25
351426 4
351464 13
352103 29
352311 37
352314 4
352315 0
352323 28
352331 4
352332 37
352401 25
352412 37
352413 13
352421 34
352422 25
352433 28
352441 31
353313 19
353418 34
353431 0
353441 28
353471 34
353482 25
354311 28
354312 37
355411 13
356100 15
356101 3
356102 12
356210 34
356261 6
356306 22
356331 10
356333 13
356373 10
356375 25
356411 34
356412 4
356415 28
356416 4
356431 37
356432 13
356441 0
356442 25
356443 34
356444 22
356446 31
356447 4
356448 31
356449 28
356455 4
356472 4
356474 28
357110 25
357210 10
357322 22
357323 37
357418 31
357421 22
357432 22
357442 10
357444 25
357446 28
359202 30
359205 25
359206 25
359302 10
359305 19
359341 4
359350 7
359360 25
359401 4
359403 37
359419 10
359422 13
359452 10
359455 37
359460 13
359461 22
360100 27
360301 28
360402 16
360403 31
360411 4
360423 25
360441 37
360460 25
361210 34
361211 4
361214 31
361341 25
361414 25
361421 37
361433 10
361442 4
361461 25
361475 28
363210 10
365201 25
365211 37
365301 24
365324 31
365331 10
365422 22
365425 37
365426 4
368211 31
368310 0
368412 13
368417 9
368433 4
400110 26
400210 7
401281 7
401383 7
401391 40
403281 31
403383 28
406284 4
406294 37
406386 25
406396 4
408382 22
410381 1
413383 10
413391 37
415393 12
420282 22
421282 16
421292 25
421386 31
421396 34
422381 16
428281 28
428282 10
428381 13
428383 41
461170 31
461471 16
461472 4
461511 7
461526 31
462130 17
462531 10
462542 37
462545 22
462582 4
462587 10
462588 4
463201 4
463252 25
463331 4
463332 4
463342 10
463354 28
463512 4
463513 16
463534 31
463543 13
463544 37
463557 22
463559 10
463571 31
463592 13
464302 37
464312 13
464402 37
464403 22
464414 31
464442 28
464443 10
464445 13
464446 25
464500 4
464502 13
464504 25
464505 10
464506 37
464508 4
464544 22
464545 4
464546 4
464549 28
501201 37
501202 22
501305 10
501306 25
502313 16
502314 13
504202 10
504305 22
506202 28
508304 4
510306 28
512304 37
513113 10
513115 4
513212 37
513216 22
513217 13
513225 10
513284 4
513331 4
513343 37
513364 22
513373 28
513390 10
513411 22
513446 4
514202 25
514206 13
514222 22
514244 28
514272 37
514322 28
514336 31
514352 10
514358 13
514382 37
514384 22
514396 4
514398 25
515204 25
515205 22
515256 10
515257 4
515330 4
515337 13
515339 28
515362 37
515377 10
515378 25
515380 22
515407 10
515440 37
515441 22
515442 4
518724 4
518770 22
551311 37
552216 22
552217 4
552232 37
553312 37
554314 22
555313 22
556311 4
557433 13
558101 18
558432 10
561312 4
562101 36
562211 13
571115 19
601201 27
601202 12
601231 0
601242 25
601342 4
601346 0
601351 28
601361 28
601423 25
601424 34
601425 37
601436 37
601452 10
601471 4
601472 25
601745 22
601769 37
601775 4
602100 33
602102 14
602103 39
602120 36
602121 6
602122 37
602314 0
602421 10
602432 10
602453 37
602454 4
602455 25
602461 28
602463 4
602471 31
602741 22
602751 4
603200 6
603231 25
603321 0
603341 22
603396 10
603423 37
603496 25
603725 37
603743 22
603751 4
604101 24
604211 4
604311 10
604314 37
604315 30
604411 12
604415 22
604423 9
604431 15
604443 22
604454 10
604455 4
605203 7
605302 25
605313 16
605315 37
605316 10
605321 13
605331 37
605340 25
605412 4
605430 22
605711 22
605719 4
606211 13
606243 25
606245 16
606264 4
606310 13
606341 10
606342 37
606344 22
606451 25
606452 4
610114 33
651211 10
651212 4
651231 10
651234 25
651306 4
651313 25
651314 28
651317 4
651319 10
651416 37
651425 22
701100 13
701101 41
701181 41
701202 40
701211 25
701235 19
701243 4
701244 37
701283 25
701310 4
701335 4
701408 22
701409 28
701410 37
701496 25
702100 7
702101 29
702211 28
702213 34
702312 22
702317 30
702321 4
702331 28
702342 37
702354 10
702423 37
702443 10
702499 4
703103 34
703202 7
703204 16
703243 0
703244 7
703322 15
703324 36
703330 13
703331 0
703345 10
703351 37
703361 22
703413 34
703441 19
703444 4
703499 19
705191 30
705211 10
705311 10
705328 22
705331 40
705332 37
705343 27
705431 12
705438 31
705440 15
705441 21
705444 22
705446 39
705447 41
705461 39
705492 25
705499 4
751100 13
751101 28
751102 10
751106 19
751202 18
751209 34
751301 22
751302 9
751303 18
751305 40
751308 30
751309 0
751321 28
751326 37
751330 37
751345 34
751401 12
751403 3
751405 27
751408 16
751417 25
751418 10
751419 4
751421 37
751422 4
751424 10
751428 31
751440 19
751443 28
751447 4
751451 25
751701 25
751702 4
751703 28
751705 16
751706 4
751708 22
751710 10
751716 37
751718 37
751719 28
751727 10
751742 10
751744 37
801100 18
801122 4
801134 16
801204 10
801233 19
801236 25
801241 4
801322 4
801334 37
801371 34
803122 13
803124 4
803131 19
803230 25
803232 16
803260 25
851100 24
851103 37
851104 22
851105 13
851200 41
851201 25
851202 32
851204 7
851207 13
851241 10
851252 41
851253 15
851261 16
851263 7
851273 0
851305 37
851306 36
851309 4
851313 25
851363 10
851366 16
851375 24
851400 30
851401 27
851404 15
851406 37
851443 22
851445 4
851450 12
851462 25
851467 25
951100 9
951202 37
951231 25
951321 10
951324 22
951366 37
951421 10
951498-020 31
951498-021 4
953102 13
953104 4
953111 21
953201 10
953202 37
953214 15
953231 25
953232 25
953234 37
953323 25
953361 4
953421 28
953444 4
953494 28
953495 31
954100 37
954140 6
954142 37
954143 13
954170 7
954240 37
954244 7
954310 0
954340 10
954347 28
954371 25
954372 37
954374 22
954413 28
954421 22
954423 16
954464 10
954472 10
954491 31
954498 4
955102 7
955104 10
