001101 31
001102 1
001112 10
001118 19
001201 1
001202 31
001210 14
001212 23
001218 15
001222 9
001223 2
001224 26
001225 2
001226 23
001227 26
001228 18
001229 16
001230 16
001231 10
001234 12
001250 7
001281 6
001291 15
001292 21
001310 13
001311 27
001312 16
001314 11
001315 30
001320 28
001321 4
001323 16
001330 31
001341 28
001342 22
001352 7
001355 19
001361 7
001362 4
001391 4
001410 21
001440 16
001445 22
001463 28
001472 16
002102 6
002111 19
002191 30
002202 31
002230 4
002260 28
002302 10
002321 31
002362 4
003102 4
003191 28
003202 7
003213 10
003261 28
003454 16
004465 30
004472 4
004474 16
004476 28
006103 31
006226 25
006241 3
006253 28
006307 28
006325 7
006443 19
006448 16
008314 19
008402 28
008411 28
009103 28
009213 19
009232 7
009254 9
009301 16
009327 16
009344 16
009355 4
009358 22
009363 28
011100 14
011101 3
011153 16
011154 30
011156 3
011157 10
011251 27
011257 12
011268 7
011269 30
011276 10
011277 27
011278 19
011358 3
011367 16
011457 28
012173 25
012200 24
012271 25
012272 10
012374 16
013103 24
013110 7
013203 14
013204 10
013206 15
013207 7
013208 25
013209 27
013216 25
013301 31
013303 31
013305 6
013314 16
013337 7
013413 4
013425 28
013431 10
013432 28
013433 28
014210 19
014211 12
014270 31
014310 10
014311 31
014370 25
014371 10
014390 3
014401 22
014410 19
014423 16
014471 6
014481 4
015101 13
015102 28
016101 4
017101 30
017102 16
017111 30
017201 25
017231 4
018104 7
018111 28
018112 21
018114 4
018126 30
018204 28
018271 16
018323 22
018332 31
018352 19
018372 28
019101 31
019104 19
019105 31
019106 3
019112 13
019204 4
019205 31
019206 16
019211 25
019212 19
019221 31
019222 0
019332 7
019351 10
019362 28
019371 4
019382 4
019441 16
020101 31
020102 13
020211 31
020212 10
020231 16
020232 16
020261 7
020341 16
021101 31
021102 22
021203 4
021204 28
021270 28
024752 4
025110 31
025381 25
025481 28
026101 8
026102 28
026111 31
026112 16
026201 4
050100 19
050103 6
050104 9
050106 29
050112 23
050113 10
051300 30
051302 4
051304 4
051306 21
051310 31
051313 31
052201 22
052203 28
052310 16
052323 6
052331 10
052351 13
052353 30
052355 7
052417 28
052422 22
052442 16
052449 7
052466 28
057121 21
057122 25
057123 31
057125 21
057126 17
057127 22
057128 22
057129 4
057130 17
057131 16
057132 12
057133 6
057134 16
057135 3
057136 31
057137 31
057138 4
057205 7
057213 30
057276 6
057283 31
057286 30
057287 10
057289 22
057290 13
057295 16
057297 22
057298 28
057301 28
057302 4
057305 7
057316 22
057366 6
057404 7
057407 16
057425 28
057428 31
059405 16
059419 13
061103 22
061106 7
061201 31
061205 6
061223 3
061306 25
061312 31
061313 0
061317 19
061401 28
061403 25
061430 19
062320 6
062341 16
062342 22
062343 19
062344 6
062345 4
062346 7
062360 10
062380 31
062411 22
062452 4
062460 7
062470 4
064202 28
064204 22
064207 16
064272 16
064273 7
064303 6
064410 28
064413 16
064417 16
064418 4
064422 4
064424 31
065120 31
065121 6
065211 10
065212 28
065311 31
065333 7
065420 16
065795 16
065797 4
065799 4
066222 16
066324 22
066412 31
066416 19
066426 28
067201 24
067203 6
067311 28
067371 6
067433 4
067435 19
067436 31
067491 28
067492 16
070100 19
070200 4
070301 16
070303 31
070304 31
070305 16
070308 4
070400 28
070403 31
070404 28
070410 16
070411 22
070413 3
070414 7
070415 16
070416 7
070711 16
070726 16
070740 4
070741 4
070792 4
071412 31
071413 28
071414 19
071415 19
071417 28
074100 31
074101 4
074201 25
076312 3
076314 13
076414 25
076426 16
076427 31
076428 31
076429 19
076444 28
076466 4
078444 9
078454 19
079444 7
099101 3
099102 21
100104 13
100105 24
100106 12
100107 19
100108 19
100205 4
100206 24
100207 30
100208 28
100209 15
100211 10
100306 10
100307 9
100308 5
100309 0
100310 14
100501 10
101201 7
101202 30
101205 12
101325 4
101490 19
103112 16
103271 25
104100 22
104302 7
104310 25
104320 4
104327 16
104334 19
104450 7
104490 31
109100 25
109114 15
112101 25
112105 7
112106 13
112109 19
112202 28
112205 31
112321 25
112322 19
112406 16
112424 4
115200 28
115300 13
115301 28
116301 3
126101 21
126102 16
126212 19
126213 21
126214 0
126325 27
126326 16
126328 31
126331 7
126332 6
126431 28
126436 4
126442 28
127100 28
127101 7
127202 6
127204 15
127205 3
127303 16
127313 12
127330 10
127359 16
127411 7
127412 13
127414 28
127716 28
127720 16
127721 4
127726 7
128100 21
128101 10
128201 19
128304 19
128305 22
128306 22
128308 12
128310 16
128351 19
128355 30
128423 4
128427 4
128434 28
128443 28
128700 7
128727 28
128734 16
128751 4
140104 16
152211 31
152301 16
152331 7
154104 8
154141 31
154152 19
154153 15
154173 25
154181 10
154251 6
154276 30
154281 8
154301 31
154330 4
154340 28
154363 16
154385 16
154431 28
154457 16
154481 4
159100 3
159101 22
159102 25
159151 4
159202 19
159204 3
159231 21
159331 25
159332 16
159401 16
159411 28
159412 4
159431 4
159434 7
160242 16
164261 4
168335 16
176100 25
176101 3
176104 4
177104 7
177113 3
177114 19
177141 16
177142 10
177181 22
177215 13
177217 30
177227 27
177228 16
177229 21
177300 10
177321 28
177332 7
177335 15
177341 28
177362 19
177443 31
177460 30
177463 31
177471 28
177472 10
177483 28
177491 4
179443 16
201100 17
201110 6
201114 13
201116 6
201117 31
202100 26
202101 30
202102 3
202147 22
202231 29
202302 4
202303 28
202305 28
202356 31
202362 10
202371 7
202405 16
202421 22
202446 28
202471 7
202475 31
202476 4
202484 31
202701 4
202731 4
202736 16
202744 4
202749 4
202775 28
202776 16
202803 16
202833 4
202849 4
203100 31
203104 10
203108 13
203111 14
203113 16
203114 24
203131 30
203132 15
203151 31
203152 24
203154 28
203158 10
203159 22
203162 21
203202 25
203203 21
203204 3
203206 24
203207 26
203208 0
203209 14
203211 30
203222 31
203223 18
203226 10
203232 27
203236 18
203250 31
203287 12
203316 28
203351 4
203459 31
203715 28
203719 31
203721 4
203725 28
203726 28
203734 4
203735 31
203749 4
203752 31
203754 16
203775 31
203812 4
203825 31
203829 16
203833 16
203879 28
204100 16
204101 27
204113 3
204202 30
204211 28
204217 4
204232 6
204251 16
204306 7
204315 3
204333 22
204355 16
204362 28
204382 16
204422 19
204423 10
204424 16
204441 16
204443 6
204452 16
204482 22
204483 31
204490 4
204725 7
204728 4
204755 16
204792 28
204891 4
205100 31
205103 3
205105 25
205216 30
205232 31
205244 21
205252 16
205282 31
205324 28
205344 10
205358 16
205382 31
205731 28
205742 16
205796 4
206100 11
206101 6
206103 28
206104 28
206111 9
206112 11
206113 16
206161 15
206162 24
206171 12
206172 4
206181 25
206182 30
206191 19
206211 28
206216 13
206217 30
206253 19
206255 16
206261 0
206266 4
206267 22
206281 30
206313 22
206321 21
206324 16
206325 22
206327 30
206331 22
206336 12
206341 9
206342 4
206355 16
206362 24
206364 4
206367 31
206368 22
206370 7
206421 10
206427 4
206428 31
206435 16
206437 28
206476 19
206481 25
206703 28
206722 7
206724 28
206725 16
206731 4
206737 16
206774 4
207100 25
207104 3
207105 3
207106 9
207108 0
207109 27
207110 25
207116 19
207117 24
207118 25
207125 3
207137 28
207162 19
207172 22
207181 15
207187 8
207188 10
207191 9
207195 6
207214 16
207302 16
207305 10
207306 28
207312 28
207402 4
207448 4
207704 7
207706 28
207708 16
207712 4
207766 4
207794 4
208101 18
208140 3
208141 30
208150 31
208263 13
208264 3
208271 10
208272 0
208322 7
208345 30
208346 28
208353 27
208362 31
208373 28
208384 28
208423 4
208444 28
208446 16
208460 16
208738 28
208772 16
208774 4
209203 10
209204 9
209252 13
209253 22
209262 30
209263 28
209270 22
209271 6
209272 16
209352 22
209370 10
209376 31
209382 4
209456 4
209466 31
210200 21
210207 4
210221 6
210251 28
210276 10
210315 31
210331 30
210355 28
210432 7
210448 16
210463 4
210702 4
210705 16
210743 31
210745 31
210748 28
210789 28
211100 0
211315 4
211319 30
211341 28
211342 7
211444 16
211709 4
211889 16
213708 4
213717 28
213718 7
213763 16
214100 16
214301 10
214310 31
214340 30
214341 4
214352 16
214412 31
214491 16
215205 27
215206 5
215207 13
215208 7
215303 28
215312 30
215313 31
215401 4
215482 31
215711 16
215741 28
215742 16
215743 4
215781 4
215783 28
217705 28
217708 16
217752 4
217773 4
218100 18
218234 22
218236 7
218244 9
218262 30
218352 13
218362 28
218372 31
218382 19
226703 28
226709 4
226710 16
226789 4
229123 21
229223 16
251100 22
251211 28
251213 28
251216 19
251242 25
251261 3
251292 31
251312 22
251333 7
251334 10
251342 16
251361 31
251363 10
251371 21
251372 7
251399 4
251411 31
251434 28
251436 4
251452 10
251455 31
251456 16
251461 4
251477 16
251704 28
251707 4
251723 16
251724 4
251746 4
251748 16
251754 7
251760 4
251763 28
251765 16
251773 7
251781 28
252210 5
252212 19
252222 0
252235 25
252282 11
252283 9
252285 19
252311 13
252320 28
252331 22
252353 4
252402 30
252403 31
252404 28
252413 16
252420 16
252423 10
252427 16
252428 7
252429 31
252435 21
252440 16
252459 7
252460 28
252479 28
252489 16
252706 16
252714 7
252727 19
252755 28
252774 4
252781 7
252785 4
252789 4
252792 16
253215 25
253433 4
253441 4
253443 28
253451 31
253452 31
253454 16
253716 19
253721 16
253722 7
253725 7
253734 16
253747 4
253749 25
253752 19
253754 28
253791 28
254182 28
254200 31
254205 10
254206 3
254211 15
254215 16
254216 15
254222 13
254231 25
254232 22
254271 29
254282 7
254325 28
254334 6
254352 7
254362 16
254371 4
254373 9
254400 31
254411 31
254412 16
254415 28
254421 31
254423 4
254424 10
254435 4
254445 4
254451 28
254452 7
254453 16
254466 10
254476 16
254477 6
254478 16
254495 28
254701 28
254721 4
254733 16
254737 31
254771 16
254803 4
254817 16
254857 4
255210 23
255230 27
255301 19
255316 30
255323 16
255328 22
255337 7
255340 28
255422 28
255425 28
255427 4
255432 16
255437 31
255440 4
255447 31
255455 25
255497 28
255714 7
255735 28
255750 7
255766 16
255769 4
255772 4
255779 4
255783 19
256100 13
256271 28
256317 19
256318 22
256334 7
256382 31
256383 10
256462 16
259103 29
259104 31
259106 13
259107 16
259108 12
259193 4
259195 30
259200 28
259201 18
259203 27
259401 25
260704 16
260708 10
260712 31
260719 28
260791 4
261102 21
261111 20
261112 0
261113 15
261205 19
261207 13
261208 16
261214 25
261215 3
261218 10
261305 22
261306 28
261332 30
261342 6
261343 21
261361 4
261430 31
261433 4
261444 16
261446 16
261447 30
261448 28
261449 31
261465 16
261473 16
261494 31
261497 16
261499 28
261742 4
261745 4
261755 4
261763 16
261764 7
261793 28
261795 28
261796 16
263710 16
263721 7
263724 19
263745 19
263751 28
264702 7
264705 28
264755 16
264789 4
265706 28
265709 16
265710 4
266703 16
266801 4
268732 4
268735 16
268741 28
268742 7
269103 13
269105 31
269130 7
269210 22
269341 28
269360 10
269370 31
269421 4
269431 21
269497 28
270701 16
270702 4
305203 16
318322 25
329104 26
330112 0
351100 25
351201 25
351364 16
351371 28
351426 31
352103 25
352311 19
352314 4
352315 4
352331 28
352332 16
352401 31
352412 7
352413 19
352421 31
352422 30
352433 16
352441 28
353313 25
353431 16
353441 16
353471 7
355411 28
356100 23
356101 31
356102 9
356210 7
356261 28
356311 16
356331 7
356431 22
356432 4
356441 31
356442 28
356443 16
356449 28
356455 4
356472 4
356475 16
357101 7
357110 22
357210 13
357323 4
357360 28
357418 16
357442 31
357444 22
359202 28
359205 16
359401 28
359408 16
359431 16
359455 19
360100 0
360210 18
361210 13
361321 4
361322 31
361341 16
361421 7
361433 13
361452 28
361461 31
361475 31
362211 27
363210 10
365425 4
368211 7
368317 28
400110 6
400210 3
401281 13
401383 10
401391 28
403281 10
403383 22
406284 6
406294 19
406386 27
406396 15
408382 30
410381 7
413383 13
413391 25
415393 16
420282 25
421282 16
421292 28
421386 4
421396 31
422381 21
428281 4
428282 31
428381 9
428383 19
461170 15
461471 25
461472 19
461511 21
461521 28
461526 7
461551 19
461566 7
461584 4
462130 22
462412 28
462413 16
462414 19
462503 7
462587 4
462588 16
463201 28
463252 16
463331 10
463332 7
463342 4
463354 16
463506 19
463512 22
463513 21
463543 7
463544 10
463557 31
463559 4
463571 7
463592 16
464302 31
464312 28
464402 28
464403 22
464414 19
464442 31
464443 10
464445 16
464446 4
501201 28
501202 19
501305 6
501306 25
502313 7
502314 28
504202 13
504305 19
506202 31
508304 25
510306 16
512304 4
513113 30
513115 13
513212 10
513216 16
513217 4
513225 31
513284 28
513331 31
513343 10
513364 16
513373 4
513390 28
513446 4
514202 7
514206 10
514222 31
514244 28
514272 4
514322 22
514352 4
514358 16
514382 10
514384 28
515204 7
515205 31
515256 16
515257 28
515337 28
515362 16
515380 4
552216 28
552217 16
552232 4
554413 19
555312 7
557432 28
558101 15
558313 16
558441 4
562101 22
562211 19
601201 12
601202 31
601231 22
601242 27
601342 4
601346 28
601361 16
601423 31
601425 7
601454 10
601455 31
601724 4
601745 16
601775 4
602100 11
602102 5
602103 6
602111 25
602120 23
602121 6
602122 28
602301 16
602314 19
602421 10
602453 31
602454 16
602455 4
602461 4
602471 16
602722 16
602741 4
602751 28
603200 6
603231 25
603321 3
603396 28
603496 4
603725 28
603743 16
603751 4
604101 16
604211 22
604311 30
604314 9
604315 21
604411 25
604415 31
604423 16
604431 28
604455 16
605203 19
605302 30
605313 28
605315 31
605316 31
605331 4
605430 16
605701 16
605711 28
605719 4
605742 16
606211 12
606243 28
606245 10
606264 16
606310 4
606451 7
606452 28
610114 3
651211 4
651212 31
651231 24
651234 16
651313 25
651314 19
651317 4
651319 7
651416 28
651425 16
701100 19
701101 6
701181 4
701183 21
701202 16
701235 10
701243 4
701244 31
701283 10
701295 31
701310 28
701335 31
701341 21
701408 4
701423 16
702100 31
702101 31
702211 30
702213 10
702312 7
702317 6
702321 10
702331 6
702342 28
702354 4
702418 22
703103 10
703202 22
703204 4
703243 19
703244 25
703309 28
703311 10
703322 28
703324 16
703330 25
703331 13
703345 7
703351 31
703361 28
703413 4
703441 16
703499 4
705191 17
705211 24
705311 6
705328 13
705331 31
705332 28
705343 19
705351 19
705431 16
705438 31
705440 16
705441 25
705444 31
705446 30
705448 16
705492 28
705499 4
751100 4
751101 30
751102 28
751106 31
751202 21
751209 7
751301 9
751302 3
751303 7
751304 16
751305 4
751308 30
751309 20
751321 16
751326 13
751330 25
751345 28
751401 22
751403 31
751405 16
751408 28
751413 31
751418 16
751419 16
751421 4
751428 13
751440 28
751443 6
751701 19
751702 7
751703 16
751705 4
751706 7
751708 4
751710 25
751712 25
751716 19
751724 7
751728 25
751732 28
751734 16
751744 28
751745 28
751751 16
751752 28
801100 30
801122 25
801134 31
801201 16
801204 16
801233 22
801236 7
801241 31
801322 16
801371 22
803122 13
803124 28
803131 25
803230 28
803232 19
851100 26
851103 15
851104 4
851105 13
851200 16
851201 12
851202 27
851204 7
851205 22
851241 19
851261 22
851273 4
851305 9
851306 7
851309 22
851310 15
851341 28
851342 21
851344 28
851350 28
851363 19
851366 16
851371 10
851375 6
851400 31
851401 4
851404 21
851443 31
851445 31
851450 10
851467 28
951100 27
951106 21
951124 3
951202 13
951231 4
951321 28
951366 16
951421 31
951497 28
951498 16
953102 25
953104 31
953111 27
953201 4
953202 19
953214 30
953231 28
953232 21
953234 28
953323 31
953494 16
953495 28
954140 22
954141 10
954142 18
954240 30
954244 19
954310 6
954326 28
954340 28
954364 28
954371 19
954372 4
954373 16
954413 10
954420 28
954422 31
954423 16
954443 4
954472 10
954498 31
