001101 0
001102 1
001112 10
001118 28
001201 26
001202 13
001210 3
001212 28
001218 6
001222 9
001223 1
001224 1
001225 1
001226 15
001227 1
001228 23
001229 13
001230 21
001231 31
001234 4
001250 7
001281 19
001291 19
001292 27
001310 25
001311 18
001312 16
001314 24
001315 7
001320 31
001321 7
001323 13
001330 28
001341 22
001342 25
001352 9
001355 16
001361 31
001362 22
001391 22
001410 19
001440 10
001445 28
001463 28
001472 10
002102 10
002111 16
002191 25
002202 13
002230 31
002260 28
002302 10
002321 7
002362 16
003102 28
003191 6
003202 28
003213 16
003261 22
003454 28
004465 21
004472 28
004474 31
004476 7
006103 25
006226 16
006241 22
006253 22
006307 25
006325 13
006443 22
006448 22
008314 16
008402 28
008411 28
009103 27
009213 10
009232 18
009254 12
009301 28
009327 28
009344 28
009355 16
009358 28
009363 31
011100 6
011101 22
011153 13
011154 10
011156 28
011157 28
011251 27
011257 8
011268 22
011269 20
011276 16
011277 9
011278 25
011358 28
011367 13
011457 22
012173 27
012200 22
012271 4
012272 16
012374 7
013103 7
013110 4
013203 19
013204 12
013206 21
013207 4
013208 12
013209 16
013216 10
013301 31
013303 31
013305 4
013314 13
013337 10
013413 7
013425 10
013431 31
013432 28
013433 10
014210 22
014211 4
014270 4
014310 18
014311 30
014370 31
014371 28
014390 22
014401 31
014410 16
014423 25
014471 22
014481 16
015101 16
015102 31
016101 19
017101 25
017102 13
017111 16
017201 16
017231 28
018104 16
018111 28
018112 30
018114 30
018126 25
018204 16
018271 28
018323 7
018332 28
018352 10
018372 25
019101 5
019104 28
019105 0
019106 30
019112 10
019204 25
019205 25
019206 13
019211 16
019212 7
019221 22
019222 30
019332 22
019351 16
019362 7
019371 16
019382 25
019441 28
020101 10
020102 16
020211 19
020212 22
020231 31
020232 28
020261 10
020341 31
021101 0
021102 10
021203 16
021204 25
021270 28
024752 28
025110 22
025381 22
025481 31
026101 11
026102 19
026111 6
026112 28
026201 13
050100 28
050103 12
050104 8
050106 23
050112 31
050113 31
051300 25
051302 31
051304 12
051306 19
051310 13
051313 10
052201 4
052203 16
052310 16
052323 10
052331 12
052351 4
052353 25
052355 21
052417 7
052422 30
052442 28
052449 22
052466 28
057121 23
057122 15
057123 15
057125 12
057126 30
057127 21
057128 23
057129 7
057130 15
057131 24
057132 12
057133 21
057134 19
057135 19
057136 28
057137 31
057138 4
057205 22
057213 7
057276 22
057283 16
057286 19
057287 28
057289 13
057290 31
057295 13
057297 25
057298 19
057301 19
057302 28
057305 0
057316 27
057366 30
057404 19
057407 21
057425 16
057428 13
059405 31
059419 22
061103 7
061106 3
061201 16
061205 31
061223 22
061306 25
061312 10
061313 16
061317 19
061401 28
061403 25
061430 16
062320 25
062341 22
062342 7
062343 25
062344 7
062345 16
062346 10
062360 16
062380 13
062411 7
062452 31
062460 16
062470 22
064202 28
064204 7
064207 22
064272 31
064273 13
064303 25
064410 28
064413 22
064417 22
064418 19
064422 13
064424 0
065120 28
065121 19
065211 19
065212 31
065311 7
065333 25
065420 16
065795 19
065797 28
065799 28
066222 22
066324 25
066412 7
066416 13
066426 31
067201 13
067203 7
067311 28
067371 16
067433 7
067435 7
067436 7
067491 10
067492 28
070100 22
070200 7
070301 22
070303 16
070304 13
070305 31
070308 13
070400 31
070403 13
070404 22
070410 28
070411 7
070413 25
070414 0
070415 28
070416 10
070711 19
070726 19
070740 28
070741 28
070792 28
071412 16
071413 22
071414 31
071415 25
071417 22
074100 18
074101 13
074201 28
076312 13
076314 21
076414 4
076426 28
076427 31
076428 7
076429 13
076444 31
076466 7
078444 8
078454 22
079444 25
099101 31
099102 19
100104 4
100105 3
100106 27
100107 9
100108 31
100205 12
100206 22
100207 30
100208 28
100209 6
100211 10
100306 10
100307 18
100308 14
100309 0
100310 3
100501 16
101201 4
101202 31
101205 10
101325 27
101490 22
103112 28
103271 12
104100 22
104302 22
104310 25
104320 28
104327 28
104334 16
104450 13
104490 16
109100 25
109114 27
112101 22
112105 25
112106 10
112109 31
112202 16
112205 7
112321 22
112322 0
112406 22
112424 31
115200 31
115300 10
115301 31
116301 4
126101 30
126102 19
126212 31
126213 28
126214 9
126325 27
126326 31
126328 7
126331 10
126332 21
126431 28
126436 16
126442 31
127100 27
127101 12
127202 6
127204 9
127205 4
127303 28
127313 18
127330 22
127359 28
127411 4
127412 19
127414 0
127716 22
127720 19
127721 28
127726 4
128100 21
128101 6
128201 28
128304 18
128305 28
128306 25
128308 22
128310 28
128351 10
128355 7
128423 7
128427 16
128434 31
128443 16
128700 4
128727 22
128734 19
128751 28
140104 26
152211 19
152301 28
152331 4
154104 26
154141 25
154152 16
154153 27
154173 10
154181 22
154251 6
154276 27
154281 11
154301 28
154330 10
154340 22
154363 16
154385 31
154431 13
154457 31
154481 31
159100 6
159101 13
159102 31
159151 7
159202 16
159204 0
159231 31
159331 22
159332 19
159401 31
159411 22
159412 28
159431 28
159434 7
160242 28
164261 28
168335 31
176100 27
176101 22
176104 7
177104 6
177113 10
177114 25
177141 30
177142 17
177181 31
177215 16
177217 4
177227 0
177228 7
177229 25
177300 10
177321 16
177332 25
177335 4
177341 16
177362 30
177443 25
177460 22
177463 13
177471 16
177472 7
177483 7
177491 31
179443 28
201100 25
201110 21
201114 16
201116 2
201117 7
202100 5
202101 25
202102 8
202147 31
202231 25
202302 28
202303 28
202305 22
202356 31
202362 31
202371 6
202405 13
202421 16
202446 28
202471 16
202475 28
202476 7
202484 28
202701 28
202731 28
202736 19
202744 28
202749 28
202775 22
202776 19
202803 19
202833 28
202849 28
203100 18
203104 28
203108 25
203111 17
203113 13
203114 20
203131 31
203132 3
203151 10
203152 10
203154 30
203158 25
203159 10
203162 22
203202 16
203203 12
203204 24
203206 22
203207 22
203208 0
203209 25
203211 0
203222 31
203223 4
203226 25
203232 25
203236 9
203250 31
203287 10
203316 28
203351 21
203459 31
203715 16
203719 10
203721 16
203725 7
203726 7
203734 7
203735 10
203749 7
203752 10
203754 28
203775 10
203812 16
203825 10
203829 28
203833 28
203879 16
204100 13
204101 22
204113 22
204202 0
204211 13
204217 7
204232 6
204251 27
204306 13
204315 9
204333 27
204355 22
204362 21
204382 28
204422 28
204423 10
204424 28
204441 31
204443 22
204452 28
204482 16
204483 31
204490 7
204725 4
204728 28
204755 19
204792 22
204891 28
205100 6
205103 27
205105 13
205216 13
205232 13
205244 16
205252 30
205282 28
205324 28
205344 16
205358 7
205382 31
205731 22
205742 19
205796 28
206100 19
206101 27
206103 31
206104 19
206111 5
206112 30
206113 28
206161 30
206162 4
206171 3
206172 3
206181 25
206182 16
206191 25
206211 22
206216 13
206217 25
206253 10
206255 7
206261 24
206266 7
206267 10
206281 28
206313 25
206321 15
206324 28
206325 30
206327 7
206331 25
206336 12
206341 18
206342 25
206355 28
206362 3
206364 21
206367 31
206368 22
206370 6
206421 10
206427 7
206428 22
206435 16
206437 31
206476 16
206481 0
206703 22
206722 4
206724 22
206725 19
206731 28
206737 19
206774 28
207100 25
207104 19
207105 10
207106 10
207108 10
207109 2
207110 22
207116 13
207117 19
207118 19
207125 25
207137 9
207162 28
207172 13
207181 10
207187 10
207188 31
207191 6
207195 3
207214 13
207302 19
207305 28
207306 19
207312 28
207402 16
207448 25
207704 4
207706 22
207708 19
207712 28
207766 28
207794 28
208101 14
208140 4
208141 4
208150 31
208263 16
208264 16
208271 10
208272 0
208322 25
208345 12
208346 22
208353 22
208362 19
208373 19
208384 19
208423 31
208444 28
208446 16
208460 31
208738 22
208772 19
208774 28
209203 28
209204 13
209252 6
209253 12
209262 27
209263 16
209270 21
209271 19
209272 22
209352 25
209370 16
209376 31
209382 28
209456 16
209466 19
210200 22
210207 7
210221 12
210251 28
210276 31
210315 31
210331 13
210355 28
210432 16
210448 16
210463 16
210702 7
210705 28
210743 10
210745 10
210748 16
210789 16
211100 11
211315 10
211319 0
211341 28
211342 16
211444 28
211709 7
211889 28
213708 28
213717 22
213718 4
213763 19
214100 28
214301 19
214310 28
214340 16
214341 22
214352 31
214412 31
214491 13
215205 18
215206 9
215207 28
215208 31
215303 28
215312 13
215313 16
215401 28
215482 28
215711 19
215741 22
215742 19
215743 28
215781 28
215783 19
217705 22
217708 19
217752 28
217773 28
218100 18
218234 16
218236 6
218244 30
218262 28
218352 10
218362 22
218372 16
218382 31
226703 22
226709 28
226710 19
226789 28
229123 27
229223 30
251100 25
251211 12
251213 28
251216 0
251242 3
251261 10
251292 31
251312 13
251333 31
251334 25
251342 19
251361 28
251363 22
251371 16
251372 31
251399 7
251411 10
251434 28
251436 7
251452 25
251455 10
251456 16
251461 7
251477 16
251704 22
251707 28
251723 19
251724 28
251746 28
251748 19
251754 4
251760 28
251763 22
251765 19
251773 4
251781 22
252210 3
252212 9
252222 28
252235 16
252282 6
252283 21
252285 22
252311 13
252320 28
252331 31
252353 13
252402 19
252403 22
252404 31
252413 31
252420 22
252423 19
252427 22
252428 7
252429 25
252435 30
252440 28
252459 7
252460 28
252479 28
252489 28
252706 4
252714 19
252727 22
252755 21
252774 28
252781 19
252785 28
252789 28
252792 4
253215 0
253433 13
253441 28
253443 28
253451 22
253452 22
253454 31
253716 21
253721 19
253722 4
253725 4
253734 19
253747 28
253749 3
253752 18
253754 22
253791 22
254182 28
254200 30
254205 9
254206 21
254211 28
254215 12
254216 28
254222 19
254231 31
254232 0
254271 6
254282 25
254325 31
254334 21
254352 31
254362 10
254371 25
254373 27
254400 7
254411 16
254412 28
254415 28
254421 16
254423 25
254424 31
254435 31
254445 28
254451 22
254452 16
254453 31
254466 28
254476 19
254477 13
254478 31
254495 22
254701 16
254721 7
254733 28
254737 10
254771 28
254803 7
254817 28
254857 7
255210 9
255230 0
255301 25
255316 10
255323 13
255328 6
255337 12
255340 16
255422 28
255425 28
255427 13
255432 19
255437 22
255440 13
255447 22
255455 22
255497 28
255714 22
255735 19
255750 4
255766 28
255769 27
255772 28
255779 3
255783 4
256100 16
256271 21
256317 22
256318 28
256334 13
256382 16
256383 7
256462 19
259103 17
259104 15
259106 28
259107 19
259108 14
259193 31
259195 13
259200 13
259201 25
259203 15
259401 4
260704 28
260708 25
260712 10
260719 16
260791 7
261102 25
261111 24
261112 3
261113 25
261205 10
261207 31
261208 6
261214 22
261215 10
261218 28
261305 22
261306 31
261332 16
261342 28
261343 7
261361 13
261430 31
261433 31
261444 28
261446 22
261447 16
261448 7
261449 28
261465 28
261473 31
261494 19
261497 7
261499 13
261742 28
261745 28
261755 28
261763 19
261764 4
261793 22
261795 22
261796 19
263710 19
263721 4
263724 21
263745 27
263751 22
264702 4
264705 22
264755 19
264789 28
265706 22
265709 19
265710 28
266703 19
266801 28
268732 22
268735 28
268741 19
268742 4
269103 19
269105 16
269130 22
269210 19
269341 28
269360 19
269370 13
269421 31
269431 28
269497 25
270701 19
270702 28
305203 28
318322 25
329104 31
330112 10
351100 28
351201 22
351364 7
351371 13
351426 22
352103 7
352311 22
352314 19
352315 19
352331 13
352332 28
352401 31
352412 13
352413 16
352421 22
352422 7
352433 28
352441 31
353313 31
353431 28
353441 28
353471 16
355411 25
356100 29
356101 21
356102 5
356210 10
356261 31
356311 28
356331 31
356431 22
356432 16
356441 19
356442 13
356443 28
356449 28
356455 28
356472 31
356475 28
357101 5
357110 31
357210 3
357323 19
357360 13
357418 28
357442 31
357444 22
359202 14
359205 16
359401 31
359408 28
359431 31
359455 31
360100 19
360210 30
361210 2
361321 31
361322 10
361341 28
361421 19
361433 25
361452 16
361461 13
361475 10
362211 15
363210 10
365425 7
368211 10
368317 19
400110 18
400210 7
401281 25
401383 25
401391 22
403281 7
403383 30
406284 15
406294 28
406386 7
406396 31
408382 24
410381 13
413383 9
413391 12
415393 19
420282 4
421282 19
421292 22
421386 16
421396 10
422381 4
428281 16
428282 10
428381 6
428383 28
461170 6
461471 30
461472 10
461511 25
461521 22
461526 28
461551 21
461566 4
461584 28
462130 17
462412 22
462413 19
462414 21
462503 4
462587 28
462588 19
463201 31
463252 28
463331 25
463332 28
463342 16
463354 10
463506 10
463512 25
463513 25
463543 28
463544 10
463557 7
463559 16
463571 28
463592 13
464302 7
464312 31
464402 22
464403 7
464414 25
464442 19
464443 16
464445 10
464446 31
501201 30
501202 16
501305 27
501306 21
502313 4
502314 22
504202 28
504305 3
506202 0
508304 18
510306 19
512304 28
513113 31
513115 16
513212 7
513216 28
513217 13
513225 31
513284 22
513331 16
513343 7
513364 28
513373 31
513390 22
513446 28
514202 7
514206 10
514222 19
514244 31
514272 13
514322 13
514352 7
514358 28
514382 16
514384 31
515204 31
515205 28
515256 13
515257 19
515337 22
515362 19
515380 28
552216 31
552217 28
552232 22
554413 21
555312 4
557432 22
558101 14
558313 19
558441 28
562101 10
562211 31
601201 3
601202 17
601231 27
601242 19
601342 19
601346 13
601361 28
601423 22
601425 10
601454 7
601455 16
601724 28
601745 19
601775 28
602100 22
602102 30
602103 18
602111 7
602120 3
602121 10
602122 10
602301 28
602314 7
602421 10
602453 7
602454 31
602455 31
602461 13
602471 13
602722 22
602741 28
602751 19
603200 16
603231 19
603321 13
603396 28
603496 28
603725 22
603743 19
603751 28
604101 13
604211 9
604311 15
604314 30
604315 13
604411 22
604415 16
604423 28
604431 10
604455 28
605203 4
605302 25
605313 28
605315 28
605316 7
605331 16
605430 28
605701 19
605711 22
605719 28
605742 19
606211 13
606243 31
606245 28
606264 30
606310 7
606451 13
606452 28
610114 8
651211 22
651212 13
651231 16
651234 28
651313 7
651314 16
651317 28
651319 4
651416 22
651425 19
701100 9
701101 13
701181 9
701183 28
701202 16
701235 13
701243 31
701244 10
701283 25
701295 28
701310 28
701335 13
701341 19
701408 7
701423 22
702100 25
702101 6
702211 22
702213 4
702312 27
702317 4
702321 22
702331 31
702342 16
702354 13
702418 25
703103 31
703202 7
703204 11
703243 2
703244 7
703309 28
703311 13
703322 31
703324 31
703330 10
703331 27
703345 16
703351 13
703361 7
703413 28
703441 31
703499 22
705191 22
705211 10
705311 19
705328 13
705331 10
705332 31
705343 25
705351 13
705431 16
705438 31
705440 19
705441 10
705444 31
705446 19
705448 13
705492 13
705499 31
751100 7
751101 20
751102 13
751106 19
751202 19
751209 21
751301 15
751302 31
751303 16
751304 28
751305 28
751308 22
751309 28
751321 25
751326 21
751330 13
751345 22
751401 4
751403 13
751405 31
751408 25
751413 28
751418 28
751419 28
751421 13
751428 7
751440 25
751443 16
751701 4
751702 22
751703 28
751705 19
751706 22
751708 19
751710 28
751712 28
751716 4
751724 4
751728 3
751732 22
751734 27
751744 21
751745 18
751751 28
751752 3
801100 20
801122 16
801134 31
801201 28
801204 28
801233 22
801236 19
801241 31
801322 28
801371 22
803122 16
803124 10
803131 22
803230 7
803232 25
851100 18
851103 14
851104 7
851105 31
851200 19
851201 15
851202 17
851204 4
851205 21
851241 28
851261 10
851273 18
851305 27
851306 25
851309 21
851310 12
851341 27
851342 6
851344 28
851350 28
851363 28
851366 7
851371 31
851375 19
851400 22
851401 16
851404 13
851443 31
851445 28
851450 28
851467 22
951100 24
951106 30
951124 16
951202 16
951231 7
951321 10
951366 28
951421 16
951497 31
951498 28
953102 25
953104 22
953111 24
953201 19
953202 16
953214 28
953231 4
953232 31
953234 13
953323 31
953494 7
953495 28
954140 30
954141 31
954142 10
954240 10
954244 31
954310 28
954326 16
954340 0
954364 22
954371 13
954372 19
954373 28
954413 7
954420 7
954422 25
954423 28
954443 19
954472 16
954498 31
