001101 1
001102 31
001111 13
001113 31
001201 1
001202 16
001210 11
001212 22
001218 23
001230 31
001231 0
001250 8
001291 3
001293 13
001310 6
001311 22
001312 22
001318 28
001320 16
001321 31
001323 19
001330 15
001342 10
001353 25
001354 7
001362 31
001381 22
001410 13
001423 25
001425 25
001443 13
001444 16
001445 28
001447 13
001461 13
002101 19
002110 31
002191 4
002192 13
002201 28
002211 13
002221 4
002250 19
002301 25
002333 16
002351 31
002361 7
002365 4
002401 19
002473 25
003101 15
003191 4
003201 16
003313 7
003320 15
003331 28
003367 10
004241 13
004282 16
004301 31
004303 0
004324 10
004432 7
004473 27
004475 28
004483 19
006103 6
006126 9
006206 16
006226 25
006242 28
006253 13
006303 25
006325 16
006326 10
006330 3
006344 7
006346 15
006355 19
006425 28
006426 13
006428 19
006443 25
006448 25
006454 19
008214 22
008303 19
008314 4
008411 25
008417 25
009103 16
009105 13
009212 31
009230 16
009231 13
009326 25
009328 28
009426 25
009431 13
009445 13
011100 9
011151 13
011152 30
011153 30
011251 15
011257 13
011259 13
011269 6
011276 3
011353 16
011356 13
011358 25
011362 28
011374 21
011461 16
011464 13
011479 22
012100 18
012173 23
012200 27
012273 19
012371 10
012475 28
013103 18
013110 10
013203 24
013204 4
013206 25
013209 19
013301 13
013302 18
013303 31
013305 28
013306 16
013307 31
013317 19
013321 4
013326 25
013329 13
013330 4
013335 19
013337 25
013413 10
013427 28
013433 13
014210 25
014211 31
014270 12
014310 13
014311 16
014322 13
014323 19
014324 25
014370 28
014371 4
014381 13
014382 25
014401 3
014471 7
014481 4
014485 25
015101 31
016101 27
017101 4
017102 13
017111 19
017112 13
017210 15
018103 13
018111 20
018113 12
018125 31
018203 16
018211 25
018213 19
018231 4
018235 13
018271 0
018301 7
018335 16
018351 25
018353 10
018433 19
018435 13
018438 25
018467 25
019101 5
019103 13
019105 16
019106 19
019108 19
019111 31
019203 13
019205 31
019206 19
019208 7
019211 25
019221 19
019303 19
019311 25
019331 28
019361 10
019371 13
019373 13
019381 16
019411 4
019442 25
019471 16
019473 13
020101 16
020102 19
020211 10
020212 13
020231 22
020311 10
020321 7
020333 16
020341 25
020362 7
020363 4
021101 25
021102 4
021203 19
021270 13
025108 31
025110 19
025310 13
025480 13
026101 24
026102 28
026111 13
026112 15
026201 7
026271 19
029701 25
029711 13
050100 4
050103 13
050104 21
050106 30
050111 7
051302 19
051304 6
051306 16
051313 27
051412 13
051418 31
052201 19
052202 12
052314 16
052350 7
052352 31
052357 16
052400 28
052419 31
052443 19
052445 16
052447 25
052725 25
055701 13
055706 10
055707 19
055771 10
055797 25
057121 27
057122 27
057123 8
057125 18
057126 8
057127 17
057128 26
057129 2
057130 11
057131 21
057132 21
057133 10
057134 4
057135 31
057137 3
057138 3
057139 13
057140 10
057201 28
057205 16
057215 22
057274 15
057279 31
057283 4
057284 25
057285 28
057288 4
057293 13
057294 0
057300 19
057302 4
057305 3
057351 16
057366 0
057403 7
057405 16
057410 18
057411 19
057420 28
057425 25
057426 25
057428 10
059419 15
061106 25
061201 13
061223 31
061306 28
061307 9
061312 22
061313 19
061317 16
061401 19
061403 13
061404 16
062342 28
062343 19
062344 7
062345 31
062346 31
062360 10
062380 10
062411 7
062452 10
062460 16
062470 10
063703 25
063813 13
064207 25
064231 7
064251 4
064281 9
064291 0
064301 16
064303 16
064410 24
064412 31
064417 13
064418 10
064424 27
064474 25
065210 28
065212 31
065310 24
065320 13
065332 31
065421 7
065434 19
065435 7
065436 31
065437 4
065797 13
065799 13
066221 19
066323 13
066410 7
066414 13
066425 16
066755 25
067202 19
067303 28
067311 25
067372 7
067373 25
067432 7
070301 7
070303 16
070304 28
070305 13
070308 25
070400 13
070401 25
070403 13
070404 31
070410 16
070411 25
070415 7
070416 25
070720 10
070721 19
070726 25
070727 25
070731 13
070792 13
071412 31
071413 13
071414 13
071420 22
071422 25
071423 10
071425 19
071712 19
071811 25
074100 12
074101 12
074414 13
076314 25
076414 16
076425 19
076427 27
076428 13
076429 7
076444 31
076466 25
078444 14
078454 22
079444 16
088708 13
091800 13
099101 15
099102 3
100102 16
100103 13
100104 30
100105 19
100109 19
100110 22
100111 31
100112 7
100206 10
100207 19
100208 19
100209 13
100210 19
100211 12
100212 28
100213 25
100218 31
100219 31
100220 6
100225 31
100226 13
100281 4
100306 27
100307 6
100308 18
100309 11
100310 4
100501 22
101100 7
101105 31
101201 12
101211 31
101400 19
101405 19
103112 13
103191 19
103271 11
104200 22
104201 4
104300 16
104301 19
104340 28
104410 13
104424 25
104495 10
105304 28
109100 24
109115 3
112101 25
112102 31
112103 13
112108 19
112201 31
112203 19
112213 16
112300 3
112411 16
112412 13
115200 19
115301 7
115302 25
116400 13
126101 19
126216 15
126321 18
126330 27
126333 13
126334 3
126428 9
126432 13
126443 25
127100 3
127101 7
127203 19
127204 7
127207 16
127303 25
127312 0
127314 4
127315 13
127316 18
127329 16
127337 6
127711 10
127717 19
127718 25
127719 13
128100 9
128101 27
128202 13
128203 7
128204 15
128307 22
128309 25
128334 7
128352 16
128354 7
128403 4
128701 10
128710 19
128730 25
128740 13
128762 13
140101 10
140102 13
140105 10
152321 25
154104 10
154141 13
154151 7
154231 7
154262 4
154281 31
154311 7
154330 25
154340 15
154351 13
154353 31
154363 13
154375 19
154377 10
154388 4
154433 25
154443 19
154488 19
159100 19
159101 30
159151 31
159203 6
159221 13
159302 19
159303 9
159305 22
159332 7
159356 19
159362 25
159403 7
159411 3
159412 25
159431 13
160341 28
164200 16
164341 3
168101 13
168410 19
176100 11
176101 10
176104 31
176220 27
177103 7
177214 16
177215 22
177216 4
177217 19
177242 13
177281 28
177283 28
177285 31
177321 13
177330 10
177336 4
177341 21
177361 7
177393 25
177404 24
177414 19
177427 25
177430 19
177434 15
177446 3
177447 15
177450 13
177465 7
177467 25
177481 28
177494 13
179403 19
201100 17
201110 5
201114 26
201115 25
201116 9
202100 22
202101 13
202141 16
202143 7
202145 28
202184 5
202231 18
202260 16
202310 13
202311 28
202332 31
202334 7
202342 13
202361 25
202371 19
202410 28
202434 22
202438 13
202443 13
202473 10
202474 28
202477 13
202495 19
202737 19
202765 13
202773 19
202776 13
202783 19
202833 25
202844 13
202848 13
203100 15
203103 3
203111 7
203116 12
203151 7
203162 9
203201 16
203203 7
203204 28
203206 7
203207 13
203208 13
203209 22
203222 28
203226 0
203231 7
203235 3
203236 3
203255 25
203300 13
203303 18
203315 13
203323 21
203324 28
203331 13
203332 7
203333 25
203351 10
203352 6
203475 22
203705 19
203709 16
203713 16
203714 19
203716 13
203723 19
203732 13
203736 16
203739 19
203743 19
203753 25
203803 10
203807 13
203821 16
203828 13
203879 25
204100 28
204101 0
204111 31
204202 3
204211 16
204216 19
204217 10
204231 15
204321 30
204325 4
204335 19
204341 27
204361 6
204363 19
204365 10
204381 10
204383 13
204432 22
204442 25
204451 4
204453 25
204471 16
204721 19
204725 13
204735 25
204764 13
204891 13
205100 24
205103 12
205104 4
205105 0
205235 6
205239 16
205275 3
205303 7
205337 18
205355 13
205393 3
205441 19
205461 25
205765 10
205805 13
206100 21
206101 22
206103 27
206107 22
206108 12
206111 25
206113 31
206161 7
206171 22
206181 19
206191 30
206203 25
206207 10
206211 25
206216 13
206217 7
206254 13
206261 19
206267 28
206281 4
206300 16
206321 7
206324 4
206325 3
206327 28
206328 3
206331 21
206335 19
206336 18
206341 25
206355 15
206362 3
206370 19
206381 16
206412 13
206432 18
206436 28
206437 13
206441 25
206457 28
206470 4
206705 25
206707 19
206713 13
206717 25
206720 25
206726 19
206738 25
206739 13
206743 25
206753 25
206785 13
207100 31
207103 13
207105 16
207106 31
207107 30
207109 3
207110 3
207115 13
207117 28
207123 16
207131 31
207135 16
207171 25
207173 19
207183 7
207187 13
207203 13
207205 25
207208 25
207213 9
207308 16
207310 18
207313 7
207323 31
207348 13
207401 16
207403 19
207406 22
207419 28
207422 13
207455 13
207458 31
207463 13
207701 10
207703 19
207705 25
207711 13
207808 13
208101 21
208140 13
208150 13
208263 29
208270 25
208271 0
208280 16
208321 25
208329 28
208343 19
208348 25
208383 10
208425 22
208439 25
208440 16
208469 19
208711 10
208760 19
208761 25
208770 13
208871 25
208872 13
209201 24
209251 27
209301 22
209302 4
209303 10
209331 19
209351 7
209358 16
209361 31
209368 28
209375 28
209451 10
209453 16
209461 19
209463 25
209483 25
209485 13
209705 10
209707 16
209771 25
209773 31
209779 13
209785 19
210201 3
210202 24
210204 19
210343 10
210351 19
210383 31
210425 19
210433 13
210434 15
210445 13
210485 13
210703 10
210704 19
210705 25
210707 13
210731 16
211100 29
211311 16
211315 8
211319 30
211440 25
211443 19
211702 25
211889 13
212701 10
212703 25
212711 13
212741 19
213706 13
213707 25
213711 13
213714 19
214100 13
214261 16
214312 31
214341 13
214381 19
214401 19
214411 25
214414 16
214415 4
214430 10
214445 13
215205 28
215206 0
215207 25
215208 19
215302 10
215381 13
215411 16
215431 28
215734 13
215744 19
215752 25
215762 19
215782 16
215785 13
216781 19
217701 19
217703 25
217707 13
217726 25
217775 13
217781 13
218100 27
218101 4
218233 13
218235 19
218321 18
218323 4
218351 13
218471 22
218474 10
218475 19
219720 13
219731 19
220703 13
226701 13
226702 13
226709 13
226710 25
229123 22
229323 13
251211 24
251213 22
251216 19
251261 7
251281 22
251312 31
251313 19
251333 16
251361 15
251363 30
251371 7
251372 3
251374 13
251384 25
251411 13
251437 13
251438 25
251439 18
251461 19
251475 25
251479 13
251701 31
251702 10
251703 13
251711 31
251714 10
251715 19
251717 25
251718 31
251745 19
251751 10
251752 19
251757 25
251758 31
251776 31
251783 10
251785 19
251790 13
252201 6
252211 0
252232 30
252282 28
252283 10
252285 15
252286 3
252301 28
252302 21
252317 22
252320 25
252322 31
252325 12
252327 13
252330 24
252342 9
252363 7
252420 25
252421 28
252425 10
252427 16
252439 19
252444 25
252450 19
252460 25
252498 18
252702 19
252708 19
252711 25
252719 10
252724 25
252725 19
252752 31
252785 10
252789 10
252791 13
253303 25
253314 16
253315 4
253432 28
253455 10
253456 13
253481 10
253701 19
253717 25
253722 13
253732 10
253734 25
253736 31
253747 19
253748 31
253752 13
253754 10
254181 4
254205 31
254206 21
254211 25
254215 10
254216 9
254222 18
254231 6
254232 13
254252 24
254282 13
254302 22
254325 28
254333 7
254372 16
254373 10
254421 3
254426 10
254436 25
254439 4
254441 7
254451 19
254456 13
254457 27
254459 19
254461 10
254471 9
254473 13
254494 31
254496 13
254700 19
254702 31
254703 13
254710 25
254734 13
254770 31
254804 10
254872 25
254875 10
255201 0
255215 31
255251 12
255290 3
255300 16
255320 0
255321 31
255330 22
255359 6
255415 16
255417 4
255420 10
255422 13
255424 13
255431 4
255432 22
255434 15
255438 13
255449 13
255454 19
255455 25
255460 13
255462 13
255471 10
255492 13
255722 10
255734 25
255750 31
255752 19
255758 13
255764 13
255766 10
255770 25
255771 19
255772-001 19
255772-801 25
255772-803 10
255772-804 13
256100 28
256212 25
256271 19
256281 22
256316 25
256333 4
256373 10
256384 19
256412 13
256418 13
256441 25
256457 10
256462 13
256473 16
256700 25
256751 13
259103 28
259104 22
259106 31
259107 23
259108 4
259109 26
259201 30
259203 27
260312 19
260701 28
260705 25
260709 13
260716 31
260718 19
260772 10
261103 28
261111 18
261200 13
261210 28
261212 15
261216 22
261217 4
261304 8
261305 25
261335 6
261336 12
261342 21
261343 22
261361 28
261405 25
261434 13
261447 28
261456 10
261457 13
261458 28
261469 19
261473 18
261497 19
261701 19
261702 25
261706 13
261739 13
261746 25
261754 10
261769 25
261781 10
261791 13
261792 25
263701 19
263702 25
263720 10
263760 13
263771 10
264701 31
264706 10
264710 25
264741 19
264789 25
264791 13
266702 13
268721 13
269101 31
269102 19
269111 7
269200 4
269201 16
269202 22
269340 27
269430 19
269462 10
269470 22
269494 28
270701 25
270702 13
270711 19
270712 25
270791 19
301254 22
305202 10
311352 3
318322 25
318351 19
320351 13
321251 13
324703 13
328310 10
328313 16
330110 22
330111 6
351100 28
351200 13
351201 6
351202 3
351301 4
351302 28
351321 0
351331 19
351410 10
351425 7
351441 25
351442 31
351451 16
351463 19
351466 13
352103 3
352301 28
352311 19
352321 3
352323 16
352421 16
352422 13
352431 13
353301 13
353311 4
353421 13
353431 19
353451 16
353452 28
354311 0
356100 15
356101 30
356102 14
356202 16
356210 16
356212 19
356261 13
356303 16
356304 19
356312 25
356361 4
356411 25
356416 18
356432 4
356477 28
357110 13
357210 12
357322 4
357325 25
357360 31
357417 25
357441 28
357491 13
359202 30
359203 16
359204 13
359206 22
359301 6
359311 25
359380 13
359405 13
359409 10
359410 4
359413 28
359421 31
359465 28
360100 9
360210 16
360301 25
360304 13
360402 19
360403 19
360423 28
360460 16
361210 31
361211 13
361301 16
361321 25
361351 28
361453 19
361471 13
362211 24
363210 19
365201 16
365211 10
365321 31
365421 13
365427 25
365428 7
365431 25
368200 19
368317 19
368431 13
400110 25
400211 18
401382 16
403382 25
406385 31
406395 10
409281 4
409292 7
411281 28
411291 31
415291 10
420281 16
421281 19
421291 25
421385 4
421395 15
423382 7
428382 28
461100 30
461170 11
461471 16
461511 16
461523 13
461526 19
461527 28
461529 19
462130 2
462151 12
462505 19
462523 25
462541 4
462586 13
462587 4
462588 25
463251 31
463311 25
463331 19
463341 28
463353 7
463402 10
463433 28
463455 7
463491 4
463503 25
463504 7
463545 28
463556 10
463558 10
464301 13
464311 16
464341 10
464401 19
464413 25
464441 13
464443 31
464444 16
464445 16
464501 16
464502 13
464503 19
464508 31
464509 31
464510 31
464541 25
464542 13
464546 31
464549 28
501301 13
501302 28
502211 28
504302 19
506303 31
506361 4
508203 8
508303 25
510201 30
510202 25
510411 19
510414 25
510415 31
510417 10
512303 10
513111 7
513114 31
513223 16
513224 19
513283 25
513315 13
513324 31
513328 28
513363 25
513371 19
513412 31
513429 10
513445 19
513451 25
513471 13
514211 19
514241 25
514317 13
514323 31
514335 4
514341 19
514343 25
514381 16
514383 28
514395 10
514397 7
514466 13
515201 13
515250 28
515307 13
515312 4
515334 9
515361 16
515364 28
515376 19
515403 19
515455 25
515490 13
551311 19
552216 7
552217 31
552222 13
553312 19
554314 25
555313 25
556311 13
558431 13
561312 13
562211 13
571115 28
601201 13
601302 28
601321 13
601341 19
601344 7
601351 25
601422 22
601452 19
601456 4
601462 16
601702 10
601731 19
601742 13
601758 13
601765 10
601767 25
602100 14
602102 18
602103 28
602111 31
602211 12
602315 16
602321 22
602322 13
602431 25
602432 13
602441 9
602464 4
602731 13
602753 25
602761 25
603211 25
603322 10
603332 4
603352 19
603371 31
603421 13
603441 13
603711 19
603723 25
603731 13
604304 28
604305 19
604312 13
604313 16
604351 25
604352 4
604412 10
604414 16
604416 19
604422 13
604451 28
604715 25
605201 31
605204 16
605301 4
605313 28
605314 19
605321 22
605322 10
605341 25
605412 10
605432 16
605444 19
605445 25
605461 13
605701 25
605702 13
605717 13
605741 19
605745 25
605751 25
606231 19
606242 7
606244 31
606263 13
606343 25
606362 16
606363 3
610114 5
651105 31
651109 25
651120 22
651210 13
651311 16
651312 19
651315 25
651316 13
701101 4
701181 15
701182 19
701183 7
701201 19
701211 7
701281 22
701295 19
701313 21
701321 16
701331 25
701341 6
701342 4
701344 10
701407 31
701425 16
701455 19
701494 25
702100 27
702101 15
702205 7
702211 13
702213 30
702312 17
702316 28
702317 19
702318 10
702341 13
702351 16
702411 19
702416 25
702431 13
703103 13
703202 23
703243 3
703244 19
703305 16
703308 6
703309 19
703310 25
703311 28
703322 20
703323 13
703324 13
703330 13
703331 13
703391 16
703404 22
703412 31
703447 4
703454 19
703498 16
705191 3
705211 20
705311 20
705328 7
705329 10
705331 25
705342 4
705351 15
705437 3
705438 19
705440 13
705441 9
705442 15
705444 13
705446 28
705447 16
705461 25
705493 9
751100 19
751101 12
751102 30
751106 19
751202 3
751209 27
751301 6
751302 15
751303 13
751305 4
751308 12
751309 21
751321 25
751326 25
751327 19
751330 31
751345 13
751401 28
751403 10
751405 22
751408 10
751417 19
751419 13
751425 28
751428 31
751441 13
751443 9
751447 25
751451 16
751701 25
751702 13
751703 19
751704 10
751705 10
751706 25
751708 13
751710 10
751712 31
751716 19
751718 7
751726 19
751734 19
751742 28
751743 31
801100 3
801201 6
801225 19
801235 25
801324 4
801331 10
801333 22
801334 19
801336 15
801421 19
801471 31
801481 13
803121 31
803123 19
803231 0
803331 7
851100 18
851104 9
851105 16
851108 13
851200 23
851201 18
851202 19
851204 12
851205 30
851243 19
851251 28
851262 30
851273 6
851305 3
851309 16
851313 27
851343 25
851344 9
851345 28
851360 18
851362 7
851367 25
851372 30
851375 8
851400 4
851404 25
851406 10
851407 27
851462 19
852101 16
852102 7
852103 31
951100 24
951102 31
951106 25
951125 10
951203 28
951302 28
951323 13
951331 9
951344 28
951348 31
951352 25
951497-020 19
951497-021 22
953103 16
953111 13
953211 7
953212 13
953233 10
953261 22
953321 16
953322 31
953331 19
953361 25
953421 16
953494 28
954100 4
954140 13
954143 16
954170 7
954246 9
954326 19
954370 25
954374 7
954410 19
954413 16
954416 10
954426 13
954443 13
954449 18
954462 31
954471 28
954477 4
954491 21
954498 13
955102 7
955103 31
955104 4
958111 7
