001101 1
001102 30
001111 28
001113 31
001201 4
001202 3
001210 27
001212 27
001218 7
001230 31
001231 15
001250 19
001291 7
001293 27
001310 24
001311 28
001312 30
001315 15
001318 21
001320 7
001321 22
001323 0
001330 30
001342 7
001353 19
001354 18
001362 10
001410 9
001423 25
001425 19
001443 13
001444 3
001445 28
001447 31
001461 31
001464 12
002101 31
002110 7
002191 0
002192 25
002201 10
002211 19
002221 22
002250 0
002301 13
002333 31
002351 16
002365 25
002372 22
002401 13
002441 19
002473 16
003101 0
003191 12
003201 4
003314 22
003320 7
003331 19
003414 10
003421 25
003436 13
004241 9
004301 25
004303 16
004324 10
004351 7
004432 19
004473 21
004475 31
006103 9
006126 22
006206 7
006226 19
006242 31
006253 28
006303 10
006307 28
006326 19
006330 25
006331 21
006344 12
006346 16
006355 7
006425 13
006432 31
006433 22
006443 25
006448 28
008214 22
008303 31
008314 10
008326 7
008411 16
008417 30
009103 20
009105 27
009212 31
009230 19
009231 7
009326 7
009425 28
009426 7
009431 22
011100 6
011151 16
011152 13
011153 22
011251 12
011257 16
011259 31
011269 6
011276 18
011353 28
011356 22
011358 25
011362 13
011374 16
011461 27
011464 7
011751 7
012100 13
012173 0
012200 3
012271 3
012272 16
012273 7
012371 22
012475 10
013103 31
013110 27
013203 31
013204 7
013206 19
013207 1
013217 25
013301 16
013302 25
013303 24
013304 16
013305 13
013306 21
013307 7
013317 16
013326 19
013329 7
013330 30
013335 15
013338 10
013420 28
013421 16
013422 22
013427 31
013433 25
013435 31
014210 19
014270 20
014310 7
014311 13
014322 7
014323 28
014325 0
014370 16
014371 31
014382 7
014390 16
014401 10
014410 25
014421 31
015101 3
016101 6
016232 22
017101 10
017102 7
017111 28
017201 25
017210 13
018103 28
018111 29
018113 13
018125 22
018203 7
018211 31
018213 13
018231 16
018235 22
018271 1
018301 22
018335 16
018351 13
018353 7
018421 16
018433 19
018435 22
018436 31
018438 13
018451 7
018465 19
018467 25
018471 10
019101 9
019103 28
019105 25
019106 2
019108 25
019111 7
019203 31
019205 10
019206 4
019208 25
019211 16
019221 7
019303 7
019311 22
019331 27
019361 25
019373 7
019381 13
019411 31
019442 19
019471 28
019473 16
020101 18
020102 0
020211 13
020231 16
020311 22
020321 10
020333 16
020341 25
020362 28
020363 27
020412 13
020421 19
020481 22
021101 2
021102 7
021203 7
021204 22
021270 28
025108 7
025480 7
026101 17
026102 1
026111 9
026112 30
026201 3
026271 28
029701 22
029703 7
029711 13
030101 15
050100 16
050103 22
050104 21
050106 15
050111 18
051302 0
051304 7
051306 10
051310 3
051313 21
051418 24
052201 10
052202 7
052352 10
052357 28
052420 19
052441 19
052443 16
052445 22
052447 28
052466 7
053712 22
053713 19
053770 22
054810 19
054870 22
055701 7
055703 16
055704 13
055706 19
055707 22
055713 16
055733 7
055734 22
055757 19
055771 7
055797 13
057121 5
057123 10
057125 21
057126 11
057127 23
057128 8
057129 21
057130 11
057131 13
057132 27
057133 29
057134 12
057135 12
057136 24
057137 0
057138 7
057139 18
057140 22
057201 22
057205 4
057213 8
057215 13
057274 10
057284 28
057285 25
057288 19
057293 25
057294 25
057296 10
057300 28
057302 28
057305 13
057316 7
057351 31
057366 7
057403 19
057404 31
057405 22
057410 7
057411 24
057420 28
057426 16
057428 0
059413 22
059419 27
061103 13
061106 0
061201 28
061223 7
061224 13
061306 13
061307 16
061317 0
061319 7
061403 27
061404 4
061407 16
061430 13
062200 31
062210 19
062343 28
062411 22
062452 10
062460 31
062470 13
062499 7
063201 31
063702 19
063704 22
063710 13
064204 22
064232 22
064251 7
064252 13
064303 19
064331 10
064392 13
064412 19
064418 7
064423 31
064424 21
064430 7
064474 16
064490 4
065210 7
065212 25
065310 7
065311 13
065320 28
065332 22
065421 7
065435 4
065436 13
065437 19
065438 22
065797 7
066221 25
066323 16
066410 7
066416 10
066421 4
066425 13
067202 10
067303 13
067311 13
067372 22
067373 25
067432 13
069712 22
070200 7
070304 16
070305 28
070403 7
070404 7
070410 4
070411 22
070416 4
070711 19
070720 22
070721 13
070740 7
070741 7
071411 22
071412 7
071413 4
071415 19
071416 5
071418 25
071419 0
071422 13
071423 19
071425 16
071712 22
071715 19
071730 25
071736 16
071738 19
071811 19
073711 22
073721 19
073770 19
074100 20
074101 29
074414 25
076425 19
076427 22
076430 10
076444 7
076466 16
078444 26
078454 4
079169 19
079220 22
079264 4
091700 13
091800 13
099100 21
099101 1
099102 1
100102 16
100109 7
100110 30
100111 13
100112 5
100207 4
100213 7
100214 24
100220 25
100222 25
100225 22
100228 10
100229 7
100230 16
100231 22
100233 16
100281 19
100306 25
100307 16
100308 13
100309 1
100310 19
100311 31
100312 15
100313 16
100314 18
100501 25
101100 19
101105 22
101201 15
101211 31
101400 25
101405 22
103112 7
103191 25
103271 3
104200 19
104201 28
104300 19
104301 7
104325 19
104410 7
104424 13
104495 7
105304 13
109100 21
109115 10
112101 7
112102 16
112103 28
112108 31
112110 31
112201 28
112203 19
112213 7
112300 16
112314 7
112411 22
112412 19
115200 13
115300 16
115301 28
115302 19
116301 31
116302 7
116400 13
126101 24
126216 16
126321 31
126326 16
126333 4
126334 1
126428 22
126432 28
126443 16
127100 20
127101 19
127203 16
127204 19
127207 25
127303 22
127312 31
127314 12
127315 13
127316 9
127326 18
127337 31
127711 19
127717 7
127718 22
127719 13
127727 7
127728 13
128100 17
128101 30
128202 7
128203 15
128204 28
128307 22
128309 27
128334 3
128354 19
128355 7
128403 30
128701 19
128710 22
128730 13
128740 7
128762 7
140101 7
140102 7
140103 0
140104 7
140105 24
152211 7
152301 19
152321 7
154104 26
154141 31
154151 15
154231 7
154261 10
154262 16
154281 21
154311 31
154330 25
154353 22
154375 7
154377 10
154384 22
154388 19
154443 22
154455 16
154457 7
154481 19
154488 13
154493 25
154494 16
159100 26
159101 28
159151 31
159203 16
159221 27
159231 7
159301 7
159303 22
159305 15
159332 28
159356 13
159362 19
159403 7
159411 18
159431 13
159454 31
160341 10
164200 22
164341 13
168100 13
168101 18
168222 13
176100 21
176101 8
176104 24
176220 7
177103 5
177214 27
177215 25
177216 7
177217 19
177281 31
177283 22
177285 13
177321 10
177330 10
177341 3
177362 16
177393 30
177401 1
177404 31
177405 12
177414 13
177426 28
177427 0
177430 19
177434 24
177446 7
177450 9
177463 22
177464 7
177465 3
177467 18
177468 7
177481 22
177494 1
179402 4
179403 25
201100 9
201110 3
201114 23
201115 20
201116 5
201117 7
201190 19
202100 2
202101 14
202141 4
202143 10
202145 10
202184 31
202231 31
202260 7
202305 30
202311 7
202332 0
202334 10
202342 30
202361 4
202371 22
202434 22
202438 3
202443 19
202473 7
202474 16
202477 30
202481 22
202495 25
202742 7
202765 19
202776 7
202782 7
202833 13
202848 7
202873 7
203100 9
203103 16
203111 19
203116 25
203151 28
203162 5
203171 18
203201 28
203203 0
203204 31
203206 18
203207 19
203208 19
203209 2
203222 7
203226 28
203231 19
203235 27
203236 9
203255 31
203303 16
203315 31
203323 22
203324 12
203331 30
203332 28
203333 10
203351 4
203352 13
203405 31
203406 19
203414 7
203423 22
203431 16
203434 28
203458 19
203471 13
203475 28
203705 22
203709 13
203714 22
203716 19
203722 19
203743 13
203753 7
203807 19
203821 13
203828 22
203879 19
203889 19
204100 10
204101 28
204111 28
204123 13
204202 31
204211 13
204216 19
204231 31
204251 7
204321 10
204325 4
204335 16
204341 15
204361 3
204365 13
204381 30
204383 19
204432 28
204435 10
204442 7
204451 19
204452 16
204453 22
204471 16
204712 19
204721 13
204732 22
204764 7
205100 27
205103 27
205104 31
205105 16
205235 19
205239 10
205275 31
205303 15
205337 31
205355 19
205393 7
205415 19
205421 13
205461 13
205464 28
205475 7
205479 22
205483 25
205486 31
205496 16
205712 13
205735 7
205761 19
205783 22
206100 14
206101 24
206103 5
206104 1
206107 13
206108 6
206111 22
206112 9
206113 31
206161 19
206162 2
206171 22
206172 18
206181 10
206191 28
206203 15
206207 31
206211 10
206216 3
206217 6
206261 10
206267 19
206281 18
206300 27
206321 9
206324 15
206325 31
206327 30
206328 4
206331 19
206336 0
206341 12
206355 3
206362 24
206370 22
206381 13
206412 25
206436 16
206437 22
206441 31
206455 13
206707 13
206713 7
206720 22
206721 13
206730 13
206736 7
206738 16
206739 7
206743 19
206753 7
206766 16
206783 22
207100 13
207103 31
207105 22
207106 18
207107 28
207109 17
207115 28
207117 25
207123 25
207131 19
207135 16
207164 16
207171 16
207173 31
207174 31
207183 31
207187 15
207203 24
207205 25
207208 30
207213 0
207308 22
207310 16
207313 27
207323 19
207348 13
207401 19
207403 25
207406 25
207416 13
207419 28
207422 10
207436 19
207701 13
207703 19
207705 22
207711 7
207741 7
207743 13
207808 7
208101 24
208140 16
208150 16
208250 7
208251 31
208263 7
208265 22
208270 18
208271 2
208272 16
208280 16
208321 7
208329 13
208343 10
208348 31
208370 27
208383 7
208425 22
208439 22
208440 16
208469 28
208711 19
208760 22
208761 13
208770 7
208871 22
208872 7
209201 7
209251 13
209301 24
209302 13
209303 19
209331 7
209351 10
209358 31
209361 4
209368 16
209375 22
209403 4
209442 7
209451 3
209453 0
209461 25
209463 16
209471 22
209483 19
209485 16
209703 16
209705 16
209707 19
209709 25
209711 19
209713 22
209722 19
209731 22
209771 7
209773 13
209779 22
209785 25
210100 9
210201 31
210202 7
210204 16
210343 13
210351 31
210383 16
210425 10
210433 30
210434 0
210453 7
210465 22
210485 22
210703 19
210704 22
210705 13
210707 7
210723 7
210731 13
211100 10
211311 18
211315 19
211319 24
211413 25
211440 10
211442 31
211443 19
211495 7
211702 13
211889 7
212701 19
212703 22
212711 13
212721 7
212741 7
213201 13
213714 22
213763 19
213779 13
214100 25
214261 24
214312 16
214341 13
214381 31
214401 19
214411 1
214414 31
214415 28
214421 13
214430 22
214441 13
214445 7
215205 24
215206 28
215207 16
215208 7
215301 7
215302 13
215381 15
215411 16
215431 31
215471 15
215481 3
215495 25
215496 10
215497 28
215734 22
215762 7
215785 13
215794 7
217701 22
217703 13
217707 7
217734 13
217751 13
217775 7
217781 7
218100 9
218101 19
218233 31
218235 7
218321 31
218323 13
218351 7
218471 28
218475 25
218483 13
218486 7
219720 13
219731 7
225701 19
225703 22
225705 13
225720 7
226701 7
226709 13
226710 19
226801 16
226889 7
229123 25
229323 24
229352 7
229711 7
251211 22
251213 30
251261 13
251281 31
251312 22
251313 30
251333 22
251334 13
251361 19
251363 21
251371 28
251372 1
251374 19
251384 0
251411 7
251418 13
251437 4
251438 25
251451 16
251455 4
251457 31
251461 28
251475 19
251479 10
251701 16
251702 19
251703 13
251711 16
251714 19
251715 22
251717 13
251718 16
251745 22
251751 19
251752 22
251757 13
251758 16
251773 19
251783 22
251785 13
251790 7
252201 31
252211 7
252232 24
252282 18
252283 16
252285 7
252286 26
252301 15
252302 19
252317 16
252320 22
252322 7
252325 9
252327 7
252330 1
252342 28
252363 30
252420 28
252421 7
252424 10
252425 0
252426 22
252427 16
252444 10
252450 13
252455 25
252460 31
252489 12
252498 4
252702 7
252708 16
252723 13
252724 13
252741 13
252748 7
252781 19
252785 22
252789 7
252791 7
253303 28
253314 9
253315 28
253432 30
253455 28
253456 7
253481 7
253701 13
253715 7
253717 25
253722 19
253731 16
253732 7
253734 13
253735 10
253736 25
253748 16
253752 7
253754 22
254181 12
254205 25
254206 22
254211 22
254215 30
254216 27
254222 15
254231 13
254232 7
254252 28
254282 0
254302 19
254325 9
254333 31
254372 6
254421 19
254425 7
254426 10
254435 25
254436 13
254438 7
254439 22
254441 30
254442 25
254451 16
254456 7
254457 4
254458 31
254459 7
254461 22
254471 28
254473 10
254492 13
254494 22
254700 7
254702 16
254703 19
254710 22
254711 13
254734 25
254770 19
254777 13
254804 16
254875 22
255201 28
255215 6
255251 31
255290 24
255300 19
255320 9
255321 29
255330 7
255359 17
255415 10
255417 7
255420 13
255422 21
255424 25
255430 9
255432 31
255434 1
255437 30
255438 15
255439 10
255441 18
255447 28
255449 22
255454 4
255460 28
255462 27
255464 16
255471 12
255492 4
255499 24
255712 22
255722 16
255734 22
255739 19
255750 13
255764 19
255766 16
255770 7
255771 7
255772 13
255786 16
255791 13
255830 7
256100 5
256212 7
256271 10
256281 3
256316 1
256333 7
256373 16
256383 4
256412 28
256415 10
256441 13
256457 7
256462 0
256473 19
256700 22
256761 13
256762 7
259103 17
259104 13
259106 24
259107 22
259108 0
259109 3
259201 28
259203 16
260312 13
260404 13
260413 22
260424 7
260434 7
260717 13
260772 7
261103 16
261111 13
261200 31
261210 30
261212 18
261216 15
261217 28
261304 31
261305 13
261335 16
261336 22
261342 9
261343 24
261361 4
261405 27
261406 10
261434 30
261447 22
261456 19
261457 4
261458 25
261461 1
261469 16
261494 28
261497 18
261499 7
261701 13
261702 19
261706 16
261735 22
261739 13
261753 22
261754 22
261767 13
261769 13
261791 7
263701 19
263702 22
263720 16
263746 13
263760 7
263771 16
264701 19
264706 22
264707 16
264710 13
264741 13
264791 22
266703 7
268721 13
269101 28
269102 7
269200 19
269201 25
269202 7
269340 22
269430 7
269462 4
269470 16
269497 19
270701 22
270702 13
270711 13
270791 13
301254 31
305202 28
311352 19
318322 19
318351 1
320351 22
321251 22
324703 7
328310 19
328313 28
330110 4
330111 16
351100 9
351201 7
351202 10
351301 18
351321 0
351331 31
351410 16
351441 31
351442 10
351451 1
351463 25
351466 13
352301 31
352311 13
352321 7
352323 22
352332 25
352422 0
352431 13
353301 16
353421 22
353431 31
353451 1
353452 13
354311 16
356100 21
356101 12
356102 8
356202 28
356210 27
356212 31
356303 28
356304 13
356306 7
356312 13
356361 22
356412 16
356414 31
356416 7
356432 13
356441 22
356442 22
356443 13
356471 7
356496 13
357101 8
357110 17
357210 24
357322 19
357360 25
357417 22
357441 28
357491 19
359202 13
359203 0
359204 4
359206 13
359301 10
359311 28
359405 4
359409 7
359410 1
359413 19
359414 22
359421 16
359431 31
359451 16
360100 0
360210 12
360400 19
360402 7
360404 16
360407 13
360411 31
360431 22
360460 19
360470 7
361210 15
361214 7
361301 19
361321 25
361351 31
361453 22
361461 19
361471 7
363210 31
365301 13
365321 16
365331 22
365421 19
365427 7
365428 7
368200 1
368317 24
368331 13
368412 19
368433 19
368441 7
368487 10
400110 25
400211 22
401382 25
403382 13
406385 7
406395 10
409281 10
409292 25
411281 16
411291 19
415291 28
420281 13
421281 7
421291 4
421385 28
421395 4
423382 31
428382 16
461100 19
461170 12
461471 13
461472 19
461511 13
461527 19
461529 19
462130 11
462541 19
462587 22
462588 19
463251 24
463311 30
463331 19
463341 4
463353 28
463402 22
463433 25
463455 28
463491 4
463503 31
463504 10
463545 28
463556 25
463558 27
464301 22
464311 16
464341 25
464401 16
464413 31
464441 19
464443 7
464444 30
464445 7
464501 16
464502 7
464503 25
464509 22
464510 13
464541 28
464542 7
464544 31
464549 19
466141 30
501301 16
501302 7
502211 4
502311 13
503402 19
504302 22
506303 28
506361 22
507402 30
508203 15
508207 22
508303 31
509402 25
510201 28
510202 31
510307 13
510411 22
510414 7
510415 16
510416 10
510417 31
512303 30
512402 28
513111 15
513114 31
513223 25
513224 16
513283 31
513315 31
513324 16
513328 7
513363 10
513371 25
513412 16
513429 19
513445 22
513451 13
513471 7
514211 25
514241 7
514317 25
514323 4
514335 19
514341 7
514343 16
514381 31
514383 22
514395 28
514397 13
514425 22
514442 25
514451 19
514453 16
514466 28
514475 7
515201 13
515250 31
515307 7
515312 31
515334 16
515361 25
515364 28
515370 7
515376 10
515403 16
515490 7
551461 22
552216 31
552217 16
552222 7
553312 25
554314 31
555313 16
556311 28
557433 25
558411 16
558432 31
558442 28
561312 19
562211 7
571115 0
601201 5
601302 16
601321 4
601322 22
601341 31
601344 28
601351 16
601422 10
601427 7
601428 16
601452 30
601460 28
601462 25
601702 13
601731 16
601758 7
601765 22
601767 19
602100 25
602102 3
602111 7
602211 19
602315 10
602321 31
602322 13
602431 19
602432 16
602441 1
602464 31
602731 13
602761 7
603211 16
603322 31
603332 22
603352 25
603371 13
603421 19
603441 10
603453 13
603465 31
603471 4
603494 16
603495 28
603711 22
603723 13
603731 7
604304 28
604305 16
604312 28
604313 10
604351 31
604352 7
604412 16
604414 19
604416 28
604422 25
604441 13
604451 22
604711 13
604715 19
604731 7
605201 16
605204 31
605301 3
605313 7
605314 24
605321 15
605322 30
605341 28
605412 31
605432 13
605446 22
605459 19
605461 19
605476 7
605701 22
605702 13
605713 7
605751 7
606231 28
606242 31
606244 22
606263 7
606343 13
606362 19
606363 7
610114 26
651105 3
651109 7
651120 31
651210 16
651311 28
651312 25
651315 7
651316 16
701101 25
701181 27
701182 7
701183 24
701201 19
701211 25
701281 18
701313 30
701321 24
701331 18
701342 14
701344 13
701402 16
701403 31
701407 7
701409 13
701425 22
701455 22
701494 25
702101 6
702205 4
702211 12
702312 28
702313 18
702316 16
702318 22
702341 25
702351 28
702411 24
702416 31
702418 10
702423 16
702431 7
703103 31
703202 16
703204 28
703243 19
703244 16
703305 16
703308 30
703311 28
703313 4
703322 2
703324 18
703330 5
703331 3
703345 6
703352 31
703391 10
703404 1
703412 7
703435 31
703447 15
703454 22
703498 27
703499 13
704101 16
704141 19
704201 25
704345 7
705191 16
705211 0
705311 0
705329 22
705331 28
705351 27
705411 22
705437 16
705441 7
705442 15
705444 31
705492 19
705499 28
751100 25
751101 28
751102 25
751106 25
751202 7
751209 1
751301 12
751302 15
751303 10
751304 13
751305 30
751308 28
751309 5
751321 7
751326 4
751327 27
751330 19
751345 3
751401 22
751403 12
751405 20
751408 24
751413 28
751419 13
751421 25
751422 13
751424 7
751428 9
751443 26
751447 4
751451 19
751701 7
751702 13
751703 22
751704 22
751705 16
751706 7
751708 22
751712 16
751718 19
751724 13
751726 19
751751 19
801100 15
801201 7
801225 28
801235 31
801321 13
801324 15
801331 7
801333 31
801334 13
801336 28
801421 25
801471 16
801481 7
803121 7
803123 16
803231 13
803331 22
803360 13
803431 7
851100 12
851104 31
851105 3
851108 19
851200 13
851201 21
851202 1
851243 21
851251 25
851262 15
851273 7
851305 22
851306 30
851309 0
851342 7
851352 18
851354 1
851355 13
851360 16
851362 2
851375 10
851376 10
851400 25
851404 6
851407 19
851441 12
851462 27
852100 24
852101 30
852102 4
852103 16
852201 16
852202 19
852203 25
852204 7
951100 17
951102 31
951106 15
951124 28
951203 13
951302 1
951323 22
951331 25
951344 7
951348 16
951352 28
951497 19
953103 7
953111 28
953212 22
953231 7
953233 25
953261 16
953321 19
953322 22
953331 31
953361 28
953421 16
953444 7
953494 25
953495 7
954100 31
954244 31
954246 13
954310 24
954370 19
954374 31
954410 13
954413 7
954416 21
954426 27
954443 16
954449 13
954462 25
954464 1
954471 4
954477 16
954491-001 10
954491-002 15
954491-003 30
954491-004 7
954498 0
955102 27
955103 19
955104 28
958111 25
958201 7
958221 31
958225 16
958261 19
958373 25
