001101 10
001102 4
001111 31
001113 13
001201 1
001202 6
001210 4
001230 31
001231 20
001250 13
001281 26
001291 28
001293 19
001310 4
001311 22
001312 4
001318 30
001320 7
001321 9
001323 7
001330 0
001342 25
001353 7
001354 15
001361 7
001362 4
001381 10
001410 16
001425 4
001443 4
001444 22
001445 19
002101 19
002110 31
002191 13
002201 19
002211 7
002221 28
002250 16
002301 22
002333 7
002365 4
003101 4
003191 9
003201 31
003414 19
003421 31
003436 7
004282 16
004301 7
004303 10
004324 19
004432 4
004473 31
004475 22
004483 30
006103 7
006126 0
006206 19
006226 25
006241 31
006242 22
006253 27
006303 31
006331 16
006346 4
006448 4
008214 31
008303 7
008314 22
008411 25
008417 4
009103 0
009105 15
009212 31
009230 3
009231 31
009326 7
009328 4
011100 27
011152 7
011153 29
011251 18
011257 26
011259 13
011269 14
011276 28
011353 15
011356 22
011362 19
011363 13
011374 16
011461 7
011464 4
011479 7
012100 13
012173 4
012200 27
012273 4
012371 22
013103 12
013110 7
013203 16
013204 7
013207 30
013209 16
013302 25
013306 13
013307 7
013317 31
013326 22
013329 7
013330 31
013413 4
013420 4
013433 16
014210 27
014211 4
014270 0
014310 16
014322 7
014323 15
014370 31
014371 7
014381 7
014401 19
014481 4
015101 9
016101 4
016102 7
017101 13
017102 7
017111 4
017210 22
018103 28
018111 13
018113 13
018125 31
018203 7
018211 22
018213 13
018231 16
018235 31
018271 22
018321 13
018351 7
019101 12
019102 16
019103 19
019105 4
019106 4
019108 31
019111 7
019203 13
019205 4
019211 19
019221 7
019303 25
019311 19
019331 31
019361 22
019371 4
019381 7
019471 7
020101 27
020102 28
020211 4
020231 7
020341 7
020362 25
021101 22
021102 13
021203 4
025108 7
025110 4
025310 4
025480 7
026101 21
026102 25
026111 4
029701 7
029711 4
050100 22
050103 30
050104 13
050106 20
050111 4
051300 22
051306 4
051313 7
051412 28
051418 31
051421 13
052202 6
052314 0
052350 16
052352 7
052357 4
052421 0
055701 4
055704 4
055771 4
057121 28
057122 18
057123 18
057125 18
057126 3
057127 19
057128 29
057129 6
057130 25
057131 28
057132 15
057133 13
057134 22
057135 27
057136 28
057137 10
057201 28
057213 16
057215 19
057284 22
057285 7
057288 31
057293 15
057294 10
057296 13
057300 0
057305 13
057403 10
057405 4
057410 7
057420 31
057425 25
057426 7
057428 22
057450 4
059419 22
061106 28
061201 4
061223 18
061306 27
061309 31
061312 9
061317 7
061403 13
062200 19
062320 13
062341 28
062342 28
062343 28
062344 19
062346 25
062360 19
062380 10
062411 16
062452 25
062460 10
062499 31
063710 7
064201 4
064206 16
064207 7
064271 4
064272 7
064281 4
064301 31
064410 0
064423 16
064424 19
065210 7
065212 22
065310 13
065320 0
065332 22
065436 4
065799 4
066221 16
066323 19
066410 31
066414 4
066425 25
067202 16
067303 30
067311 13
067372 0
067373 4
067432 15
070100 27
070201 4
070301 7
070303 31
070304 22
070308 7
070400 4
070401 7
070404 7
070413 16
070414 25
070415 4
070416 4
070711 31
070720 22
070721 7
070727 7
070731 4
070740 4
071411 10
071412 7
071413 16
071415 16
071416 15
071419 13
071420 4
071423 10
071425 22
071426 7
071724 4
074100 31
074101 30
074414 13
076312 7
076314 16
076414 19
076427 7
076428 13
076429 31
076444 15
076466 4
077422 22
078444 22
078454 31
099101 10
099102 27
100102 6
100103 22
100104 13
100105 0
100106 4
100107 18
100108 19
100205 30
100206 22
100207 12
100208 16
100209 9
100306 10
100307 28
100308 31
100309 21
100310 24
100501 31
101100 21
101105 13
101201 24
101211 30
101400 13
101405 22
103191 4
103271 21
104200 9
104201 19
104300 19
104301 25
104325 7
104340 4
104410 31
104495 7
105304 16
109100 23
109115 20
112101 7
112102 31
112103 7
112108 4
112110 22
112201 31
112203 4
112213 16
112300 4
112314 31
112411 22
115200 31
115300 4
115301 31
115302 10
126101 28
126321 31
126330 22
126428 7
126443 4
127100 1
127101 2
127203 25
127206 10
127207 28
127303 25
127312 7
127314 19
127315 10
127316 4
127320 22
127326 22
127329 22
127413 7
127711 31
127717 22
127718 7
127719 4
128100 13
128101 6
128202 3
128203 6
128204 10
128307 22
128309 7
128352 25
128354 16
128403 4
128701 4
128710 31
128730 22
128734 7
128740 7
128762 4
140103 18
152321 4
154104 21
154141 4
154151 30
154231 24
154262 31
154281 13
154311 19
154330 16
154352 22
154371 7
154384 31
154388 4
154443 7
154455 28
154482 7
154488 4
159100 19
159101 18
159151 21
159203 25
159221 31
159301 16
159351 22
159356 4
159403 22
159411 4
159412 7
159431 7
159454 19
164200 7
164341 4
168101 4
168313 4
176100 8
176101 3
176220 27
177103 4
177214 10
177216 31
177242 7
177283 19
177285 22
177321 31
177330 4
177336 22
177341 7
177361 16
177393 13
177404 19
177425 4
177426 10
177427 31
177434 31
177446 7
177447 25
177450 22
177464 22
177465 4
177467 7
177481 4
201100 25
201110 30
201114 16
201115 12
201116 27
201117 9
202100 24
202101 2
202141 3
202143 4
202145 25
202184 15
202231 8
202260 13
202321 13
202334 22
202342 4
202353 31
202361 7
202434 7
202473 4
202495 22
202742 4
202764 4
202765 4
202773 22
202782 7
202833 31
202848 4
202873 22
203100 31
203103 4
203111 24
203116 28
203151 24
203162 21
203201 16
203203 11
203204 13
203206 24
203207 5
203208 4
203209 11
203222 25
203226 16
203231 4
203235 24
203236 4
203255 31
203315 7
203331 4
203351 7
203352 13
203475 10
203714 7
203716 31
203722 22
203732 4
203736 22
203739 7
203743 22
203753 4
203821 10
203828 4
203879 31
204100 30
204101 10
204111 13
204202 4
204219 16
204231 10
204251 18
204321 16
204325 7
204341 0
204361 22
204363 4
204365 4
204381 31
204383 4
204432 7
204435 4
204451 28
204453 10
204471 7
204712 4
204721 22
204732 7
204735 31
205100 27
205103 6
205104 10
205105 28
205235 25
205239 31
205275 15
205303 10
205337 31
205355 22
205393 4
205712 22
205735 7
205783 4
206100 16
206101 2
206103 12
206107 0
206111 15
206113 4
206161 24
206171 6
206181 27
206191 16
206203 27
206211 9
206216 28
206217 19
206261 31
206267 31
206281 4
206300 31
206321 4
206324 4
206325 21
206327 14
206331 22
206335 10
206336 16
206341 4
206355 4
206362 6
206370 31
206381 4
206436 22
206437 7
206441 10
206717 7
206720 22
206721 7
206730 4
206736 4
206753 4
207100 16
207103 27
207105 17
207107 1
207109 19
207110 22
207115 2
207117 0
207123 30
207131 8
207135 1
207171 5
207173 28
207183 13
207187 19
207203 18
207205 7
207208 19
207213 16
207308 28
207310 22
207313 10
207323 7
207348 31
207401 7
207406 4
207701 31
207703 22
207705 7
207711 4
207741 4
208101 15
208140 4
208263 25
208270 19
208271 10
208272 7
208280 22
208321 15
208329 7
208343 7
208348 10
208425 22
208737 4
209201 7
209251 16
209301 7
209302 31
209303 22
209331 25
209351 28
209358 16
209361 25
209368 19
209375 19
210201 4
210202 13
210204 16
210343 7
210351 4
210383 22
210425 19
210434 31
210703 31
210704 22
210707 7
210731 4
210733 4
210743 4
211100 17
211311 31
211315 21
211319 22
211413 10
211440 31
211442 7
211495 4
211702 22
211889 7
213706 7
213707 4
213714 22
214261 16
214312 13
214341 7
214381 10
214414 16
214415 4
214421 7
215205 12
215206 29
215207 7
215208 30
215423 19
215424 10
215431 7
215475 31
215476 22
215485 7
215486 4
215734 7
215744 22
215752 4
215762 7
215785 7
217701 22
217703 7
217707 4
217734 7
217751 4
217775 7
218100 7
218101 7
218233 31
218235 19
218321 10
218323 31
218351 7
219761 7
219789 4
220703 4
226701 31
226702 22
226704 7
226711 7
226801 4
251101 31
251211 28
251213 22
251261 4
251281 27
251312 22
251313 19
251363 10
251374 4
251384 7
251419 22
251437 4
251438 31
251439 31
251451 31
251475 7
251701 31
251702 22
251703 4
251711 7
251715 4
251745 7
251751 10
251752 31
251757 22
251758 7
251776 10
251783 31
251784 22
251785 7
251790 4
252201 6
252211 14
252232 9
252282 7
252283 16
252285 7
252286 25
252301 13
252302 10
252317 25
252322 16
252325 0
252327 19
252330 22
252342 25
252363 28
252420 10
252421 31
252427 4
252444 4
252498 4
252702 31
252726 7
252746 22
252747 7
252791 4
253303 10
253314 13
253315 19
253455 7
253481 7
253701 4
253715 19
253717 10
253731 25
253732 19
253735 31
253736 7
253748 25
253754 22
254181 18
254205 30
254206 21
254211 10
254215 27
254216 9
254222 28
254231 0
254232 16
254252 15
254282 27
254302 10
254325 27
254333 13
254372 22
254373 7
254421 7
254426 16
254435 7
254436 4
254439 13
254442 22
254444 4
254451 10
254456 31
254459 31
254461 19
254471 4
254473 7
254700 4
254702 10
254703 7
254710 22
254711 31
254734 4
254736 10
254770 10
254804 31
254873 31
254875 22
255201 18
255215 5
255251 14
255290 25
255300 4
255320 27
255321 0
255330 22
255359 13
255415 31
255431 31
255432 7
255434 4
255454 4
255455 4
255492 31
255722 31
255734 22
255738 7
255750 4
255764 4
255770 22
255771 7
255772 4
255786 31
255811 7
255820 4
256100 4
256212 4
256281 16
256316 4
256333 25
256373 22
256418 7
256441 4
259103 4
259104 6
259106 22
259107 12
259108 19
259109 16
259201 10
259203 13
260402 7
260413 4
260701 4
260702 10
260705 31
260709 22
260716 31
260718 22
260772 7
261103 4
261111 30
261200 4
261210 0
261212 28
261216 7
261217 9
261304 16
261305 10
261335 13
261336 10
261342 19
261343 4
261361 4
261405 22
261434 7
261447 13
261458 4
261461 22
261469 31
261701 7
261702 4
261706 22
261739 31
261752 22
261754 4
261769 31
261791 7
261895 7
263701 22
263702 4
263720 10
263746 31
263760 7
263770 7
263771 10
264701 10
264703 31
264706 22
264710 22
264733 7
264791 4
266702 4
268721 7
269101 22
269102 4
269111 7
269200 7
269201 22
269202 31
269340 22
269430 13
269452 22
269462 7
269470 4
269493 7
301254 10
305202 10
311352 1
318322 7
318351 25
320351 13
321251 22
324703 4
328310 4
328313 31
330110 24
330111 1
351100 30
351200 21
351201 19
351301 16
351321 31
351331 7
351441 19
351442 10
351451 7
351466 4
351489 4
352103 19
352301 31
352311 7
352321 13
352323 16
352422 22
353210 7
353301 13
353311 16
353418 7
353421 4
353431 7
353451 31
354311 22
356100 27
356101 19
356102 9
356202 22
356210 5
356212 7
356261 31
356303 13
356304 7
356411 4
356416 22
357101 14
357110 19
357210 19
357322 10
357325 22
357417 19
357441 4
357491 7
359202 31
359203 21
359204 31
359210 16
359311 7
359409 4
359421 4
359465 22
360100 22
360400 31
360403 22
360423 7
360460 4
361210 15
361214 16
361301 22
361351 13
361442 7
361453 31
361461 4
361471 31
362211 31
363210 13
365321 22
365322 10
365324 10
365421 7
368200 9
400110 3
401382 28
403382 19
406385 7
406395 16
409281 16
409292 25
411281 31
411291 7
415291 13
420281 4
421281 19
421291 28
421385 31
421395 22
423382 4
428382 10
461100 6
461435 31
461472 7
461514 22
461523 7
462130 19
462151 22
462405 7
462409 4
462445 4
462541 22
462543 7
462584 4
463251 18
463311 16
463331 19
463341 10
463353 4
463402 22
463433 13
463455 4
463491 10
463503 10
463513 22
463545 4
463556 31
463571 7
464301 31
464311 7
464341 25
464401 7
464413 19
464441 28
464443 10
464444 31
464445 16
464502 22
501301 31
501302 22
504302 19
506303 7
506361 4
508203 16
508303 10
510201 9
510202 3
512303 4
513111 1
513114 4
513223 31
513224 22
513283 4
513315 10
513324 25
513328 19
513363 22
513371 7
513411 31
513429 22
513445 7
513471 4
514211 22
514241 7
514317 7
514323 4
514341 22
514343 10
514381 19
514383 31
514451 4
515201 4
515250 31
515306 10
515310 31
515334 22
515361 31
515364 22
515370 7
515373 4
518770 4
551312 19
552216 4
552217 31
552222 7
553311 10
554312 31
556412 22
561313 7
561314 4
562101 22
562211 4
601201 19
601302 4
601341 10
601344 22
601351 7
601422 4
601452 31
601456 19
601731 22
601758 7
601765 31
601842 4
602100 22
602102 28
602103 19
602111 4
602211 13
602315 31
602321 16
602322 7
602431 16
602432 4
602441 31
602464 22
602731 7
602761 4
603211 13
603321 10
603322 7
603351 31
603421 22
603441 7
603471 4
603496 4
603711 22
603723 7
603731 4
604304 10
604305 4
604312 16
604313 19
604351 28
604352 22
604451 4
604711 7
604715 4
605201 22
605204 9
605301 19
605313 7
605314 10
605321 10
605322 31
605701 31
605713 22
605741 7
605745 4
605751 4
606231 19
606242 31
606244 7
606263 4
606310 22
606343 7
610114 10
651104 31
651105 18
651109 31
651120 4
651210 4
651311 31
651312 22
651315 7
651316 4
701100 4
701101 19
701104 13
701181 13
701183 4
701201 4
701205 13
701211 18
701243 19
701281 6
701313 22
701321 16
701331 31
701341 10
701344 4
702100 22
702101 3
702205 13
702211 25
702213 9
702312 10
702316 25
702317 19
702341 10
702351 7
703103 28
703109 7
703202 22
703243 21
703244 7
703305 16
703308 13
703309 31
703310 7
703322 31
703323 22
703330 13
703331 4
703391 4
703404 31
703412 10
703447 7
703454 22
703498 4
705191 25
705211 9
705311 31
705329 22
705331 7
705332 30
705342 7
705351 27
705431 25
705438 22
705440 13
705441 16
705442 7
705444 4
705461 10
705493 31
705499 4
751100 13
751101 19
751102 21
751106 4
751202 31
751209 28
751301 22
751302 22
751303 7
751304 22
751305 4
751308 7
751309 19
751321 22
751326 16
751330 4
751345 19
751401 13
751403 19
751405 13
751408 16
751417 31
751418 22
751419 7
751422 31
751428 19
751440 4
751441 22
751443 22
751447 16
751451 10
751701 7
751702 4
751703 22
751704 19
751705 31
751706 22
751708 19
751712 4
751716 10
751724 7
751725 31
751726 7
751727 10
751729 10
751734 31
751744 22
751752 4
801100 18
801201 31
801225 22
801235 16
801321 10
801331 4
801333 16
801336 22
801421 22
801471 7
801481 4
803121 7
803123 4
803231 7
851100 27
851104 13
851105 19
851108 16
851200 22
851201 6
851202 24
851204 7
851205 18
851273 31
851305 28
851309 22
851313 10
851343 16
851344 4
851345 22
851360 16
851362 25
851367 4
851372 16
851375 13
851400 9
851404 31
851406 7
851407 10
951100 16
951101 4
951102 15
951125 10
951203 31
951302 7
951323 31
951331 22
951344 7
951348 22
951352 4
951497 4
953103 22
953111 24
953211 7
953212 19
953233 22
953261 31
953321 31
953322 19
953331 22
953361 13
953421 4
953494 19
954100 4
954140 31
954141 22
954245 21
954246 27
954260 16
954270 9
954311 31
954312 16
954320 4
954323 7
954343 19
954370 13
954374 22
954412 4
954413 4
954462 10
954471 7
954491 31
954498 22
