001101 4
001102 1
001112 4
001118 22
001201 4
001202 4
001210 8
001222 6
001223 2
001224 17
001225 16
001226 18
001227 3
001228 17
001229 6
001230 18
001231 13
001234 28
001250 30
001291 30
001292 7
001310 16
001311 6
001312 31
001314 18
001320 22
001321 7
001323 19
001330 4
001341 31
001342 27
001352 22
001355 15
001361 4
001362 13
001410 16
001423 0
001440 25
001445 22
001447 4
001471 4
001472 10
002102 25
002111 13
002191 29
002192 31
002202 19
002230 4
002260 13
002302 10
002311 22
002321 25
002331 4
002362 13
002402 10
002441 4
002471 13
002472 16
003101 31
003102 10
003191 6
003202 16
003332 25
003414 19
003421 10
003436 13
003454 4
004282 27
004465 31
004470 7
004472 4
004474 19
004476 25
006103 19
006126 7
006226 7
006241 7
006253 25
006307 22
006326 22
006330 13
006349 4
006443 19
006448 4
006454 10
006475 25
008214 13
008314 31
008326 4
008402 19
008411 4
009103 24
009213 22
009234 25
009236 13
009254 31
009301 28
009344 19
009355 30
009356 22
009358 4
009363 25
009446 31
011100 22
011101 27
011151 30
011154 9
011156 7
011157 31
011251 22
011268 10
011269 10
011276 31
011277 28
011278 13
011355 6
011367 4
011457 4
011479 7
012173 18
012174 4
012200 12
012374 13
012475 6
013103 27
013110 7
013203 18
013204 18
013207 13
013208 25
013209 6
013216 19
013217 12
013301 14
013303 27
013306 30
013321 4
013335 10
013337 0
013410 4
013413 16
013428 31
013431 25
013432 13
013433 7
014211 12
014270 15
014310 16
014311 6
014323 31
014370 28
014371 22
014383 31
014401 10
014422 19
014423 22
014471 22
014481 7
014483 4
015101 30
015102 13
016101 4
016102 25
017101 7
017102 19
017111 10
017231 25
018104 25
018112 7
018114 10
018126 19
018204 4
018271 18
018323 4
018352 4
018372 4
018467 4
018471 25
019101 28
019104 31
019105 31
019106 25
019112 13
019204 9
019205 30
019206 16
019212 4
019222 25
019332 16
019351 13
019362 10
019371 6
019373 25
019441 25
020101 30
020102 25
020212 25
020231 7
020232 16
020261 22
021101 12
021102 25
021203 13
021204 7
021270 19
024752 4
025110 4
025310 13
025481 4
026101 30
026102 30
026111 10
026112 13
026201 30
029732 13
030101 28
050100 31
050103 21
050104 7
050106 5
050112 10
050113 27
051302 30
051304 30
051306 16
051310 10
051313 4
051418 13
052203 7
052310 31
052314 19
052323 13
052331 16
052350 25
052351 4
052353 10
052355 7
052400 1
052417 28
052419 22
052422 16
052442 16
052447 10
052448 25
052449 4
053713 4
054821 4
055702 19
055734 25
055739 13
055757 4
057121 10
057122 20
057123 19
057125 9
057126 23
057127 11
057128 17
057129 8
057130 18
057131 18
057132 9
057133 27
057134 28
057135 31
057136 31
057137 6
057138 19
057139 18
057213 10
057283 7
057286 19
057287 31
057290 25
057295 25
057297 16
057298 4
057301 10
057302 4
057305 31
057316 16
057366 25
057401 28
057404 10
057407 13
057411 31
057413 31
057419 22
057427 16
057428 6
059405 13
059419 19
061103 10
061106 18
061201 31
061223 19
061224 31
061306 16
061307 4
061312 25
061313 31
061403 30
061405 10
062200 13
062210 10
062320 10
062343 31
062499 25
063201 10
064204 31
064231 25
064331 16
064411 10
064412 4
064421 13
064422 4
064423 4
064424 12
064430 16
064474 31
065120 30
065121 12
065211 22
065212 10
065311 10
065320 16
065333 27
065420 22
065435 13
065436 4
065437 4
065438 4
065797 4
066222 10
066324 1
066412 25
066414 10
067201 31
067203 7
067311 25
067371 0
067433 13
067435 1
067436 4
067491 10
070200 28
070201 13
070301 25
070303 25
070305 16
070401 13
070411 10
070413 27
070414 19
070416 10
070792 4
071411 13
071412 4
071414 19
071415 25
071416 15
071418 10
071419 7
071420 22
071423 25
071426 4
073721 4
074100 22
074101 6
074414 13
076425 25
076426 16
076427 10
076430 4
076444 6
076466 13
078444 30
078454 31
079220 10
099101 6
099102 30
099103 25
100104 10
100109 19
100110 22
100111 28
100112 0
100207 6
100220 7
100222 13
100228 19
100229 18
100230 25
100231 28
100233 10
100307 4
100308 13
100309 19
100310 4
100311 19
100312 22
100313 8
100314 13
100501 7
101201 10
101202 0
101205 26
101325 24
101405 13
101490 28
103271 8
104100 25
104302 7
104310 0
104320 24
104327 4
104334 13
104340 4
104435 22
104471 4
104490 19
109100 10
109114 18
112101 13
112105 19
112106 16
112109 25
112202 28
112205 19
112303 31
112321 10
112322 28
112406 13
112424 16
115301 4
115401 25
116301 13
116302 16
126101 6
126102 25
126212 27
126213 24
126214 31
126324 15
126326 31
126328 19
126330 1
126332 13
126400 15
126431 25
126436 4
126442 13
127100 18
127101 8
127202 6
127205 0
127313 21
127329 7
127330 25
127332 10
127333 4
127359 22
127411 27
127415 7
127416 28
127424 16
127433 4
127492 22
127493 25
127716 25
127720 13
127721 19
127727 4
128100 26
128101 30
128201 21
128304 22
128305 0
128306 13
128308 3
128310 0
128401 7
128423 10
128425 31
128427 10
128434 19
128443 21
128445 31
128451 27
128471 25
128481 4
128484 4
128700 13
128714 25
128727 4
128734 19
140101 10
140102 31
140103 30
140104 16
140105 24
152211 13
152301 4
152321 0
152331 19
154100 10
154104 9
154141 29
154152 21
154153 14
154173 31
154181 13
154251 13
154262 7
154276 3
154281 31
154301 25
154330 19
154431 19
154479 4
154492 10
159100 18
159101 6
159102 19
159151 31
159202 18
159204 6
159331 22
159351 4
159411 9
159434 28
160342 4
164261 13
164341 10
168100 30
168101 20
168410 10
176100 27
176101 20
176104 31
177103 13
177104 22
177113 9
177114 28
177141 18
177142 19
177181 25
177220 0
177222 4
177227 10
177228 4
177229 25
177300 31
177321 18
177332 10
177335 1
177336 13
177341 7
177361 13
177413 21
177420 9
177425 27
177429 22
177430 21
177431 6
177433 28
177441 13
177447 7
177460 16
177464 16
177465 30
177466 7
177470 3
177483 30
177491 1
177494 4
177495 31
179404 10
179406 10
179443 19
201100 5
201110 10
201114 25
201116 8
201117 22
201190 10
202100 19
202101 12
202102 27
202147 12
202231 24
202302 4
202303 28
202305 6
202311 19
202356 10
202362 22
202371 21
202405 4
202421 13
202432 22
202446 10
202461 4
202471 16
202475 25
202476 1
202484 13
202731 4
202744 13
202749 13
202802 4
202833 25
202843 4
203100 30
203104 10
203108 27
203111 29
203113 15
203114 13
203131 24
203132 21
203151 31
203152 3
203154 30
203158 22
203159 27
203162 29
203202 25
203204 6
203206 29
203208 9
203209 11
203211 13
203222 19
203223 4
203226 13
203232 0
203236 0
203250 7
203287 9
203300 1
203304 18
203316 31
203351 4
203352 30
203404 25
203413 0
203424 31
203425 10
203435 4
203459 25
203474 13
203708 13
203715 25
203719 13
203721 25
203725 25
203734 25
203735 4
203754 4
203775 13
203812 4
203825 13
203829 4
203879 4
204100 13
204101 8
204113 22
204123 26
204202 31
204217 9
204232 3
204251 0
204306 4
204315 4
204320 21
204333 27
204355 10
204362 1
204382 19
204422 16
204423 13
204424 22
204425 6
204443 10
204456 7
204482 10
204483 19
204490 25
204725 4
204735 25
204792 13
205100 19
205103 25
205105 31
205216 22
205232 25
205244 4
205252 0
205282 25
205324 4
205344 25
205358 10
205382 31
205421 4
205441 28
205473 13
205476 19
205731 25
205742 13
205764 25
205789 13
205796 4
206100 25
206103 14
206104 12
206108 28
206111 7
206112 21
206161 14
206162 14
206171 0
206172 6
206181 30
206182 27
206191 10
206203 28
206216 29
206217 10
206253 10
206255 31
206261 3
206266 20
206267 4
206281 6
206311 4
206313 19
206321 25
206324 4
206327 10
206331 31
206336 1
206341 13
206342 10
206362 30
206364 30
206367 25
206368 31
206370 19
206428 13
206435 25
206437 28
206457 31
206476 31
206481 6
206703 25
206714 25
206724 25
206734 4
206736 13
206737 13
206774 4
207104 3
207105 30
207106 31
207108 19
207109 9
207110 25
207116 11
207117 3
207118 31
207125 25
207162 16
207172 25
207181 12
207187 24
207188 21
207191 27
207195 16
207214 19
207302 13
207305 0
207306 3
207312 4
207321 16
207402 21
207408 19
207415 24
207442 4
207448 6
207481 4
207704 25
207706 13
207708 4
207712 4
207766 4
208101 9
208140 15
208141 7
208250 4
208263 18
208264 0
208272 22
208322 0
208345 25
208346 22
208353 12
208362 6
208373 19
208423 25
208444 3
208446 1
208460 22
208738 13
208772 4
208873 4
209203 27
209204 10
209252 28
209253 22
209262 31
209263 10
209270 25
209271 13
209272 4
209322 19
209332 1
209341 7
209352 10
209370 13
209376 10
209382 28
209424 4
209452 7
209454 31
209456 1
209466 4
209486 10
209712 25
209714 13
209716 13
209772 4
209787 25
210100 10
210200 25
210207 10
210221 13
210251 4
210276 22
210315 31
210331 25
210355 22
210432 19
210435 10
210463 28
210497 4
210702 4
210717 13
210741 13
210743 25
210744 13
210748 13
211100 19
211303 25
211312 1
211315 29
211318 13
211319 5
211341 4
211342 10
211444 4
211445 7
211446 31
211448 27
211449 19
211709 13
211843 4
212712 25
212721 4
212731 13
213706 25
213707 4
213708 13
213717 4
214301 13
214310 19
214340 30
214341 31
214352 19
214403 10
214412 13
214431 10
214491 22
215205 4
215206 0
215207 7
215208 25
215303 10
215311 19
215312 28
215313 31
215314 10
215401 31
215462 25
215482 13
215495 4
215497 13
215711 4
215742 4
217705 13
217708 4
217773 25
218100 30
218234 10
218236 13
218244 31
218262 4
218352 31
218362 25
218372 10
218382 1
218474 4
218481 19
218496 25
219741 4
219753 25
219766 13
219789 4
225702 19
225704 25
225706 13
225707 4
226703 4
226704 4
226711 25
226805 4
229223 8
229351 28
251100 19
251211 6
251213 25
251216 28
251242 7
251261 0
251292 7
251312 25
251313 13
251333 4
251334 19
251342 13
251361 10
251363 31
251371 4
251372 19
251374 10
251399 25
251411 22
251417 4
251434 31
251436 16
251451 28
251455 10
251456 13
251457 7
251461 10
251476 24
251477 25
251704 10
251707 4
251713 4
251716 13
251723 10
251724 25
251746 25
251748 13
251754 19
251760 25
251763 13
251765 4
251776 10
251781 25
251784 13
252210 27
252212 18
252222 13
252235 30
252281 27
252282 18
252283 6
252285 27
252311 24
252320 4
252328 21
252331 9
252353 31
252401 21
252402 25
252403 19
252404 1
252413 28
252420 19
252421 6
252422 16
252423 28
252427 25
252428 6
252429 13
252435 1
252440 4
252442 10
252443 19
252448 13
252450 4
252456 9
252459 27
252460 7
252479 31
252489 1
252706 25
252707 19
252727 4
252785 19
252789 25
252792 13
253215 13
253318 22
253321 16
253332 4
253416 4
253417 7
253423 28
253433 19
253441 13
253443 13
253451 25
253452 25
253454 10
253716 13
253721 4
253725 19
253734 28
253735 19
253747 13
253749 16
253752 19
253754 25
253791 25
254182 7
254200 22
254205 7
254206 24
254207 25
254211 11
254215 8
254216 9
254222 10
254231 1
254232 4
254271 18
254282 4
254302 6
254325 10
254334 31
254352 0
254362 19
254371 3
254373 30
254400 10
254411 4
254412 13
254415 19
254421 15
254422 4
254423 31
254424 4
254435 4
254441 1
254443 13
254445 4
254451 28
254452 1
254453 28
254454 4
254466 10
254476 9
254477 13
254478 21
254495 19
254701 4
254702 4
254721 4
254733 19
254737 4
254791 19
254816 13
254817 25
254857 25
255201 9
255210 13
255230 0
255300 28
255301 1
255316 21
255323 25
255328 8
255337 18
255340 24
255393 10
255422 9
255425 19
255429 18
255430 13
255431 25
255432 27
255433 22
255440 7
255442 31
255444 6
255445 19
255447 10
255451 30
255455 4
255462 28
255463 1
255471 19
255492 31
255497 18
255499 4
255714 4
255735 10
255750 4
255751 19
255769 13
255772 13
255783 25
256100 6
256271 22
256317 25
256318 10
256334 13
256418 4
256419 16
256441 31
256444 25
256456 10
256473 13
256474 4
256791 4
259103 5
259104 19
259106 24
259107 17
259108 12
259193 30
259195 13
259200 19
259201 26
259203 31
259401 10
260313 25
260334 13
260416 4
260421 10
260432 7
260702 13
261102 0
261111 10
261112 15
261113 22
261205 4
261207 24
261208 22
261214 27
261215 25
261218 10
261305 31
261306 19
261332 13
261342 25
261343 4
261361 18
261421 4
261430 13
261433 19
261438 10
261444 1
261446 19
261447 13
261448 25
261449 4
261453 10
261465 4
261473 25
261479 13
261494 7
261497-002 10
261497-008 22
261497-802 4
261497-808 19
261499 4
261736 25
261738 10
261745 4
261751 10
261752 25
261755 13
261763 13
261781 13
261795 25
261891 10
263710 28
263721 4
263724 19
263745 25
263751 13
264702 10
264705 25
264709 13
264755 4
265706 10
265709 25
265710 13
266801 4
268732 4
268735 10
268741 25
269103 28
269105 10
269111 7
269130 25
269210 10
269341 10
269360 1
269370 10
269452 16
269498 4
270712 25
270721 10
305203 10
318322 31
329105 11
329106 15
330115 0
351100 27
351201 10
351302 13
351321 19
351364 22
351371 10
351425 22
351426 4
351464 25
352103 19
352311 30
352313 30
352314 7
352401 22
352412 0
352421 13
352422 8
352433 10
352441 13
353313 10
353418 7
353431 4
353441 19
353471 10
353482 4
354311 7
354312 13
355411 22
356100 10
356101 28
356102 23
356210 22
356261 30
356333 4
356361 13
356373 19
356374 19
356411 7
356414 10
356415 16
356416 10
356431 4
356432 31
356441 19
356442 19
356443 22
356444 21
356446 13
356447 1
356449 7
356451 30
356455 25
356471 31
356472 4
356474 13
356496 25
357101 2
357110 30
357210 28
357322 19
357323 7
357418 10
357421 10
357432 19
357441 25
357444 31
357446 25
359202 6
359205 4
359206 4
359302 10
359303 13
359305 0
359341 19
359350 6
359360 10
359380 10
359401 25
359403 27
359408 13
359422 31
359423 19
359452 4
359460 10
359461 30
359465 22
360100 31
360301 10
360304 4
360441 13
361210 25
361211 10
361214 7
361341 16
361413 22
361414 31
361421 4
361433 13
361442 10
361452 19
361461 13
361475 25
363210 31
363401 4
363402 25
365201 19
365211 25
365322 13
365324 19
365422 13
365425 10
365426 25
368211 28
368310 16
368412 31
368417 13
400110 21
400210 0
401281 7
401383 22
401391 1
403281 10
403383 4
406284 31
406294 16
406386 28
406396 25
408382 31
410381 0
413383 6
413391 21
415393 10
420282 28
421282 19
421292 25
421386 16
421396 7
422381 9
428281 13
428282 4
428381 13
428383 19
461170 22
461471 10
461472 28
461511 1
461523 25
461526 10
461527 28
461532 19
462130 19
462544 4
462587 16
462588 4
463201 13
463252 4
463331 4
463332 4
463342 25
463354 16
463433 28
463512 16
463513 4
463543 25
463544 28
463557 19
463559 13
463571 1
463592 16
464302 10
464312 13
464402 7
464403 31
464414 10
464442 25
464443 19
464445 22
464446 13
464500 19
464502 4
464504 25
464505 13
464506 10
464508 19
464545 1
464549 19
501201 28
501202 25
501305 7
501306 28
502313 1
502314 16
504202 4
504305 25
506202 10
508304 10
510306 4
512304 19
513113 10
513115 7
513212 28
513216 25
513217 10
513225 13
513284 4
513331 28
513343 13
513364 19
513373 4
513390 25
513411 13
513446 4
514202 28
514206 16
514222 13
514244 25
514272 7
514322 16
514336 25
514352 4
514358 10
514382 28
514384 7
514396 19
514398 13
514436 13
514462 4
514742 25
514752 13
515204 10
515205 25
515256 28
515257 13
515330 4
515337 7
515339 13
515362 25
515377 10
515378 16
515380 19
518724 4
518770 13
551461 10
552216 13
552217 4
552232 4
557433 25
558101 15
558411 13
558432 4
562101 3
562211 4
601201 12
601202 22
601231 19
601242 21
601342 1
601346 25
601351 16
601361 30
601423 28
601424 10
601431 28
601436 13
601452 16
601471 7
601472 25
601724 4
601731 25
601745 13
601769 25
601775 4
602100 24
602102 30
602103 9
602120 9
602121 24
602122 25
602301 25
602314 22
602421 27
602453 21
602454 22
602455 6
602461 10
602472 1
602741 4
602751 4
603200 10
603231 21
603321 25
603341 16
603396 19
603423 25
603496 10
603743 25
604101 19
604211 16
604311 25
604314 21
604315 16
604411 0
604415 25
604423 4
604431 1
604443 7
604454 25
605203 13
605302 0
605313 13
605315 30
605316 31
605321 4
605331 6
605340 19
605412 25
605413 10
605430 10
605476 4
605701 13
605711 10
605719 4
605742 25
606211 28
606243 28
606245 10
606264 25
606310 7
606341 28
606342 19
606344 25
606451 13
606452 4
610114 14
651210 4
651211 25
651212 13
651234 4
651306 25
651313 28
651314 19
651317 10
651319 4
651416 25
651425 13
701100 24
701181 29
701202 22
701235 31
701244 13
701283 0
701335 4
701408 13
701423 4
701496 4
702100 7
702101 6
702211 5
702312 16
702313 27
702317 18
702321 31
702331 31
702342 19
702354 7
702418 13
702443 4
702499 6
703103 22
703109 4
703202 11
703204 3
703243 27
703244 13
703309 18
703322 4
703324 15
703330 10
703331 6
703345 7
703351 31
703361 16
703413 4
703441 19
703499 13
705191 15
705211 14
705311 19
705328 25
705331 30
705332 22
705343 4
705431 21
705438 18
705440 31
705441 12
705442 16
705444 9
705447 31
705448 4
705499 31
751100 28
751101 24
751102 13
751106 13
751202 3
751209 26
751301 7
751302 29
751303 15
751305 6
751308 21
751309 2
751320 13
751326 19
751327 4
751330 27
751401 0
751403 30
751405 10
751408 28
751417 21
751418 4
751421 25
751422 13
751428 18
751440 31
751443 1
751701 28
751702 13
751703 25
751705 16
751706 13
751708 28
751716 16
751718 19
751719 19
751728 4
751734 25
751752 4
801100 21
801122 13
801134 25
801204 31
801233 22
801236 10
801241 16
801322 4
801334 13
801371 25
803122 13
803124 25
803131 10
803230 19
803232 7
803260 19
851100 23
851103 30
851104 15
851105 13
851201 1
851202 6
851204 6
851207 16
851241 10
851252 0
851253 26
851261 28
851263 0
851273 12
851305 14
851309 19
851345 19
851363 4
851366 6
851400 0
851404 28
851406 4
851407 3
851441 13
851462 6
851467 31
852100 19
951100 27
951231 25
951324 10
951344 10
951366 19
951421 13
951498-004 13
951498-007 4
951498-011 4
951498-015 4
951498-020 4
951498-021 28
953102 22
953111 12
953201 19
953202 13
953211 4
953214 4
953231 10
953232 28
953234 10
953323 22
953422 4
953494 28
954100 25
954140 23
954142 28
954143 7
954170 10
954240 25
954326 10
954340 22
954371 31
954374 19
954423 10
954462 19
954464 16
954472 7
954491-001 19
954491-002 7
954491-003 25
954498 13
955102 22
955104 25
