001101 13
001102 4
001111 15
001113 4
001201 1
001202 26
001210 14
001212 5
001218 20
001230 8
001231 15
001250 22
001291 24
001293 19
001310 31
001311 2
001312 4
001315 18
001318 26
001320 13
001321 30
001323 21
001330 4
001342 10
001353 8
001354 29
001362 22
001410 31
001423 0
001425 16
001443 7
001444 25
001445 19
001447 10
001461 28
001464 31
002101 4
002110 16
002191 30
002192 10
002201 21
002211 16
002221 19
002250 4
002301 4
002333 19
002351 22
002365 28
002372 10
002401 27
002441 16
002473 13
003101 22
003191 10
003201 31
003314 16
003320 10
003331 22
003414 7
003421 28
003436 10
004241 31
004301 31
004303 27
004324 9
004351 22
004432 25
004473 16
004475 30
006103 9
006126 22
006206 13
006226 15
006242 28
006253 25
006303 18
006307 7
006326 16
006330 10
006331 19
006344 10
006346 31
006355 10
006425 7
006432 27
006433 4
006443 28
006448 19
008214 10
008303 22
008314 31
008326 31
008411 10
008417 10
009103 23
009105 22
009212 19
009230 22
009231 31
009326 22
009425 22
009426 16
009431 31
011100 26
011151 31
011152 18
011153 0
011251 31
011257 15
011259 30
011269 29
011276 17
011353 7
011356 16
011358 10
011362 25
011374 19
011461 27
011464 13
011751 31
012100 10
012173 24
012200 0
012271 19
012272 10
012273 25
012371 16
012475 22
013103 21
013110 5
013203 24
013204 7
013206 21
013207 30
013217 31
013301 28
013302 4
013303 10
013304 28
013305 13
013306 4
013307 22
013317 25
013326 25
013329 16
013330 7
013335 19
013338 16
013420 22
013421 31
013422 31
013427 7
013433 16
013435 10
014210 10
014270 26
014310 18
014311 28
014322 16
014323 15
014325 21
014370 27
014371 27
014382 16
014390 4
014401 28
014410 19
014421 22
015101 16
016101 30
016232 31
017101 3
017102 25
017111 22
017201 10
017210 7
018103 28
018111 11
018113 30
018125 7
018203 22
018211 19
018213 7
018231 10
018235 16
018271 25
018301 19
018335 28
018351 22
018353 16
018421 10
018433 7
018435 22
018436 7
018438 16
018451 25
018465 28
018467 19
018471 28
019101 17
019103 22
019105 31
019106 6
019108 10
019111 16
019203 22
019205 16
019206 30
019208 31
019211 10
019221 18
019303 13
019311 7
019331 27
019361 19
019373 31
019381 0
019411 10
019442 16
019471 4
019473 22
020101 26
020102 21
020211 7
020231 19
020311 28
020321 22
020333 16
020341 10
020362 31
020363 7
020412 7
020421 19
020481 10
021101 16
021102 10
021203 30
021204 30
021270 22
025108 31
025480 10
026101 11
026102 25
026111 30
026112 4
026201 16
026271 31
029701 22
029703 31
029711 10
030101 22
050100 31
050103 28
050104 22
050106 6
050111 29
051302 15
051304 16
051306 30
051310 31
051313 25
051418 18
052201 22
052202 25
052352 13
052357 19
052420 25
052441 10
052443 28
052445 22
052447 13
052466 31
053712 10
053713 22
053770 10
054810 22
054870 10
055701 31
055703 16
055704 13
055706 22
055707 10
055713 16
055733 31
055734 10
055757 22
055771 31
055797 13
057121 12
057123 30
057125 30
057126 0
057127 27
057128 25
057129 0
057130 27
057131 13
057132 16
057133 30
057134 4
057135 31
057136 25
057137 17
057138 31
057139 6
057140 19
057201 25
057205 1
057213 22
057215 31
057274 22
057284 22
057285 10
057288 16
057293 15
057294 22
057296 4
057300 19
057302 16
057305 7
057316 13
057351 28
057366 13
057403 4
057404 28
057405 10
057410 31
057411 10
057420 16
057426 13
057428 22
059413 4
059419 31
061103 31
061106 10
061201 16
061223 18
061224 25
061306 22
061307 16
061317 16
061319 31
061403 31
061404 7
061407 22
061430 13
062200 4
062210 16
062343 7
062411 16
062452 28
062460 19
062470 25
062499 13
063201 31
063702 22
063704 10
063710 13
064204 13
064232 13
064251 13
064252 16
064303 10
064331 19
064392 19
064412 10
064418 13
064423 21
064424 31
064430 10
064474 22
064490 16
065210 31
065212 31
065310 11
065311 13
065320 10
065332 25
065421 13
065435 7
065436 10
065437 10
065438 25
065797 31
066221 13
066323 22
066410 16
066416 13
066421 13
066425 25
067202 10
067303 10
067311 10
067372 25
067373 13
067432 25
069712 10
070200 10
070304 7
070305 4
070403 31
070404 13
070410 10
070411 16
070416 10
070711 22
070720 10
070721 13
070740 31
070741 31
071411 7
071412 22
071413 19
071415 13
071416 16
071418 13
071419 10
071422 25
071423 10
071425 13
071712 10
071715 22
071730 25
071736 16
071738 22
071811 22
073711 10
073721 22
073770 22
074100 19
074101 30
074414 4
076425 16
076427 22
076430 10
076444 13
076466 31
078444 10
078454 31
079169 4
079220 10
079264 19
091700 13
091800 13
099100 22
099101 16
099102 4
100102 13
100109 7
100110 4
100111 25
100112 28
100207 15
100213 31
100214 16
100220 27
100222 16
100225 13
100228 11
100229 30
100230 7
100231 18
100233 4
100281 16
100306 22
100307 31
100308 25
100309 30
100310 31
100311 3
100312 30
100313 24
100314 7
100501 24
101100 18
101105 7
101201 21
101211 10
101400 6
101405 13
103112 10
103191 31
103271 25
104200 22
104201 30
104300 21
104301 10
104325 13
104410 16
104424 10
104495 31
105304 13
109100 3
109115 28
112101 22
112102 22
112103 25
112108 31
112110 22
112201 19
112203 28
112213 10
112300 13
112314 31
112411 31
112412 16
115200 25
115300 13
115301 28
115302 16
116301 25
116302 10
116400 13
126101 3
126216 28
126321 15
126326 9
126333 25
126334 28
126428 19
126432 7
126443 27
127100 22
127101 17
127203 25
127204 18
127207 31
127303 31
127312 22
127314 19
127315 13
127316 21
127326 3
127337 0
127711 22
127717 31
127718 10
127719 13
127727 31
127728 13
128100 25
128101 28
128202 19
128203 28
128204 21
128307 7
128309 3
128334 13
128354 31
128355 31
128403 22
128701 22
128710 10
128730 13
128740 31
128762 31
140101 31
140102 13
140103 25
140104 2
140105 18
152211 25
152301 19
152321 13
154104 16
154141 16
154151 25
154231 16
154261 28
154262 25
154281 26
154311 19
154330 10
154353 22
154375 13
154377 16
154384 16
154388 31
154443 10
154455 13
154457 19
154481 31
154488 16
154493 10
154494 13
159100 19
159101 21
159151 22
159203 25
159221 24
159231 31
159301 13
159303 18
159305 10
159332 13
159356 31
159362 27
159403 25
159411 15
159431 19
159454 25
160341 7
164200 0
164341 16
168100 30
168101 24
168222 31
176100 25
176101 30
176104 25
176220 9
177103 30
177214 22
177215 11
177216 19
177217 24
177281 28
177283 13
177285 16
177321 10
177330 16
177341 16
177362 18
177393 21
177401 25
177404 22
177405 7
177414 30
177426 15
177427 27
177430 13
177434 4
177446 19
177450 0
177463 11
177464 13
177465 25
177467 31
177468 16
177481 10
177494 28
179402 13
179403 6
201100 27
201110 19
201114 19
201115 23
201116 19
201117 4
201190 16
202100 16
202101 17
202141 8
202143 11
202145 11
202184 22
202231 17
202260 22
202305 4
202311 7
202332 22
202334 31
202342 19
202361 13
202371 4
202434 10
202438 27
202443 28
202473 19
202474 22
202477 7
202481 10
202495 25
202742 10
202765 22
202776 31
202782 10
202833 31
202848 31
202873 10
203100 21
203103 10
203111 11
203116 22
203151 25
203162 22
203171 11
203201 6
203203 25
203204 4
203206 12
203207 7
203208 25
203209 5
203222 18
203226 8
203231 22
203235 15
203236 31
203255 16
203303 30
203315 31
203323 16
203324 19
203331 6
203332 4
203333 13
203351 25
203352 30
203405 22
203406 16
203414 31
203423 10
203431 28
203434 4
203458 7
203471 25
203475 25
203705 22
203709 10
203714 22
203716 16
203722 16
203743 10
203753 31
203807 16
203821 10
203828 22
203879 16
203889 16
204100 8
204101 15
204111 27
204123 7
204202 28
204211 28
204216 15
204231 13
204251 31
204321 3
204325 22
204335 31
204341 17
204361 9
204365 7
204381 4
204383 22
204432 16
204435 11
204442 16
204451 15
204452 10
204453 22
204471 4
204712 16
204721 10
204732 22
204764 31
205100 30
205103 31
205104 7
205105 25
205235 19
205239 28
205275 29
205303 7
205337 19
205355 28
205393 4
205415 22
205421 10
205461 16
205464 7
205475 31
205479 19
205483 28
205486 10
205496 4
205712 10
205735 31
205761 16
205783 22
206100 28
206101 30
206103 18
206104 26
206107 22
206108 21
206111 21
206112 26
206113 22
206161 24
206162 8
206171 14
206172 3
206181 22
206191 30
206203 31
206207 22
206211 30
206216 16
206217 18
206261 24
206267 22
206281 22
206300 31
206321 15
206324 24
206325 28
206327 4
206328 28
206331 16
206336 22
206341 19
206355 3
206362 30
206370 13
206381 22
206412 10
206436 19
206437 7
206441 28
206455 16
206707 10
206713 31
206720 25
206721 10
206730 10
206736 31
206738 16
206739 31
206743 22
206753 31
206766 25
206783 16
207100 30
207103 31
207105 30
207106 21
207107 28
207109 9
207115 19
207117 28
207123 3
207131 28
207135 28
207164 10
207171 16
207173 31
207174 31
207183 31
207187 3
207203 3
207205 28
207208 30
207213 6
207308 19
207310 4
207313 27
207323 31
207348 15
207401 31
207403 28
207406 28
207416 22
207419 27
207422 10
207436 31
207701 10
207703 16
207705 22
207711 31
207741 31
207743 10
207808 31
208101 18
208140 10
208150 31
208250 10
208251 10
208263 20
208265 10
208270 6
208271 20
208272 28
208280 7
208321 22
208329 27
208343 0
208348 7
208370 28
208383 6
208425 10
208439 31
208440 19
208469 22
208711 16
208760 22
208761 31
208770 10
208871 22
208872 10
209201 28
209251 22
209301 19
209302 13
209303 10
209331 31
209351 4
209358 7
209361 25
209368 31
209375 27
209403 31
209442 22
209451 13
209453 4
209461 25
209463 31
209471 25
209483 10
209485 16
209703 25
209705 25
209707 16
209709 7
209711 16
209713 22
209722 16
209731 22
209771 31
209773 10
209779 22
209785 7
210100 19
210201 10
210202 31
210204 13
210343 31
210351 10
210383 4
210425 19
210433 7
210434 7
210453 15
210465 28
210485 28
210703 16
210704 22
210705 10
210707 31
210723 31
210731 10
211100 3
211311 28
211315 18
211319 28
211413 4
211440 16
211442 28
211443 10
211495 22
211702 10
211889 31
212701 16
212703 22
212711 10
212721 31
212741 31
213201 16
213714 22
213763 16
213779 31
214100 31
214261 6
214312 10
214341 4
214381 31
214401 18
214411 30
214414 11
214415 15
214421 10
214430 10
214441 4
214445 25
215205 19
215206 8
215207 15
215208 31
215301 25
215302 10
215381 13
215411 22
215431 30
215471 18
215481 11
215495 7
215496 19
215497 31
215734 22
215762 31
215785 10
215794 31
217701 16
217703 22
217707 10
217734 10
217751 10
217775 31
217781 31
218100 15
218101 25
218233 31
218235 22
218321 7
218323 13
218351 25
218471 10
218475 31
218483 16
218486 16
219720 10
219731 31
225701 16
225703 22
225705 10
225720 31
226701 10
226709 31
226710 31
226801 25
226889 31
229123 19
229323 31
229352 10
229711 31
251211 27
251213 28
251261 4
251281 23
251312 22
251313 30
251333 19
251334 13
251361 19
251363 25
251371 15
251372 11
251374 31
251384 16
251411 22
251418 13
251437 28
251438 16
251451 4
251455 13
251457 10
251461 7
251475 31
251479 10
251701 16
251702 22
251703 13
251711 16
251714 22
251715 10
251717 13
251718 13
251745 10
251751 16
251752 22
251757 10
251758 13
251773 16
251783 22
251785 10
251790 31
252201 21
252211 28
252232 30
252282 21
252283 25
252285 28
252286 25
252301 19
252302 31
252317 31
252320 13
252322 4
252325 6
252327 4
252330 30
252342 4
252363 18
252420 30
252421 31
252424 22
252425 25
252426 13
252427 28
252444 13
252450 3
252455 10
252460 18
252489 7
252498 13
252702 31
252708 16
252723 13
252724 13
252741 13
252748 31
252781 22
252785 10
252789 31
252791 31
253303 22
253314 28
253315 13
253432 13
253455 28
253456 31
253481 31
253701 13
253715 31
253717 25
253722 22
253731 16
253732 31
253734 13
253735 7
253736 25
253748 16
253752 31
253754 10
254181 16
254205 10
254206 4
254211 11
254215 19
254216 19
254222 16
254231 7
254232 28
254252 31
254282 13
254302 22
254325 26
254333 6
254372 21
254421 0
254425 13
254426 25
254435 13
254436 22
254438 31
254439 16
254441 9
254442 13
254451 4
254456 31
254457 28
254458 10
254459 13
254461 30
254471 8
254473 25
254492 22
254494 31
254700 31
254702 16
254703 22
254710 10
254711 13
254734 25
254770 22
254777 13
254804 16
254875 10
255201 19
255215 12
255251 28
255290 9
255300 15
255320 0
255321 18
255330 30
255359 6
255415 19
255417 30
255420 18
255422 27
255424 21
255430 9
255432 31
255434 22
255437 28
255438 6
255439 28
255441 25
255447 10
255449 7
255454 11
255460 4
255462 4
255464 24
255471 16
255492 0
255499 13
255712 16
255722 22
255734 22
255739 31
255750 31
255764 31
255766 16
255770 10
255771 10
255772 13
255786 16
255791 13
255830 31
256100 15
256212 15
256271 22
256281 31
256316 4
256333 16
256373 0
256383 25
256412 19
256415 7
256441 28
256457 31
256462 13
256473 4
256700 10
256761 13
256762 31
259103 6
259104 16
259106 3
259107 11
259108 12
259109 29
259201 2
259203 30
260312 16
260404 13
260413 31
260424 13
260434 31
260717 13
260772 31
261103 22
261111 7
261200 31
261210 13
261212 0
261216 4
261217 25
261304 11
261305 16
261335 15
261336 21
261342 30
261343 18
261361 13
261405 27
261406 10
261434 22
261447 21
261456 6
261457 4
261458 15
261461 16
261469 19
261494 13
261497 31
261499 25
261701 13
261702 22
261706 16
261735 10
261739 13
261753 10
261754 10
261767 13
261769 13
261791 31
263701 22
263702 10
263720 16
263746 13
263760 31
263771 16
264701 16
264706 22
264707 13
264710 13
264741 10
264791 10
266703 31
268721 13
269101 22
269102 10
269200 13
269201 25
269202 10
269340 10
269430 31
269462 4
269470 13
269497 16
270701 10
270702 13
270711 13
270791 13
301254 19
305202 25
311352 1
318322 16
318351 4
320351 31
321251 31
324703 31
328310 19
328313 22
330110 24
330111 22
351100 16
351201 21
351202 0
351301 18
351321 10
351331 28
351410 31
351441 19
351442 4
351451 10
351463 13
351466 16
352301 13
352311 13
352321 25
352323 19
352332 16
352422 10
352431 22
353301 31
353421 16
353431 7
353451 13
353452 13
354311 15
356100 26
356101 30
356102 17
356202 22
356210 18
356212 10
356303 25
356304 31
356306 16
356312 13
356361 31
356412 22
356414 13
356416 13
356432 31
356441 10
356442 7
356443 13
356471 22
356496 31
357101 27
357110 0
357210 7
357322 10
357360 31
357417 10
357441 31
357491 13
359202 6
359203 9
359204 10
359206 31
359301 22
359311 30
359405 13
359409 10
359410 11
359413 16
359414 31
359421 31
359431 4
359451 22
360100 15
360210 27
360400 7
360402 22
360404 25
360407 22
360411 13
360431 16
360460 10
360470 31
361210 31
361214 13
361301 10
361321 13
361351 3
361453 28
361461 22
361471 31
363210 19
365301 31
365321 22
365331 10
365421 16
365427 10
365428 13
368200 13
368317 21
368331 16
368412 10
368433 10
368441 13
368487 22
400110 10
400211 3
401382 16
403382 10
406385 13
406395 25
409281 7
409292 25
411281 16
411291 22
415291 4
420281 10
421281 13
421291 28
421385 28
421395 19
423382 7
428382 22
461100 18
461170 25
461471 7
461472 31
461511 31
461527 28
461529 7
462130 22
462541 28
462587 28
462588 7
463251 13
463311 31
463331 7
463341 19
463353 13
463402 25
463433 16
463455 13
463491 1
463503 10
463504 31
463545 25
463556 22
463558 19
464301 16
464311 10
464341 25
464401 4
464413 10
464441 19
464443 28
464444 22
464445 31
464501 10
464502 16
464503 25
464509 7
464510 7
464541 16
464542 13
464544 22
464549 4
466141 4
501301 31
501302 22
502211 22
502311 28
503402 25
504302 7
506303 16
506361 4
507402 4
508203 15
508207 22
508303 13
509402 7
510201 7
510202 19
510307 1
510411 28
510414 13
510415 16
510416 19
510417 31
512303 25
512402 10
513111 4
513114 7
513223 16
513224 22
513283 10
513315 25
513324 31
513328 16
513363 10
513371 13
513412 25
513429 16
513445 22
513451 10
513471 31
514211 22
514241 31
514317 19
514323 28
514335 16
514341 10
514343 22
514381 7
514383 4
514395 31
514397 13
514425 25
514442 16
514451 7
514453 31
514466 22
514475 10
515201 13
515250 7
515307 13
515312 22
515334 31
515361 25
515364 7
515370 31
515376 10
515403 22
515490 10
551461 25
552216 31
552217 13
552222 31
553312 16
554314 22
555313 10
556311 31
557433 16
558411 22
558432 10
558442 31
561312 13
562211 31
571115 15
601201 22
601302 28
601321 13
601322 10
601341 31
601344 22
601351 4
601422 19
601427 16
601428 25
601452 4
601460 13
601462 21
601702 13
601731 22
601758 31
601765 13
601767 10
602100 25
602102 3
602111 16
602211 30
602315 7
602321 15
602322 0
602431 13
602432 4
602441 22
602464 16
602731 13
602761 31
603211 11
603322 19
603332 10
603352 7
603371 22
603421 16
603441 7
603453 25
603465 28
603471 22
603494 31
603495 13
603711 10
603723 13
603731 31
604304 11
604305 13
604312 27
604313 6
604351 21
604352 16
604412 25
604414 19
604416 10
604422 22
604441 13
604451 13
604711 13
604715 10
604731 31
605201 31
605204 19
605301 4
605313 31
605314 15
605321 13
605322 16
605341 21
605412 19
605432 22
605446 13
605459 16
605461 10
605476 31
605701 10
605702 13
605713 31
605751 31
606231 28
606242 13
606244 19
606263 0
606343 7
606362 31
606363 19
610114 16
651105 16
651109 13
651120 16
651210 31
651311 22
651312 10
651315 13
651316 31
701101 18
701181 30
701182 10
701183 2
701201 22
701211 27
701281 20
701313 4
701321 21
701331 18
701342 28
701344 31
701402 10
701403 28
701407 10
701409 31
701425 19
701455 16
701494 22
702101 18
702205 7
702211 16
702312 24
702313 21
702316 31
702318 4
702341 16
702351 11
702411 13
702416 28
702418 22
702423 16
702431 31
703103 24
703202 28
703204 25
703243 15
703244 16
703305 3
703308 4
703311 13
703313 10
703322 24
703324 13
703330 6
703331 31
703345 30
703352 16
703391 24
703404 18
703412 13
703435 28
703447 4
703454 22
703498 21
703499 31
704101 22
704141 10
704201 13
704345 31
705191 16
705211 30
705311 21
705329 28
705331 22
705351 24
705411 22
705437 6
705441 25
705442 15
705444 23
705492 4
705499 31
751100 10
751101 20
751102 24
751106 5
751202 24
751209 10
751301 11
751302 25
751303 22
751304 13
751305 4
751308 15
751309 9
751321 13
751326 31
751327 13
751330 29
751345 7
751401 16
751403 25
751405 17
751408 9
751413 30
751419 21
751421 18
751422 10
751424 13
751428 27
751443 6
751447 13
751451 31
751701 31
751702 10
751703 22
751704 22
751705 16
751706 31
751708 22
751712 16
751718 13
751724 10
751726 13
751751 13
801100 9
801201 22
801225 16
801235 13
801321 10
801324 19
801331 16
801333 31
801334 31
801336 13
801421 16
801471 7
801481 22
803121 10
803123 16
803231 31
803331 13
803360 31
803431 13
851100 16
851104 25
851105 28
851108 22
851200 8
851201 10
851202 11
851243 13
851251 22
851262 9
851273 15
851305 28
851306 4
851309 7
851342 13
851352 29
851354 27
851355 30
851360 25
851362 19
851375 16
851376 16
851400 22
851404 6
851407 3
851441 10
851462 16
852100 27
852101 19
852102 31
852103 4
852201 31
852202 10
852203 16
852204 13
951100 29
951102 22
951106 25
951124 16
951203 31
951302 13
951323 22
951331 10
951344 22
951348 7
951352 28
951497 19
953103 31
953111 15
953212 10
953231 10
953233 16
953261 28
953321 22
953322 25
953331 13
953361 31
953421 22
953444 31
953494 10
953495 16
954100 22
954244 13
954246 16
954310 30
954370 13
954374 10
954410 7
954413 16
954416 21
954426 28
954443 4
954449 25
954462 31
954464 30
954471 31
954477 19
954491-001 25
954491-002 11
954491-003 28
954491-004 31
954498 22
955102 31
955103 18
955104 16
958111 16
958201 31
958221 7
958225 25
958261 10
958373 22
