001101 2
001102 1
001111 30
001113 19
001201 1
001202 3
001210 7
001212 14
001218 6
001230 13
001231 24
001250 22
001291 19
001293 31
001310 0
001311 27
001312 31
001318 15
001320 19
001321 4
001323 7
001330 9
001342 16
001353 11
001354 27
001362 31
001381 5
001410 19
001423 16
001425 16
001443 31
001444 9
001445 25
001447 19
001461 19
002101 28
002110 19
002191 30
002192 28
002201 10
002211 13
002221 25
002250 7
002301 10
002333 25
002351 16
002361 4
002365 22
002401 10
002473 16
003101 4
003191 18
003201 7
003313 16
003320 24
003331 6
003367 28
004241 31
004282 0
004301 28
004303 4
004324 6
004432 10
004473 28
004475 16
004483 15
006103 3
006126 28
006206 3
006226 25
006242 13
006253 30
006303 28
006325 7
006326 10
006330 21
006344 7
006346 4
006355 16
006425 13
006426 13
006428 13
006443 28
006448 19
006454 16
008214 13
008303 16
008314 28
008411 10
008417 19
009103 5
009105 10
009212 16
009230 0
009231 16
009326 31
009328 28
009426 31
009431 19
009445 19
011100 23
011151 19
011152 4
011153 27
011251 28
011257 14
011259 25
011269 30
011276 19
011353 13
011356 22
011358 3
011362 10
011374 19
011461 16
011464 7
011479 4
012100 31
012173 8
012200 3
012273 31
012371 19
012475 19
013103 24
013110 7
013203 25
013204 28
013206 30
013209 18
013301 31
013302 22
013303 13
013305 22
013306 10
013307 0
013317 19
013321 9
013326 10
013329 16
013330 10
013335 19
013337 31
013413 16
013427 6
013433 19
014210 21
014211 3
014270 18
014310 28
014311 19
014322 25
014323 0
014324 28
014370 16
014371 13
014381 28
014382 9
014401 24
014471 16
014481 15
014485 22
015101 3
016101 0
017101 19
017102 16
017111 31
017112 19
017210 7
018103 22
018111 10
018113 21
018125 4
018203 25
018211 31
018213 10
018231 28
018235 16
018271 31
018301 4
018335 22
018351 7
018353 10
018433 16
018435 19
018438 31
018467 31
019101 11
019103 16
019105 21
019106 31
019108 19
019111 4
019203 25
019205 10
019206 10
019208 22
019211 31
019221 28
019303 10
019311 16
019331 13
019361 22
019371 19
019373 31
019381 7
019411 25
019442 7
019471 10
019473 19
020101 30
020102 19
020211 19
020212 19
020231 13
020311 10
020321 13
020333 7
020341 28
020362 28
020363 16
021101 9
021102 30
021203 21
021270 31
025108 31
025110 19
025310 28
025480 28
026101 4
026102 19
026111 31
026112 7
026201 19
026271 16
029701 10
029711 16
050100 13
050103 27
050104 31
050106 27
050111 0
051302 31
051304 25
051306 19
051313 10
051412 28
051418 16
052201 6
052202 10
052314 25
052350 7
052352 19
052357 13
052400 0
052419 7
052443 13
052445 19
052447 16
052725 10
055701 16
055706 31
055707 4
055771 31
055797 10
057121 20
057122 19
057123 30
057125 15
057126 27
057127 16
057128 19
057129 18
057130 0
057131 24
057132 3
057133 9
057134 19
057135 19
057137 19
057138 31
057139 10
057140 7
057201 25
057205 31
057215 28
057274 28
057279 22
057283 0
057284 22
057285 10
057288 16
057293 13
057294 13
057300 25
057302 7
057305 22
057351 16
057366 19
057403 3
057405 24
057410 7
057411 31
057420 4
057425 6
057426 16
057428 30
059419 4
061106 3
061201 19
061223 13
061306 7
061307 19
061312 13
061313 16
061317 27
061401 28
061403 16
061404 16
062342 22
062343 31
062344 4
062345 10
062346 7
062360 10
062380 31
062411 13
062452 22
062460 10
062470 10
063703 10
063813 16
064207 19
064231 4
064251 7
064281 19
064291 16
064301 19
064303 19
064410 6
064412 10
064417 7
064418 19
064424 13
064474 16
065210 12
065212 22
065310 27
065320 6
065332 13
065421 7
065434 22
065435 4
065436 25
065437 24
065797 16
065799 16
066221 19
066323 6
066410 13
066414 22
066425 16
066755 10
067202 16
067303 31
067311 13
067372 22
067373 10
067432 12
070301 4
070303 16
070304 4
070305 19
070308 31
070400 19
070401 16
070403 7
070404 7
070410 16
070411 4
070415 4
070416 16
070720 31
070721 4
070726 10
070727 10
070731 16
070792 16
071412 31
071413 19
071414 10
071420 7
071422 16
071423 4
071425 27
071712 4
071811 10
074100 22
074101 28
074414 28
076314 31
076414 30
076425 13
076427 4
076428 30
076429 6
076444 4
076466 6
078444 31
078454 13
079444 19
088708 16
091800 16
099101 16
099102 25
100102 16
100103 7
100104 30
100105 19
100109 4
100110 4
100111 19
100112 19
100206 22
100207 19
100208 0
100209 19
100210 31
100211 18
100212 28
100213 21
100218 16
100219 10
100220 16
100225 31
100226 16
100281 4
100306 18
100307 10
100308 21
100309 7
100310 3
100501 31
101100 31
101105 19
101201 28
101211 28
101400 28
101405 30
103112 28
103191 19
103271 12
104200 28
104201 13
104300 10
104301 7
104340 13
104410 16
104424 19
104495 13
105304 7
109100 31
109115 30
112101 28
112102 16
112103 13
112108 19
112201 10
112203 16
112213 31
112300 10
112411 31
112412 16
115200 13
115301 13
115302 7
116400 13
126101 19
126216 24
126321 18
126330 13
126333 31
126334 19
126428 9
126432 24
126443 3
127100 7
127101 17
127203 18
127204 10
127207 0
127303 0
127312 28
127314 3
127315 19
127316 16
127329 28
127337 9
127711 31
127717 4
127718 10
127719 16
128100 6
128101 10
128202 16
128203 28
128204 19
128307 6
128309 0
128334 9
128352 21
128354 13
128403 28
128701 31
128710 4
128730 10
128740 16
128762 16
140101 16
140102 19
140105 19
152321 19
154104 8
154141 25
154151 15
154231 25
154262 31
154281 21
154311 16
154330 25
154340 7
154351 10
154353 19
154363 16
154375 28
154377 0
154388 7
154433 16
154443 16
154488 31
159100 3
159101 24
159151 13
159203 28
159221 30
159302 31
159303 30
159305 13
159332 7
159356 13
159362 28
159403 10
159411 9
159412 10
159431 31
160341 22
164200 18
164341 7
168101 10
168410 31
176100 22
176101 8
176104 31
176220 27
177103 25
177214 25
177215 10
177216 16
177217 22
177242 19
177281 6
177283 21
177285 28
177321 4
177330 0
177336 7
177341 10
177361 16
177393 14
177404 31
177414 19
177427 16
177430 28
177434 19
177446 13
177447 4
177450 4
177465 10
177467 10
177481 21
177494 16
179403 19
201100 30
201110 4
201114 16
201115 26
201116 3
202100 9
202101 12
202141 28
202143 0
202145 7
202184 18
202231 19
202260 28
202310 19
202311 19
202332 31
202334 10
202342 4
202361 13
202371 28
202410 22
202434 21
202438 31
202443 16
202473 7
202474 16
202477 4
202495 10
202737 16
202765 19
202773 4
202776 19
202783 16
202833 31
202844 19
202848 16
203100 22
203103 31
203111 0
203116 13
203151 0
203162 0
203201 30
203203 12
203204 27
203206 26
203207 25
203208 25
203209 12
203222 9
203226 17
203231 12
203235 30
203236 4
203255 25
203300 28
203303 31
203315 28
203323 0
203324 19
203331 25
203332 9
203333 22
203351 13
203352 16
203475 31
203705 16
203709 10
203713 10
203714 16
203716 19
203723 16
203732 19
203736 10
203739 16
203743 16
203753 10
203803 7
203807 19
203821 10
203828 19
203879 31
204100 22
204101 4
204111 7
204202 28
204211 13
204216 19
204217 28
204231 16
204321 25
204325 19
204335 4
204341 3
204361 0
204363 16
204365 10
204381 3
204383 30
204432 16
204442 10
204451 15
204453 19
204471 7
204721 4
204725 16
204735 10
204764 16
204891 16
205100 19
205103 16
205104 27
205105 5
205235 25
205239 28
205275 24
205303 3
205337 25
205355 19
205393 13
205441 16
205461 31
205765 31
205805 16
206100 17
206101 4
206103 10
206107 31
206108 18
206111 15
206113 30
206161 29
206171 11
206181 10
206191 19
206203 28
206207 28
206211 15
206216 13
206217 30
206254 28
206261 11
206267 22
206281 6
206300 19
206321 31
206324 0
206325 25
206327 16
206328 9
206331 3
206335 16
206336 0
206341 24
206355 4
206362 22
206370 22
206381 13
206412 4
206432 19
206436 31
206437 19
206441 21
206457 4
206470 16
206705 10
206707 4
206713 16
206717 10
206720 10
206726 4
206738 10
206739 16
206743 10
206753 10
206785 16
207100 19
207103 22
207105 5
207106 19
207107 7
207109 4
207110 3
207115 24
207117 31
207123 27
207131 28
207135 19
207171 9
207173 24
207183 16
207187 18
207203 13
207205 13
207208 31
207213 3
207308 28
207310 0
207313 21
207323 22
207348 4
207401 3
207403 16
207406 18
207419 6
207422 31
207455 16
207458 19
207463 19
207701 31
207703 4
207705 10
207711 16
207808 16
208101 26
208140 28
208150 19
208263 28
208270 16
208271 28
208280 7
208321 12
208329 12
208343 19
208348 28
208383 31
208425 30
208439 16
208440 31
208469 19
208711 31
208760 4
208761 10
208770 16
208871 10
208872 16
209201 16
209251 22
209301 22
209302 13
209303 28
209331 19
209351 6
209358 10
209361 4
209368 19
209375 16
209451 10
209453 16
209461 31
209463 19
209483 16
209485 19
209705 7
209707 10
209771 31
209773 22
209779 19
209785 16
210201 19
210202 25
210204 10
210343 16
210351 19
210383 7
210425 19
210433 4
210434 4
210445 19
210485 19
210703 31
210704 4
210705 10
210707 16
210731 31
211100 31
211311 0
211315 25
211319 23
211440 16
211443 19
211702 31
211889 19
212701 31
212703 10
212711 16
212741 4
213706 16
213707 10
213711 16
213714 4
214100 31
214261 31
214312 9
214341 7
214381 4
214401 16
214411 31
214414 10
214415 4
214430 13
214445 4
215205 17
215206 28
215207 9
215208 22
215302 30
215381 16
215411 4
215431 28
215734 19
215744 16
215752 31
215762 16
215782 10
215785 19
216781 16
217701 4
217703 10
217707 16
217726 10
217775 16
217781 16
218100 3
218101 25
218233 28
218235 19
218321 13
218323 16
218351 28
218471 13
218474 7
218475 28
219720 16
219731 4
220703 16
226701 16
226702 16
226709 16
226710 10
229123 31
229323 22
251211 20
251213 27
251216 10
251261 22
251281 12
251312 19
251313 10
251333 4
251361 0
251363 28
251371 25
251372 7
251374 16
251384 28
251411 19
251437 4
251438 16
251439 31
251461 7
251475 16
251479 19
251701 13
251702 4
251703 16
251711 13
251714 4
251715 10
251717 16
251718 13
251745 10
251751 4
251752 10
251757 16
251758 13
251776 13
251783 4
251785 10
251790 31
252201 19
252211 28
252232 24
252282 21
252283 13
252285 28
252286 15
252301 3
252302 22
252317 4
252320 16
252322 25
252325 28
252327 31
252330 0
252342 21
252363 10
252420 7
252421 19
252425 28
252427 16
252439 7
252444 27
252450 4
252460 7
252498 10
252702 31
252708 31
252711 10
252719 31
252724 10
252725 4
252752 4
252785 4
252789 13
252791 16
253303 7
253314 18
253315 16
253432 4
253455 16
253456 19
253481 31
253701 4
253717 10
253722 16
253732 31
253734 10
253736 13
253747 4
253748 13
253752 16
253754 31
254181 7
254205 3
254206 7
254211 28
254215 30
254216 24
254222 19
254231 0
254232 0
254252 13
254282 3
254302 16
254325 27
254333 12
254372 6
254373 31
254421 22
254426 7
254436 9
254439 28
254441 31
254451 10
254456 6
254457 4
254459 19
254461 31
254471 13
254473 19
254494 10
254496 13
254700 10
254702 13
254703 16
254710 4
254734 16
254770 13
254804 31
254872 4
254875 31
255201 30
255215 7
255251 16
255290 27
255300 17
255320 12
255321 26
255330 6
255359 2
255415 19
255417 13
255420 16
255422 31
255424 13
255431 19
255432 4
255434 28
255438 19
255449 4
255454 31
255455 31
255460 4
255462 28
255471 31
255492 16
255722 4
255734 10
255750 13
255752 31
255758 16
255764 16
255766 31
255770 10
255771 4
255772-001 31
255772-801 10
255772-803 31
255772-804 16
256100 21
256212 28
256271 7
256281 19
256316 31
256333 28
256373 16
256384 7
256412 4
256418 19
256441 31
256457 16
256462 25
256473 19
256700 10
256751 16
259103 25
259104 21
259106 15
259107 8
259108 31
259109 14
259201 30
259203 6
260312 16
260701 28
260705 10
260709 16
260716 13
260718 4
260772 31
261103 19
261111 30
261200 7
261210 19
261212 25
261216 21
261217 31
261304 25
261305 30
261335 22
261336 0
261342 15
261343 13
261361 16
261405 16
261434 6
261447 19
261456 31
261457 10
261458 19
261469 7
261473 4
261497 7
261701 31
261702 4
261706 10
261739 16
261746 4
261754 16
261769 16
261781 16
261791 10
261792 16
263701 4
263702 10
263720 31
263760 16
263771 31
264701 13
264706 4
264710 10
264741 10
264789 16
264791 16
266702 16
268721 16
269101 31
269102 19
269111 10
269200 13
269201 28
269202 19
269340 25
269430 16
269462 31
269470 19
269494 31
270701 10
270702 16
270711 4
270712 10
270791 4
301254 6
305202 10
311352 18
318322 19
318351 16
320351 19
321251 19
324703 16
328310 16
328313 19
330110 6
330111 24
351100 15
351200 13
351201 16
351202 24
351301 13
351302 4
351321 22
351331 10
351410 16
351425 31
351441 7
351442 10
351451 13
351463 19
351466 16
352103 4
352301 21
352311 30
352321 22
352323 19
352421 16
352422 4
352431 3
353301 31
353311 30
353421 7
353431 28
353451 13
353452 28
354311 3
356100 5
356101 18
356102 4
356202 13
356210 8
356212 7
356261 16
356303 13
356304 28
356312 28
356361 7
356411 4
356416 19
356432 22
356477 31
357110 3
357210 21
357322 28
357325 16
357360 0
357417 31
357441 7
357491 16
359202 23
359203 22
359204 13
359206 19
359301 27
359311 16
359380 19
359405 31
359409 7
359410 4
359413 13
359421 10
359465 7
360100 24
360210 22
360301 13
360304 7
360402 19
360403 19
360423 16
360460 22
361210 31
361211 28
361301 13
361321 7
361351 16
361453 13
361471 16
362211 25
363210 30
365201 13
365211 16
365321 21
365421 7
365427 19
365428 22
365431 19
368200 13
368317 7
368431 25
400110 9
400211 31
401382 10
403382 31
406385 22
406395 7
409281 22
409292 28
411281 13
411291 4
415291 7
420281 10
421281 16
421291 31
421385 28
421395 21
423382 13
428382 4
461100 10
461170 3
461471 19
461511 10
461523 16
461526 7
461527 31
461529 7
462130 13
462151 15
462505 10
462523 16
462541 31
462586 19
462587 31
462588 19
463251 4
463311 16
463331 4
463341 13
463353 10
463402 22
463433 13
463455 10
463491 18
463503 16
463504 13
463545 22
463556 10
463558 4
464301 7
464311 21
464341 19
464401 31
464413 7
464441 16
464443 19
464444 4
464445 28
464501 22
464502 31
464503 7
464508 19
464509 19
464510 19
464541 10
464542 16
464546 19
464549 28
501301 16
501302 28
502211 28
504302 4
506303 13
506361 0
508203 18
508303 10
510201 30
510202 13
510411 4
510414 10
510415 13
510417 31
512303 31
513111 25
513114 21
513223 13
513224 7
513283 16
513315 4
513324 7
513328 22
513363 10
513371 31
513412 13
513429 31
513445 4
513451 10
513471 16
514211 7
514241 16
514317 19
514323 4
514335 22
514341 31
514343 13
514381 10
514383 28
514395 16
514397 7
514466 19
515201 13
515250 31
515307 10
515312 6
515334 22
515361 16
515364 4
515376 31
515403 4
515455 10
515490 16
551311 7
552216 28
552217 16
552222 28
553312 4
554314 10
555313 16
556311 28
558431 16
561312 16
562211 16
571115 22
601201 31
601302 0
601321 7
601341 30
601344 19
601351 3
601422 16
601452 16
601456 13
601462 19
601702 31
601731 4
601742 16
601758 16
601765 31
601767 10
602100 21
602102 19
602103 7
602111 19
602211 22
602315 31
602321 9
602322 3
602431 7
602432 16
602441 31
602464 19
602731 16
602753 10
602761 10
603211 31
603322 25
603332 10
603352 4
603371 16
603421 13
603441 16
603711 4
603723 10
603731 16
604304 0
604305 13
604312 22
604313 7
604351 28
604352 25
604412 10
604414 16
604416 31
604422 19
604451 13
604715 10
605201 25
605204 6
605301 21
605313 6
605314 4
605321 16
605322 7
605341 9
605412 22
605432 16
605444 7
605445 31
605461 19
605701 10
605702 16
605717 16
605741 4
605745 10
605751 10
606231 28
606242 0
606244 7
606263 13
606343 25
606362 7
606363 16
610114 31
651105 3
651109 28
651120 19
651210 16
651311 10
651312 16
651315 31
651316 19
701101 22
701181 3
701182 31
701183 25
701201 13
701211 22
701281 14
701295 10
701313 28
701321 10
701331 13
701341 13
701342 21
701344 19
701407 10
701425 19
701455 4
701494 16
702100 4
702101 6
702205 16
702211 10
702213 4
702312 30
702316 31
702317 13
702318 21
702341 10
702351 22
702411 10
702416 16
702431 19
703103 20
703202 12
703243 13
703244 0
703305 25
703308 28
703309 10
703310 16
703311 19
703322 20
703323 31
703324 7
703330 30
703331 15
703391 31
703404 7
703412 22
703447 16
703454 31
703498 19
705191 19
705211 31
705311 19
705328 18
705329 7
705331 10
705342 28
705351 25
705437 13
705438 10
705440 16
705441 22
705442 16
705444 31
705446 28
705447 16
705461 10
705493 16
751100 10
751101 21
751102 30
751106 7
751202 16
751209 24
751301 9
751302 9
751303 19
751305 0
751308 15
751309 3
751321 7
751326 10
751327 16
751330 25
751345 10
751401 18
751403 16
751405 13
751408 22
751417 13
751419 28
751425 31
751428 16
751441 19
751443 27
751447 19
751451 30
751701 13
751702 4
751703 28
751704 10
751705 9
751706 13
751708 4
751710 28
751712 31
751716 16
751718 10
751726 16
751734 30
751742 16
751743 31
801100 29
801201 13
801225 28
801235 7
801324 16
801331 28
801333 31
801334 7
801336 7
801421 19
801471 16
801481 28
803121 31
803123 7
803231 7
803331 16
851100 18
851104 31
851105 19
851108 28
851200 14
851201 13
851202 10
851204 12
851205 30
851243 4
851251 22
851262 18
851273 6
851305 31
851309 10
851313 9
851343 9
851344 16
851345 16
851360 3
851362 9
851367 24
851372 30
851375 4
851400 13
851404 6
851406 28
851407 19
851462 0
852101 4
852102 31
852103 16
951100 25
951102 4
951106 31
951125 9
951203 22
951302 0
951323 31
951331 13
951344 22
951348 13
951352 28
951497-020 25
951497-021 7
953103 31
953111 23
953211 16
953212 16
953233 13
953261 31
953321 7
953322 25
953331 31
953361 19
953421 31
953494 4
954100 4
954140 16
954143 30
954170 6
954246 9
954326 19
954370 31
954374 0
954410 19
954413 16
954416 10
954426 22
954443 16
954449 4
954462 7
954471 28
954477 25
954491 13
954498 28
955102 13
955103 6
955104 16
958111 4
