001101 1
001102 1
001112 7
001118 27
001201 29
001202 4
001210 26
001222 21
001223 5
001224 1
001225 1
001226 27
001227 1
001228 11
001229 20
001230 17
001231 31
001234 19
001250 31
001291 21
001292 10
001310 20
001311 14
001312 13
001314 16
001315 7
001320 4
001321 16
001323 6
001330 19
001341 9
001342 10
001352 24
001355 12
001361 9
001362 3
001391 13
001410 9
001423 25
001440 13
001445 22
001446 16
001463 22
001471 31
001472 4
002102 22
002111 28
002191 28
002202 22
002230 19
002260 31
002302 16
002311 10
002321 25
002331 19
002362 4
002402 16
002441 13
002471 31
003102 13
003191 12
003202 31
003314 10
003331 31
003332 22
003361 19
003367 31
003454 31
004282 25
004465 16
004472 22
004474 19
004476 9
006103 31
006226 19
006241 10
006253 16
006307 31
006326 10
006330 28
006349 19
006353 22
006423 13
006432 3
006443 12
006448 28
006475 15
008214 10
008314 22
008326 19
008402 16
008411 31
009103 26
009213 28
009234 28
009236 31
009254 4
009325 3
009327 22
009344 9
009355 19
009356 22
009358 10
009363 31
009446 10
011100 30
011101 13
011154 21
011156 25
011157 30
011251 12
011257 3
011268 7
011269 3
011276 18
011277 21
011278 28
011355 16
011367 31
011457 22
011479 31
012173 9
012200 12
012271 31
012272 10
013103 18
013110 4
013203 31
013204 9
013207 28
013208 15
013209 31
013216 31
013217 16
013301 21
013303 21
013306 0
013321 19
013335 22
013337 22
013410 15
013413 4
013422 10
013428 4
013431 31
013432 10
014210 22
014211 19
014270 12
014310 24
014311 28
014323 31
014370 21
014383 22
014390 31
014401 15
014410 19
014422 31
014423 22
014471 13
014481 6
015101 18
015102 4
016101 16
016102 10
017101 4
017102 19
017111 16
017112 13
017231 28
018104 31
018111 4
018112 12
018114 18
018126 4
018204 13
018271 6
018323 31
018352 22
018372 4
018468 31
019101 0
019104 31
019105 12
019106 3
019112 28
019204 22
019205 26
019206 22
019212 13
019222 19
019332 16
019351 22
019362 31
019373 16
019441 19
020101 22
020102 21
020212 13
020231 28
020232 31
020261 10
021101 18
021102 4
021203 9
021204 31
021270 21
024752 31
025110 19
025381 19
025481 31
026101 6
026102 3
026111 16
026112 10
026201 21
026202 13
050100 25
050103 3
050104 3
050106 6
050112 10
050113 0
051302 16
051304 18
051306 10
051310 31
051313 16
051412 10
051418 31
052203 10
052310 16
052323 4
052331 31
052350 19
052351 25
052353 3
052355 19
052400 13
052417 31
052420 9
052422 19
052441 25
052442 16
052445 10
052448 12
052449 13
052725 13
054821 31
054822 31
055702 13
055703 31
055711 7
055739 7
057121 18
057122 23
057123 14
057125 6
057126 20
057127 8
057128 2
057129 27
057130 21
057131 15
057132 12
057133 10
057134 3
057135 4
057136 13
057137 16
057138 22
057139 3
057213 27
057283 16
057286 22
057287 28
057290 19
057295 22
057297 19
057298 16
057301 22
057302 19
057305 4
057307 28
057316 16
057366 31
057401 22
057404 4
057407 25
057413 10
057419 13
057425 28
057427 19
057428 7
057450 31
059405 19
059413 28
059419 27
061106 16
061201 10
061205 31
061223 31
061224 25
061306 25
061312 25
061313 12
061317 13
061319 22
061401 31
061403 27
061405 13
061430 15
062342 16
062346 22
062360 4
062380 16
062411 4
062452 19
062460 10
062470 19
062499 19
063201 31
064204 22
064231 10
064232 3
064252 16
064303 19
064411 19
064412 19
064413 13
064417 19
064422 19
064423 22
064424 24
064474 31
065120 31
065121 19
065211 10
065212 22
065311 16
065320 24
065333 22
065420 3
065436 31
065437 21
065438 13
065782 7
065795 13
065797 31
065799 31
066222 31
066324 16
066412 13
066416 22
066426 25
067201 4
067203 19
067303 22
067311 16
067371 19
067433 3
067435 19
067436 24
067491 12
070200 13
070304 22
070305 19
070400 10
070401 22
070403 3
070404 13
070410 25
070411 10
070413 9
070414 24
070415 13
070416 16
070727 13
070731 31
070741 31
071411 13
071412 13
071413 19
071414 31
071415 22
071416 3
071417 31
071419 19
071420 4
071426 13
071724 31
074100 15
074101 15
076414 10
076426 28
076427 13
076428 31
076429 16
076430 22
076444 21
076466 19
078444 29
079444 19
088708 31
099101 12
099102 25
099103 13
100102 16
100104 31
100109 22
100110 25
100111 7
100112 12
100205 10
100206 31
100207 22
100208 9
100210 16
100212 31
100213 0
100214 28
100218 24
100219 18
100220 13
100222 10
100225 13
100227 7
100281 7
100306 30
100307 0
100308 28
100309 10
100310 4
100501 1
101201 22
101202 22
101205 13
101325 7
101405 19
101490 3
103271 2
104100 19
104201 28
104302 31
104310 28
104320 28
104327 10
104334 19
104435 28
104450 13
104490 28
109100 18
109114 31
112101 22
112105 28
112106 19
112109 13
112202 25
112205 28
112303 31
112321 10
112322 10
112406 22
112424 31
115300 10
116301 19
116302 10
126101 30
126102 31
126212 13
126213 3
126214 19
126324 15
126325 13
126328 25
126330 19
126331 4
126332 0
126400 10
126431 22
126434 31
126436 24
126437 19
126438 16
126442 7
127100 4
127101 27
127202 30
127205 13
127206 4
127303 3
127313 31
127320 16
127330 25
127332 3
127333 15
127336 31
127359 18
127411 12
127412 13
127413 19
127414 10
127415 19
127416 12
127424 13
127433 13
127492 31
127716 7
127720 13
127721 19
127730 31
128100 5
128101 31
128201 13
128304 22
128305 19
128306 13
128308 25
128310 4
128353 10
128401 22
128423 31
128425 31
128427 25
128429 31
128434 28
128445 15
128451 31
128462 31
128471 19
128484 13
128700 19
128712 13
128727 7
128734 31
128751 13
140101 31
140102 10
140103 7
140104 27
140105 19
152211 13
152301 31
152321 31
152331 31
154100 28
154104 4
154141 13
154152 22
154153 30
154173 31
154181 19
154251 31
154276 13
154281 24
154301 19
154330 31
154431 16
154479 4
154482 10
154492 31
159100 15
159101 22
159102 21
159151 22
159202 4
159203 19
159204 7
159331 22
159411 26
159412 31
159434 10
159462 19
160342 16
164261 31
164341 13
168101 28
168410 10
176100 27
176101 7
176104 10
177104 19
177113 13
177114 7
177141 16
177142 10
177181 28
177220 27
177222 0
177227 10
177228 16
177229 4
177300 21
177321 7
177332 28
177335 0
177341 30
177361 22
177362 31
177413 31
177420 4
177425 19
177429 16
177430 19
177431 10
177433 16
177460 14
177464 16
177465 22
177466 19
177470 19
177471 13
177483 27
177491 22
177494 16
177495 16
179402 16
179403 16
179404 31
179406 19
179443 12
201100 31
201110 4
201114 19
201116 0
201117 15
201190 16
202100 30
202101 9
202102 9
202147 7
202231 24
202303 16
202305 16
202311 31
202331 10
202356 10
202371 12
202405 4
202432 22
202442 19
202461 7
202471 31
202475 31
202476 31
202484 10
202731 13
202736 7
202749 31
202770 13
202804 31
202807 31
202833 31
202843 13
203100 9
203104 28
203108 3
203111 17
203113 17
203114 18
203131 24
203132 10
203151 28
203152 21
203154 19
203158 31
203159 31
203162 28
203202 10
203203 31
203204 16
203206 28
203207 7
203208 15
203209 16
203211 21
203222 22
203223 28
203226 21
203232 24
203236 11
203250 19
203287 19
203300 12
203304 31
203316 16
203351 25
203352 30
203413 13
203424 10
203425 10
203435 4
203459 19
203708 13
203715 31
203719 7
203721 31
203734 13
203735 13
203749 7
203754 31
203775 13
203804 31
203812 13
203825 7
203829 13
204100 16
204101 21
204113 30
204123 16
204202 16
204217 22
204232 9
204251 24
204306 25
204315 7
204320 4
204333 31
204355 19
204362 18
204382 22
204422 10
204425 31
204441 3
204443 15
204452 16
204456 13
204482 19
204483 19
204490 0
205100 23
205103 31
205105 12
205216 24
205232 31
205244 15
205252 3
205282 19
205324 22
205344 13
205358 16
205361 31
205382 19
205421 13
205473 31
206100 22
206103 24
206104 25
206108 4
206111 22
206112 28
206161 21
206162 22
206171 21
206172 22
206181 4
206182 4
206191 25
206211 21
206216 31
206217 16
206253 17
206255 28
206261 22
206266 6
206281 8
206311 25
206313 16
206321 25
206325 19
206327 22
206331 7
206336 13
206341 24
206342 19
206355 26
206357 19
206362 24
206364 13
206367 3
206368 31
206370 18
206421 31
206435 13
206437 15
206467 10
206471 28
206476 16
206481 31
206725 7
206726 13
206728 31
206729 31
206731 7
206734 13
206736 7
206737 7
206774 13
207100 30
207104 24
207105 7
207106 7
207108 19
207109 5
207110 16
207116 10
207117 19
207118 25
207125 24
207137 11
207162 10
207172 25
207181 13
207187 13
207188 28
207191 21
207195 13
207214 12
207302 13
207305 10
207306 6
207312 16
207321 16
207402 10
207408 19
207415 4
207442 13
207448 31
207449 10
207704 7
207706 13
207708 31
207712 31
207741 7
207766 31
207776 31
208101 17
208140 28
208141 7
208161 31
208250 19
208263 19
208264 30
208271 18
208272 18
208322 27
208345 18
208346 19
208353 4
208362 19
208373 30
208384 13
208423 22
208444 3
208446 16
208460 31
208738 19
208740 31
208770 7
208772 7
208774 13
208776 13
208873 31
209203 31
209204 19
209252 19
209253 3
209262 12
209263 31
209270 7
209271 13
209272 10
209322 22
209332 22
209341 13
209352 15
209370 31
209376 10
209382 4
209424 13
209452 9
209454 22
209456 21
209466 4
209486 10
209714 7
209772 31
209787 13
209789 7
210100 4
210200 10
210207 25
210221 18
210251 16
210276 31
210315 22
210331 3
210355 10
210432 15
210435 19
210448 10
210463 16
210702 31
210717 13
210734 7
210741 13
210743 7
210748 13
210787 7
211100 15
211303 19
211312 22
211315 7
211318 25
211319 8
211341 18
211342 13
211448 3
211449 10
211495 31
211709 31
212712 31
212714 13
212731 7
213708 31
213717 7
213718 13
213763 13
214301 31
214310 19
214340 25
214341 13
214352 13
214403 10
214412 3
214431 10
214442 19
214462 19
214491 31
215205 2
215206 24
215207 22
215208 19
215303 31
215312 24
215313 19
215314 13
215401 4
215462 19
215482 31
215711 13
215783 31
217705 13
217708 31
217773 19
218100 20
218234 25
218236 10
218244 4
218262 19
218352 12
218362 16
218372 13
218382 31
218481 10
218486 10
218496 31
219753 7
219781 13
226703 31
226704 13
226710 13
226805 31
229223 21
229351 31
251100 18
251211 4
251213 13
251216 4
251242 25
251261 10
251292 6
251312 24
251313 7
251333 16
251334 19
251342 31
251361 3
251363 25
251371 16
251372 13
251374 3
251399 12
251411 13
251417 19
251434 19
251436 22
251451 25
251455 10
251456 10
251457 16
251461 22
251465 31
251704 16
251707 31
251713 13
251716 19
251723 7
251724 31
251738 31
251746 19
251748 7
251754 19
251760 7
251763 13
251765 31
251773 19
251781 7
251784 31
252210 28
252212 30
252222 6
252235 4
252281 13
252282 7
252283 19
252285 19
252311 22
252320 13
252331 19
252353 31
252401 22
252402 15
252403 10
252404 12
252413 13
252420 10
252421 25
252422 31
252423 15
252427 19
252428 18
252429 4
252435 24
252440 3
252442 10
252443 19
252448 25
252450 31
252456 10
252459 16
252460 13
252479 13
252489 22
252706 13
252707 7
252714 19
252721 19
252727 7
252755 7
252765 13
252781 13
252792 31
253215 24
253318 16
253321 31
253332 19
253423 10
253433 19
253441 12
253443 31
253451 22
253452 13
253454 13
253721 31
253725 19
253731 19
253734 7
253735 7
253747 16
253749 22
253752 16
253754 13
253791 13
254182 4
254200 12
254205 0
254206 9
254207 19
254211 16
254215 18
254216 7
254222 10
254231 4
254232 17
254271 15
254282 19
254334 16
254352 21
254362 18
254371 7
254373 22
254400 31
254411 4
254412 10
254415 31
254421 13
254423 10
254424 13
254427 10
254435 4
254441 25
254443 31
254445 31
254446 19
254451 19
254452 13
254453 10
254466 13
254476 19
254477 31
254478 31
254495 4
254701 31
254721 13
254733 19
254737 7
254771 7
254816 31
254857 13
255210 6
255230 21
255300 16
255301 18
255316 10
255323 16
255328 24
255337 31
255340 12
255393 15
255422 3
255425 31
255430 13
255432 9
255433 13
255437 19
255440 4
255442 10
255445 16
255447 19
255451 31
255455 31
255463 13
255471 10
255497 19
255714 13
255735 31
255746 7
255750 19
255751 19
255769 19
255772 13
255783 16
255786 19
255791 22
255792 31
256100 9
256271 13
256281 15
256317 12
256318 13
256334 31
256415 19
256419 16
256442 31
256443 3
256456 13
256473 10
256474 19
256713 19
256741 31
256752 7
256753 13
256791 31
259103 24
259104 14
259106 19
259107 16
259108 25
259193 0
259195 6
259200 15
259201 31
259203 16
259401 19
260313 16
260334 31
260421 31
260702 19
260712 7
260719 13
260791 31
261102 31
261111 11
261112 6
261113 10
261205 13
261207 31
261208 19
261214 7
261215 10
261218 24
261305 31
261306 16
261332 16
261342 19
261343 25
261361 25
261411 22
261421 22
261430 4
261433 16
261444 13
261446 4
261447 16
261448 19
261449 13
261453 4
261465 28
261473 13
261479 19
261494 4
261497 12
261498 13
261499 22
261731 31
261736 31
261742 19
261745 13
261751 31
261752 7
261755 19
261763 13
261792 16
261796 7
261891 13
263710 19
263721 7
263724 13
263745 31
263751 31
264702 7
264703 13
264705 31
264755 19
264791 16
265706 7
265709 13
265710 31
266703 31
266801 13
268735 13
268741 31
268742 7
269103 31
269105 16
269130 28
269210 31
269341 25
269360 13
269370 31
269497 10
269498 10
270721 13
270791 13
305203 10
318322 19
329104 22
330112 19
351100 3
351201 19
351302 25
351331 31
351364 31
351371 10
351425 18
351426 19
351464 13
352103 9
352311 19
352314 13
352315 22
352323 13
352331 31
352332 28
352401 10
352412 16
352413 19
352421 16
352422 30
352433 3
352441 22
353313 19
353418 7
353431 22
353441 22
353471 16
353482 13
354311 3
354312 10
355411 31
356100 14
356101 29
356102 26
356210 24
356261 31
356306 31
356331 22
356333 10
356373 16
356375 19
356411 19
356412 16
356415 10
356416 16
356431 30
356432 28
356441 13
356442 19
356443 3
356444 31
356446 16
356447 13
356448 31
356449 10
356455 31
356472 22
356474 13
357110 17
357210 31
357322 31
357323 19
357418 10
357421 4
357432 31
357442 16
357444 31
357446 10
359202 3
359205 16
359206 28
359302 22
359305 19
359341 31
359350 31
359360 7
359401 10
359403 19
359419 13
359422 25
359452 22
359455 31
359460 25
359461 13
360100 12
360301 16
360402 19
360403 4
360411 13
360423 31
360441 22
360460 31
361210 0
361211 16
361214 31
361341 22
361414 31
361421 3
361433 13
361442 10
361461 13
361475 16
363210 10
365201 4
365211 10
365301 3
365324 4
365331 22
365422 10
365425 28
365426 16
368211 4
368310 28
368412 13
368417 16
368433 16
400110 20
400210 19
401281 4
401383 21
401391 3
403281 10
403383 22
406284 31
406294 13
406386 25
406396 31
408382 19
410381 9
413383 16
413391 13
415393 24
420282 19
421282 25
421292 22
421386 7
421396 15
422381 4
428281 16
428282 7
428381 10
428383 18
461170 6
461471 25
461472 31
461511 21
461526 25
462130 27
462531 19
462542 7
462545 13
462582 31
462587 25
462588 31
463201 19
463252 31
463331 22
463332 31
463342 19
463354 10
463512 31
463513 3
463534 9
463543 16
463544 13
463557 19
463559 22
463571 3
463592 16
464302 4
464312 13
464402 22
464403 10
464414 25
464442 13
464443 4
464445 16
464446 19
464500 31
464502 10
464504 22
464505 16
464506 13
464508 31
464544 19
464545 31
464546 31
464549 25
501201 16
501202 13
501305 13
501306 31
502313 4
502314 25
504202 22
504305 22
506202 31
508304 10
510306 16
512304 19
513113 19
513115 4
513212 19
513216 10
513217 16
513225 13
513284 31
513331 31
513343 13
513364 19
513373 22
513390 16
513411 10
513446 31
514202 31
514206 22
514222 16
514244 13
514272 4
514322 25
514336 19
514352 10
514358 22
514382 4
514384 16
514396 31
514398 13
515204 16
515205 13
515256 19
515257 31
515330 31
515337 25
515339 22
515362 16
515377 10
515378 19
515380 13
515407 19
515440 7
515441 13
515442 31
518724 31
518770 13
551311 7
552216 10
552217 31
552232 10
553312 19
554314 10
555313 13
556311 31
557433 16
558101 31
558432 13
561312 31
562101 16
562211 4
571115 28
601201 15
601202 26
601231 31
601242 22
601342 13
601346 28
601351 16
601361 21
601423 4
601424 10
601425 16
601436 10
601452 10
601471 13
601472 31
601745 13
601769 7
601775 31
602100 23
602102 12
602103 6
602120 9
602121 12
602122 31
602314 24
602421 21
602432 13
602453 4
602454 19
602455 16
602461 31
602463 19
602471 10
602741 13
602751 31
603200 31
603231 22
603321 13
603341 22
603396 10
603423 16
603496 31
603725 7
603743 13
603751 31
604101 22
604211 31
604311 25
604314 3
604315 6
604411 24
604415 31
604423 22
604431 12
604443 31
604454 10
604455 16
605203 31
605302 31
605313 25
605315 22
605316 25
605321 13
605331 24
605340 19
605412 10
605430 16
605711 13
605719 31
606211 19
606243 10
606245 25
606264 31
606310 16
606341 19
606342 7
606344 13
606451 22
606452 31
610114 12
651211 22
651212 10
651231 10
651234 13
651306 31
651313 22
651314 16
651317 31
651319 19
651416 7
651425 13
701100 13
701101 12
701181 31
701202 7
701211 31
701235 13
701243 10
701244 22
701283 22
701310 13
701335 31
701408 10
701409 19
701410 31
701496 16
702100 7
702101 3
702211 28
702213 16
702312 31
702317 9
702321 3
702331 4
702342 13
702354 31
702423 16
702443 4
702499 31
703103 30
703202 7
703204 16
703243 0
703244 7
703322 10
703324 24
703330 27
703331 31
703345 13
703351 25
703361 12
703413 16
703441 31
703444 19
703499 10
705191 6
705211 10
705311 10
705328 13
705331 6
705332 31
705343 19
705431 15
705438 8
705440 9
705441 22
705444 16
705446 13
705447 31
705461 18
705492 19
705499 10
751100 13
751101 28
751102 8
751106 16
751202 28
751209 25
751301 9
751302 12
751303 28
751305 19
751308 3
751309 15
751321 16
751326 31
751330 10
751345 10
751401 7
751403 3
751405 1
751408 30
751417 13
751418 19
751419 31
751421 4
751422 31
751424 31
751428 8
751440 16
751443 17
751447 4
751451 21
751701 22
751702 31
751703 16
751705 25
751706 31
751708 13
751710 19
751716 7
751718 7
751719 16
751727 19
751742 19
751744 7
801100 15
801122 13
801134 22
801204 15
801233 22
801236 7
801241 31
801322 31
801334 19
801371 28
803122 19
803124 22
803131 4
803230 10
803232 28
803260 31
851100 11
851103 10
851104 25
851105 13
851200 15
851201 28
851202 24
851204 25
851207 13
851241 31
851252 6
851253 9
851261 14
851263 7
851273 16
851305 21
851306 24
851309 4
851313 31
851363 28
851366 25
851375 12
851400 1
851401 7
851404 10
851406 13
851443 19
851445 4
851450 19
851462 31
851467 19
951100 21
951202 31
951231 19
951321 16
951324 13
951366 13
951421 31
951498-020 10
951498-021 22
953102 19
953104 25
953111 24
953201 13
953202 13
953214 19
953231 28
953232 31
953234 4
953323 31
953361 13
953421 10
953444 13
953494 3
953495 22
954100 28
954140 0
954142 28
954143 31
954170 25
954240 0
954244 4
954310 7
954340 31
954347 19
954371 13
954372 4
954374 31
954413 31
954421 10
954423 25
954464 31
954472 31
954491 22
954498 16
955102 31
955104 22
