001101 2
001102 1
001112 25
001118 27
001201 25
001202 13
001210 29
001212 4
001218 16
001222 0
001223 4
001224 4
001225 4
001226 4
001227 4
001228 4
001229 0
001230 2
001231 13
001234 2
001250 13
001281 21
001291 1
001292 31
001310 10
001311 4
001312 31
001314 25
001315 4
001320 31
001321 25
001323 16
001330 22
001341 13
001342 1
001352 30
001355 28
001361 22
001362 19
001391 31
001410 10
001440 31
001445 13
001463 13
001472 31
002102 16
002111 19
002191 28
002202 16
002230 22
002260 28
002302 22
002321 13
002362 16
003102 22
003191 26
003202 31
003213 16
003261 13
003454 19
004465 31
004472 13
004474 16
004476 22
006103 15
006226 28
006241 13
006253 25
006307 25
006325 16
006443 19
006448 13
008314 0
008402 13
008411 13
009103 8
009213 16
009232 28
009254 30
009301 19
009327 31
009344 19
009355 16
009358 16
009363 19
011100 9
011101 4
011153 19
011154 25
011156 30
011157 9
011251 26
011257 11
011268 22
011269 23
011276 31
011277 21
011278 24
011358 28
011367 19
011457 13
012173 24
012200 0
012271 9
012272 13
012374 19
013103 10
013110 7
013203 3
013204 13
013206 16
013207 16
013208 0
013209 28
013216 25
013301 19
013303 16
013305 31
013314 31
013337 19
013413 28
013425 19
013431 16
013432 13
013433 9
014210 31
014211 10
014270 16
014310 10
014311 19
014370 22
014371 19
014390 31
014401 19
014410 19
014423 0
014471 28
014481 25
015101 19
015102 13
016101 10
017101 16
017102 19
017111 28
017201 31
017231 13
018104 19
018111 31
018112 12
018114 19
018126 22
018204 31
018271 13
018323 28
018332 22
018352 0
018372 19
019101 7
019104 19
019105 21
019106 18
019112 30
019204 16
019205 22
019206 31
019211 31
019212 0
019221 22
019222 30
019332 28
019351 13
019362 19
019371 10
019382 16
019441 31
020101 3
020102 19
020211 19
020212 16
020231 31
020232 19
020261 22
020341 13
021101 14
021102 13
021203 31
021204 19
021270 19
024752 19
025110 13
025381 13
025481 19
026101 2
026102 21
026111 22
026112 19
026201 10
050100 30
050103 21
050104 11
050106 27
050112 3
050113 9
051300 21
051302 16
051304 10
051306 21
051310 13
051313 19
052201 16
052203 19
052310 28
052323 25
052331 10
052351 30
052353 19
052355 4
052417 31
052422 4
052442 19
052449 10
052466 0
057121 17
057122 6
057123 6
057125 24
057126 21
057127 29
057128 17
057129 10
057130 27
057131 11
057132 5
057133 4
057134 13
057135 25
057136 30
057137 31
057138 10
057205 13
057213 10
057276 6
057283 1
057286 19
057287 4
057289 16
057290 28
057295 28
057297 4
057298 22
057301 22
057302 31
057305 18
057316 4
057366 19
057404 10
057407 28
057425 22
057428 12
059405 16
059419 7
061103 9
061106 25
061201 13
061205 28
061223 21
061306 19
061312 4
061313 25
061317 28
061401 19
061403 22
061430 28
062320 10
062341 16
062342 10
062343 22
062344 10
062345 22
062346 22
062360 4
062380 28
062411 16
062452 31
062460 4
062470 19
064202 19
064204 28
064207 4
064272 31
064273 4
064303 30
064410 31
064413 28
064417 10
064418 19
064422 13
064424 31
065120 13
065121 16
065211 16
065212 4
065311 28
065333 10
065420 19
065795 16
065797 19
065799 19
066222 19
066324 4
066412 28
066416 13
066426 28
067201 4
067203 16
067311 10
067371 4
067433 31
067435 4
067436 16
067491 31
067492 19
070100 31
070200 22
070301 13
070303 22
070304 28
070305 31
070308 13
070400 13
070403 13
070404 19
070410 31
070411 22
070413 13
070414 19
070415 13
070416 28
070711 16
070726 16
070740 19
070741 19
070792 19
071412 31
071413 28
071414 19
071415 4
071417 4
074100 20
074101 26
074201 25
076312 3
076314 4
076414 16
076426 31
076427 13
076428 28
076429 22
076444 13
076466 28
078444 11
078454 19
079444 19
099101 9
099102 18
100104 31
100105 24
100106 31
100107 31
100108 25
100205 22
100206 13
100207 28
100208 0
100209 24
100211 22
100306 26
100307 1
100308 13
100309 31
100310 16
100501 10
101201 22
101202 31
101205 4
101325 10
101490 16
103112 31
103271 6
104100 31
104302 22
104310 13
104320 30
104327 19
104334 31
104450 16
104490 31
109100 6
109114 18
112101 22
112105 16
112106 28
112109 13
112202 31
112205 31
112321 13
112322 22
112406 16
112424 19
115200 4
115300 19
115301 31
116301 13
126101 13
126102 19
126212 31
126213 12
126214 4
126325 9
126326 19
126328 16
126331 31
126332 16
126431 31
126436 31
126442 19
127100 18
127101 15
127202 24
127204 25
127205 30
127303 13
127313 1
127330 22
127359 31
127411 28
127412 19
127414 13
127716 31
127720 16
127721 19
127726 13
128100 29
128101 22
128201 31
128304 28
128305 30
128306 28
128308 1
128310 31
128351 16
128355 13
128423 28
128427 22
128434 19
128443 22
128700 13
128727 31
128734 16
128751 19
140104 4
152211 19
152301 22
152331 13
154104 24
154141 22
154152 31
154153 30
154173 22
154181 13
154251 30
154276 9
154281 24
154301 19
154330 19
154340 31
154363 13
154385 31
154431 16
154457 31
154481 28
159100 28
159101 27
159102 31
159151 31
159202 31
159204 0
159231 22
159331 28
159332 16
159401 31
159411 28
159412 19
159431 19
159434 10
160242 13
164261 16
168335 19
176100 26
176101 28
176104 19
177104 4
177113 19
177114 16
177141 13
177142 21
177181 13
177215 10
177217 25
177227 0
177228 16
177229 22
177300 31
177321 13
177332 28
177335 21
177341 31
177362 10
177443 22
177460 25
177463 22
177471 16
177472 19
177483 31
177491 16
179443 31
201100 17
201110 6
201114 19
201116 23
201117 4
202100 12
202101 13
202102 11
202147 16
202231 18
202302 19
202303 31
202305 13
202356 10
202362 16
202371 25
202405 19
202421 28
202446 16
202471 4
202475 31
202476 22
202484 31
202701 19
202731 19
202736 16
202744 19
202749 19
202775 31
202776 16
202803 16
202833 19
202849 19
203100 3
203104 3
203108 31
203111 20
203113 15
203114 9
203131 31
203132 22
203151 13
203152 27
203154 22
203158 13
203159 16
203162 28
203202 0
203203 24
203204 25
203206 21
203207 22
203208 0
203209 24
203211 31
203222 22
203223 25
203226 16
203232 16
203236 22
203250 22
203287 28
203316 4
203351 10
203459 10
203715 31
203719 13
203721 31
203725 16
203726 16
203734 16
203735 13
203749 16
203752 13
203754 19
203775 13
203812 31
203825 13
203829 19
203833 19
203879 31
204100 16
204101 9
204113 16
204202 0
204211 16
204217 10
204232 31
204251 22
204306 1
204315 22
204333 0
204355 13
204362 31
204382 13
204422 22
204423 19
204424 16
204441 19
204443 4
204452 13
204482 28
204483 19
204490 16
204725 13
204728 19
204755 16
204792 31
204891 19
205100 27
205103 31
205105 18
205216 28
205232 13
205244 1
205252 16
205282 31
205324 31
205344 22
205358 13
205382 16
205731 31
205742 16
205796 19
206100 22
206101 28
206103 13
206104 13
206111 28
206112 22
206113 13
206161 22
206162 7
206171 12
206172 12
206181 16
206182 22
206191 31
206211 19
206216 31
206217 28
206253 22
206255 19
206261 12
206266 25
206267 12
206281 28
206313 4
206321 30
206324 19
206325 22
206327 16
206331 31
206336 21
206341 0
206342 28
206355 31
206362 6
206364 15
206367 0
206368 13
206370 1
206421 22
206427 16
206428 31
206435 19
206437 13
206476 19
206481 13
206703 31
206722 13
206724 31
206725 16
206731 19
206737 16
206774 19
207100 13
207104 3
207105 13
207106 13
207108 12
207109 11
207110 16
207116 16
207117 13
207118 25
207125 3
207137 12
207162 16
207172 30
207181 9
207187 4
207188 27
207191 28
207195 13
207214 21
207302 28
207305 30
207306 16
207312 28
207402 19
207448 4
207704 13
207706 31
207708 16
207712 19
207766 19
207794 19
208101 31
208140 28
208141 16
208150 31
208263 19
208264 16
208271 0
208272 0
208322 19
208345 22
208346 19
208353 28
208362 13
208373 19
208384 19
208423 28
208444 16
208446 19
208460 31
208738 31
208772 16
208774 19
209203 13
209204 28
209252 0
209253 24
209262 9
209263 1
209270 25
209271 16
209272 31
209352 4
209370 22
209376 13
209382 16
209456 28
209466 16
210200 25
210207 31
210221 10
210251 16
210276 1
210315 13
210331 19
210355 16
210432 22
210448 22
210463 31
210702 31
210705 19
210743 13
210745 13
210748 16
210789 16
211100 12
211315 28
211319 10
211341 19
211342 1
211444 31
211709 31
211889 19
213708 19
213717 31
213718 13
213763 16
214100 13
214301 16
214310 31
214340 19
214341 22
214352 19
214412 16
214491 19
215205 1
215206 9
215207 13
215208 16
215303 31
215312 16
215313 1
215401 19
215482 31
215711 16
215741 31
215742 16
215743 19
215781 19
215783 16
217705 31
217708 16
217752 19
217773 19
218100 21
218234 13
218236 16
218244 31
218262 22
218352 22
218362 13
218372 31
218382 19
226703 31
226709 19
226710 16
226789 19
229123 24
229223 13
251100 31
251211 25
251213 30
251216 16
251242 0
251261 24
251292 9
251312 28
251333 28
251334 22
251342 19
251361 22
251363 10
251371 1
251372 4
251399 13
251411 13
251434 31
251436 16
251452 22
251455 13
251456 19
251461 16
251477 19
251704 31
251707 19
251723 16
251724 19
251746 19
251748 16
251754 13
251760 19
251763 31
251765 16
251773 13
251781 31
252210 27
252212 25
252222 16
252235 30
252282 1
252283 15
252285 10
252311 13
252320 16
252331 0
252353 31
252402 28
252403 16
252404 31
252413 22
252420 19
252423 13
252427 28
252428 13
252429 19
252435 25
252440 19
252459 28
252460 19
252479 13
252489 16
252706 13
252714 16
252727 31
252755 18
252774 19
252781 16
252785 19
252789 19
252792 13
253215 9
253433 16
253441 31
253443 31
253451 13
253452 16
253454 19
253716 28
253721 16
253722 13
253725 13
253734 16
253747 19
253749 15
253752 28
253754 31
253791 31
254182 31
254200 22
254205 9
254206 3
254211 22
254215 27
254216 13
254222 25
254231 28
254232 0
254271 16
254282 10
254325 31
254334 3
254352 24
254362 21
254371 30
254373 1
254400 19
254411 13
254412 19
254415 31
254421 28
254423 22
254424 16
254435 22
254445 16
254451 31
254452 13
254453 19
254466 16
254476 0
254477 19
254478 19
254495 31
254701 19
254721 16
254733 16
254737 13
254771 31
254803 16
254817 31
254857 31
255210 18
255230 0
255301 13
255316 16
255323 31
255328 4
255337 10
255340 3
255422 19
255425 19
255427 13
255432 16
255437 31
255440 16
255447 31
255455 16
255497 19
255714 31
255735 16
255750 13
255766 19
255769 28
255772 19
255779 28
255783 13
256100 19
256271 16
256317 16
256318 19
256334 28
256382 13
256383 28
256462 4
259103 24
259104 9
259106 19
259107 22
259108 2
259193 31
259195 10
259200 13
259201 31
259203 27
259401 22
260704 19
260708 22
260712 13
260719 31
260791 16
261102 28
261111 21
261112 15
261113 10
261205 13
261207 3
261208 15
261214 13
261215 19
261218 31
261305 19
261306 13
261332 0
261342 16
261343 13
261361 16
261430 13
261433 28
261444 31
261446 31
261447 1
261448 28
261449 31
261465 31
261473 1
261494 10
261497 19
261499 16
261742 19
261745 19
261755 19
261763 16
261764 13
261793 31
261795 31
261796 16
263710 16
263721 13
263724 28
263745 15
263751 31
264702 13
264705 31
264755 16
264789 19
265706 31
265709 16
265710 19
266703 16
266801 19
268732 31
268735 19
268741 16
268742 13
269103 19
269105 25
269130 31
269210 19
269341 19
269360 4
269370 22
269421 16
269431 4
269497 19
270701 16
270702 19
305203 28
318322 16
329104 18
330112 0
351100 31
351201 31
351364 16
351371 13
351426 13
352103 10
352311 13
352314 28
352315 1
352331 13
352332 31
352401 16
352412 22
352413 19
352421 22
352422 19
352433 31
352441 13
353313 31
353431 19
353441 13
353471 16
355411 19
356100 18
356101 17
356102 14
356210 25
356261 16
356311 19
356331 1
356431 13
356432 22
356441 16
356442 19
356443 31
356449 31
356455 19
356472 13
356475 31
357101 14
357110 11
357210 13
357323 28
357360 19
357418 31
357442 16
357444 13
359202 31
359205 13
359401 16
359408 31
359431 19
359455 19
360100 30
360210 16
361210 0
361321 31
361322 22
361341 13
361421 22
361433 28
361452 19
361461 13
361475 16
362211 6
363210 27
365425 16
368211 19
368317 31
400110 30
400210 4
401281 28
401383 22
401391 10
403281 13
403383 0
406284 30
406294 19
406386 16
406396 28
408382 21
410381 4
413383 3
413391 24
415393 1
420282 16
421282 27
421292 12
421386 31
421396 13
422381 25
428281 31
428282 22
428381 9
428383 19
461170 9
461471 10
461472 22
461511 22
461521 31
461526 22
461551 28
461566 13
461584 19
462130 20
462412 31
462413 16
462414 28
462503 13
462587 19
462588 16
463201 1
463252 16
463331 19
463332 1
463342 31
463354 28
463506 19
463512 28
463513 19
463543 22
463544 19
463557 13
463559 31
463571 4
463592 0
464302 25
464312 16
464402 16
464403 28
464414 0
464442 25
464443 13
464445 4
464446 31
501201 30
501202 0
501305 15
501306 18
502313 13
502314 31
504202 13
504305 28
506202 28
508304 18
510306 16
512304 19
513113 16
513115 13
513212 16
513216 31
513217 25
513225 28
513284 13
513331 16
513343 22
513364 31
513373 13
513390 19
513446 19
514202 22
514206 1
514222 19
514244 10
514272 31
514322 22
514352 31
514358 13
514382 16
514384 19
515204 28
515205 16
515256 1
515257 31
515337 31
515362 16
515380 19
552216 13
552217 31
552232 22
554413 28
555312 13
557432 31
558101 24
558313 16
558441 19
562101 7
562211 31
601201 14
601202 9
601231 31
601242 28
601342 16
601346 31
601361 13
601423 22
601425 28
601454 22
601455 19
601724 19
601745 16
601775 19
602100 12
602102 5
602103 3
602111 25
602120 15
602121 31
602122 31
602301 19
602314 30
602421 16
602453 22
602454 19
602455 13
602461 16
602471 19
602722 31
602741 19
602751 16
603200 16
603231 0
603321 31
603396 19
603496 19
603725 31
603743 16
603751 19
604101 19
604211 28
604311 30
604314 28
604315 19
604411 13
604415 31
604423 16
604431 13
604455 19
605203 30
605302 16
605313 31
605315 13
605316 28
605331 19
605430 31
605701 16
605711 31
605719 19
605742 16
606211 28
606243 13
606245 31
606264 25
606310 22
606451 16
606452 19
610114 19
651211 1
651212 10
651231 19
651234 31
651313 22
651314 28
651317 19
651319 13
651416 31
651425 16
701100 21
701101 16
701181 24
701183 0
701202 1
701235 28
701243 16
701244 31
701283 31
701295 16
701310 19
701335 28
701341 22
701408 16
701423 13
702100 21
702101 14
702211 28
702213 3
702312 19
702317 24
702321 19
702331 15
702342 13
702354 31
702418 22
703103 26
703202 10
703204 2
703243 19
703244 10
703309 31
703311 19
703322 16
703324 24
703330 16
703331 12
703345 31
703351 25
703361 13
703413 19
703441 31
703499 19
705191 21
705211 13
705311 18
705328 16
705331 9
705332 13
705343 19
705351 12
705431 25
705438 16
705440 13
705441 9
705444 10
705446 4
705448 13
705492 13
705499 22
751100 10
751101 23
751102 15
751106 31
751202 30
751209 31
751301 22
751302 22
751303 13
751304 19
751305 19
751308 7
751309 25
751321 31
751326 19
751330 3
751345 31
751401 31
751403 10
751405 4
751408 16
751413 19
751418 31
751419 16
751421 28
751428 19
751440 16
751443 28
751701 18
751702 15
751703 19
751705 16
751706 31
751708 16
751710 19
751712 19
751716 13
751724 13
751728 15
751732 31
751734 18
751744 31
751745 13
751751 19
751752 28
801100 15
801122 16
801134 4
801201 19
801204 16
801233 4
801236 31
801241 13
801322 31
801371 1
803122 16
803124 22
803131 13
803230 31
803232 13
851100 29
851103 27
851104 10
851105 19
851200 31
851201 1
851202 11
851204 31
851205 24
851241 16
851261 5
851273 28
851305 15
851306 19
851309 16
851310 25
851341 15
851342 25
851344 28
851350 31
851363 13
851366 31
851371 9
851375 19
851400 22
851401 13
851404 28
851443 22
851445 22
851450 4
851467 16
951100 14
951106 4
951124 13
951202 22
951231 13
951321 31
951366 31
951421 16
951497 19
951498 31
953102 31
953104 28
953111 9
953201 31
953202 13
953214 16
953231 22
953232 22
953234 13
953323 28
953494 22
953495 13
954140 27
954141 4
954142 25
954240 16
954244 31
954310 3
954326 19
954340 22
954364 16
954371 31
954372 28
954373 13
954413 16
954420 16
954422 22
954423 31
954443 16
954472 19
954498 22
