001101 1
001102 30
001111 25
001113 31
001201 4
001202 3
001210 27
001212 4
001218 17
001230 7
001231 10
001250 1
001291 20
001293 25
001310 12
001311 16
001312 16
001315 4
001318 1
001320 19
001321 0
001323 24
001330 30
001342 28
001353 19
001354 8
001362 16
001410 21
001423 31
001425 16
001443 7
001444 31
001445 22
001447 10
001461 10
001464 25
002101 31
002110 22
002191 27
002192 4
002201 22
002211 19
002221 31
002250 10
002301 22
002333 25
002351 28
002365 19
002372 13
002401 7
002441 28
002473 31
003101 7
003191 0
003201 0
003314 19
003320 25
003331 31
003414 22
003421 28
003436 25
004241 16
004301 10
004303 31
004324 10
004351 25
004432 7
004473 21
004475 9
006103 28
006126 19
006206 7
006226 25
006242 22
006253 10
006303 7
006307 15
006326 22
006330 31
006331 13
006344 25
006346 16
006355 13
006425 25
006432 10
006433 16
006443 31
006448 10
008214 31
008303 31
008314 22
008326 19
008411 22
008417 22
009103 20
009105 10
009212 31
009230 10
009231 19
009326 25
009425 22
009426 19
009431 13
011100 11
011151 31
011152 13
011153 22
011251 16
011257 15
011259 30
011269 17
011276 21
011353 22
011356 9
011358 25
011362 7
011374 0
011461 3
011464 13
011751 25
012100 13
012173 20
012200 6
012271 0
012272 19
012273 31
012371 4
012475 7
013103 31
013110 27
013203 28
013204 31
013206 19
013207 18
013217 25
013301 9
013302 10
013303 25
013304 31
013305 10
013306 12
013307 13
013317 16
013326 31
013329 22
013330 28
013335 15
013338 19
013420 19
013421 25
013422 25
013427 28
013433 25
013435 31
014210 13
014270 31
014310 16
014311 31
014322 28
014323 13
014325 7
014370 25
014371 25
014382 28
014390 10
014401 16
014410 19
014421 10
015101 28
016101 12
016232 28
017101 18
017102 28
017111 25
017201 16
017210 31
018103 13
018111 29
018113 9
018125 28
018203 7
018211 19
018213 22
018231 25
018235 31
018271 6
018301 7
018335 25
018351 22
018353 19
018421 13
018433 7
018435 22
018436 31
018438 19
018451 25
018465 7
018467 16
018471 25
019101 9
019103 13
019105 15
019106 0
019108 22
019111 31
019203 7
019205 12
019206 27
019208 25
019211 13
019221 22
019303 25
019311 13
019331 10
019361 7
019373 25
019381 22
019411 19
019442 28
019471 22
019473 25
020101 18
020102 28
020211 31
020231 7
020311 31
020321 25
020333 10
020341 19
020362 16
020363 13
020412 7
020421 31
020481 22
021101 6
021102 7
021203 7
021204 4
021270 15
025108 19
025480 7
026101 11
026102 7
026111 21
026112 28
026201 21
026271 31
029701 19
029703 25
029711 31
030101 28
050100 16
050103 22
050104 21
050106 15
050111 18
051302 28
051304 31
051306 10
051310 4
051313 6
051418 30
052201 31
052202 19
052352 28
052357 10
052420 22
052441 22
052443 16
052445 7
052447 28
052466 31
053712 19
053713 22
053770 19
054810 22
054870 19
055701 25
055703 16
055704 31
055706 22
055707 19
055713 16
055733 25
055734 19
055757 22
055771 25
055797 31
057121 5
057123 15
057125 21
057126 18
057127 23
057128 21
057129 21
057130 0
057131 19
057132 21
057133 26
057134 30
057135 9
057136 8
057137 12
057138 13
057139 24
057140 22
057201 10
057205 25
057213 3
057215 28
057274 7
057284 28
057285 13
057288 19
057293 25
057294 31
057296 30
057300 28
057302 22
057305 9
057316 25
057351 10
057366 31
057403 16
057404 22
057405 19
057410 10
057411 9
057420 28
057426 31
057428 22
059413 10
059419 31
061103 31
061106 19
061201 19
061223 13
061224 31
061306 10
061307 22
061317 16
061319 25
061403 22
061404 7
061407 28
061430 31
062200 19
062210 28
062343 13
062411 22
062452 10
062460 7
062470 28
062499 19
063201 22
063702 22
063704 19
063710 31
064204 4
064232 25
064251 31
064252 25
064303 31
064331 22
064392 16
064412 31
064418 31
064423 16
064424 27
064430 6
064474 19
064490 25
065210 16
065212 25
065310 7
065311 16
065320 19
065332 3
065421 31
065435 22
065436 19
065437 19
065438 16
065797 25
066221 25
066323 28
066410 31
066416 10
066421 22
066425 16
067202 10
067303 19
067311 19
067372 3
067373 7
067432 19
069712 19
070200 19
070304 28
070305 4
070403 25
070404 19
070410 16
070411 22
070416 16
070711 22
070720 19
070721 31
070740 25
070741 25
071411 22
071412 28
071413 16
071415 31
071416 14
071418 28
071419 30
071422 19
071423 16
071425 31
071712 19
071715 22
071730 4
071736 16
071738 22
071811 22
073711 19
073721 22
073770 22
074100 24
074101 29
074414 3
076425 31
076427 22
076430 16
076444 28
076466 19
078444 27
078454 9
079169 10
079220 13
079264 19
091700 31
091800 31
099100 13
099101 0
099102 10
100102 28
100109 31
100110 30
100111 3
100112 12
100207 4
100213 16
100214 30
100220 27
100222 25
100225 3
100228 13
100229 12
100230 7
100231 31
100233 9
100281 10
100306 25
100307 7
100308 13
100309 4
100310 31
100311 25
100312 18
100313 31
100314 13
100501 25
101100 19
101105 31
101201 29
101211 30
101400 25
101405 7
103112 28
103191 13
103271 3
104200 28
104201 9
104300 27
104301 19
104325 7
104410 25
104424 13
104495 28
105304 31
109100 21
109115 9
112101 22
112102 22
112103 31
112108 13
112110 3
112201 21
112203 19
112213 10
112300 31
112314 22
112411 10
112412 28
115200 13
115300 31
115301 28
115302 16
116301 3
116302 25
116400 28
126101 24
126216 24
126321 13
126326 13
126333 0
126334 31
126428 22
126432 28
126443 25
127100 20
127101 19
127203 31
127204 19
127207 22
127303 22
127312 10
127314 9
127315 31
127316 19
127326 1
127337 16
127711 16
127717 25
127718 22
127719 31
127727 25
127728 31
128100 0
128101 30
128202 19
128203 27
128204 16
128307 7
128309 22
128334 13
128354 3
128355 10
128403 31
128701 16
128710 22
128730 31
128740 25
128762 25
140101 31
140102 25
140103 10
140104 7
140105 10
152211 22
152301 19
152321 10
154104 6
154141 31
154151 24
154231 19
154261 7
154262 10
154281 17
154311 10
154330 25
154353 22
154375 19
154377 1
154384 22
154388 31
154443 25
154455 7
154457 19
154481 28
154488 22
154493 25
154494 7
159100 26
159101 28
159151 30
159203 13
159221 3
159231 1
159301 31
159303 25
159305 7
159332 16
159356 22
159362 19
159403 22
159411 3
159431 15
159454 13
160341 10
164200 18
164341 19
168100 13
168101 12
168222 25
176100 21
176101 8
176104 21
176220 7
177103 5
177214 1
177215 25
177216 19
177217 22
177281 31
177283 25
177285 28
177321 24
177330 28
177341 0
177362 12
177393 30
177401 16
177404 31
177405 1
177414 13
177426 10
177427 22
177430 6
177434 19
177446 21
177450 24
177463 7
177464 31
177465 3
177467 9
177468 31
177481 7
177494 16
179402 4
179403 25
201100 9
201110 23
201114 23
201115 3
201116 26
201117 13
201190 19
202100 19
202101 14
202141 18
202143 4
202145 12
202184 24
202231 31
202260 16
202305 19
202311 10
202332 22
202334 19
202342 21
202361 28
202371 31
202434 13
202438 16
202443 28
202473 7
202474 22
202477 31
202481 25
202495 25
202742 31
202765 16
202776 25
202782 25
202833 25
202848 25
202873 22
203100 9
203103 12
203111 19
203116 19
203151 19
203162 5
203171 30
203201 28
203203 24
203204 19
203206 18
203207 19
203208 10
203209 2
203222 31
203226 28
203231 19
203235 27
203236 1
203255 13
203303 30
203315 10
203323 22
203324 31
203331 0
203332 6
203333 16
203351 4
203352 21
203405 28
203406 22
203414 31
203423 22
203431 25
203434 16
203458 13
203471 7
203475 25
203705 22
203709 31
203714 22
203716 16
203722 16
203743 31
203753 25
203807 16
203821 31
203828 22
203879 16
203889 16
204100 10
204101 10
204111 28
204123 18
204202 19
204211 13
204216 21
204231 31
204251 25
204321 3
204325 1
204335 28
204341 19
204361 15
204365 13
204381 30
204383 25
204432 4
204435 19
204442 16
204451 31
204452 28
204453 25
204471 22
204712 16
204721 31
204732 22
204764 25
205100 31
205103 24
205104 28
205105 12
205235 7
205239 10
205275 15
205303 3
205337 31
205355 7
205393 13
205415 31
205421 31
205461 7
205464 10
205475 25
205479 16
205483 4
205486 22
205496 28
205712 31
205735 25
205761 16
205783 22
206100 14
206101 13
206103 5
206104 3
206107 13
206108 6
206111 22
206112 9
206113 19
206161 19
206162 2
206171 22
206172 18
206181 10
206191 28
206203 16
206207 13
206211 27
206216 0
206217 24
206261 10
206267 19
206281 10
206300 11
206321 21
206324 31
206325 22
206327 30
206328 22
206331 19
206336 10
206341 16
206355 1
206362 6
206370 31
206381 13
206412 25
206436 28
206437 31
206441 22
206455 13
206707 31
206713 25
206720 16
206721 31
206730 31
206736 25
206738 4
206739 25
206743 22
206753 25
206766 4
206783 16
207100 30
207103 24
207105 22
207106 27
207107 28
207109 15
207115 28
207117 13
207123 25
207131 31
207135 10
207164 13
207171 16
207173 31
207174 10
207183 31
207187 20
207203 0
207205 16
207208 22
207213 21
207308 3
207310 16
207313 27
207323 7
207348 13
207401 9
207403 25
207406 25
207416 13
207419 28
207422 31
207436 7
207701 31
207703 16
207705 22
207711 25
207741 25
207743 31
207808 25
208101 24
208140 13
208150 31
208250 28
208251 31
208263 7
208265 22
208270 22
208271 2
208272 7
208280 28
208321 13
208329 13
208343 10
208348 7
208370 27
208383 10
208425 22
208439 19
208440 25
208469 4
208711 16
208760 22
208761 31
208770 25
208871 22
208872 25
209201 31
209251 13
209301 13
209302 25
209303 19
209331 31
209351 4
209358 10
209361 16
209368 28
209375 28
209403 22
209442 25
209451 3
209453 13
209461 16
209463 25
209471 7
209483 31
209485 16
209703 4
209705 28
209707 4
209709 16
209711 16
209713 22
209722 16
209731 22
209771 25
209773 31
209779 22
209785 16
210100 31
210201 28
210202 31
210204 7
210343 28
210351 10
210383 31
210425 16
210433 13
210434 13
210453 28
210465 22
210485 22
210703 16
210704 22
210705 31
210707 25
210723 25
210731 31
211100 10
211311 10
211315 19
211319 24
211413 25
211440 19
211442 10
211443 16
211495 31
211702 31
211889 25
212701 16
212703 22
212711 31
212721 25
212741 25
213201 28
213714 31
213763 16
213779 25
214100 28
214261 19
214312 25
214341 3
214381 16
214401 13
214411 25
214414 31
214415 28
214421 25
214430 22
214441 10
214445 7
215205 24
215206 28
215207 12
215208 10
215301 28
215302 13
215381 28
215411 16
215431 10
215471 7
215481 3
215495 25
215496 31
215497 4
215734 22
215762 25
215785 31
215794 25
217701 22
217703 31
217707 25
217734 31
217751 31
217775 25
217781 25
218100 19
218101 7
218233 28
218235 31
218321 7
218323 16
218351 28
218471 31
218475 25
218483 28
218486 16
219720 25
219731 31
225701 16
225703 22
225705 31
225720 25
226701 25
226709 31
226710 16
226801 4
226889 25
229123 9
229323 6
229352 28
229711 25
251211 22
251213 3
251261 13
251281 31
251312 28
251313 25
251333 7
251334 28
251361 21
251363 19
251371 1
251372 17
251374 22
251384 30
251411 31
251418 19
251437 25
251438 13
251451 25
251455 7
251457 4
251461 27
251475 22
251479 10
251701 16
251702 22
251703 31
251711 16
251714 22
251715 19
251717 31
251718 16
251745 19
251751 22
251752 19
251757 31
251758 16
251773 22
251783 19
251785 31
251790 25
252201 31
252211 7
252232 24
252282 14
252283 3
252285 7
252286 14
252301 30
252302 4
252317 19
252320 22
252322 7
252325 16
252327 7
252330 3
252342 16
252363 9
252420 19
252421 25
252424 10
252425 16
252426 16
252427 28
252444 10
252450 13
252455 25
252460 31
252489 0
252498 1
252702 25
252708 16
252723 31
252724 31
252741 31
252748 25
252781 22
252785 19
252789 25
252791 25
253303 7
253314 19
253315 28
253432 24
253455 28
253456 31
253481 25
253701 31
253715 25
253717 4
253722 22
253731 16
253732 25
253734 31
253735 28
253736 4
253748 16
253752 25
253754 19
254181 12
254205 13
254206 25
254211 19
254215 30
254216 12
254222 3
254231 18
254232 21
254252 28
254282 6
254302 15
254325 9
254333 31
254372 19
254421 22
254425 19
254426 4
254435 19
254436 28
254438 7
254439 7
254441 30
254442 31
254451 16
254456 25
254457 13
254458 7
254459 25
254461 4
254471 28
254473 31
254492 7
254494 22
254700 25
254702 16
254703 22
254710 19
254711 31
254734 4
254770 22
254777 31
254804 16
254875 19
255201 28
255215 24
255251 31
255290 16
255300 22
255320 7
255321 29
255330 18
255359 17
255415 10
255417 1
255420 13
255422 21
255424 25
255430 6
255432 31
255434 9
255437 16
255438 24
255439 16
255441 28
255447 16
255449 7
255454 4
255460 4
255462 30
255464 19
255471 12
255492 15
255499 1
255712 19
255722 16
255734 16
255739 22
255750 31
255764 19
255766 22
255770 25
255771 25
255772 31
255786 4
255791 31
255830 25
256100 20
256212 31
256271 10
256281 19
256316 0
256333 7
256373 22
256383 1
256412 16
256415 10
256441 13
256457 19
256462 28
256473 7
256700 19
256761 31
256762 25
259103 17
259104 13
259106 24
259107 22
259108 0
259109 6
259201 28
259203 16
260312 25
260404 19
260413 19
260424 31
260434 25
260717 31
260772 25
261103 31
261111 13
261200 12
261210 21
261212 3
261216 30
261217 28
261304 31
261305 31
261335 9
261336 24
261342 16
261343 18
261361 13
261405 22
261406 10
261434 7
261447 19
261456 25
261457 13
261458 28
261461 4
261469 13
261494 27
261497 1
261499 16
261701 31
261702 22
261706 16
261735 19
261739 31
261753 19
261754 19
261767 31
261769 31
261791 25
263701 22
263702 19
263720 16
263746 31
263760 25
263771 16
264701 22
264706 19
264707 16
264710 31
264741 31
264791 19
266703 25
268721 31
269101 31
269102 28
269200 16
269201 31
269202 22
269340 25
269430 4
269462 27
269470 10
269497 25
270701 19
270702 31
270711 31
270791 31
301254 7
305202 22
311352 22
318322 22
318351 1
320351 19
321251 19
324703 25
328310 19
328313 13
330110 7
330111 16
351100 27
351201 31
351202 12
351301 25
351321 10
351331 3
351410 21
351441 25
351442 19
351451 13
351463 28
351466 10
352301 7
352311 31
352321 25
352323 22
352332 31
352422 19
352431 13
353301 28
353421 31
353431 28
353451 16
353452 16
354311 22
356100 21
356101 29
356102 26
356202 10
356210 24
356212 25
356303 31
356304 25
356306 13
356312 25
356361 22
356412 10
356414 16
356416 31
356432 31
356441 7
356442 28
356443 22
356471 7
356496 25
357101 8
357110 14
357210 28
357322 28
357360 16
357417 31
357441 16
357491 28
359202 13
359203 29
359204 4
359206 4
359301 12
359311 31
359405 4
359409 7
359410 25
359413 25
359414 28
359421 10
359431 13
359451 31
360100 26
360210 10
360400 7
360402 7
360404 13
360407 22
360411 25
360431 28
360460 19
360470 25
361210 9
361214 25
361301 31
361321 25
361351 28
361453 19
361461 25
361471 25
363210 31
365301 28
365321 16
365331 31
365421 13
365427 25
365428 25
368200 10
368317 31
368331 13
368412 31
368433 16
368441 7
368487 3
400110 25
400211 22
401382 4
403382 31
406385 25
406395 28
409281 28
409292 4
411281 16
411291 22
415291 10
420281 31
421281 25
421291 13
421385 10
421395 13
423382 7
428382 16
461100 19
461170 3
461471 19
461472 22
461511 22
461527 4
461529 7
462130 11
462541 4
462587 4
462588 19
463251 22
463311 16
463331 19
463341 28
463353 4
463402 7
463433 31
463455 4
463491 10
463503 31
463504 7
463545 28
463556 13
463558 28
464301 25
464311 22
464341 31
464401 19
464413 25
464441 28
464443 22
464444 16
464445 22
464501 16
464502 25
464503 13
464509 4
464510 10
464541 22
464542 31
464544 25
464549 19
466141 4
501301 7
501302 22
502211 16
502311 25
503402 1
504302 12
506303 31
506361 22
507402 10
508203 1
508207 25
508303 28
509402 13
510201 19
510202 28
510307 25
510411 19
510414 31
510415 7
510416 4
510417 28
512303 10
512402 22
513111 22
513114 31
513223 7
513224 10
513283 31
513315 31
513324 25
513328 4
513363 28
513371 22
513412 4
513429 16
513445 22
513451 31
513471 25
514211 19
514241 31
514317 31
514323 13
514335 16
514341 25
514343 4
514381 7
514383 10
514395 28
514397 22
514425 16
514442 22
514451 4
514453 25
514466 19
514475 31
515201 19
515250 13
515307 19
515312 31
515334 25
515361 7
515364 4
515370 25
515376 16
515403 25
515490 31
551461 16
552216 22
552217 28
552222 13
553312 13
554314 22
555313 28
556311 19
557433 22
558411 19
558432 31
558442 25
561312 10
562211 13
571115 10
601201 9
601302 12
601321 22
601322 16
601341 4
601344 28
601351 31
601422 13
601427 31
601428 19
601452 22
601460 10
601462 12
601702 31
601731 22
601758 25
601765 31
601767 19
602100 25
602102 3
602111 28
602211 19
602315 10
602321 31
602322 15
602431 13
602432 19
602441 16
602464 31
602731 31
602761 25
603211 16
603322 19
603332 25
603352 10
603371 22
603421 28
603441 19
603453 16
603465 22
603471 4
603494 31
603495 13
603711 19
603723 31
603731 25
604304 28
604305 6
604312 10
604313 28
604351 31
604352 22
604412 4
604414 10
604416 7
604422 28
604441 31
604451 19
604711 31
604715 19
604731 25
605201 22
605204 31
605301 3
605313 28
605314 7
605321 12
605322 30
605341 22
605412 16
605432 10
605446 31
605459 13
605461 25
605476 7
605701 19
605702 31
605713 25
605751 25
606231 28
606242 7
606244 19
606263 22
606343 19
606362 31
606363 28
610114 12
651105 27
651109 31
651120 13
651210 13
651311 22
651312 19
651315 31
651316 25
701101 25
701181 17
701182 13
701183 24
701201 19
701211 28
701281 18
701313 12
701321 18
701331 30
701342 6
701344 25
701402 13
701403 28
701407 19
701409 31
701425 25
701455 25
701494 10
702101 6
702205 4
702211 12
702312 31
702313 0
702316 28
702318 19
702341 25
702351 16
702411 6
702416 31
702418 7
702423 28
702431 13
703103 31
703202 14
703204 7
703243 19
703244 1
703305 22
703308 30
703311 28
703313 25
703322 2
703324 22
703330 17
703331 9
703345 16
703352 10
703391 6
703404 1
703412 28
703435 10
703447 19
703454 21
703498 31
703499 25
704101 22
704141 31
704201 28
704345 25
705191 9
705211 8
705311 0
705329 28
705331 10
705351 28
705411 19
705437 20
705441 3
705442 6
705444 15
705492 31
705499 9
751100 25
751101 28
751102 28
751106 25
751202 21
751209 1
751301 12
751302 15
751303 5
751304 31
751305 30
751308 28
751309 29
751321 31
751326 4
751327 27
751330 0
751345 19
751401 22
751403 3
751405 16
751408 24
751413 7
751419 13
751421 25
751422 19
751424 25
751428 26
751443 31
751447 4
751451 19
751701 25
751702 31
751703 19
751704 19
751705 16
751706 25
751708 19
751712 16
751718 22
751724 31
751726 22
751751 22
801100 15
801201 19
801225 10
801235 28
801321 25
801324 22
801331 13
801333 28
801334 25
801336 31
801421 25
801471 19
801481 22
803121 19
803123 13
803231 9
803331 31
803360 25
803431 7
851100 12
851104 31
851105 3
851108 19
851200 13
851201 21
851202 19
851243 6
851251 25
851262 7
851273 15
851305 22
851306 30
851309 3
851342 4
851352 13
851354 6
851355 1
851360 21
851362 0
851375 21
851376 10
851400 25
851404 1
851407 19
851441 10
851462 30
852100 12
852101 10
852102 19
852103 30
852201 13
852202 7
852203 16
852204 25
951100 17
951102 19
951106 31
951124 28
951203 25
951302 1
951323 16
951331 19
951344 30
951348 7
951352 10
951497 25
953103 4
953111 28
953212 7
953231 4
953233 30
953261 22
953321 1
953322 16
953331 10
953361 28
953421 25
953444 31
953494 22
953495 31
954100 19
954244 31
954246 13
954310 1
954370 31
954374 19
954410 28
954413 22
954416 15
954426 4
954443 21
954449 22
954462 25
954464 10
954471 25
954477 0
954491-001 28
954491-002 27
954491-003 13
954491-004 31
954498 16
955102 31
955103 24
955104 13
958111 13
958201 22
958221 28
958225 10
958261 31
958373 19
