001101 4
001102 26
001112 18
001118 6
001201 1
001202 28
001210 18
001222 0
001223 4
001224 4
001225 4
001226 15
001227 0
001228 31
001229 31
001230 27
001231 30
001234 20
001250 19
001291 9
001292 7
001310 9
001311 29
001312 20
001314 22
001315 2
001320 28
001321 21
001323 21
001330 13
001341 7
001342 7
001352 12
001355 12
001361 6
001362 10
001391 1
001410 16
001423 28
001440 31
001445 9
001446 28
001463 28
001471 28
001472 18
002102 9
002111 13
002191 13
002202 19
002230 10
002260 22
002302 10
002311 31
002321 15
002331 28
002362 13
002402 7
002441 22
002471 28
003102 7
003191 6
003202 28
003314 28
003331 31
003332 22
003361 13
003367 31
003454 31
004282 22
004465 12
004472 15
004474 7
004476 30
006103 10
006226 30
006241 7
006253 31
006307 22
006326 28
006330 19
006349 7
006353 13
006423 31
006432 28
006443 31
006448 10
006475 25
008214 13
008314 22
008326 19
008402 30
008411 28
009103 28
009213 28
009234 30
009236 19
009254 15
009325 13
009327 10
009344 16
009355 7
009356 1
009358 31
009363 22
009446 28
011100 18
011101 1
011154 0
011156 15
011157 21
011251 28
011257 21
011268 18
011269 28
011276 22
011277 0
011278 31
011355 28
011367 28
011457 7
011479 28
012173 7
012200 27
012271 18
012272 28
013103 1
013110 10
013203 16
013204 1
013207 12
013208 27
013209 7
013216 10
013217 28
013301 19
013303 10
013306 6
013321 16
013335 22
013337 0
013410 10
013413 10
013422 13
013428 28
013431 25
013432 22
014210 16
014211 18
014270 21
014310 31
014311 22
014323 19
014370 13
014383 15
014390 28
014401 10
014410 31
014422 0
014423 10
014471 10
014481 28
015101 18
015102 28
016101 25
016102 13
017101 15
017102 10
017111 7
017112 22
017231 7
018104 0
018111 7
018112 21
018114 1
018126 31
018204 28
018271 9
018323 31
018352 28
018372 31
018468 28
019101 28
019104 12
019105 15
019106 7
019112 22
019204 0
019205 19
019206 7
019212 30
019222 22
019332 31
019351 22
019362 28
019373 22
019441 7
020101 7
020102 31
020212 1
020231 7
020232 22
020261 22
021101 31
021102 28
021203 1
021204 31
021270 7
024752 28
025110 28
025381 28
025481 31
026101 8
026102 25
026111 10
026112 13
026201 1
026202 19
050100 13
050103 30
050104 11
050106 17
050112 29
050113 10
051302 10
051304 18
051306 13
051310 31
051313 13
051412 22
051418 7
052203 22
052310 16
052323 0
052331 10
052350 6
052351 31
052353 25
052355 16
052400 7
052417 30
052420 10
052422 0
052441 28
052442 1
052445 31
052448 13
052449 19
052725 7
054821 28
054822 28
055702 7
055703 28
055711 31
055739 31
057121 27
057122 20
057123 6
057125 18
057126 21
057127 19
057128 21
057129 26
057130 15
057131 30
057132 2
057133 10
057134 3
057135 19
057136 28
057137 13
057138 21
057139 31
057213 28
057283 7
057286 10
057287 13
057290 28
057295 16
057297 31
057298 0
057301 18
057302 28
057305 22
057307 1
057316 19
057366 1
057401 25
057404 31
057407 6
057413 22
057419 10
057425 28
057427 31
057428 13
057450 28
059405 30
059413 28
059419 28
061106 31
061201 28
061205 31
061223 9
061224 28
061306 31
061312 13
061313 22
061317 10
061319 24
061401 25
061403 28
061405 22
061430 10
062342 16
062346 7
062360 10
062380 19
062411 30
062452 16
062460 10
062470 22
062499 10
063201 31
064204 4
064231 7
064232 10
064252 25
064303 13
064411 7
064412 13
064413 10
064417 25
064422 7
064423 13
064424 0
064474 31
065120 30
065121 16
065211 0
065212 16
065311 10
065320 6
065333 0
065420 31
065436 31
065437 19
065438 22
065782 31
065795 7
065797 28
065799 28
066222 31
066324 19
066412 16
066416 22
066426 0
067201 31
067203 28
067303 22
067311 1
067371 16
067433 0
067435 16
067436 1
067491 7
070200 21
070304 22
070305 31
070400 13
070401 22
070403 0
070404 31
070410 28
070411 28
070413 28
070414 15
070415 31
070416 31
070727 7
070731 28
070741 28
071411 10
071412 28
071413 1
071414 25
071415 31
071416 19
071417 28
071419 3
071420 31
071426 10
071724 28
074100 20
074101 25
076414 10
076426 31
076427 30
076428 7
076429 16
076430 18
076444 9
076466 0
078444 14
079444 19
088708 28
099101 13
099102 21
099103 31
100102 25
100104 1
100109 12
100110 0
100111 9
100112 19
100205 25
100206 28
100207 6
100208 6
100210 25
100212 28
100213 4
100214 7
100218 7
100219 6
100220 7
100222 30
100225 7
100227 7
100281 19
100306 31
100307 28
100308 7
100309 4
100310 22
100501 18
101201 22
101202 30
101205 7
101325 19
101405 10
101490 3
103271 22
104100 1
104201 28
104302 21
104310 19
104320 16
104327 19
104334 31
104435 19
104450 28
104490 31
109100 30
109114 3
112101 31
112105 7
112106 13
112109 22
112202 28
112205 28
112303 7
112321 31
112322 31
112406 28
112424 7
115300 30
116301 10
116302 28
126101 14
126102 28
126212 16
126213 22
126214 0
126324 25
126325 28
126328 21
126330 9
126331 19
126332 13
126400 7
126431 28
126434 10
126436 8
126437 10
126438 28
126442 18
127100 31
127101 19
127202 7
127205 10
127206 6
127303 31
127313 12
127320 22
127330 10
127332 3
127333 27
127336 31
127359 12
127411 7
127412 10
127413 31
127414 28
127415 28
127416 22
127424 10
127433 13
127492 31
127716 31
127720 7
127721 13
127730 28
128100 5
128101 1
128201 7
128304 2
128305 5
128306 0
128308 29
128310 31
128353 28
128401 22
128423 10
128425 28
128427 13
128429 13
128434 28
128445 12
128451 7
128462 28
128471 31
128484 10
128700 13
128712 7
128727 31
128734 28
128751 7
140101 31
140102 7
140103 18
140104 20
140105 16
152211 28
152301 31
152321 28
152331 28
154100 31
154104 10
154141 28
154152 21
154153 24
154173 1
154181 12
154251 7
154276 22
154281 15
154301 10
154330 28
154431 25
154479 28
154482 19
154492 7
159100 0
159101 7
159102 31
159151 22
159202 19
159203 7
159204 22
159331 30
159411 6
159412 7
159434 9
159462 31
160342 31
164261 28
164341 31
168101 7
168410 28
176100 19
176101 3
176104 30
177104 10
177113 16
177114 30
177141 19
177142 28
177181 13
177220 15
177222 28
177227 30
177228 10
177229 18
177300 3
177321 7
177332 28
177335 13
177341 1
177361 12
177362 25
177413 31
177420 22
177425 16
177429 10
177430 31
177431 22
177433 25
177460 19
177464 7
177465 30
177466 22
177470 9
177471 16
177483 22
177491 16
177494 10
177495 31
179402 31
179403 31
179404 7
179406 28
179443 24
201100 23
201110 27
201114 16
201116 25
201117 27
201190 6
202100 22
202101 23
202102 5
202147 0
202231 10
202303 7
202305 16
202311 6
202331 28
202356 13
202371 31
202405 25
202432 9
202442 31
202461 31
202471 31
202475 22
202476 16
202484 28
202731 7
202736 31
202749 28
202770 31
202804 28
202807 28
202833 28
202843 7
203100 18
203104 30
203108 13
203111 9
203113 9
203114 29
203131 12
203132 31
203151 18
203152 0
203154 4
203158 22
203159 27
203162 1
203202 12
203203 3
203204 9
203206 12
203207 22
203208 18
203209 15
203211 6
203222 3
203223 16
203226 25
203232 30
203236 29
203250 16
203287 0
203300 19
203304 28
203316 18
203351 15
203352 24
203413 7
203424 10
203425 31
203435 7
203459 27
203708 7
203715 28
203719 31
203721 28
203734 7
203735 7
203749 31
203754 28
203775 7
203804 28
203812 7
203825 31
203829 7
204100 25
204101 0
204113 22
204123 28
204202 28
204217 25
204232 17
204251 1
204306 19
204315 12
204320 13
204333 27
204355 31
204362 3
204382 31
204422 15
204425 31
204441 22
204443 18
204452 28
204456 7
204482 28
204483 30
204490 25
205100 21
205103 28
205105 31
205216 6
205232 7
205244 25
205252 16
205282 31
205324 31
205344 16
205358 10
205361 28
205382 7
205421 7
205473 28
206100 2
206103 1
206104 31
206108 16
206111 2
206112 31
206161 24
206162 9
206171 29
206172 18
206181 4
206182 4
206191 7
206211 27
206216 30
206217 10
206253 22
206255 28
206261 24
206266 14
206281 28
206311 30
206313 7
206321 30
206325 21
206327 28
206331 28
206336 25
206341 15
206342 6
206355 19
206357 28
206362 3
206364 28
206367 30
206368 28
206370 22
206421 31
206435 28
206437 9
206467 13
206471 18
206476 7
206481 16
206725 31
206726 7
206728 28
206729 28
206731 31
206734 7
206736 31
206737 31
206774 7
207100 28
207104 3
207105 6
207106 12
207108 16
207109 21
207110 7
207116 23
207117 16
207118 31
207125 16
207137 15
207162 30
207172 13
207181 6
207187 7
207188 19
207191 28
207195 12
207214 18
207302 6
207305 9
207306 3
207312 19
207321 31
207402 16
207408 28
207415 9
207442 27
207448 10
207449 31
207704 13
207706 31
207708 7
207712 28
207741 28
207766 28
207776 28
208101 12
208140 16
208141 12
208161 10
208250 16
208263 16
208264 19
208271 28
208272 12
208322 28
208345 10
208346 16
208353 12
208362 6
208373 7
208384 28
208423 7
208444 19
208446 18
208460 28
208738 13
208740 28
208770 7
208772 7
208774 31
208776 7
208873 28
209203 18
209204 9
209252 30
209253 27
209262 16
209263 19
209270 30
209271 25
209272 7
209322 22
209332 22
209341 31
209352 15
209370 25
209376 7
209382 10
209424 31
209452 9
209454 30
209456 19
209466 10
209486 28
209714 31
209772 28
209787 7
209789 31
210100 19
210200 6
210207 19
210221 15
210251 25
210276 28
210315 7
210331 10
210355 30
210432 31
210435 31
210448 28
210463 25
210702 28
210717 7
210734 31
210741 7
210743 31
210748 7
210787 31
211100 27
211303 7
211312 30
211315 12
211318 28
211319 25
211341 22
211342 31
211448 13
211449 15
211495 22
211709 28
212712 28
212714 7
212731 31
213708 28
213717 7
213718 7
213763 31
214301 30
214310 24
214340 6
214341 22
214352 7
214403 28
214412 31
214431 28
214442 10
214462 7
214491 22
215205 14
215206 23
215207 6
215208 22
215303 31
215312 31
215313 16
215314 28
215401 19
215462 7
215482 31
215711 7
215783 28
217705 31
217708 7
217773 28
218100 30
218234 31
218236 28
218244 16
218262 25
218352 6
218362 16
218372 31
218382 7
218481 25
218486 28
218496 28
219753 31
219781 7
226703 28
226704 7
226710 7
226805 28
229223 0
229351 22
251100 25
251211 27
251213 7
251216 28
251242 19
251261 24
251292 30
251312 9
251313 16
251333 18
251334 31
251342 25
251361 22
251363 19
251371 31
251372 7
251374 6
251399 15
251411 28
251417 28
251434 7
251436 7
251451 28
251455 13
251456 13
251457 10
251461 1
251465 22
251704 22
251707 28
251713 28
251716 13
251723 31
251724 7
251738 28
251746 13
251748 31
251754 13
251760 31
251763 28
251765 7
251773 13
251781 31
251784 7
252210 13
252212 0
252222 10
252235 12
252281 28
252282 3
252283 6
252285 19
252311 16
252320 7
252331 6
252353 13
252401 30
252402 3
252403 30
252404 25
252413 7
252420 22
252421 22
252422 31
252423 30
252427 18
252428 16
252429 21
252435 0
252440 9
252442 22
252443 31
252448 16
252450 13
252456 31
252459 28
252460 7
252479 7
252489 31
252706 7
252707 31
252714 13
252721 13
252727 31
252755 31
252765 7
252781 7
252792 28
253215 25
253318 16
253321 28
253332 31
253423 13
253433 22
253441 25
253443 28
253451 31
253452 7
253454 7
253721 28
253725 13
253731 13
253734 31
253735 31
253747 22
253749 30
253752 22
253754 7
253791 7
254182 19
254200 16
254205 31
254206 13
254207 19
254211 27
254215 6
254216 7
254222 12
254231 0
254232 9
254271 21
254282 25
254334 13
254352 0
254362 25
254371 6
254373 18
254400 31
254411 7
254412 22
254415 16
254421 27
254423 28
254424 31
254427 28
254435 22
254441 28
254443 28
254445 7
254446 31
254451 7
254452 30
254453 25
254466 19
254476 19
254477 31
254478 7
254495 7
254701 28
254721 7
254733 13
254737 31
254771 31
254816 28
254857 7
255210 26
255230 13
255300 7
255301 15
255316 29
255323 28
255328 25
255337 2
255340 23
255393 28
255422 15
255425 28
255430 28
255432 19
255433 28
255437 31
255440 13
255442 13
255445 31
255447 28
255451 31
255455 16
255463 28
255471 22
255497 31
255714 22
255735 31
255746 28
255750 13
255751 13
255769 7
255772 7
255783 13
255786 7
255791 10
255792 7
256100 6
256271 22
256281 10
256317 16
256318 9
256334 7
256415 28
256419 25
256442 31
256443 31
256456 15
256473 10
256474 25
256713 13
256741 28
256752 31
256753 7
256791 28
259103 5
259104 31
259106 16
259107 27
259108 22
259193 0
259195 15
259200 28
259201 18
259203 28
259401 7
260313 7
260334 28
260421 28
260702 13
260712 31
260719 7
260791 28
261102 0
261111 30
261112 23
261113 28
261205 7
261207 30
261208 16
261214 22
261215 19
261218 18
261305 21
261306 9
261332 13
261342 25
261343 31
261361 13
261411 28
261421 28
261430 19
261433 19
261444 7
261446 16
261447 22
261448 25
261449 28
261453 15
261465 7
261473 7
261479 25
261494 31
261497 6
261498 31
261499 28
261731 28
261736 28
261742 13
261745 31
261751 28
261752 7
261755 13
261763 31
261792 22
261796 7
261891 31
263710 13
263721 31
263724 7
263745 28
263751 28
264702 31
264703 7
264705 28
264755 13
264791 22
265706 31
265709 7
265710 28
266703 28
266801 7
268735 13
268741 31
268742 28
269103 19
269105 31
269130 28
269210 10
269341 10
269360 7
269370 28
269497 19
269498 13
270721 31
270791 31
305203 28
318322 25
329104 16
330112 4
351100 7
351201 13
351302 15
351331 10
351364 28
351371 21
351425 13
351426 31
351464 19
352103 22
352311 31
352314 22
352315 19
352323 13
352331 10
352332 31
352401 28
352412 13
352413 7
352421 30
352422 4
352433 15
352441 16
353313 21
353418 7
353431 31
353441 31
353471 19
353482 22
354311 10
354312 28
355411 7
356100 30
356101 14
356102 28
356210 16
356261 21
356306 28
356331 16
356333 10
356373 31
356375 22
356411 22
356412 28
356415 13
356416 25
356431 7
356432 19
356441 22
356442 31
356443 10
356444 24
356446 28
356447 13
356448 28
356449 7
356455 28
356472 19
356474 13
357110 16
357210 22
357322 31
357323 7
357418 9
357421 10
357432 22
357442 28
357444 25
357446 1
359202 20
359205 31
359206 28
359302 28
359305 31
359341 28
359350 19
359360 7
359401 22
359403 16
359419 28
359422 13
359452 28
359455 31
359460 15
359461 13
360100 19
360301 19
360402 22
360403 13
360411 7
360423 7
360441 31
360460 30
361210 22
361211 31
361214 7
361341 22
361414 28
361421 19
361433 10
361442 31
361461 13
361475 28
363210 6
365201 19
365211 31
365301 25
365324 22
365331 10
365422 31
365425 7
365426 28
368211 4
368310 25
368412 30
368417 4
368433 7
400110 5
400210 18
401281 16
401383 10
401391 31
403281 10
403383 22
406284 22
406294 1
406386 0
406396 9
408382 28
410381 15
413383 21
413391 1
415393 19
420282 28
421282 13
421292 19
421386 13
421396 16
422381 12
428281 31
428282 7
428381 7
428383 18
461170 1
461471 13
461472 31
461511 19
461526 19
462130 26
462531 13
462542 31
462545 7
462582 28
462587 13
462588 28
463201 31
463252 13
463331 31
463332 31
463342 28
463354 13
463512 28
463513 1
463534 19
463543 31
463544 7
463557 22
463559 13
463571 1
463592 28
464302 7
464312 22
464402 30
464403 16
464414 19
464442 22
464443 10
464445 13
464446 7
464500 28
464502 10
464504 31
464505 13
464506 7
464508 28
464544 22
464545 28
464546 28
464549 16
501201 13
501202 22
501305 31
501306 28
502313 19
502314 16
504202 10
504305 13
506202 7
508304 7
510306 10
512304 22
513113 21
513115 19
513212 31
513216 28
513217 13
513225 22
513284 7
513331 7
513343 22
513364 28
513373 31
513390 13
513411 28
513446 28
514202 7
514206 19
514222 10
514244 22
514272 31
514322 19
514336 22
514352 13
514358 16
514382 31
514384 10
514396 28
514398 7
515204 7
515205 31
515256 13
515257 28
515330 28
515337 16
515339 10
515362 13
515377 22
515378 7
515380 31
515407 13
515440 31
515441 7
515442 28
518724 28
518770 7
551311 31
552216 31
552217 28
552232 22
553312 7
554314 31
555313 7
556311 28
557433 13
558101 9
558432 22
561312 28
562101 10
562211 31
571115 28
601201 6
601202 13
601231 7
601242 13
601342 10
601346 7
601351 22
601361 19
601423 28
601424 31
601425 25
601436 31
601452 10
601471 31
601472 28
601745 7
601769 31
601775 28
602100 11
602102 31
602103 21
602120 16
602121 0
602122 7
602314 6
602421 28
602432 13
602453 22
602454 28
602455 7
602461 19
602463 31
602471 10
602741 7
602751 28
603200 24
603231 18
603321 7
603341 7
603396 28
603423 19
603496 10
603725 31
603743 7
603751 28
604101 21
604211 18
604311 16
604314 25
604315 30
604411 16
604415 18
604423 0
604431 21
604443 31
604454 28
604455 19
605203 31
605302 28
605313 25
605315 31
605316 24
605321 7
605331 25
605340 25
605412 28
605430 22
605711 7
605719 28
606211 31
606243 28
606245 19
606264 7
606310 31
606341 13
606342 31
606344 7
606451 10
606452 28
610114 11
651211 7
651212 31
651231 30
651234 28
651306 13
651313 10
651314 22
651317 28
651319 13
651416 31
651425 7
701100 7
701101 18
701181 18
701202 25
701211 28
701235 21
701243 31
701244 7
701283 4
701310 19
701335 28
701408 28
701409 28
701410 7
701496 31
702100 15
702101 8
702211 29
702213 10
702312 13
702317 1
702321 6
702331 10
702342 7
702354 13
702423 19
702443 6
702499 31
703103 22
703202 9
703204 21
703243 12
703244 25
703322 18
703324 9
703330 28
703331 16
703345 13
703351 19
703361 30
703413 10
703441 7
703444 31
703499 31
705191 24
705211 6
705311 13
705328 0
705331 24
705332 7
705343 28
705431 7
705438 2
705440 30
705441 18
705444 1
705446 10
705447 0
705461 3
705492 28
705499 7
751100 7
751101 0
751102 21
751106 25
751202 9
751209 25
751301 11
751302 21
751303 20
751305 1
751308 2
751309 0
751321 13
751326 1
751330 19
751345 7
751401 23
751403 30
751405 8
751408 22
751417 31
751418 31
751419 31
751421 28
751422 28
751424 25
751428 25
751440 28
751443 6
751447 2
751451 28
751701 30
751702 28
751703 22
751705 10
751706 28
751708 7
751710 31
751716 13
751718 13
751719 22
751727 13
751742 31
751744 31
801100 9
801122 28
801134 31
801204 13
801233 22
801236 10
801241 16
801322 28
801334 7
801371 31
803122 13
803124 28
803131 31
803230 10
803232 28
803260 10
851100 31
851103 30
851104 13
851105 0
851200 0
851201 31
851202 31
851204 7
851207 17
851241 7
851252 25
851253 30
851261 6
851263 30
851273 20
851305 24
851306 31
851309 19
851313 28
851363 31
851366 22
851375 6
851400 25
851401 15
851404 13
851406 7
851443 28
851445 19
851450 12
851462 16
851467 21
951100 24
951202 25
951231 10
951321 16
951324 25
951366 25
951421 7
951498-020 28
951498-021 22
953102 19
953104 7
953111 15
953201 31
953202 31
953214 19
953231 28
953232 10
953234 16
953323 31
953361 7
953421 13
953444 28
953494 13
953495 22
954100 19
954140 4
954142 13
954143 28
954170 22
954240 12
954244 7
954310 22
954340 1
954347 31
954371 25
954372 7
954374 31
954413 31
954421 22
954423 28
954464 0
954472 28
954491 30
954498 10
955102 18
955104 7
