001101 13
001102 4
001111 28
001113 4
001201 1
001202 26
001210 14
001212 13
001218 1
001230 8
001231 15
001250 22
001291 24
001293 28
001310 31
001311 2
001312 27
001315 13
001318 9
001320 13
001321 13
001323 3
001330 18
001342 10
001353 4
001354 0
001362 22
001410 31
001423 15
001425 16
001443 7
001444 31
001445 19
001447 10
001461 4
001464 6
002101 4
002110 16
002191 30
002192 16
002201 21
002211 19
002221 16
002250 4
002301 4
002333 19
002351 31
002365 7
002372 10
002401 13
002441 16
002473 19
003101 7
003191 10
003201 22
003314 19
003320 7
003331 16
003414 4
003421 10
003436 7
004241 31
004301 7
004303 27
004324 9
004351 22
004432 25
004473 16
004475 30
006103 9
006126 10
006206 28
006226 31
006242 13
006253 19
006303 18
006307 7
006326 31
006330 25
006331 19
006344 27
006346 16
006355 4
006425 7
006432 28
006433 4
006443 22
006448 19
008214 4
008303 22
008314 31
008326 19
008411 4
008417 7
009103 23
009105 22
009212 19
009230 22
009231 31
009326 7
009425 7
009426 19
009431 31
011100 26
011151 28
011152 7
011153 0
011251 31
011257 15
011259 30
011269 29
011276 17
011353 7
011356 31
011358 10
011362 25
011374 19
011461 16
011464 7
011751 7
012100 10
012173 24
012200 0
012271 19
012272 10
012273 28
012371 31
012475 18
013103 21
013110 5
013203 24
013204 7
013206 6
013207 30
013217 4
013301 28
013302 22
013303 10
013304 4
013305 21
013306 28
013307 7
013317 25
013326 31
013329 7
013330 28
013335 19
013338 16
013420 19
013421 16
013422 28
013427 13
013433 7
013435 19
014210 10
014270 26
014310 18
014311 7
014322 16
014323 15
014325 21
014370 27
014371 27
014382 16
014390 10
014401 11
014410 19
014421 4
015101 16
016101 30
016232 25
017101 3
017102 25
017111 25
017201 7
017210 4
018103 4
018111 11
018113 30
018125 7
018203 22
018211 10
018213 16
018231 7
018235 4
018271 25
018301 4
018335 7
018351 22
018353 19
018421 10
018433 25
018435 16
018436 31
018438 7
018451 31
018465 25
018467 19
018471 28
019101 17
019103 28
019105 31
019106 6
019108 16
019111 10
019203 19
019205 16
019206 30
019208 7
019211 10
019221 22
019303 7
019311 13
019331 27
019361 19
019373 19
019381 11
019411 4
019442 16
019471 6
019473 10
020101 26
020102 25
020211 7
020231 31
020311 16
020321 28
020333 7
020341 18
020362 19
020363 10
020412 10
020421 4
020481 7
021101 16
021102 7
021203 11
021204 28
021270 22
025108 31
025480 4
026101 11
026102 25
026111 30
026112 4
026201 16
026271 16
029701 10
029703 7
029711 31
030101 22
050100 31
050103 28
050104 22
050106 6
050111 29
051302 10
051304 16
051306 30
051310 19
051313 25
051418 24
052201 25
052202 7
052352 11
052357 19
052420 25
052441 7
052443 4
052445 10
052447 31
052466 22
053712 7
053713 31
053770 7
054810 31
054870 7
055701 13
055703 25
055704 7
055706 10
055707 31
055713 25
055733 13
055734 31
055757 10
055771 13
055797 7
057121 12
057123 30
057125 30
057126 0
057127 27
057128 25
057129 0
057130 27
057131 10
057132 16
057133 30
057134 4
057135 31
057136 25
057137 17
057138 31
057139 6
057140 4
057201 13
057205 15
057213 22
057215 31
057274 25
057284 10
057285 19
057288 16
057293 15
057294 16
057296 22
057300 19
057302 22
057305 7
057316 25
057351 28
057366 13
057403 10
057404 28
057405 13
057410 31
057411 10
057420 16
057426 4
057428 22
059413 4
059419 31
061103 13
061106 10
061201 7
061223 18
061224 25
061306 25
061307 7
061317 10
061319 19
061403 31
061404 16
061407 7
061430 7
062200 10
062210 16
062343 10
062411 7
062452 22
062460 4
062470 16
062499 13
063201 31
063702 31
063704 7
063710 19
064204 25
064232 22
064251 22
064252 16
064303 13
064331 19
064392 13
064412 13
064418 7
064423 16
064424 31
064430 10
064474 4
064490 13
065210 31
065212 31
065310 11
065311 25
065320 10
065332 19
065421 7
065435 28
065436 13
065437 10
065438 25
065797 13
066221 4
066323 25
066410 16
066416 7
066421 19
066425 22
067202 7
067303 10
067311 7
067372 25
067373 31
067432 7
069712 7
070200 7
070304 10
070305 16
070403 19
070404 13
070410 19
070411 7
070416 19
070711 10
070720 31
070721 7
070740 13
070741 13
071411 13
071412 31
071413 13
071415 25
071416 16
071418 7
071419 4
071422 7
071423 19
071425 28
071712 7
071715 31
071730 25
071736 10
071738 31
071811 31
073711 7
073721 31
073770 31
074100 19
074101 30
074414 31
076425 4
076427 13
076430 10
076444 7
076466 31
078444 10
078454 28
079169 27
079220 19
079264 4
091700 19
091800 19
099100 22
099101 27
099102 4
100102 7
100109 7
100110 4
100111 25
100112 28
100207 15
100213 13
100214 4
100220 16
100222 28
100225 25
100228 7
100229 30
100230 11
100231 25
100233 4
100281 16
100306 28
100307 31
100308 25
100309 3
100310 31
100311 3
100312 30
100313 24
100314 7
100501 24
101100 11
101105 4
101201 21
101211 7
101400 6
101405 22
103112 10
103191 31
103271 25
104200 7
104201 30
104300 7
104301 10
104325 4
104410 4
104424 25
104495 22
105304 7
109100 3
109115 28
112101 22
112102 16
112103 4
112108 7
112110 22
112201 25
112203 7
112213 31
112300 4
112314 25
112411 31
112412 22
115200 25
115300 16
115301 13
115302 4
116301 27
116302 13
116400 10
126101 3
126216 18
126321 15
126326 31
126333 25
126334 22
126428 19
126432 30
126443 27
127100 22
127101 17
127203 28
127204 25
127207 31
127303 17
127312 22
127314 31
127315 7
127316 19
127326 13
127337 3
127711 10
127717 13
127718 31
127719 7
127727 13
127728 7
128100 25
128101 24
128202 19
128203 21
128204 28
128307 7
128309 3
128334 31
128354 31
128355 31
128403 22
128701 10
128710 31
128730 7
128740 13
128762 13
140101 13
140102 19
140103 25
140104 2
140105 18
152211 16
152301 11
152321 25
154104 16
154141 25
154151 16
154231 16
154261 11
154262 25
154281 26
154311 11
154330 19
154353 22
154375 13
154377 16
154384 16
154388 31
154443 13
154455 4
154457 10
154481 19
154488 31
154493 16
154494 7
159100 19
159101 21
159151 7
159203 25
159221 24
159231 31
159301 13
159303 18
159305 10
159332 22
159356 31
159362 27
159403 25
159411 15
159431 19
159454 25
160341 7
164200 0
164341 22
168100 30
168101 24
168222 7
176100 25
176101 30
176104 25
176220 9
177103 30
177214 28
177215 11
177216 19
177217 24
177281 22
177283 25
177285 16
177321 10
177330 16
177341 16
177362 18
177393 21
177401 27
177404 22
177405 11
177414 13
177426 15
177427 28
177430 25
177434 4
177446 19
177450 9
177463 6
177464 16
177465 7
177467 31
177468 13
177481 10
177494 7
179402 7
179403 3
201100 27
201110 19
201114 19
201115 23
201116 19
201117 7
201190 31
202100 16
202101 17
202141 0
202143 1
202145 11
202184 19
202231 17
202260 31
202305 18
202311 11
202332 4
202334 28
202342 13
202361 19
202371 22
202434 7
202438 25
202443 19
202473 10
202474 22
202477 18
202481 7
202495 13
202742 7
202765 16
202776 7
202782 19
202833 19
202848 7
202873 7
203100 21
203103 22
203111 11
203116 22
203151 28
203162 22
203171 4
203201 24
203203 25
203204 4
203206 12
203207 7
203208 7
203209 5
203222 7
203226 8
203231 22
203235 15
203236 31
203255 4
203303 30
203315 31
203323 16
203324 4
203331 6
203332 24
203333 11
203351 25
203352 30
203405 28
203406 19
203414 7
203423 10
203431 13
203434 31
203458 22
203471 25
203475 4
203705 31
203709 7
203714 31
203716 13
203722 10
203743 7
203753 19
203807 13
203821 7
203828 31
203879 10
203889 13
204100 8
204101 15
204111 7
204123 7
204202 28
204211 7
204216 18
204231 28
204251 4
204321 9
204325 12
204335 31
204341 3
204361 17
204365 7
204381 24
204383 15
204432 16
204435 13
204442 19
204451 15
204452 31
204453 22
204471 28
204712 10
204721 7
204732 31
204764 19
205100 30
205103 31
205104 24
205105 25
205235 13
205239 19
205275 29
205303 13
205337 4
205355 7
205393 28
205415 22
205421 31
205461 16
205464 19
205475 10
205479 31
205483 13
205486 7
205496 28
205712 31
205735 7
205761 13
205783 10
206100 28
206101 25
206103 18
206104 26
206107 15
206108 21
206111 21
206112 26
206113 22
206161 24
206162 8
206171 14
206172 3
206181 21
206191 10
206203 31
206207 22
206211 30
206216 16
206217 18
206261 24
206267 22
206281 22
206300 31
206321 15
206324 22
206325 21
206327 4
206328 28
206331 7
206336 22
206341 19
206355 3
206362 30
206370 25
206381 13
206412 16
206436 19
206437 24
206441 28
206455 7
206707 31
206713 19
206720 13
206721 31
206730 31
206736 7
206738 7
206739 19
206743 31
206753 7
206766 25
206783 7
207100 22
207103 31
207105 30
207106 21
207107 19
207109 9
207115 19
207117 28
207123 28
207131 31
207135 28
207164 7
207171 16
207173 31
207174 25
207183 31
207187 3
207203 6
207205 10
207208 30
207213 19
207308 4
207310 7
207313 19
207323 31
207348 18
207401 31
207403 28
207406 22
207416 22
207419 19
207422 19
207436 31
207701 31
207703 13
207705 10
207711 7
207741 7
207743 7
207808 7
208101 18
208140 7
208150 4
208250 10
208251 7
208263 20
208265 22
208270 6
208271 20
208272 28
208280 7
208321 3
208329 4
208343 0
208348 7
208370 18
208383 11
208425 10
208439 4
208440 19
208469 31
208711 13
208760 10
208761 7
208770 31
208871 10
208872 31
209201 28
209251 22
209301 19
209302 24
209303 10
209331 31
209351 4
209358 31
209361 13
209368 7
209375 27
209403 13
209442 31
209451 11
209453 13
209461 25
209463 4
209471 4
209483 25
209485 16
209703 13
209705 25
209707 13
209709 10
209711 10
209713 31
209722 10
209731 31
209771 19
209773 7
209779 31
209785 10
210100 19
210201 31
210202 11
210204 28
210343 31
210351 10
210383 7
210425 19
210433 13
210434 28
210453 28
210465 4
210485 28
210703 13
210704 10
210705 31
210707 7
210723 7
210731 7
211100 3
211311 28
211315 18
211319 28
211413 7
211440 10
211442 4
211443 22
211495 19
211702 31
211889 7
212701 13
212703 10
212711 31
212721 7
212741 7
213201 25
213714 13
213763 10
213779 19
214100 31
214261 19
214312 10
214341 19
214381 31
214401 22
214411 30
214414 18
214415 7
214421 10
214430 10
214441 19
214445 25
215205 19
215206 8
215207 15
215208 31
215301 25
215302 4
215381 16
215411 22
215431 30
215471 10
215481 11
215495 7
215496 19
215497 31
215734 13
215762 7
215785 31
215794 7
217701 13
217703 10
217707 31
217734 31
217751 31
217775 7
217781 7
218100 15
218101 31
218233 25
218235 22
218321 13
218323 25
218351 7
218471 4
218475 7
218483 31
218486 25
219720 10
219731 19
225701 13
225703 10
225705 31
225720 7
226701 31
226709 7
226710 7
226801 25
226889 7
229123 19
229323 31
229352 10
229711 7
251211 27
251213 7
251261 4
251281 23
251312 22
251313 30
251333 13
251334 10
251361 19
251363 25
251371 15
251372 11
251374 4
251384 16
251411 22
251418 13
251437 28
251438 16
251451 25
251455 13
251457 27
251461 7
251475 31
251479 19
251701 10
251702 31
251703 19
251711 10
251714 31
251715 7
251717 19
251718 19
251745 7
251751 10
251752 31
251757 7
251758 19
251773 10
251783 31
251785 7
251790 13
252201 18
252211 28
252232 30
252282 21
252283 3
252285 21
252286 28
252301 19
252302 13
252317 7
252320 25
252322 4
252325 21
252327 4
252330 30
252342 4
252363 31
252420 18
252421 13
252424 28
252425 15
252426 19
252427 25
252444 28
252450 3
252455 7
252460 31
252489 10
252498 27
252702 13
252708 25
252723 7
252724 7
252741 13
252748 19
252781 10
252785 31
252789 13
252791 13
253303 22
253314 7
253315 28
253432 31
253455 7
253456 10
253481 31
253701 7
253715 13
253717 16
253722 10
253731 25
253732 13
253734 7
253735 28
253736 16
253748 25
253752 13
253754 31
254181 19
254205 7
254206 10
254211 11
254215 19
254216 19
254222 16
254231 3
254232 25
254252 31
254282 13
254302 22
254325 26
254333 6
254372 21
254421 0
254425 13
254426 19
254435 13
254436 22
254438 7
254439 7
254441 9
254442 25
254451 4
254456 31
254457 16
254458 7
254459 10
254461 13
254471 8
254473 13
254492 13
254494 13
254700 13
254702 25
254703 10
254710 31
254711 7
254734 16
254770 10
254777 7
254804 25
254875 31
255201 19
255215 0
255251 28
255290 9
255300 15
255320 5
255321 18
255330 30
255359 6
255415 19
255417 30
255420 18
255422 6
255424 27
255430 27
255432 31
255434 22
255437 28
255438 0
255439 25
255441 25
255447 10
255449 7
255454 13
255460 13
255462 4
255464 24
255471 16
255492 21
255499 11
255712 25
255722 10
255734 10
255739 13
255750 13
255764 13
255766 25
255770 31
255771 31
255772 7
255786 25
255791 7
255830 13
256100 15
256212 25
256271 22
256281 31
256316 28
256333 16
256373 27
256383 25
256412 19
256415 0
256441 7
256457 31
256462 4
256473 13
256700 31
256761 7
256762 13
259103 6
259104 16
259106 9
259107 11
259108 12
259109 29
259201 2
259203 30
260312 7
260404 7
260413 19
260424 13
260434 13
260717 7
260772 13
261103 7
261111 7
261200 25
261210 13
261212 6
261216 4
261217 31
261304 11
261305 16
261335 15
261336 21
261342 30
261343 18
261361 13
261405 27
261406 4
261434 7
261447 24
261456 10
261457 31
261458 22
261461 16
261469 19
261494 6
261497 13
261499 25
261701 13
261702 31
261706 10
261735 7
261739 13
261753 19
261754 7
261767 13
261769 13
261791 19
263701 10
263702 31
263720 25
263746 7
263760 13
263771 25
264701 10
264706 31
264707 19
264710 19
264741 7
264791 7
266703 13
268721 7
269101 4
269102 7
269200 31
269201 4
269202 7
269340 25
269430 31
269462 15
269470 13
269497 25
270701 13
270702 19
270711 13
270791 13
301254 28
305202 16
311352 18
318322 19
318351 22
320351 13
321251 13
324703 7
328310 16
328313 28
330110 24
330111 22
351100 16
351201 21
351202 0
351301 21
351321 10
351331 28
351410 31
351441 19
351442 22
351451 16
351463 4
351466 7
352301 22
352311 7
352321 25
352323 19
352332 7
352422 10
352431 13
353301 31
353421 16
353431 22
353451 31
353452 7
354311 15
356100 26
356101 30
356102 17
356202 22
356210 18
356212 25
356303 25
356304 7
356306 7
356312 16
356361 13
356412 22
356414 13
356416 13
356432 13
356441 4
356442 10
356443 16
356471 7
356496 13
357101 27
357110 0
357210 25
357322 4
357360 13
357417 31
357441 31
357491 22
359202 6
359203 9
359204 4
359206 31
359301 10
359311 30
359405 4
359409 7
359410 13
359413 25
359414 13
359421 31
359431 22
359451 16
360100 15
360210 27
360400 22
360402 25
360404 25
360407 7
360411 10
360431 4
360460 22
360470 25
361210 31
361214 7
361301 31
361321 7
361351 22
361453 10
361461 19
361471 13
363210 19
365301 16
365321 13
365331 31
365421 22
365427 7
365428 7
368200 7
368317 25
368331 7
368412 13
368433 25
368441 4
368487 22
400110 10
400211 3
401382 10
403382 7
406385 19
406395 25
409281 16
409292 25
411281 10
411291 31
415291 22
420281 7
421281 19
421291 4
421385 4
421395 28
423382 16
428382 31
461100 18
461170 25
461471 10
461472 31
461511 31
461527 4
461529 16
462130 22
462541 4
462587 4
462588 7
463251 25
463311 22
463331 31
463341 25
463353 10
463402 31
463433 13
463455 16
463491 10
463503 7
463504 16
463545 19
463556 25
463558 25
464301 13
464311 19
464341 7
464401 28
464413 25
464441 4
464443 19
464444 7
464445 19
464501 10
464502 13
464503 28
464509 7
464510 7
464541 19
464542 13
464544 31
464549 22
466141 11
501301 16
501302 4
502211 16
502311 19
503402 15
504302 13
506303 22
506361 13
507402 22
508203 15
508207 25
508303 7
509402 4
510201 7
510202 19
510307 25
510411 19
510414 13
510415 7
510416 28
510417 31
512303 31
512402 10
513111 7
513114 27
513223 22
513224 25
513283 7
513315 13
513324 19
513328 7
513363 31
513371 25
513412 16
513429 25
513445 10
513451 31
513471 7
514211 22
514241 25
514317 7
514323 4
514335 31
514341 13
514343 16
514381 10
514383 22
514395 28
514397 19
514425 13
514442 19
514451 31
514453 16
514466 10
514475 7
515201 7
515250 4
515307 13
515312 28
515334 31
515361 16
515364 25
515370 13
515376 7
515403 7
515490 19
551461 10
552216 7
552217 25
552222 4
553312 16
554314 22
555313 25
556311 4
557433 31
558411 16
558432 19
558442 13
561312 7
562211 7
571115 22
601201 22
601302 16
601321 19
601322 10
601341 13
601344 4
601351 31
601422 7
601427 13
601428 7
601452 4
601460 22
601462 31
601702 13
601731 31
601758 19
601765 13
601767 7
602100 25
602102 3
602111 25
602211 30
602315 7
602321 13
602322 19
602431 13
602432 4
602441 16
602464 22
602731 7
602761 13
603211 11
603322 13
603332 10
603352 16
603371 4
603421 7
603441 16
603453 13
603465 19
603471 25
603494 22
603495 31
603711 31
603723 7
603731 13
604304 3
604305 11
604312 27
604313 15
604351 24
604352 28
604412 19
604414 16
604416 25
604422 13
604441 7
604451 22
604711 13
604715 7
604731 19
605201 31
605204 19
605301 24
605313 4
605314 21
605321 13
605322 16
605341 21
605412 13
605432 22
605446 7
605459 25
605461 31
605476 4
605701 31
605702 7
605713 19
605751 13
606231 7
606242 25
606244 19
606263 13
606343 31
606362 4
606363 7
610114 16
651105 16
651109 4
651120 7
651210 7
651311 31
651312 7
651315 19
651316 13
701101 18
701181 30
701182 7
701183 2
701201 6
701211 22
701281 20
701313 4
701321 18
701331 28
701342 21
701344 13
701402 10
701403 16
701407 19
701409 16
701425 13
701455 13
701494 22
702101 18
702205 6
702211 16
702312 24
702313 21
702316 31
702318 4
702341 16
702351 13
702411 7
702416 24
702418 19
702423 22
702431 31
703103 24
703202 28
703204 31
703243 15
703244 16
703305 3
703308 4
703311 26
703313 13
703322 24
703324 7
703330 6
703331 31
703345 30
703352 16
703391 24
703404 11
703412 7
703435 22
703447 15
703454 18
703498 28
703499 13
704101 22
704141 25
704201 7
704345 4
705191 16
705211 30
705311 21
705329 28
705331 22
705351 24
705411 22
705437 6
705441 25
705442 15
705444 23
705492 4
705499 25
751100 10
751101 20
751102 24
751106 5
751202 24
751209 10
751301 11
751302 25
751303 22
751304 7
751305 4
751308 15
751309 9
751321 19
751326 25
751327 31
751330 29
751345 7
751401 16
751403 25
751405 17
751408 9
751413 13
751419 7
751421 18
751422 7
751424 13
751428 27
751443 0
751447 13
751451 13
751701 13
751702 31
751703 10
751704 10
751705 25
751706 13
751708 10
751712 25
751718 7
751724 31
751726 7
751751 7
801100 9
801201 22
801225 16
801235 7
801321 13
801324 13
801331 22
801333 16
801334 4
801336 4
801421 31
801471 13
801481 22
803121 25
803123 10
803231 7
803331 7
803360 4
803431 7
851100 16
851104 28
851105 25
851108 22
851200 8
851201 10
851202 11
851243 24
851251 22
851262 9
851273 15
851305 28
851306 4
851309 7
851342 13
851352 29
851354 27
851355 30
851360 25
851362 19
851375 16
851376 16
851400 22
851404 6
851407 3
851441 10
851462 18
852100 10
852101 4
852102 19
852103 31
852201 16
852202 7
852203 10
852204 31
951100 29
951102 16
951106 25
951124 7
951203 4
951302 19
951323 22
951331 10
951344 22
951348 4
951352 28
951497 13
953103 7
953111 15
953212 25
953231 25
953233 16
953261 4
953321 13
953322 25
953331 22
953361 31
953421 4
953444 13
953494 7
953495 13
954100 22
954244 11
954246 7
954310 30
954370 28
954374 10
954410 7
954413 4
954416 30
954426 3
954443 4
954449 7
954462 31
954464 19
954471 13
954477 18
954491-001 25
954491-002 13
954491-003 13
954491-004 13
954498 22
955102 31
955103 18
955104 25
958111 16
958201 7
958221 10
958225 31
958261 16
958373 22
