001101 4
001102 1
001112 28
001118 11
001201 4
001202 25
001210 2
001212 3
001218 7
001222 7
001223 25
001224 0
001225 10
001226 0
001227 0
001228 0
001229 22
001230 31
001231 28
001234 13
001250 23
001281 13
001291 7
001292 19
001310 4
001311 28
001312 19
001314 25
001315 12
001320 19
001321 31
001323 25
001330 22
001341 31
001342 6
001352 19
001355 30
001361 31
001362 28
001391 25
001410 25
001440 28
001445 16
001463 19
001472 25
002102 4
002111 19
002191 10
002202 7
002230 30
002260 19
002302 31
002321 13
002362 25
003102 31
003191 16
003202 19
003213 0
003261 22
003454 19
004465 6
004472 22
004474 16
004476 31
006103 31
006226 13
006241 22
006253 28
006307 28
006325 31
006443 19
006448 28
008314 28
008402 28
008411 7
009103 29
009213 13
009232 6
009254 30
009301 19
009327 19
009344 19
009355 13
009358 19
009363 28
011100 14
011101 6
011153 9
011154 30
011156 21
011157 31
011251 30
011257 6
011268 28
011269 15
011276 9
011277 13
011278 4
011358 21
011367 19
011457 7
012173 31
012200 6
012271 28
012272 31
012374 16
013103 18
013110 13
013203 22
013204 31
013206 3
013207 13
013208 19
013209 18
013216 31
013301 28
013303 25
013305 7
013314 19
013337 13
013413 7
013425 13
013431 25
013432 28
013433 28
014210 25
014211 28
014270 28
014310 28
014311 28
014370 31
014371 19
014390 30
014401 31
014410 19
014423 13
014471 22
014481 19
015101 19
015102 13
016101 31
017101 31
017102 19
017111 31
017201 19
017231 28
018104 16
018111 19
018112 16
018114 13
018126 13
018204 19
018271 6
018323 30
018332 25
018352 7
018372 0
019101 12
019104 25
019105 21
019106 4
019112 19
019204 16
019205 31
019206 19
019211 28
019212 7
019221 31
019222 22
019332 13
019351 25
019362 28
019371 16
019382 7
019441 19
020101 7
020102 16
020211 28
020212 7
020231 16
020232 28
020261 13
020341 28
021101 30
021102 6
021203 28
021204 28
021270 19
024752 19
025110 28
025381 28
025481 13
026101 12
026102 13
026111 12
026112 19
026201 31
050100 25
050103 14
050104 21
050106 14
050112 3
050113 19
051300 19
051302 22
051304 7
051306 7
051310 31
051313 31
052201 16
052203 28
052310 28
052323 13
052331 7
052351 25
052353 25
052355 16
052417 25
052422 1
052442 28
052449 13
052466 22
057121 30
057122 31
057123 21
057125 31
057126 5
057127 28
057128 9
057129 7
057130 9
057131 26
057132 31
057133 21
057134 16
057135 16
057136 31
057137 31
057138 30
057205 19
057213 13
057276 14
057283 1
057286 22
057287 25
057289 16
057290 31
057295 13
057297 16
057298 28
057301 22
057302 28
057305 10
057316 6
057366 1
057404 13
057407 12
057425 28
057428 28
059405 19
059419 31
061103 25
061106 4
061201 31
061205 16
061223 6
061306 19
061312 12
061313 7
061317 28
061401 31
061403 31
061430 19
062320 16
062341 28
062342 1
062343 1
062344 31
062345 28
062346 7
062360 31
062380 13
062411 13
062452 7
062460 25
062470 25
064202 28
064204 13
064207 16
064272 19
064273 28
064303 25
064410 7
064413 28
064417 28
064418 25
064422 25
064424 19
065120 16
065121 25
065211 16
065212 25
065311 13
065333 22
065420 1
065795 28
065797 19
065799 19
066222 25
066324 4
066412 13
066416 25
066426 1
067201 16
067203 28
067311 6
067371 25
067433 19
067435 25
067436 13
067491 25
067492 28
070100 28
070200 19
070301 19
070303 19
070304 31
070305 28
070308 31
070400 28
070403 25
070404 28
070410 19
070411 13
070413 19
070414 30
070415 19
070416 1
070711 28
070726 28
070740 19
070741 19
070792 19
071412 25
071413 1
071414 19
071415 22
071417 16
074100 6
074101 16
074201 13
076312 31
076314 13
076414 6
076426 19
076427 28
076428 7
076429 19
076444 31
076466 25
078444 10
078454 31
079444 7
099101 31
099102 12
100104 19
100105 12
100106 18
100107 9
100108 25
100205 7
100206 17
100207 9
100208 21
100209 6
100211 3
100306 16
100307 3
100308 7
100309 0
100310 30
100501 19
101201 7
101202 16
101205 9
101325 28
101490 13
103112 19
103271 31
104100 28
104302 13
104310 19
104320 28
104327 28
104334 19
104450 25
104490 19
109100 21
109114 19
112101 28
112105 31
112106 13
112109 19
112202 25
112205 31
112321 25
112322 28
112406 19
112424 28
115200 25
115300 16
115301 19
116301 19
126101 15
126102 31
126212 21
126213 28
126214 25
126325 22
126326 16
126328 13
126331 31
126332 13
126431 19
126436 25
126442 28
127100 5
127101 10
127202 10
127204 25
127205 13
127303 19
127313 9
127330 3
127359 25
127411 16
127412 28
127414 19
127716 31
127720 28
127721 19
127726 16
128100 30
128101 7
128201 12
128304 11
128305 6
128306 7
128308 28
128310 19
128351 25
128355 25
128423 7
128427 13
128434 28
128443 13
128700 16
128727 31
128734 28
128751 19
140104 22
152211 19
152301 28
152331 16
154104 24
154141 30
154152 30
154153 13
154173 16
154181 19
154251 28
154276 21
154281 25
154301 19
154330 19
154340 31
154363 16
154385 25
154431 31
154457 28
154481 25
159100 6
159101 31
159102 16
159151 7
159202 6
159204 13
159231 12
159331 19
159332 28
159401 25
159411 19
159412 16
159431 19
159434 28
160242 31
164261 16
168335 19
176100 31
176101 6
176104 16
177104 19
177113 28
177114 30
177141 31
177142 25
177181 13
177215 15
177217 7
177227 22
177228 4
177229 19
177300 25
177321 28
177332 19
177335 3
177341 19
177362 1
177443 13
177460 7
177463 13
177471 28
177472 25
177483 28
177491 31
179443 19
201100 23
201110 12
201114 19
201116 23
201117 7
202100 24
202101 18
202102 6
202147 28
202231 29
202302 19
202303 22
202305 19
202356 19
202362 25
202371 31
202405 31
202421 13
202446 19
202471 1
202475 16
202476 16
202484 28
202701 19
202731 19
202736 28
202744 19
202749 19
202775 31
202776 28
202803 28
202833 19
202849 19
203100 29
203104 30
203108 16
203111 20
203113 15
203114 28
203131 16
203132 3
203151 12
203152 21
203154 3
203158 12
203159 28
203162 14
203202 15
203203 9
203204 12
203206 12
203207 10
203208 28
203209 20
203211 4
203222 31
203223 3
203226 16
203232 0
203236 23
203250 19
203287 22
203316 19
203351 31
203459 31
203715 28
203719 13
203721 25
203725 28
203726 28
203734 25
203735 13
203749 25
203752 13
203754 19
203775 13
203812 25
203825 13
203829 19
203833 19
203879 28
204100 22
204101 22
204113 6
204202 7
204211 0
204217 30
204232 24
204251 25
204306 12
204315 1
204333 22
204355 16
204362 28
204382 16
204422 1
204423 31
204424 19
204441 25
204443 25
204452 1
204482 19
204483 7
204490 13
204725 16
204728 19
204755 28
204792 31
204891 19
205100 4
205103 13
205105 30
205216 1
205232 16
205244 25
205252 19
205282 28
205324 28
205344 13
205358 31
205382 25
205731 31
205742 28
205796 19
206100 27
206101 24
206103 5
206104 5
206111 3
206112 3
206113 28
206161 25
206162 28
206171 29
206172 7
206181 7
206182 30
206191 31
206211 25
206216 7
206217 28
206253 4
206255 7
206261 31
206266 16
206267 30
206281 3
206313 7
206321 9
206324 19
206325 30
206327 22
206331 31
206336 28
206341 4
206342 28
206355 28
206362 28
206364 12
206367 22
206368 1
206370 13
206421 13
206427 25
206428 30
206435 28
206437 19
206476 31
206481 19
206703 31
206722 16
206724 31
206725 28
206731 19
206737 28
206774 19
207100 19
207104 27
207105 23
207106 17
207108 10
207109 18
207110 28
207116 20
207117 24
207118 31
207125 12
207137 27
207162 16
207172 28
207181 14
207187 0
207188 6
207191 19
207195 19
207214 25
207302 25
207305 31
207306 16
207312 25
207402 19
207448 19
207704 16
207706 31
207708 28
207712 19
207766 19
207794 19
208101 26
208140 18
208141 3
208150 19
208263 19
208264 7
208271 13
208272 13
208322 22
208345 1
208346 19
208353 13
208362 19
208373 31
208384 19
208423 25
208444 31
208446 28
208460 28
208738 31
208772 28
208774 19
209203 16
209204 25
209252 21
209253 6
209262 1
209263 19
209270 1
209271 22
209272 28
209352 13
209370 13
209376 25
209382 28
209456 25
209466 28
210200 25
210207 7
210221 6
210251 16
210276 22
210315 13
210331 19
210355 31
210432 1
210448 28
210463 28
210702 28
210705 19
210743 13
210745 13
210748 25
210789 25
211100 18
211315 7
211319 21
211341 19
211342 13
211444 19
211709 28
211889 19
213708 19
213717 31
213718 16
213763 28
214100 19
214301 0
214310 25
214340 28
214341 28
214352 25
214412 28
214491 19
215205 22
215206 6
215207 22
215208 25
215303 28
215312 6
215313 30
215401 19
215482 7
215711 28
215741 31
215742 28
215743 19
215781 19
215783 31
217705 31
217708 28
217752 19
217773 19
218100 30
218234 25
218236 19
218244 22
218262 28
218352 31
218362 13
218372 25
218382 28
226703 31
226709 19
226710 28
226789 19
229123 16
229223 19
251100 31
251211 6
251213 25
251216 13
251242 30
251261 16
251292 28
251312 25
251333 7
251334 31
251342 31
251361 28
251363 0
251371 1
251372 19
251399 7
251411 13
251434 19
251436 25
251452 31
251455 13
251456 28
251461 25
251477 28
251704 31
251707 19
251723 28
251724 19
251746 19
251748 28
251754 16
251760 19
251763 31
251765 28
251773 16
251781 31
252210 0
252212 30
252222 9
252235 19
252282 22
252283 28
252285 31
252311 28
252320 16
252331 4
252353 30
252402 16
252403 19
252404 25
252413 19
252420 7
252423 31
252427 19
252428 7
252429 13
252435 25
252440 28
252459 28
252460 25
252479 25
252489 7
252706 28
252714 16
252727 22
252755 31
252774 19
252781 16
252785 19
252789 19
252792 28
253215 31
253433 13
253441 13
253443 25
253451 28
253452 7
253454 19
253716 22
253721 28
253722 16
253725 16
253734 28
253747 19
253749 21
253752 22
253754 31
253791 31
254182 28
254200 22
254205 15
254206 16
254211 5
254215 24
254216 5
254222 19
254231 18
254232 7
254271 9
254282 28
254325 28
254334 16
254352 25
254362 13
254371 22
254373 21
254400 31
254411 25
254412 31
254415 0
254421 19
254423 28
254424 19
254435 28
254445 7
254451 25
254452 1
254453 19
254466 12
254476 19
254477 31
254478 19
254495 6
254701 19
254721 25
254733 25
254737 13
254771 28
254803 25
254817 28
254857 28
255210 8
255230 18
255301 0
255316 6
255323 31
255328 12
255337 16
255340 19
255422 19
255425 19
255427 31
255432 13
255437 25
255440 13
255447 25
255455 28
255497 19
255714 16
255735 31
255750 16
255766 28
255769 19
255772 19
255779 19
255783 22
256100 19
256271 1
256317 16
256318 31
256334 19
256382 28
256383 19
256462 13
259103 3
259104 4
259106 6
259107 22
259108 12
259193 7
259195 4
259200 25
259201 26
259203 25
259401 28
260704 19
260708 31
260712 13
260719 28
260791 25
261102 22
261111 11
261112 30
261113 13
261205 16
261207 19
261208 28
261214 16
261215 12
261218 3
261305 16
261306 28
261332 6
261342 7
261343 16
261361 19
261430 25
261433 30
261444 19
261446 19
261447 13
261448 13
261449 19
261465 19
261473 22
261494 31
261497 16
261499 7
261742 19
261745 19
261755 19
261763 28
261764 16
261793 31
261795 31
261796 28
263710 28
263721 16
263724 22
263745 22
263751 31
264702 16
264705 31
264755 28
264789 19
265706 31
265709 28
265710 19
266703 28
266801 19
268732 19
268735 28
268741 31
268742 16
269103 19
269105 22
269130 13
269210 19
269341 31
269360 1
269370 25
269421 28
269431 28
269497 31
270701 28
270702 19
305203 28
318322 31
329104 27
330112 15
351100 23
351201 16
351364 13
351371 28
351426 25
352103 31
352311 28
352314 25
352315 25
352331 16
352332 28
352401 19
352412 16
352413 31
352421 19
352422 13
352433 19
352441 28
353313 19
353431 25
353441 28
353471 16
355411 25
356100 11
356101 27
356102 10
356210 30
356261 28
356311 19
356331 13
356431 16
356432 25
356441 28
356442 19
356443 31
356449 19
356455 19
356472 28
356475 19
357101 13
357110 30
357210 22
357323 25
357360 31
357418 19
357442 13
357444 28
359202 8
359205 19
359401 28
359408 19
359431 28
359455 28
360100 21
360210 15
361210 10
361321 19
361322 31
361341 28
361421 13
361433 25
361452 16
361461 28
361475 31
362211 30
363210 24
365425 13
368211 31
368317 28
400110 3
400210 6
401281 13
401383 31
401391 28
403281 10
403383 1
406284 12
406294 16
406386 0
406396 3
408382 6
410381 7
413383 10
413391 22
415393 19
420282 22
421282 19
421292 28
421386 25
421396 13
422381 24
428281 31
428282 25
428381 4
428383 16
461170 9
461471 0
461472 25
461511 1
461521 31
461526 28
461551 22
461566 16
461584 19
462130 5
462412 31
462413 28
462414 22
462503 16
462587 19
462588 28
463201 28
463252 19
463331 31
463332 28
463342 25
463354 13
463506 25
463512 7
463513 1
463543 28
463544 13
463557 25
463559 19
463571 28
463592 31
464302 7
464312 19
464402 16
464403 13
464414 25
464442 7
464443 22
464445 31
464446 19
501201 28
501202 19
501305 10
501306 21
502313 16
502314 31
504202 13
504305 22
506202 25
508304 21
510306 28
512304 19
513113 22
513115 13
513212 31
513216 19
513217 13
513225 25
513284 28
513331 13
513343 31
513364 19
513373 25
513390 28
513446 19
514202 13
514206 25
514222 16
514244 19
514272 7
514322 25
514352 7
514358 28
514382 25
514384 16
515204 16
515205 7
515256 25
515257 31
515337 31
515362 28
515380 19
552216 25
552217 28
552232 13
554413 22
555312 16
557432 31
558101 23
558313 28
558441 19
562101 9
562211 19
601201 2
601202 3
601231 25
601242 0
601342 25
601346 31
601361 28
601423 13
601425 7
601454 13
601455 19
601724 19
601745 28
601775 19
602100 18
602102 8
602103 6
602111 30
602120 11
602121 3
602122 6
602301 19
602314 30
602421 7
602453 25
602454 28
602455 31
602461 25
602471 28
602722 28
602741 19
602751 31
603200 30
603231 24
603321 22
603396 19
603496 19
603725 31
603743 28
603751 19
604101 19
604211 25
604311 21
604314 30
604315 25
604411 31
604415 19
604423 28
604431 31
604455 28
605203 13
605302 7
605313 19
605315 30
605316 13
605331 25
605430 19
605701 28
605711 31
605719 19
605742 28
606211 28
606243 25
606245 19
606264 16
606310 7
606451 28
606452 19
610114 24
651211 13
651212 25
651231 31
651234 19
651313 10
651314 22
651317 19
651319 16
651416 31
651425 28
701100 21
701101 28
701181 7
701183 4
701202 4
701235 16
701243 19
701244 19
701283 6
701295 19
701310 19
701335 13
701341 7
701408 25
701423 28
702100 30
702101 19
702211 7
702213 31
702312 22
702317 6
702321 25
702331 19
702342 31
702354 28
702418 13
703103 16
703202 26
703204 21
703243 28
703244 30
703309 31
703311 13
703322 31
703324 16
703330 19
703331 13
703345 28
703351 31
703361 25
703413 28
703441 19
703499 13
705191 18
705211 15
705311 1
705328 19
705331 19
705332 16
705343 25
705351 12
705431 28
705438 31
705440 13
705441 31
705444 7
705446 13
705448 16
705492 13
705499 1
751100 7
751101 28
751102 3
751106 31
751202 17
751209 19
751301 28
751302 9
751303 6
751304 19
751305 16
751308 14
751309 30
751321 31
751326 31
751330 31
751345 19
751401 16
751403 25
751405 12
751408 28
751413 19
751418 31
751419 16
751421 31
751428 19
751440 28
751443 6
751701 22
751702 16
751703 28
751705 19
751706 16
751708 19
751710 21
751712 21
751716 22
751724 16
751728 21
751732 31
751734 28
751744 31
751745 31
751751 28
751752 31
801100 21
801122 25
801134 28
801201 28
801204 28
801233 16
801236 19
801241 13
801322 19
801371 25
803122 25
803124 19
803131 28
803230 25
803232 31
851100 15
851103 28
851104 28
851105 12
851200 19
851201 7
851202 10
851204 3
851205 31
851241 12
851261 30
851273 30
851305 21
851306 24
851309 22
851310 6
851341 21
851342 28
851344 31
851350 3
851363 24
851366 19
851371 12
851375 13
851400 4
851401 30
851404 7
851443 28
851445 22
851450 31
851467 31
951100 17
951106 6
951124 30
951202 16
951231 13
951321 19
951366 19
951421 25
951497 28
951498 19
953102 19
953104 28
953111 11
953201 19
953202 13
953214 16
953231 25
953232 13
953234 25
953323 13
953494 25
953495 31
954140 4
954141 3
954142 24
954240 31
954244 12
954310 16
954326 19
954340 25
954364 31
954371 16
954372 7
954373 28
954413 13
954420 25
954422 25
954423 28
954443 25
954472 19
954498 25
