001101 1
001102 28
001111 21
001113 18
001201 1
001202 31
001210 19
001230 27
001231 22
001250 10
001281 6
001291 28
001293 28
001310 19
001311 12
001312 28
001318 10
001320 10
001321 4
001323 22
001330 7
001342 7
001353 13
001354 30
001361 19
001362 10
001381 22
001410 16
001425 22
001443 10
001444 19
001445 22
002101 30
002110 10
002191 22
002201 31
002211 7
002221 10
002250 22
002301 4
002333 10
002365 22
003101 7
003191 22
003201 13
003414 7
003421 28
003436 10
004282 10
004301 22
004303 7
004324 10
004432 10
004473 22
004475 22
004483 31
006103 10
006126 22
006206 7
006226 19
006241 4
006242 10
006253 31
006303 7
006331 13
006346 22
006448 28
008214 10
008303 22
008314 27
008411 31
008417 10
009103 22
009105 31
009212 28
009230 18
009231 7
009326 10
009328 22
011100 21
011152 25
011153 18
011251 2
011257 6
011259 10
011269 0
011276 22
011353 4
011356 28
011362 27
011363 13
011374 28
011461 19
011464 22
011479 19
012100 10
012173 28
012200 13
012273 10
012371 31
013103 9
013110 16
013203 13
013204 28
013207 30
013209 22
013302 31
013306 13
013307 4
013317 31
013326 19
013329 10
013330 22
013413 10
013420 22
013433 19
014210 22
014211 16
014270 28
014310 19
014322 22
014323 22
014370 7
014371 28
014381 16
014401 7
014481 10
015101 31
016101 10
016102 28
017101 10
017102 13
017111 4
017210 19
018103 28
018111 9
018113 27
018125 19
018203 22
018211 10
018213 31
018231 28
018235 7
018271 4
018321 10
018351 16
019101 23
019102 22
019103 19
019105 12
019106 10
019108 13
019111 31
019203 30
019205 28
019211 7
019221 22
019303 13
019311 4
019331 16
019361 7
019371 31
019381 28
019471 22
020101 12
020102 13
020211 28
020231 31
020341 19
020362 21
021101 4
021102 28
021203 28
025108 10
025110 10
025310 7
025480 22
026101 3
026102 4
026111 22
029701 28
029711 10
050100 4
050103 19
050104 28
050106 8
050111 7
051300 10
051306 28
051313 22
051412 22
051418 28
051421 27
052202 7
052314 4
052350 13
052352 6
052357 12
052421 4
055701 10
055704 10
055771 10
057121 0
057122 3
057123 27
057125 3
057126 15
057127 5
057128 26
057129 0
057130 15
057131 9
057132 6
057133 10
057134 4
057135 31
057136 4
057137 3
057201 13
057213 7
057215 31
057284 22
057285 19
057288 31
057293 9
057294 10
057296 4
057300 31
057305 16
057403 28
057405 22
057410 10
057420 19
057425 7
057426 7
057428 10
057450 4
059419 13
061106 31
061201 10
061223 12
061306 21
061309 12
061312 10
061317 22
061403 19
062200 22
062320 28
062341 22
062342 4
062343 13
062344 7
062346 16
062360 13
062380 7
062411 16
062452 4
062460 7
062499 28
063710 28
064201 28
064206 10
064207 7
064271 10
064272 13
064281 4
064301 4
064410 10
064423 19
064424 10
065210 7
065212 28
065310 10
065320 31
065332 6
065436 22
065799 10
066221 4
066323 7
066410 10
066414 28
066425 22
067202 13
067303 4
067311 10
067372 28
067373 13
067432 13
070100 13
070201 10
070301 4
070303 19
070304 19
070308 28
070400 10
070401 10
070404 10
070413 28
070414 16
070415 22
070416 22
070711 7
070720 22
070721 28
070727 28
070731 10
070740 10
071411 22
071412 19
071413 7
071415 7
071416 4
071419 10
071420 28
071423 4
071425 22
071426 31
071724 10
074100 19
074101 20
074414 10
076312 10
076314 7
076414 31
076427 10
076428 10
076429 4
076444 28
076466 19
077422 10
078444 21
078454 22
099101 27
099102 6
100102 30
100103 4
100104 15
100105 21
100106 12
100107 30
100108 28
100205 19
100206 19
100207 15
100208 21
100209 2
100306 20
100307 16
100308 27
100309 25
100310 30
100501 10
101100 9
101105 31
101201 7
101211 4
101400 10
101405 31
103191 10
103271 22
104200 30
104201 10
104300 10
104301 19
104325 22
104340 10
104410 4
104495 31
105304 13
109100 31
109115 12
112101 30
112102 4
112103 22
112108 31
112110 10
112201 3
112203 31
112213 10
112300 22
112314 28
112411 10
115200 13
115300 28
115301 19
115302 7
126101 15
126321 16
126330 19
126428 28
126443 10
127100 22
127101 7
127203 3
127206 22
127207 12
127303 28
127312 15
127314 7
127315 19
127316 10
127320 13
127326 4
127329 28
127413 22
127711 7
127717 22
127718 28
127719 10
128100 9
128101 10
128202 7
128203 16
128204 4
128307 13
128309 28
128352 22
128354 22
128403 10
128701 10
128710 7
128730 22
128734 28
128740 28
128762 10
140103 31
152321 22
154104 31
154141 31
154151 3
154231 12
154262 31
154281 30
154311 3
154330 19
154352 10
154371 22
154384 31
154388 28
154443 10
154455 13
154482 10
154488 10
159100 29
159101 12
159151 25
159203 25
159221 4
159301 19
159351 16
159356 19
159403 18
159411 10
159412 10
159431 7
159454 28
164200 16
164341 10
168101 22
168313 22
176100 6
176101 16
176220 7
177103 4
177214 19
177216 10
177242 28
177283 22
177285 13
177321 16
177330 28
177336 13
177341 7
177361 31
177393 4
177404 16
177425 10
177426 13
177427 31
177434 19
177446 22
177447 3
177450 7
177464 12
177465 22
177467 28
177481 10
201100 25
201110 19
201114 13
201115 12
201116 17
201117 31
202100 24
202101 13
202141 27
202143 5
202145 30
202184 18
202231 24
202260 13
202321 22
202334 10
202342 13
202353 28
202361 4
202434 10
202473 22
202495 7
202742 28
202764 28
202765 22
202773 28
202782 28
202833 10
202848 22
202873 28
203100 30
203103 22
203111 7
203116 28
203151 4
203162 30
203201 10
203203 7
203204 31
203206 4
203207 15
203208 10
203209 7
203222 30
203226 20
203231 13
203235 12
203236 31
203255 7
203315 28
203331 22
203351 19
203352 22
203475 28
203714 28
203716 7
203722 22
203732 10
203736 22
203739 28
203743 22
203753 10
203821 7
203828 10
203879 19
204100 19
204101 12
204111 28
204202 16
204219 10
204231 7
204251 15
204321 22
204325 13
204341 10
204361 31
204363 22
204365 19
204381 10
204383 19
204432 28
204435 28
204451 28
204453 7
204471 22
204712 10
204721 22
204732 28
204735 7
205100 31
205103 27
205104 13
205105 0
205235 30
205239 7
205275 12
205303 4
205337 28
205355 10
205393 19
205712 22
205735 28
205783 10
206100 31
206101 27
206103 31
206107 25
206111 22
206113 31
206161 7
206171 25
206181 30
206191 13
206203 30
206211 15
206216 4
206217 10
206261 7
206267 7
206281 13
206300 7
206321 22
206324 19
206325 7
206327 13
206331 9
206335 28
206336 10
206341 4
206355 4
206362 9
206370 22
206381 10
206436 31
206437 13
206441 16
206717 28
206720 22
206721 28
206730 10
206736 10
206753 10
207100 3
207103 3
207105 19
207107 30
207109 18
207110 19
207115 16
207117 14
207123 19
207131 24
207135 13
207171 12
207173 11
207183 30
207187 30
207203 4
207205 22
207208 22
207213 16
207308 9
207310 31
207313 10
207323 28
207348 28
207401 4
207406 28
207701 7
207703 22
207705 28
207711 10
207741 10
208101 22
208140 22
208263 26
208270 30
208271 22
208272 22
208280 7
208321 28
208329 28
208343 22
208348 16
208425 22
208737 10
209201 28
209251 21
209301 19
209302 28
209303 10
209331 16
209351 4
209358 13
209361 7
209368 16
209375 7
210201 28
210202 13
210204 10
210343 22
210351 10
210383 13
210425 19
210434 4
210703 7
210704 22
210707 28
210731 10
210733 10
210743 10
211100 15
211311 28
211315 9
211319 7
211413 16
211440 19
211442 28
211495 10
211702 22
211889 28
213706 22
213707 10
213714 28
214261 15
214312 22
214341 4
214381 28
214414 19
214415 10
214421 22
215205 19
215206 25
215207 16
215208 10
215423 4
215424 19
215431 28
215475 7
215476 22
215485 28
215486 10
215734 28
215744 22
215752 10
215762 28
215785 28
217701 22
217703 28
217707 10
217734 28
217751 10
217775 28
218100 25
218101 6
218233 16
218235 4
218321 31
218323 7
218351 4
219761 28
219789 10
220703 10
226701 7
226702 22
226704 28
226711 28
226801 10
251101 4
251211 10
251213 28
251261 12
251281 19
251312 10
251313 4
251363 22
251374 31
251384 22
251419 28
251437 4
251438 7
251439 13
251451 7
251475 10
251701 7
251702 22
251703 10
251711 28
251715 10
251745 28
251751 19
251752 7
251757 22
251758 28
251776 19
251783 7
251784 22
251785 28
251790 10
252201 4
252211 2
252232 12
252282 19
252283 2
252285 4
252286 11
252301 22
252302 10
252317 10
252322 13
252325 31
252327 4
252330 12
252342 4
252363 9
252420 22
252421 28
252427 10
252444 28
252498 4
252702 7
252726 28
252746 22
252747 28
252791 10
253303 12
253314 4
253315 28
253455 22
253481 7
253701 10
253715 22
253717 31
253731 7
253732 22
253735 4
253736 28
253748 7
253754 19
254181 31
254205 19
254206 0
254211 28
254215 30
254216 31
254222 10
254231 25
254232 22
254252 16
254282 16
254302 7
254325 12
254333 21
254372 16
254373 19
254421 19
254426 31
254435 19
254436 28
254439 10
254442 28
254444 28
254451 22
254456 22
254459 10
254461 10
254471 4
254473 7
254700 10
254702 19
254703 22
254710 28
254711 7
254734 10
254736 19
254770 19
254804 7
254873 7
254875 28
255201 13
255215 15
255251 5
255290 11
255300 22
255320 22
255321 13
255330 31
255359 4
255415 28
255431 10
255432 10
255434 22
255454 10
255455 22
255492 3
255722 7
255734 22
255738 10
255750 28
255764 28
255770 22
255771 10
255772 28
255786 7
255811 28
255820 10
256100 13
256212 13
256281 22
256316 28
256333 13
256373 4
256418 10
256441 10
259103 28
259104 25
259106 4
259107 24
259108 21
259109 27
259201 3
259203 30
260402 4
260413 28
260701 10
260702 19
260705 7
260709 22
260716 7
260718 22
260772 28
261103 31
261111 10
261200 4
261210 9
261212 13
261216 15
261217 28
261304 13
261305 16
261335 22
261336 10
261342 4
261343 28
261361 31
261405 31
261434 7
261447 22
261458 28
261461 12
261469 12
261701 22
261702 28
261706 10
261739 7
261752 10
261754 28
261769 7
261791 22
261895 10
263701 22
263702 10
263720 7
263746 19
263760 28
263770 28
263771 7
264701 19
264703 7
264706 22
264710 22
264733 28
264791 10
266702 10
268721 10
269101 31
269102 10
269111 22
269200 31
269201 6
269202 28
269340 13
269430 31
269452 22
269462 10
269470 4
269493 28
301254 25
305202 16
311352 12
318322 4
318351 4
320351 25
321251 22
324703 10
328310 22
328313 10
330110 25
330111 7
351100 18
351200 14
351201 30
351301 16
351321 22
351331 10
351441 28
351442 16
351451 31
351466 10
351489 22
352103 18
352301 13
352311 10
352321 22
352323 16
352422 31
353210 4
353301 10
353311 22
353418 28
353421 10
353431 31
353451 16
354311 3
356100 24
356101 22
356102 24
356202 22
356210 10
356212 19
356261 22
356303 31
356304 28
356411 10
356416 16
357101 17
357110 12
357210 22
357322 16
357325 22
357417 28
357441 31
357491 10
359202 27
359203 31
359204 12
359210 22
359311 10
359409 4
359421 28
359465 22
360100 23
360400 7
360403 22
360423 28
360460 10
361210 0
361214 13
361301 22
361351 10
361442 7
361453 19
361461 28
361471 3
362211 29
363210 21
365321 31
365322 31
365324 4
365421 22
368200 19
400110 27
401382 31
403382 19
406385 28
406395 13
409281 15
409292 4
411281 7
411291 28
415291 16
420281 10
421281 19
421291 31
421385 7
421395 22
423382 10
428382 16
461100 18
461435 7
461472 10
461514 28
461523 22
462130 31
462151 31
462405 28
462409 10
462445 10
462541 22
462543 28
462584 10
463251 28
463311 22
463331 31
463341 10
463353 28
463402 7
463433 31
463455 28
463491 19
463503 16
463513 7
463545 28
463556 19
463571 10
464301 13
464311 3
464341 7
464401 3
464413 13
464441 10
464443 16
464444 19
464445 22
464502 7
501301 19
501302 22
504302 16
506303 28
506361 28
508203 7
508303 7
510201 13
510202 9
512303 10
513111 28
513114 25
513223 19
513224 28
513283 22
513315 28
513324 16
513328 7
513363 19
513371 4
513411 7
513429 22
513445 28
513471 10
514211 19
514241 10
514317 10
514323 22
514341 28
514343 19
514381 16
514383 7
514451 22
515201 13
515250 10
515306 19
515310 10
515334 22
515361 7
515364 22
515370 28
515373 10
518770 10
551312 4
552216 19
552217 31
552222 10
553311 19
554312 7
556412 22
561313 28
561314 10
562101 28
562211 22
601201 18
601302 28
601341 7
601344 19
601351 22
601422 10
601452 10
601456 13
601731 22
601758 28
601765 7
601842 10
602100 21
602102 12
602103 9
602111 28
602211 13
602315 10
602321 13
602322 22
602431 10
602432 19
602441 28
602464 22
602731 28
602761 10
603211 13
603321 31
603322 22
603351 10
603421 22
603441 28
603471 10
603496 22
603711 22
603723 28
603731 10
604304 19
604305 28
604312 22
604313 3
604351 10
604352 31
604451 28
604711 28
604715 10
605201 28
605204 15
605301 12
605313 13
605314 12
605321 4
605322 16
605701 7
605713 22
605741 28
605745 10
605751 10
606231 3
606242 4
606244 28
606263 22
606310 16
606343 7
610114 8
651104 19
651105 18
651109 10
651120 31
651210 28
651311 7
651312 22
651315 28
651316 10
701100 10
701101 10
701104 15
701181 12
701183 30
701201 10
701205 13
701211 21
701243 22
701281 10
701313 7
701321 16
701331 10
701341 28
701344 22
702100 31
702101 22
702205 4
702211 12
702213 28
702312 4
702316 4
702317 7
702341 10
702351 22
703103 13
703109 10
703202 6
703243 21
703244 19
703305 10
703308 19
703309 22
703310 28
703322 28
703323 7
703330 31
703331 13
703391 10
703404 10
703412 19
703447 7
703454 4
703498 28
705191 28
705211 12
705311 5
705329 13
705331 16
705332 10
705342 28
705351 27
705431 19
705438 31
705440 22
705441 16
705442 22
705444 3
705461 7
705493 10
705499 22
751100 10
751101 30
751102 3
751106 23
751202 7
751209 28
751301 4
751302 4
751303 28
751304 4
751305 19
751308 10
751309 10
751321 22
751326 16
751330 3
751345 19
751401 10
751403 22
751405 13
751408 31
751417 7
751418 4
751419 12
751422 31
751428 28
751440 7
751441 10
751443 10
751447 28
751451 28
751701 28
751702 10
751703 22
751704 7
751705 7
751706 22
751708 7
751712 10
751716 19
751724 28
751725 7
751726 28
751727 19
751729 19
751734 4
751744 22
751752 10
801100 24
801201 13
801225 16
801235 9
801321 19
801331 22
801333 7
801336 28
801421 10
801471 22
801481 28
803121 4
803123 10
803231 10
851100 23
851104 13
851105 10
851108 16
851200 13
851201 27
851202 7
851204 20
851205 12
851273 6
851305 15
851309 28
851313 22
851343 7
851344 10
851345 10
851360 28
851362 22
851367 13
851372 10
851375 9
851400 4
851404 22
851406 31
851407 28
951100 20
951101 28
951102 25
951125 4
951203 7
951302 28
951323 16
951331 22
951344 22
951348 7
951352 28
951497 19
953103 22
953111 31
953211 4
953212 22
953233 4
953261 28
953321 12
953322 4
953331 28
953361 10
953421 22
953494 28
954100 10
954140 3
954141 28
954245 19
954246 3
954260 22
954270 30
954311 22
954312 31
954320 10
954323 28
954343 28
954370 19
954374 12
954412 22
954413 28
954462 13
954471 28
954491 22
954498 28
