001101 4
001102 1
001112 3
001118 29
001201 1
001202 31
001210 28
001222 24
001223 4
001224 4
001225 4
001226 4
001227 0
001228 0
001229 6
001230 0
001231 10
001234 4
001250 31
001291 31
001292 7
001310 18
001311 7
001312 12
001314 21
001315 28
001320 22
001321 31
001323 21
001330 16
001341 25
001342 16
001352 13
001355 13
001361 10
001362 7
001391 6
001410 28
001423 10
001440 3
001445 4
001446 10
001463 10
001471 28
001472 19
002102 11
002111 5
002191 13
002202 19
002230 16
002260 25
002302 16
002311 10
002321 3
002331 22
002362 7
002402 4
002441 25
002471 16
003102 31
003191 0
003202 10
003314 10
003331 28
003332 4
003361 16
003367 31
003454 28
004282 19
004465 31
004472 31
004474 28
004476 22
006103 31
006226 16
006241 21
006253 28
006307 10
006326 16
006330 30
006349 7
006353 4
006423 31
006432 31
006443 16
006448 25
006475 13
008214 3
008314 16
008326 16
008402 4
008411 25
009103 28
009213 7
009234 7
009236 10
009254 25
009325 19
009327 16
009344 16
009355 25
009356 28
009358 10
009363 6
009446 4
011100 21
011101 22
011154 22
011156 28
011157 10
011251 31
011257 6
011268 10
011269 5
011276 13
011277 9
011278 6
011355 7
011367 10
011457 25
011479 10
012173 24
012200 20
012271 3
012272 7
013103 15
013110 10
013203 3
013204 22
013207 10
013208 9
013209 12
013216 25
013217 31
013301 19
013303 16
013306 7
013321 25
013335 19
013337 4
013410 4
013413 25
013422 25
013428 16
013431 16
013432 10
014210 25
014211 19
014270 12
014310 13
014311 21
014323 25
014370 28
014383 16
014390 10
014401 10
014410 6
014422 31
014423 4
014471 16
014481 15
015101 28
015102 28
016101 31
016102 25
017101 25
017102 16
017111 28
017112 28
017231 28
018104 4
018111 10
018112 22
018114 22
018126 10
018204 28
018271 10
018323 28
018352 28
018372 31
018468 28
019101 31
019104 7
019105 18
019106 7
019112 4
019204 16
019205 22
019206 7
019212 13
019222 10
019332 16
019351 7
019362 28
019373 19
019441 10
020101 3
020102 10
020212 16
020231 10
020232 10
020261 3
021101 10
021102 10
021203 22
021204 31
021270 7
024752 10
025110 16
025381 16
025481 28
026101 6
026102 31
026111 22
026112 31
026201 7
026202 22
050100 13
050103 12
050104 28
050106 15
050112 30
050113 27
051302 10
051304 31
051306 16
051310 31
051313 19
051412 10
051418 28
052203 16
052310 10
052323 19
052331 7
052350 31
052351 4
052353 28
052355 22
052400 25
052417 19
052420 6
052422 15
052441 22
052442 16
052445 10
052448 7
052449 25
052725 31
054821 10
054822 10
055702 31
055703 10
055711 25
055739 25
057121 27
057122 20
057123 24
057125 7
057126 23
057127 19
057128 21
057129 31
057130 9
057131 7
057132 31
057133 10
057134 18
057135 31
057136 28
057137 4
057138 30
057139 13
057213 28
057283 19
057286 7
057287 25
057290 16
057295 6
057297 4
057298 25
057301 6
057302 28
057305 22
057307 31
057316 31
057366 19
057401 13
057404 10
057407 25
057413 19
057419 16
057425 28
057427 10
057428 13
057450 28
059405 13
059413 28
059419 13
061106 16
061201 28
061205 10
061223 22
061224 31
061306 31
061312 30
061313 22
061317 31
061319 6
061401 31
061403 25
061405 10
061430 19
062342 13
062346 10
062360 4
062380 19
062411 4
062452 25
062460 10
062470 25
062499 16
063201 28
064204 10
064231 16
064232 4
064252 25
064303 28
064411 10
064412 16
064413 19
064417 28
064422 16
064423 31
064424 18
064474 28
065120 31
065121 22
065211 4
065212 13
065311 18
065320 25
065333 13
065420 7
065436 16
065437 25
065438 10
065782 25
065795 31
065797 10
065799 10
066222 25
066324 25
066412 28
066416 4
066426 19
067201 16
067203 28
067303 31
067311 6
067371 4
067433 6
067435 19
067436 16
067491 7
070200 15
070304 16
070305 28
070400 16
070401 31
070403 28
070404 28
070410 19
070411 25
070413 28
070414 6
070415 28
070416 4
070727 31
070731 10
070741 10
071411 25
071412 16
071413 4
071414 10
071415 7
071416 28
071417 25
071419 15
071420 25
071426 28
071724 10
074100 13
074101 25
076414 16
076426 28
076427 3
076428 16
076429 10
076430 28
076444 25
076466 31
078444 3
079444 31
088708 10
099101 12
099102 31
099103 30
100102 13
100104 31
100109 9
100110 28
100111 19
100112 12
100205 16
100206 10
100207 13
100208 19
100210 30
100212 28
100213 21
100214 16
100218 10
100219 16
100220 22
100222 10
100225 7
100227 10
100281 19
100306 0
100307 22
100308 30
100309 10
100310 4
100501 0
101201 31
101202 13
101205 19
101325 7
101405 16
101490 15
103271 22
104100 10
104201 28
104302 7
104310 16
104320 4
104327 28
104334 10
104435 10
104450 16
104490 28
109100 6
109114 28
112101 28
112105 16
112106 25
112109 31
112202 10
112205 28
112303 28
112321 10
112322 10
112406 31
112424 16
115300 28
116301 28
116302 16
126101 30
126102 28
126212 7
126213 4
126214 22
126324 16
126325 28
126328 31
126330 9
126331 28
126332 30
126400 10
126431 19
126434 28
126436 21
126437 31
126438 7
126442 9
127100 13
127101 10
127202 25
127205 13
127206 10
127303 15
127313 21
127320 19
127330 19
127332 9
127333 21
127336 28
127359 15
127411 13
127412 25
127413 10
127414 16
127415 25
127416 6
127424 28
127433 31
127492 16
127716 25
127720 31
127721 19
127730 10
128100 9
128101 19
128201 6
128304 27
128305 11
128306 21
128308 16
128310 13
128353 16
128401 31
128423 10
128425 16
128427 28
128429 10
128434 28
128445 12
128451 28
128462 16
128471 25
128484 4
128700 25
128712 19
128727 31
128734 10
128751 19
140101 16
140102 10
140103 19
140104 27
140105 24
152211 10
152301 28
152321 28
152331 28
154100 28
154104 12
154141 10
154152 16
154153 22
154173 19
154181 3
154251 25
154276 22
154281 19
154301 10
154330 28
154431 28
154479 19
154482 16
154492 25
159100 18
159101 14
159102 22
159151 31
159202 19
159203 28
159204 16
159331 6
159411 16
159412 28
159434 25
159462 31
160342 13
164261 28
164341 10
168101 25
168410 31
176100 29
176101 20
176104 22
177104 16
177113 21
177114 7
177141 19
177142 28
177181 10
177220 22
177222 25
177227 6
177228 16
177229 10
177300 9
177321 19
177332 28
177335 3
177341 7
177361 27
177362 25
177413 10
177420 31
177425 13
177429 13
177430 4
177431 10
177433 7
177460 16
177464 28
177465 30
177466 13
177470 4
177471 25
177483 31
177491 13
177494 7
177495 7
179402 31
179403 10
179404 16
179406 28
179443 22
201100 23
201110 31
201114 16
201116 27
201117 6
201190 28
202100 31
202101 6
202102 29
202147 14
202231 10
202303 28
202305 30
202311 28
202331 10
202356 28
202371 4
202405 16
202432 31
202442 25
202461 25
202471 7
202475 28
202476 25
202484 10
202731 31
202736 31
202749 10
202770 25
202804 10
202807 10
202833 10
202843 31
203100 3
203104 27
203108 8
203111 12
203113 14
203114 17
203131 30
203132 18
203151 31
203152 0
203154 6
203158 15
203159 16
203162 29
203202 9
203203 21
203204 30
203206 6
203207 9
203208 22
203209 26
203211 16
203222 28
203223 6
203226 24
203232 12
203236 2
203250 25
203287 30
203300 13
203304 22
203316 16
203351 31
203352 22
203413 31
203424 10
203425 28
203435 16
203459 28
203708 31
203715 10
203719 25
203721 10
203734 25
203735 31
203749 25
203754 10
203775 31
203804 10
203812 31
203825 25
203829 31
204100 25
204101 30
204113 28
204123 22
204202 16
204217 27
204232 9
204251 12
204306 21
204315 15
204320 28
204333 22
204355 28
204362 15
204382 25
204422 3
204425 16
204441 13
204443 6
204452 28
204456 10
204482 28
204483 31
204490 30
205100 21
205103 27
205105 25
205216 12
205232 28
205244 30
205252 6
205282 16
205324 31
205344 25
205358 16
205361 10
205382 10
205421 16
205473 28
206100 18
206103 18
206104 3
206108 31
206111 18
206112 25
206161 9
206162 19
206171 24
206172 11
206181 10
206182 10
206191 10
206211 28
206216 6
206217 10
206253 28
206255 31
206261 19
206266 4
206281 19
206311 28
206313 31
206321 31
206325 27
206327 10
206331 18
206336 6
206341 9
206342 16
206355 19
206357 16
206362 3
206364 28
206367 25
206368 28
206370 15
206421 10
206435 16
206437 12
206467 7
206471 28
206476 30
206481 19
206725 25
206726 31
206728 10
206729 10
206731 25
206734 31
206736 25
206737 25
206774 31
207100 31
207104 9
207105 4
207106 5
207108 16
207109 12
207110 28
207116 17
207117 0
207118 25
207125 18
207137 12
207162 22
207172 28
207181 20
207187 17
207188 10
207191 16
207195 4
207214 31
207302 10
207305 18
207306 6
207312 16
207321 28
207402 19
207408 25
207415 16
207442 31
207448 7
207449 16
207704 19
207706 25
207708 31
207712 10
207741 10
207766 10
207776 10
208101 17
208140 10
208141 14
208161 7
208250 16
208263 16
208264 31
208271 21
208272 3
208322 12
208345 10
208346 28
208353 28
208362 25
208373 4
208384 10
208423 10
208444 6
208446 22
208460 16
208738 19
208740 10
208770 31
208772 31
208774 25
208776 31
208873 10
209203 7
209204 30
209252 27
209253 19
209262 15
209263 22
209270 3
209271 10
209272 16
209322 4
209332 4
209341 31
209352 22
209370 10
209376 16
209382 25
209424 16
209452 3
209454 15
209456 19
209466 31
209486 28
209714 25
209772 10
209787 31
209789 25
210100 10
210200 28
210207 19
210221 10
210251 13
210276 31
210315 7
210331 25
210355 15
210432 13
210435 16
210448 25
210463 28
210702 10
210717 31
210734 25
210741 31
210743 25
210748 31
210787 25
211100 24
211303 7
211312 25
211315 6
211318 4
211319 19
211341 15
211342 31
211448 10
211449 19
211495 16
211709 10
212712 10
212714 31
212731 25
213708 10
213717 31
213718 31
213763 25
214301 25
214310 19
214340 31
214341 13
214352 31
214403 10
214412 4
214431 16
214442 16
214462 16
214491 28
215205 29
215206 3
215207 16
215208 13
215303 16
215312 30
215313 25
215314 28
215401 25
215462 10
215482 4
215711 31
215783 10
217705 25
217708 31
217773 10
218100 23
218234 13
218236 31
218244 16
218262 25
218352 19
218362 13
218372 16
218382 28
218481 16
218486 28
218496 28
219753 25
219781 31
226703 10
226704 31
226710 31
226805 10
229223 22
229351 19
251100 13
251211 21
251213 7
251216 28
251242 30
251261 9
251292 19
251312 18
251313 4
251333 6
251334 16
251342 30
251361 10
251363 13
251371 6
251372 7
251374 25
251399 31
251411 28
251417 28
251434 16
251436 10
251451 28
251455 3
251456 13
251457 10
251461 10
251465 31
251704 13
251707 10
251713 10
251716 19
251723 25
251724 31
251738 10
251746 19
251748 25
251754 19
251760 25
251763 10
251765 31
251773 19
251781 25
251784 31
252210 21
252212 28
252222 18
252235 13
252281 25
252282 13
252283 30
252285 31
252311 15
252320 18
252331 10
252353 16
252401 28
252402 13
252403 25
252404 10
252413 31
252420 4
252421 22
252422 28
252423 30
252427 25
252428 6
252429 27
252435 3
252440 22
252442 4
252443 25
252448 6
252450 16
252456 25
252459 31
252460 7
252479 28
252489 10
252706 31
252707 25
252714 19
252721 19
252727 25
252755 25
252765 31
252781 31
252792 10
253215 28
253318 16
253321 31
253332 4
253423 25
253433 4
253441 6
253443 25
253451 10
253452 28
253454 28
253721 10
253725 19
253731 19
253734 25
253735 25
253747 13
253749 28
253752 13
253754 31
253791 31
254182 31
254200 16
254205 18
254206 13
254207 16
254211 9
254215 27
254216 10
254222 12
254231 25
254232 24
254271 6
254282 16
254334 13
254352 21
254362 30
254371 15
254373 19
254400 28
254411 10
254412 25
254415 16
254421 7
254423 28
254424 28
254427 16
254435 16
254441 25
254443 28
254445 10
254446 16
254451 10
254452 4
254453 28
254466 31
254476 31
254477 7
254478 16
254495 28
254701 10
254721 31
254733 19
254737 25
254771 25
254816 10
254857 31
255210 27
255230 12
255300 7
255301 25
255316 2
255323 13
255328 15
255337 18
255340 0
255393 28
255422 16
255425 28
255430 28
255432 31
255433 28
255437 16
255440 10
255442 25
255445 16
255447 28
255451 16
255455 6
255463 28
255471 31
255497 10
255714 13
255735 25
255746 10
255750 19
255751 19
255769 31
255772 31
255783 19
255786 31
255791 28
255792 31
256100 31
256271 25
256281 7
256317 31
256318 25
256334 7
256415 16
256419 10
256442 28
256443 19
256456 25
256473 28
256474 16
256713 19
256741 10
256752 25
256753 31
256791 10
259103 11
259104 14
259106 21
259107 26
259108 22
259193 24
259195 9
259200 28
259201 23
259203 10
259401 28
260313 16
260334 28
260421 28
260702 19
260712 25
260719 31
260791 10
261102 13
261111 30
261112 30
261113 31
261205 28
261207 6
261208 25
261214 12
261215 3
261218 21
261305 22
261306 19
261332 18
261342 28
261343 7
261361 16
261411 25
261421 28
261430 7
261433 10
261444 31
261446 25
261447 10
261448 28
261449 16
261453 7
261465 31
261473 10
261479 28
261494 10
261497 30
261498 10
261499 13
261731 10
261736 10
261742 13
261745 19
261751 10
261752 25
261755 31
261763 19
261792 13
261796 25
261891 19
263710 19
263721 25
263724 31
263745 10
263751 10
264702 25
264703 31
264705 10
264755 19
264791 13
265706 25
265709 31
265710 10
266703 10
266801 31
268735 19
268741 25
268742 10
269103 13
269105 25
269130 31
269210 16
269341 13
269360 16
269370 31
269497 4
269498 4
270721 25
270791 25
305203 16
318322 13
329104 15
330112 4
351100 30
351201 10
351302 10
351331 15
351364 25
351371 19
351425 3
351426 16
351464 28
352103 12
352311 28
352314 31
352315 4
352323 10
352331 16
352332 7
352401 13
352412 7
352413 28
352421 10
352422 22
352433 25
352441 16
353313 28
353418 16
353431 13
353441 13
353471 4
353482 31
354311 10
354312 10
355411 16
356100 30
356101 14
356102 28
356210 30
356261 28
356306 28
356331 7
356333 7
356373 4
356375 16
356411 19
356412 10
356415 25
356416 10
356431 22
356432 28
356441 4
356442 13
356443 16
356444 25
356446 19
356447 28
356448 31
356449 16
356455 10
356472 10
356474 31
357110 21
357210 22
357322 4
357323 19
357418 16
357421 16
357432 25
357442 7
357444 28
357446 4
359202 13
359205 31
359206 16
359302 16
359305 7
359341 28
359350 13
359360 4
359401 28
359403 19
359419 16
359422 25
359452 16
359455 10
359460 25
359461 31
360100 31
360301 4
360402 4
360403 16
360411 31
360423 25
360441 10
360460 28
361210 31
361211 25
361214 28
361341 13
361414 28
361421 7
361433 4
361442 10
361461 31
361475 19
363210 19
365201 31
365211 28
365301 19
365324 4
365331 25
365422 10
365425 16
365426 28
368211 22
368310 6
368412 25
368417 9
368433 28
400110 31
400210 16
401281 4
401383 4
401391 25
403281 19
403383 16
406284 16
406294 7
406386 6
406396 3
408382 28
410381 27
413383 22
413391 7
415393 19
420282 28
421282 13
421292 25
421386 31
421396 13
422381 21
428281 31
428282 10
428381 10
428383 15
461170 19
461471 4
461472 10
461511 19
461526 4
462130 26
462531 19
462542 25
462545 31
462582 10
462587 4
462588 10
463201 16
463252 28
463331 10
463332 10
463342 25
463354 28
463512 16
463513 4
463534 19
463543 10
463544 31
463557 28
463559 25
463571 22
463592 25
464302 16
464312 31
464402 13
464403 7
464414 19
464442 28
464443 16
464445 25
464446 31
464500 10
464502 13
464504 25
464505 31
464506 16
464508 10
464544 28
464545 10
464546 10
464549 4
501201 10
501202 16
501305 16
501306 28
502313 19
502314 13
504202 25
504305 25
506202 28
508304 10
510306 4
512304 31
513113 15
513115 25
513212 10
513216 16
513217 25
513225 31
513284 28
513331 28
513343 10
513364 16
513373 25
513390 31
513411 16
513446 10
514202 31
514206 19
514222 7
514244 28
514272 25
514322 19
514336 13
514352 16
514358 10
514382 31
514384 25
514396 28
514398 4
515204 7
515205 10
515256 31
515257 28
515330 28
515337 13
515339 4
515362 25
515377 31
515378 16
515380 10
515407 19
515440 25
515441 31
515442 10
518724 10
518770 31
551311 25
552216 16
552217 28
552232 16
553312 10
554314 16
555313 31
556311 10
557433 25
558101 5
558432 31
561312 28
562101 10
562211 28
571115 28
601201 30
601202 19
601231 7
601242 13
601342 10
601346 28
601351 13
601361 31
601423 25
601424 4
601425 13
601436 13
601452 25
601471 10
601472 16
601745 31
601769 25
601775 10
602100 11
602102 31
602103 21
602120 16
602121 14
602122 22
602314 28
602421 7
602432 31
602453 25
602454 28
602455 28
602461 16
602463 10
602471 19
602741 31
602751 10
603200 22
603231 4
603321 10
603341 31
603396 16
603423 10
603496 28
603725 25
603743 31
603751 10
604101 9
604211 25
604311 16
604314 21
604315 25
604411 18
604415 16
604423 9
604431 3
604443 16
604454 10
604455 28
605203 28
605302 25
605313 10
605315 28
605316 13
605321 19
605331 28
605340 28
605412 16
605430 4
605711 31
605719 10
606211 28
606243 28
606245 25
606264 10
606310 7
606341 19
606342 25
606344 31
606451 28
606452 10
610114 26
651211 31
651212 10
651231 22
651234 16
651306 28
651313 28
651314 13
651317 10
651319 19
651416 25
651425 31
701100 27
701101 22
701181 19
701202 22
701211 28
701235 25
701243 16
701244 7
701283 22
701310 25
701335 10
701408 16
701409 16
701410 10
701496 28
702100 30
702101 8
702211 12
702213 10
702312 24
702317 13
702321 9
702331 19
702342 10
702354 21
702423 10
702443 16
702499 28
703103 22
703202 27
703204 15
703243 3
703244 25
703322 16
703324 4
703330 7
703331 31
703345 27
703351 19
703361 16
703413 28
703441 9
703444 10
703499 10
705191 3
705211 8
705311 2
705328 4
705331 31
705332 7
705343 31
705431 9
705438 28
705440 16
705441 6
705444 7
705446 22
705447 6
705461 18
705492 10
705499 28
751100 7
751101 29
751102 7
751106 19
751202 14
751209 18
751301 17
751302 15
751303 12
751305 13
751308 7
751309 9
751321 7
751326 28
751330 10
751345 10
751401 22
751403 26
751405 16
751408 21
751417 28
751418 28
751419 28
751421 31
751422 28
751424 4
751428 25
751440 31
751443 30
751447 7
751451 21
751701 28
751702 10
751703 19
751705 12
751706 10
751708 31
751710 25
751716 13
751718 13
751719 19
751727 19
751742 25
751744 25
801100 14
801122 31
801134 16
801204 10
801233 16
801236 4
801241 19
801322 28
801334 16
801371 31
803122 16
803124 28
803131 25
803230 16
803232 31
803260 28
851100 6
851103 30
851104 12
851105 19
851200 16
851201 28
851202 31
851204 28
851207 26
851241 28
851252 12
851253 9
851261 25
851263 31
851273 22
851305 19
851306 30
851309 10
851313 31
851363 28
851366 15
851375 28
851400 25
851401 13
851404 4
851406 16
851443 18
851445 10
851450 19
851462 28
851467 18
951100 24
951202 28
951231 16
951321 25
951324 28
951366 28
951421 10
951498-020 4
951498-021 25
953102 31
953104 28
953111 3
953201 13
953202 16
953214 7
953231 10
953232 10
953234 16
953323 10
953361 28
953421 25
953444 28
953494 19
953495 4
954100 28
954140 6
954142 25
954143 28
954170 13
954240 12
954244 4
954310 10
954340 22
954347 16
954371 19
954372 10
954374 25
954413 16
954421 7
954423 28
954464 3
954472 28
954491 31
954498 13
955102 25
955104 4
