001101 1
001102 1
001112 25
001118 30
001201 1
001202 19
001210 17
001222 21
001223 7
001224 8
001225 4
001226 16
001227 4
001228 1
001229 19
001230 5
001231 10
001234 7
001250 27
001291 6
001292 10
001310 11
001311 8
001312 12
001314 13
001320 28
001321 28
001323 15
001330 22
001341 19
001342 16
001352 28
001355 28
001361 9
001362 10
001410 19
001423 30
001440 13
001445 18
001447 7
001471 28
001472 19
002102 10
002111 31
002191 14
002192 28
002202 19
002230 31
002260 25
002302 19
002311 7
002321 22
002331 28
002362 13
002402 25
002441 13
002471 22
002472 31
003101 10
003102 22
003191 24
003202 31
003332 19
003414 31
003421 28
003436 25
003454 22
004282 31
004465 27
004470 4
004472 22
004474 28
004476 13
006103 24
006126 19
006226 13
006241 28
006253 10
006307 22
006326 13
006330 28
006349 25
006443 22
006448 22
006454 31
006475 10
008214 27
008314 19
008326 22
008402 19
008411 22
009103 27
009213 6
009234 13
009236 28
009254 16
009301 31
009344 22
009355 10
009356 25
009358 7
009363 19
009446 19
011100 12
011101 9
011151 19
011154 13
011156 15
011157 0
011251 6
011268 22
011269 27
011276 12
011277 31
011278 19
011355 31
011367 22
011457 10
011479 4
012173 3
012174 13
012200 0
012374 9
012475 22
013103 12
013110 13
013203 27
013204 19
013207 7
013208 16
013209 0
013216 31
013217 6
013301 22
013303 13
013306 9
013321 30
013335 10
013337 12
013410 16
013413 25
013428 19
013431 19
013432 28
013433 24
014211 16
014270 13
014310 10
014311 31
014323 19
014370 31
014371 28
014383 22
014401 15
014422 12
014423 25
014471 4
014481 12
014483 28
015101 9
015102 28
016101 16
016102 19
017101 25
017102 19
017111 31
017231 28
018104 4
018112 26
018114 6
018126 31
018204 22
018271 3
018323 19
018352 19
018372 22
018467 19
018471 22
019101 14
019104 22
019105 13
019106 10
019112 25
019204 22
019205 4
019206 31
019212 31
019222 28
019332 25
019351 0
019362 19
019371 24
019373 19
019441 28
020101 10
020102 22
020212 13
020231 10
020232 22
020261 31
021101 0
021102 22
021203 19
021204 31
021270 12
024752 19
025110 31
025310 31
025481 13
026101 20
026102 19
026111 6
026112 23
026201 21
029732 22
030101 18
050100 23
050103 0
050104 27
050106 29
050112 6
050113 3
051302 19
051304 22
051306 31
051310 10
051313 28
051418 27
052203 28
052310 16
052314 28
052323 7
052331 31
052350 13
052351 22
052353 22
052355 7
052400 28
052417 30
052419 31
052422 31
052442 12
052447 10
052448 19
052449 19
053713 19
054821 19
055702 28
055734 25
055739 22
055757 19
057121 3
057122 2
057123 0
057125 10
057126 26
057127 11
057128 29
057129 22
057130 17
057131 27
057132 19
057133 12
057134 13
057135 26
057136 30
057137 21
057138 6
057139 27
057213 4
057283 28
057286 4
057287 13
057290 10
057295 10
057297 19
057298 7
057301 7
057302 19
057305 27
057316 19
057366 22
057401 22
057404 25
057407 25
057411 22
057413 13
057419 28
057427 31
057428 28
059405 22
059419 14
061103 7
061106 27
061201 13
061223 10
061224 25
061306 22
061307 19
061312 31
061313 19
061403 9
061405 19
062200 25
062210 7
062320 28
062343 10
062499 22
063201 25
064204 10
064231 13
064331 22
064411 31
064412 31
064421 28
064422 19
064423 28
064424 28
064430 22
064474 16
065120 28
065121 12
065211 22
065212 4
065311 19
065320 19
065333 31
065420 31
065435 19
065436 22
065437 22
065438 22
065797 19
066222 19
066324 31
066412 25
066414 22
067201 13
067203 25
067311 25
067371 7
067433 22
067435 16
067436 10
067491 31
070200 13
070201 13
070301 22
070303 22
070305 31
070401 22
070411 19
070413 14
070414 25
070416 19
070792 19
071411 31
071412 25
071414 7
071415 28
071416 17
071418 13
071419 19
071420 13
071423 19
071426 25
073721 19
074100 18
074101 14
074414 25
076425 22
076426 10
076427 25
076430 31
076444 22
076466 31
078444 5
078454 13
079220 13
099101 13
099102 0
099103 22
100104 19
100109 10
100110 22
100111 30
100112 31
100207 12
100220 19
100222 13
100228 30
100229 31
100230 25
100231 27
100233 28
100307 28
100308 27
100309 13
100310 22
100311 9
100312 30
100313 17
100314 7
100501 4
101201 13
101202 16
101205 31
101325 7
101405 7
101490 30
103271 9
104100 3
104302 10
104310 25
104320 31
104327 22
104334 22
104340 31
104435 13
104471 19
104490 13
109100 3
109114 0
112101 25
112105 13
112106 22
112109 31
112202 4
112205 25
112303 12
112321 13
112322 4
112406 7
112424 19
115301 19
115401 28
116301 25
116302 19
126101 19
126102 25
126212 31
126213 25
126214 7
126324 6
126326 12
126328 22
126330 27
126332 10
126400 25
126431 19
126436 28
126442 19
127100 24
127101 9
127202 13
127205 27
127313 16
127329 31
127330 28
127332 16
127333 25
127359 10
127411 13
127415 25
127416 15
127424 19
127433 22
127492 31
127493 7
127716 25
127720 22
127721 28
127727 19
128100 21
128101 15
128201 6
128304 30
128305 12
128306 2
128308 9
128310 25
128401 13
128423 10
128425 21
128427 25
128434 19
128443 22
128445 28
128451 7
128471 16
128481 22
128484 28
128700 22
128714 25
128727 19
128734 28
140101 19
140102 27
140103 22
140104 4
140105 30
152211 19
152301 22
152321 16
152331 10
154100 31
154104 9
154141 25
154152 22
154153 0
154173 12
154181 7
154251 7
154262 31
154276 28
154281 15
154301 31
154330 10
154431 25
154479 19
154492 19
159100 29
159101 25
159102 12
159151 0
159202 7
159204 16
159331 31
159351 19
159411 15
159434 0
160342 19
164261 28
164341 13
168100 22
168101 0
168410 13
176100 20
176101 16
176104 10
177103 25
177104 22
177113 31
177114 15
177141 19
177142 7
177181 13
177220 31
177222 25
177227 31
177228 22
177229 25
177300 28
177321 16
177332 21
177335 13
177336 25
177341 4
177361 0
177413 30
177420 24
177425 10
177429 19
177430 30
177431 22
177433 9
177441 25
177447 25
177460 6
177464 13
177465 7
177466 22
177470 12
177483 31
177491 22
177494 27
177495 28
179404 6
179406 28
179443 15
201100 21
201110 20
201114 28
201116 9
201117 25
201190 4
202100 15
202101 21
202102 21
202147 31
202231 12
202302 10
202303 31
202305 7
202311 28
202356 22
202362 19
202371 12
202405 16
202421 19
202432 25
202446 31
202461 22
202471 10
202475 28
202476 19
202484 19
202731 28
202744 19
202749 19
202802 19
202833 22
202843 28
203100 0
203104 30
203108 7
203111 15
203113 15
203114 15
203131 30
203132 25
203151 4
203152 27
203154 12
203158 4
203159 25
203162 26
203202 25
203204 22
203206 6
203208 16
203209 14
203211 7
203222 19
203223 0
203226 28
203232 16
203236 16
203250 31
203287 30
203300 15
203304 28
203316 12
203351 3
203352 22
203404 19
203413 13
203424 19
203425 10
203435 25
203459 22
203474 22
203708 22
203715 22
203719 28
203721 25
203725 22
203734 22
203735 19
203754 19
203775 22
203812 19
203825 22
203829 19
203879 19
204100 7
204101 16
204113 30
204123 22
204202 28
204217 30
204232 9
204251 16
204306 28
204315 28
204320 28
204333 7
204355 19
204362 9
204382 31
204422 27
204423 10
204424 13
204425 31
204443 22
204456 13
204482 12
204483 19
204490 16
204725 19
204735 28
204792 22
205100 23
205103 31
205105 25
205216 0
205232 28
205244 28
205252 6
205282 25
205324 19
205344 16
205358 13
205382 31
205421 19
205441 31
205473 22
205476 28
205731 25
205742 22
205764 25
205789 22
205796 19
206100 28
206103 3
206104 22
206108 27
206111 27
206112 19
206161 22
206162 22
206171 6
206172 6
206181 7
206182 7
206191 25
206203 31
206216 16
206217 25
206253 0
206255 6
206261 15
206266 30
206267 0
206281 13
206311 13
206313 22
206321 19
206324 15
206327 12
206331 10
206336 16
206341 7
206342 31
206362 15
206364 13
206367 10
206368 16
206370 6
206428 10
206435 19
206437 15
206457 7
206476 28
206481 25
206703 25
206714 25
206724 25
206734 19
206736 22
206737 22
206774 19
207104 12
207105 19
207106 19
207108 25
207109 18
207110 13
207116 16
207117 9
207118 10
207125 22
207162 22
207172 12
207181 16
207187 13
207188 22
207191 31
207195 28
207214 7
207302 6
207305 22
207306 28
207312 22
207321 31
207402 7
207408 27
207415 22
207442 13
207448 19
207481 19
207704 25
207706 22
207708 19
207712 19
207766 19
208101 11
208140 15
208141 7
208250 13
208263 25
208264 25
208272 3
208322 7
208345 13
208346 13
208353 25
208362 22
208373 10
208423 19
208444 24
208446 7
208460 31
208738 22
208772 19
208873 19
209203 7
209204 22
209252 25
209253 16
209262 13
209263 22
209270 16
209271 28
209272 10
209322 22
209332 25
209341 22
209352 22
209370 10
209376 16
209382 28
209424 19
209452 12
209454 25
209456 16
209466 10
209486 31
209712 25
209714 22
209716 22
209772 19
209787 25
210100 27
210200 31
210207 12
210221 6
210251 28
210276 10
210315 31
210331 16
210355 19
210432 13
210435 22
210463 28
210497 19
210702 19
210717 22
210741 22
210743 25
210744 22
210748 22
211100 24
211303 25
211312 7
211315 25
211318 10
211319 6
211341 12
211342 19
211444 22
211445 13
211446 16
211448 31
211449 28
211709 22
211843 19
212712 28
212721 19
212731 22
213706 22
213707 28
213708 19
213717 19
214301 28
214310 22
214340 15
214341 0
214352 19
214403 19
214412 19
214431 22
214491 31
215205 26
215206 14
215207 13
215208 31
215303 19
215311 13
215312 28
215313 31
215314 28
215401 19
215462 31
215482 22
215495 10
215497 28
215711 19
215742 19
217705 22
217708 19
217773 25
218100 22
218234 28
218236 10
218244 31
218262 19
218352 28
218362 13
218372 19
218382 22
218474 25
218481 16
218496 19
219741 19
219753 28
219766 22
219789 19
225702 28
225704 25
225706 22
225707 19
226703 19
226704 19
226711 25
226805 19
229223 12
229351 21
251100 6
251211 21
251213 19
251216 28
251242 31
251261 0
251292 31
251312 22
251313 22
251333 25
251334 10
251342 22
251361 25
251363 12
251371 13
251372 19
251374 16
251399 19
251411 27
251417 22
251434 16
251436 28
251451 7
251455 19
251456 9
251457 13
251461 31
251476 19
251477 12
251704 25
251707 19
251713 19
251716 22
251723 25
251724 28
251746 28
251748 22
251754 28
251760 25
251763 22
251765 19
251776 25
251781 28
251784 22
252210 14
252212 30
252222 7
252235 25
252281 25
252282 14
252283 7
252285 16
252311 16
252320 31
252328 10
252331 0
252353 7
252401 25
252402 19
252403 31
252404 22
252413 10
252420 13
252421 19
252422 30
252423 27
252427 28
252428 19
252429 25
252435 22
252440 13
252442 13
252443 10
252448 28
252450 22
252456 16
252459 31
252460 9
252479 7
252489 6
252706 25
252707 28
252727 19
252785 28
252789 25
252792 22
253215 27
253318 28
253321 10
253332 7
253416 22
253417 28
253423 22
253433 19
253441 30
253443 31
253451 10
253452 31
253454 13
253716 25
253721 19
253725 28
253734 31
253735 28
253747 25
253749 10
253752 28
253754 22
253791 22
254182 9
254200 30
254205 25
254206 13
254207 31
254211 25
254215 17
254216 19
254222 13
254231 27
254232 10
254271 0
254282 10
254302 22
254325 31
254334 25
254352 12
254362 23
254371 17
254373 21
254400 19
254411 19
254412 19
254415 7
254421 31
254422 16
254423 13
254424 28
254435 22
254441 10
254443 16
254445 16
254451 28
254452 31
254453 6
254454 10
254466 31
254476 22
254477 19
254478 19
254495 22
254701 19
254702 19
254721 19
254733 28
254737 19
254791 28
254816 22
254817 25
254857 25
255201 3
255210 12
255230 0
255300 10
255301 20
255316 5
255323 31
255328 31
255337 27
255340 9
255393 19
255422 16
255425 6
255429 21
255430 24
255431 22
255432 19
255433 31
255440 12
255442 25
255444 22
255445 13
255447 27
255451 30
255455 18
255462 10
255463 23
255471 28
255492 25
255497 12
255499 28
255714 19
255735 22
255750 19
255751 31
255769 25
255772 25
255783 28
256100 3
256271 25
256317 19
256318 12
256334 28
256418 22
256419 25
256441 19
256444 10
256456 31
256473 28
256474 31
256791 19
259103 12
259104 6
259106 5
259107 29
259108 18
259193 16
259195 7
259200 22
259201 8
259203 6
259401 24
260313 22
260334 19
260416 28
260421 19
260432 31
260702 22
261102 27
261111 10
261112 24
261113 22
261205 31
261207 0
261208 16
261214 31
261215 28
261218 10
261305 25
261306 30
261332 25
261342 13
261343 31
261361 12
261421 19
261430 31
261433 28
261438 10
261444 13
261446 28
261447 13
261448 28
261449 9
261453 13
261465 31
261473 31
261479 22
261494 0
261497-002 19
261497-008 22
261497-802 31
261497-808 19
261499 19
261736 28
261738 25
261745 19
261751 25
261752 28
261755 22
261763 22
261781 25
261795 22
261891 25
263710 31
263721 19
263724 28
263745 25
263751 22
264702 25
264705 28
264709 22
264755 19
265706 25
265709 28
265710 22
266801 19
268732 19
268735 28
268741 22
269103 13
269105 28
269111 19
269130 7
269210 19
269341 16
269360 10
269370 19
269452 25
269498 19
270712 22
270721 28
305203 31
318322 28
329105 25
329106 22
330115 7
351100 0
351201 28
351302 4
351321 22
351364 13
351371 22
351425 19
351426 19
351464 28
352103 9
352311 7
352313 0
352314 25
352401 13
352412 22
352421 28
352422 12
352433 28
352441 31
353313 7
353418 16
353431 19
353441 25
353471 25
353482 22
354311 13
354312 7
355411 31
356100 10
356101 3
356102 2
356210 27
356261 10
356333 4
356361 22
356373 13
356374 13
356411 7
356414 10
356415 31
356416 13
356431 19
356432 25
356441 4
356442 28
356443 25
356444 22
356446 16
356447 13
356449 28
356451 31
356455 22
356471 22
356472 22
356474 31
356496 31
357101 23
357110 20
357210 25
357322 9
357323 7
357418 31
357421 25
357432 19
357441 28
357444 13
357446 28
359202 17
359205 22
359206 31
359302 16
359303 22
359305 25
359341 22
359350 28
359360 7
359380 19
359401 25
359403 28
359408 15
359422 12
359423 22
359452 10
359460 10
359461 31
359465 4
360100 14
360301 25
360304 22
360441 31
361210 13
361211 7
361214 25
361341 25
361413 31
361414 25
361421 19
361433 7
361442 22
361452 10
361461 22
361475 28
363210 25
363401 19
363402 22
365201 22
365211 28
365322 19
365324 7
365422 31
365425 13
365426 19
368211 31
368310 31
368412 4
368417 28
400110 20
400210 3
401281 16
401383 27
401391 16
403281 7
403383 19
406284 13
406294 10
406386 13
406396 28
408382 6
410381 12
413383 9
413391 30
415393 25
420282 31
421282 28
421292 25
421386 7
421396 10
422381 15
428281 22
428282 19
428381 22
428383 31
461170 30
461471 12
461472 25
461511 16
461523 22
461526 25
461527 10
461532 25
462130 24
462544 19
462587 16
462588 13
463201 28
463252 19
463331 28
463332 13
463342 22
463354 19
463433 16
463512 10
463513 13
463543 22
463544 25
463557 27
463559 31
463571 16
463592 10
464302 31
464312 25
464402 19
464403 7
464414 28
464442 22
464443 25
464445 28
464446 31
464500 31
464502 25
464504 22
464505 19
464506 28
464508 31
464545 10
464549 31
501201 13
501202 22
501305 9
501306 22
502313 30
502314 27
504202 31
504305 28
506202 10
508304 10
510306 31
512304 19
513113 13
513115 31
513212 28
513216 19
513217 13
513225 22
513284 31
513331 31
513343 22
513364 28
513373 19
513390 25
513411 22
513446 19
514202 13
514206 7
514222 19
514244 25
514272 10
514322 7
514336 25
514352 22
514358 28
514382 13
514384 10
514396 31
514398 19
514436 19
514462 22
514742 25
514752 22
515204 19
515205 22
515256 31
515257 25
515330 10
515337 28
515339 31
515362 19
515377 25
515378 22
515380 13
518724 19
518770 22
551461 25
552216 22
552217 19
552232 28
557433 28
558101 21
558411 22
558432 19
562101 19
562211 19
601201 9
601202 25
601231 18
601242 31
601342 19
601346 31
601351 10
601361 13
601423 28
601424 22
601431 31
601436 22
601452 25
601471 27
601472 9
601724 19
601731 25
601745 22
601769 25
601775 19
602100 17
602102 20
602103 5
602120 7
602121 19
602122 12
602301 22
602314 0
602421 31
602453 7
602454 22
602455 10
602461 13
602472 19
602741 19
602751 19
603200 28
603231 0
603321 31
603341 10
603396 25
603423 31
603496 13
603743 25
604101 25
604211 16
604311 30
604314 28
604315 16
604411 11
604415 9
604423 22
604431 27
604443 19
604454 22
605203 28
605302 4
605313 25
605315 12
605316 19
605321 31
605331 22
605340 31
605412 10
605413 22
605430 16
605476 19
605701 19
605711 25
605719 28
605742 19
606211 31
606243 22
606245 31
606264 13
606310 28
606341 31
606342 28
606344 25
606451 22
606452 19
610114 26
651210 31
651211 22
651212 19
651234 31
651306 16
651313 13
651314 25
651317 28
651319 31
651416 22
651425 19
701100 20
701181 17
701202 22
701235 25
701244 31
701283 4
701335 19
701408 22
701423 19
701496 19
702100 6
702101 5
702211 8
702312 18
702313 21
702317 27
702321 19
702331 19
702342 25
702354 30
702418 19
702443 9
702499 30
703103 30
703109 19
703202 15
703204 16
703243 6
703244 31
703309 27
703322 16
703324 22
703330 22
703331 7
703345 15
703351 19
703361 31
703413 13
703441 25
703499 25
705191 19
705211 19
705311 18
705328 9
705331 28
705332 28
705343 30
705431 27
705438 6
705440 10
705441 9
705442 5
705444 23
705447 0
705448 19
705499 19
751100 31
751101 21
751102 22
751106 12
751202 13
751209 22
751301 8
751302 0
751303 2
751305 25
751308 29
751309 31
751320 28
751326 7
751327 28
751330 25
751401 29
751403 14
751405 13
751408 12
751417 15
751418 10
751421 30
751422 19
751428 19
751440 31
751443 16
751701 22
751702 19
751703 25
751705 13
751706 19
751708 22
751716 31
751718 31
751719 10
751728 28
751734 25
751752 22
801100 18
801122 31
801134 7
801204 19
801233 30
801236 13
801241 6
801322 28
801334 22
801371 19
803122 10
803124 31
803131 13
803230 22
803232 10
803260 13
851100 30
851103 21
851104 19
851105 22
851201 19
851202 31
851204 13
851207 15
851241 13
851252 27
851253 4
851261 25
851263 4
851273 26
851305 31
851309 18
851345 10
851363 22
851366 30
851400 13
851404 26
851406 19
851407 25
851441 9
851462 16
851467 13
852100 13
951100 12
951231 31
951324 28
951344 22
951366 19
951421 22
951498-004 19
951498-007 19
951498-011 19
951498-015 19
951498-020 25
951498-021 13
953102 31
953111 17
953201 13
953202 22
953211 7
953214 30
953231 25
953232 22
953234 10
953323 22
953422 31
953494 19
954100 13
954140 26
954142 9
954143 31
954170 13
954240 28
954326 7
954340 31
954371 30
954374 16
954423 10
954462 13
954464 0
954472 9
954491-001 13
954491-002 22
954491-003 28
954498 25
955102 31
955104 28
