001101 1
001102 1
001112 28
001118 10
001201 1
001202 19
001210 20
001222 3
001223 2
001224 8
001225 13
001226 19
001227 13
001228 14
001229 21
001230 11
001231 28
001234 7
001250 10
001291 24
001292 4
001310 13
001311 17
001312 0
001314 22
001320 10
001321 25
001323 13
001330 30
001341 22
001342 16
001352 0
001355 28
001361 15
001362 25
001410 25
001423 16
001440 18
001445 21
001447 10
001471 22
001472 30
002102 7
002111 19
002191 3
002192 30
002202 16
002230 7
002260 28
002302 22
002311 4
002321 10
002331 19
002362 16
002402 22
002441 10
002471 25
002472 16
003101 25
003102 31
003191 16
003202 27
003332 16
003414 10
003421 25
003436 4
003454 22
004282 15
004465 19
004470 27
004472 22
004474 25
004476 4
006103 24
006126 4
006226 28
006241 25
006253 7
006307 4
006326 10
006330 25
006349 22
006443 28
006448 31
006454 25
006475 16
008214 7
008314 16
008326 22
008402 16
008411 22
009103 23
009213 30
009234 15
009236 10
009254 28
009301 16
009344 22
009355 10
009356 19
009358 27
009363 28
009446 31
011100 15
011101 24
011151 4
011154 4
011156 24
011157 25
011251 24
011268 22
011269 31
011276 10
011277 15
011278 15
011355 27
011367 10
011457 16
011479 7
012173 4
012174 4
012200 27
012374 31
012475 10
013103 27
013110 4
013203 19
013204 10
013207 4
013208 16
013209 18
013216 24
013217 30
013301 31
013303 24
013306 27
013321 19
013335 22
013337 10
013410 16
013413 19
013428 19
013431 25
013432 22
013433 4
014211 19
014270 4
014310 31
014311 28
014323 22
014370 10
014371 7
014383 16
014401 15
014422 28
014423 18
014471 15
014481 21
014483 31
015101 18
015102 25
016101 22
016102 22
017101 6
017102 10
017111 7
017231 25
018104 21
018112 30
018114 4
018126 22
018204 22
018271 25
018323 22
018352 22
018372 22
018467 22
018471 25
019101 25
019104 31
019105 4
019106 31
019112 28
019204 10
019205 24
019206 10
019212 22
019222 16
019332 10
019351 7
019362 22
019371 27
019373 31
019441 16
020101 7
020102 7
020212 4
020231 30
020232 19
020261 28
021101 31
021102 31
021203 22
021204 31
021270 25
024752 22
025110 31
025310 31
025481 7
026101 24
026102 31
026111 25
026112 10
026201 26
029732 4
030101 25
050100 28
050103 16
050104 19
050106 26
050112 9
050113 19
051302 10
051304 30
051306 24
051310 25
051313 28
051418 27
052203 7
052310 10
052314 28
052323 16
052331 31
052350 4
052351 25
052353 3
052355 30
052400 4
052417 28
052419 16
052422 16
052442 22
052447 19
052448 31
052449 22
053713 22
054821 22
055702 16
055734 10
055739 4
055757 22
057121 30
057122 30
057123 28
057125 3
057126 12
057127 27
057128 9
057129 14
057130 31
057131 28
057132 24
057133 24
057134 4
057135 24
057136 28
057137 19
057138 31
057139 31
057213 7
057283 31
057286 22
057287 16
057290 19
057295 25
057297 19
057298 7
057301 7
057302 22
057305 12
057316 22
057366 30
057401 27
057404 28
057407 4
057411 25
057413 31
057419 10
057427 25
057428 25
059405 16
059419 0
061103 7
061106 24
061201 25
061223 31
061224 25
061306 19
061307 22
061312 25
061313 19
061403 24
061405 22
062200 10
062210 30
062320 28
062343 31
062499 16
063201 16
064204 28
064231 31
064331 16
064411 19
064412 31
064421 25
064422 25
064423 16
064424 30
064430 25
064474 22
065120 16
065121 9
065211 28
065212 31
065311 16
065320 16
065333 30
065420 28
065435 16
065436 22
065437 22
065438 22
065797 22
066222 22
066324 10
066412 19
066414 22
067201 19
067203 31
067311 28
067371 10
067433 28
067435 3
067436 4
067491 10
070200 4
070201 31
070301 4
070303 4
070305 19
070401 31
070411 25
070413 23
070414 6
070416 4
070792 22
071411 31
071412 22
071414 16
071415 4
071416 17
071418 4
071419 31
071420 7
071423 22
071426 19
073721 22
074100 0
074101 19
074414 22
076425 16
076426 22
076427 30
076430 16
076444 4
076466 31
078444 18
078454 31
079220 28
099101 3
099102 7
099103 16
100104 31
100109 27
100110 3
100111 25
100112 7
100207 24
100220 4
100222 30
100228 4
100229 18
100230 19
100231 6
100233 31
100307 16
100308 27
100309 7
100310 25
100311 19
100312 9
100313 31
100314 27
100501 9
101201 4
101202 25
101205 8
101325 18
101405 31
101490 4
103271 31
104100 4
104302 7
104310 18
104320 16
104327 28
104334 31
104340 4
104435 10
104471 22
104490 19
109100 6
109114 24
112101 19
112105 4
112106 28
112109 31
112202 25
112205 31
112303 22
112321 19
112322 28
112406 4
112424 28
115301 22
115401 31
116301 31
116302 30
126101 31
126102 16
126212 6
126213 3
126214 10
126324 17
126326 19
126328 5
126330 9
126332 27
126400 22
126431 18
126436 16
126442 25
127100 16
127101 20
127202 25
127205 9
127313 21
127329 16
127330 28
127332 4
127333 31
127359 15
127411 25
127415 19
127416 31
127424 22
127433 22
127492 27
127493 16
127716 10
127720 4
127721 16
127727 22
128100 3
128101 28
128201 4
128304 28
128305 18
128306 16
128308 15
128310 7
128401 3
128423 27
128425 22
128427 28
128434 16
128443 22
128445 25
128451 21
128471 13
128481 19
128484 31
128700 4
128714 10
128727 22
128734 16
140101 16
140102 10
140103 18
140104 13
140105 9
152211 31
152301 22
152321 28
152331 9
154100 25
154104 31
154141 3
154152 28
154153 24
154173 19
154181 31
154251 6
154262 31
154276 31
154281 9
154301 7
154330 22
154431 4
154479 22
154492 25
159100 16
159101 30
159102 24
159151 3
159202 31
159204 15
159331 0
159351 22
159411 16
159434 6
160342 25
164261 19
164341 7
168100 4
168101 30
168410 4
176100 3
176101 21
176104 7
177103 4
177104 31
177113 6
177114 10
177141 6
177142 28
177181 19
177220 9
177222 13
177227 16
177228 25
177229 19
177300 7
177321 4
177332 1
177335 15
177336 25
177341 16
177361 27
177413 10
177420 25
177425 3
177429 18
177430 30
177431 21
177433 13
177441 4
177447 16
177460 31
177464 31
177465 24
177466 16
177470 10
177483 25
177491 21
177494 28
177495 31
179404 16
179406 25
179443 22
201100 26
201110 7
201114 22
201116 18
201117 31
201190 7
202100 21
202101 9
202102 18
202147 15
202231 31
202302 19
202303 4
202305 7
202311 22
202356 10
202362 19
202371 10
202405 16
202421 22
202432 4
202446 25
202461 22
202471 25
202475 30
202476 22
202484 31
202731 25
202744 16
202749 22
202802 22
202833 25
202843 22
203100 29
203104 21
203108 7
203111 24
203113 22
203114 0
203131 5
203132 24
203151 7
203152 19
203154 24
203158 22
203159 6
203162 9
203202 10
203204 22
203206 21
203208 3
203209 19
203211 7
203222 31
203223 19
203226 10
203232 6
203236 29
203250 4
203287 22
203300 22
203304 15
203316 28
203351 25
203352 24
203404 31
203413 31
203424 28
203425 4
203435 22
203459 19
203474 10
203708 4
203715 22
203719 25
203721 10
203725 22
203734 22
203735 22
203754 16
203775 4
203812 16
203825 4
203829 22
203879 22
204100 10
204101 21
204113 27
204123 6
204202 18
204217 10
204232 6
204251 22
204306 9
204315 10
204320 31
204333 31
204355 10
204362 21
204382 30
204422 16
204423 4
204424 19
204425 27
204443 3
204456 18
204482 18
204483 30
204490 22
204725 22
204735 25
204792 16
205100 25
205103 4
205105 19
205216 24
205232 30
205244 15
205252 19
205282 9
205324 19
205344 4
205358 28
205382 30
205421 25
205441 22
205473 25
205476 10
205731 10
205742 4
205764 10
205789 4
205796 22
206100 22
206103 9
206104 0
206108 10
206111 26
206112 20
206161 27
206162 27
206171 2
206172 2
206181 7
206182 9
206191 4
206203 4
206216 25
206217 7
206253 31
206255 4
206261 2
206266 7
206267 7
206281 7
206311 22
206313 19
206321 27
206324 15
206327 10
206331 3
206336 15
206341 30
206342 31
206362 6
206364 16
206367 30
206368 28
206370 21
206428 16
206435 25
206437 10
206457 4
206476 25
206481 3
206703 10
206714 10
206724 10
206734 22
206736 4
206737 4
206774 22
207104 16
207105 3
207106 14
207108 31
207109 30
207110 31
207116 23
207117 4
207118 31
207125 16
207162 31
207172 28
207181 15
207187 15
207188 25
207191 9
207195 22
207214 16
207302 6
207305 9
207306 27
207312 16
207321 16
207402 15
207408 19
207415 4
207442 4
207448 18
207481 22
207704 10
207706 4
207708 22
207712 22
207766 22
208101 17
208140 23
208141 10
208250 31
208263 8
208264 19
208272 19
208322 3
208345 4
208346 25
208353 19
208362 9
208373 7
208423 4
208444 3
208446 10
208460 16
208738 4
208772 22
208873 22
209203 10
209204 24
209252 10
209253 25
209262 4
209263 19
209270 3
209271 22
209272 28
209322 16
209332 10
209341 22
209352 30
209370 4
209376 28
209382 19
209424 22
209452 4
209454 19
209456 27
209466 21
209486 31
209712 10
209714 4
209716 4
209772 22
209787 10
210100 15
210200 25
210207 10
210221 19
210251 3
210276 21
210315 28
210331 19
210355 4
210432 22
210435 25
210463 16
210497 22
210702 22
210717 4
210741 4
210743 10
210744 4
210748 4
211100 18
211303 25
211312 18
211315 6
211318 10
211319 5
211341 15
211342 22
211444 10
211445 28
211446 19
211448 31
211449 16
211709 4
211843 22
212712 16
212721 22
212731 25
213706 25
213707 22
213708 16
213717 22
214301 30
214310 7
214340 27
214341 28
214352 19
214403 22
214412 4
214431 16
214491 10
215205 16
215206 0
215207 4
215208 31
215303 22
215311 16
215312 25
215313 16
215314 25
215401 30
215462 22
215482 31
215495 10
215497 28
215711 22
215742 22
217705 4
217708 22
217773 10
218100 25
218234 31
218236 28
218244 16
218262 22
218352 4
218362 28
218372 16
218382 25
218474 30
218481 25
218496 22
219741 22
219753 25
219766 16
219789 22
225702 16
225704 10
225706 4
225707 22
226703 22
226704 22
226711 10
226805 22
229223 7
229351 25
251100 16
251211 10
251213 22
251216 28
251242 7
251261 0
251292 31
251312 22
251313 10
251333 27
251334 16
251342 22
251361 16
251363 30
251371 4
251372 25
251374 3
251399 22
251411 15
251417 22
251434 19
251436 30
251451 10
251455 31
251456 28
251457 4
251461 24
251476 25
251477 21
251704 4
251707 22
251713 22
251716 16
251723 4
251724 25
251746 25
251748 16
251754 16
251760 10
251763 4
251765 22
251776 4
251781 25
251784 16
252210 30
252212 24
252222 28
252235 7
252281 7
252282 19
252283 28
252285 19
252311 19
252320 25
252328 27
252331 4
252353 24
252401 27
252402 22
252403 18
252404 10
252413 28
252420 18
252421 22
252422 19
252423 3
252427 4
252428 18
252429 16
252435 28
252440 25
252442 28
252443 18
252448 4
252450 30
252456 16
252459 9
252460 21
252479 31
252489 25
252706 10
252707 16
252727 22
252785 16
252789 10
252792 4
253215 24
253318 31
253321 25
253332 4
253416 10
253417 25
253423 4
253433 16
253441 19
253443 22
253451 31
253452 22
253454 28
253716 4
253721 22
253725 16
253734 25
253735 16
253747 4
253749 7
253752 16
253754 10
253791 10
254182 24
254200 18
254205 9
254206 4
254207 19
254211 10
254215 31
254216 16
254222 4
254231 27
254232 28
254271 24
254282 31
254302 30
254325 19
254334 29
254352 17
254362 20
254371 5
254373 26
254400 16
254411 16
254412 22
254415 10
254421 28
254422 25
254423 4
254424 22
254435 31
254441 27
254443 31
254445 31
254451 22
254452 24
254453 18
254454 31
254466 21
254476 30
254477 16
254478 16
254495 25
254701 22
254702 22
254721 22
254733 16
254737 22
254791 16
254816 4
254817 10
254857 10
255201 6
255210 3
255230 17
255300 31
255301 23
255316 9
255323 18
255328 16
255337 26
255340 0
255393 10
255422 31
255425 25
255429 30
255430 21
255431 3
255432 24
255433 16
255440 10
255442 27
255444 15
255445 30
255447 22
255451 22
255455 27
255462 7
255463 17
255471 6
255492 18
255497 19
255499 31
255714 22
255735 4
255750 22
255751 10
255769 25
255772 25
255783 16
256100 31
256271 9
256317 16
256318 22
256334 15
256418 25
256419 28
256441 4
256444 19
256456 22
256473 16
256474 31
256791 22
259103 29
259104 18
259106 20
259107 12
259108 15
259193 30
259195 10
259200 28
259201 21
259203 4
259401 21
260313 25
260334 16
260416 22
260421 16
260432 31
260702 22
261102 19
261111 7
261112 12
261113 25
261205 31
261207 10
261208 22
261214 9
261215 3
261218 24
261305 24
261306 28
261332 7
261342 16
261343 22
261361 19
261421 31
261430 16
261433 28
261438 30
261444 4
261446 19
261447 22
261448 10
261449 31
261453 22
261465 22
261473 16
261479 16
261494 25
261497-002 16
261497-008 22
261497-802 25
261497-808 22
261499 31
261736 25
261738 4
261745 22
261751 4
261752 25
261755 16
261763 16
261781 16
261795 25
261891 4
263710 25
263721 22
263724 16
263745 10
263751 4
264702 4
264705 25
264709 16
264755 22
265706 4
265709 25
265710 16
266801 22
268732 22
268735 4
268741 16
269103 7
269105 4
269111 25
269130 25
269210 4
269341 31
269360 25
269370 10
269452 4
269498 25
270712 25
270721 4
305203 16
318322 31
329105 12
329106 2
330115 28
351100 31
351201 7
351302 10
351321 22
351364 28
351371 4
351425 27
351426 22
351464 31
352103 10
352311 25
352313 25
352314 4
352401 27
352412 10
352421 30
352422 31
352433 28
352441 30
353313 4
353418 4
353431 22
353441 31
353471 31
353482 10
354311 30
354312 22
355411 19
356100 7
356101 25
356102 20
356210 12
356261 7
356333 25
356361 4
356373 28
356374 31
356411 25
356414 16
356415 31
356416 30
356431 25
356432 22
356441 27
356442 22
356443 25
356444 24
356446 10
356447 21
356449 4
356451 7
356455 16
356471 4
356472 22
356474 16
356496 31
357101 30
357110 6
357210 0
357322 16
357323 4
357418 16
357421 22
357432 16
357441 24
357444 28
357446 31
359202 11
359205 22
359206 28
359302 15
359303 31
359305 28
359341 31
359350 7
359360 25
359380 16
359401 24
359403 0
359408 16
359422 22
359423 25
359452 10
359460 28
359461 6
359465 4
360100 28
360301 7
360304 7
360441 19
361210 22
361211 28
361214 7
361341 27
361413 31
361414 22
361421 25
361433 25
361442 7
361452 16
361461 10
361475 16
363210 25
363401 22
363402 31
365201 10
365211 25
365322 4
365324 7
365422 4
365425 31
365426 22
368211 25
368310 28
368412 16
368417 25
400110 6
400210 27
401281 19
401383 30
401391 7
403281 28
403383 22
406284 31
406294 7
406386 31
406396 25
408382 13
410381 18
413383 15
413391 27
415393 4
420282 25
421282 16
421292 10
421386 19
421396 28
422381 24
428281 4
428282 22
428381 16
428383 10
461170 19
461471 30
461472 19
461511 27
461523 22
461526 19
461527 4
461532 28
462130 16
462544 22
462587 7
462588 25
463201 10
463252 22
463331 10
463332 28
463342 22
463354 25
463433 30
463512 4
463513 28
463543 22
463544 19
463557 7
463559 16
463571 18
463592 4
464302 4
464312 16
464402 25
464403 31
464414 10
464442 22
464443 19
464445 10
464446 16
464500 10
464502 25
464504 22
464505 16
464506 4
464508 10
464545 4
464549 10
501201 4
501202 22
501305 31
501306 4
502313 24
502314 28
504202 25
504305 25
506202 16
508304 16
510306 22
512304 19
513113 4
513115 7
513212 25
513216 22
513217 4
513225 7
513284 31
513331 25
513343 4
513364 16
513373 22
513390 10
513411 4
513446 22
514202 4
514206 30
514222 25
514244 10
514272 28
514322 19
514336 25
514352 22
514358 31
514382 10
514384 28
514396 4
514398 16
514436 16
514462 22
514742 10
514752 4
515204 31
515205 22
515256 4
515257 25
515330 16
515337 19
515339 25
515362 22
515377 10
515378 31
515380 4
518724 22
518770 4
551461 31
552216 16
552217 22
552232 16
557433 25
558101 12
558411 16
558432 22
562101 17
562211 22
601201 28
601202 16
601231 16
601242 5
601342 10
601346 22
601351 7
601361 4
601423 25
601424 31
601431 25
601436 7
601452 21
601471 16
601472 22
601724 22
601731 10
601745 4
601769 10
601775 22
602100 9
602102 17
602103 6
602120 6
602121 27
602122 7
602301 31
602314 16
602421 15
602453 27
602454 16
602455 10
602461 22
602472 30
602741 22
602751 22
603200 25
603231 0
603321 28
603341 4
603396 19
603423 31
603496 7
603743 10
604101 16
604211 15
604311 18
604314 6
604315 28
604411 26
604415 22
604423 31
604431 5
604443 19
604454 22
605203 16
605302 18
605313 7
605315 24
605316 28
605321 25
605331 24
605340 22
605412 25
605413 31
605430 10
605476 25
605701 22
605711 25
605719 16
605742 22
606211 25
606243 25
606245 7
606264 31
606310 28
606341 25
606342 16
606344 10
606451 4
606452 22
610114 11
651210 28
651211 4
651212 22
651234 31
651306 31
651313 10
651314 4
651317 25
651319 19
651416 16
651425 22
701100 24
701181 0
701202 10
701235 30
701244 18
701283 30
701335 25
701408 4
701423 22
701496 22
702100 30
702101 18
702211 24
702312 22
702313 15
702317 5
702321 31
702331 19
702342 25
702354 16
702418 31
702443 28
702499 18
703103 19
703109 16
703202 27
703204 6
703243 16
703244 31
703309 21
703322 28
703324 4
703330 4
703331 15
703345 19
703351 28
703361 18
703413 16
703441 9
703499 10
705191 12
705211 9
705311 30
705328 28
705331 10
705332 10
705343 16
705431 27
705438 3
705440 31
705441 21
705442 18
705444 26
705447 24
705448 31
705499 10
751100 25
751101 29
751102 10
751106 4
751202 15
751209 6
751301 30
751302 4
751303 23
751305 7
751308 3
751309 0
751320 21
751326 16
751327 10
751330 10
751401 29
751403 12
751405 25
751408 1
751417 16
751418 18
751421 24
751422 22
751428 28
751440 22
751443 3
751701 25
751702 4
751703 10
751705 7
751706 4
751708 25
751716 7
751718 16
751719 16
751728 22
751734 10
751752 22
801100 5
801122 31
801134 28
801204 30
801233 19
801236 7
801241 31
801322 16
801334 22
801371 25
803122 31
803124 4
803131 7
803230 31
803232 7
803260 31
851100 5
851103 18
851104 18
851105 30
851201 16
851202 25
851204 4
851207 6
851241 7
851252 10
851253 0
851261 22
851263 3
851273 15
851305 9
851309 21
851345 31
851363 28
851366 31
851400 22
851404 8
851406 16
851407 18
851441 13
851462 27
851467 28
852100 4
951100 15
951231 16
951324 22
951344 31
951366 22
951421 4
951498-004 22
951498-007 22
951498-011 22
951498-015 22
951498-020 10
951498-021 25
953102 28
953111 11
953201 16
953202 10
953211 19
953214 19
953231 31
953232 24
953234 31
953323 28
953422 19
953494 25
954100 7
954140 17
954142 4
954143 30
954170 19
954240 25
954326 22
954340 16
954371 4
954374 28
954423 22
954462 7
954464 31
954472 16
954491-001 7
954491-002 9
954491-003 25
954498 10
955102 4
955104 16
