001101 1
001102 31
001111 19
001113 31
001201 4
001202 31
001210 0
001230 6
001231 25
001250 21
001281 31
001291 31
001293 7
001310 7
001311 28
001312 7
001318 0
001320 22
001321 13
001323 22
001330 19
001342 25
001353 31
001354 4
001361 31
001362 13
001381 7
001410 25
001425 13
001443 13
001444 22
001445 7
002101 22
002110 31
002191 13
002201 7
002211 13
002221 22
002250 16
002301 31
002333 22
002365 13
003101 19
003191 25
003201 7
003414 25
003421 31
003436 13
004282 16
004301 6
004303 13
004324 6
004432 16
004473 16
004475 31
004483 22
006103 19
006126 0
006206 22
006226 19
006241 7
006242 16
006253 28
006303 25
006331 0
006346 31
006448 22
008214 0
008303 31
008314 28
008411 13
008417 13
009103 25
009105 16
009212 31
009230 6
009231 16
009326 22
009328 13
011100 17
011152 28
011153 11
011251 24
011257 15
011259 25
011269 2
011276 19
011353 13
011356 22
011362 28
011363 16
011374 31
011461 13
011464 7
011479 16
012100 7
012173 0
012200 25
012273 31
012371 25
013103 14
013110 19
013203 25
013204 22
013207 7
013209 19
013302 25
013306 10
013307 7
013317 7
013326 31
013329 22
013330 22
013413 13
013420 13
013433 13
014210 16
014211 7
014270 16
014310 16
014322 31
014323 22
014370 22
014371 13
014381 28
014401 3
014481 22
015101 19
016101 22
016102 25
017101 31
017102 31
017111 13
017210 13
018103 31
018111 9
018113 28
018125 3
018203 13
018211 22
018213 31
018231 7
018235 16
018271 13
018321 31
018351 0
019101 14
019102 31
019103 13
019105 0
019106 13
019108 22
019111 16
019203 7
019205 13
019211 22
019221 28
019303 13
019311 31
019331 22
019361 16
019371 22
019381 28
019471 13
020101 28
020102 31
020211 7
020231 10
020341 13
020362 19
021101 26
021102 31
021203 13
025108 19
025110 22
025310 31
025480 22
026101 21
026102 19
026111 25
029701 22
029711 13
050100 7
050103 21
050104 31
050106 11
050111 10
051300 22
051306 0
051313 13
051412 3
051418 7
051421 0
052202 10
052314 1
052350 16
052352 28
052357 13
052421 31
055701 13
055704 13
055771 13
057121 18
057122 27
057123 23
057125 15
057126 12
057127 18
057128 20
057129 20
057130 6
057131 9
057132 29
057133 9
057134 9
057135 12
057136 22
057137 31
057201 7
057213 13
057215 22
057284 16
057285 19
057288 7
057293 19
057294 13
057296 22
057300 15
057305 9
057403 25
057405 13
057410 7
057420 31
057425 10
057426 22
057428 4
057450 4
059419 28
061106 18
061201 31
061223 13
061306 24
061309 25
061312 1
061317 15
061403 12
062200 28
062320 22
062341 9
062342 16
062343 19
062344 16
062346 28
062360 31
062380 13
062411 4
062452 16
062460 25
062499 7
063710 22
064201 19
064206 19
064207 19
064271 13
064272 13
064281 19
064301 13
064410 31
064423 16
064424 13
065210 22
065212 13
065310 28
065320 10
065332 19
065436 31
065799 13
066221 28
066323 16
066410 4
066414 13
066425 28
067202 16
067303 6
067311 22
067372 31
067373 16
067432 7
070100 9
070201 0
070301 22
070303 1
070304 31
070308 7
070400 4
070401 28
070404 22
070413 13
070414 19
070415 31
070416 13
070711 7
070720 31
070721 22
070727 22
070731 13
070740 13
071411 19
071412 28
071413 28
071415 13
071416 27
071419 1
071420 13
071423 28
071425 22
071426 25
071724 13
074100 22
074101 3
074414 16
076312 10
076314 19
076414 25
076427 13
076428 25
076429 3
076444 31
076466 13
077422 22
078444 24
078454 9
099101 7
099102 15
100102 25
100103 25
100104 24
100105 24
100106 5
100107 3
100108 27
100205 0
100206 27
100207 11
100208 19
100209 13
100306 0
100307 30
100308 7
100309 22
100310 25
100501 4
101100 14
101105 19
101201 10
101211 28
101400 13
101405 22
103191 16
103271 21
104200 13
104201 28
104300 25
104301 7
104325 7
104340 13
104410 4
104495 7
105304 22
109100 13
109115 12
112101 7
112102 31
112103 16
112108 22
112110 31
112201 22
112203 31
112213 28
112300 13
112314 7
112411 7
115200 28
115300 31
115301 25
115302 19
126101 3
126321 7
126330 31
126428 22
126443 13
127100 7
127101 10
127203 25
127206 7
127207 28
127303 19
127312 1
127314 13
127315 28
127316 4
127320 7
127326 25
127329 13
127413 31
127711 7
127717 31
127718 22
127719 13
128100 17
128101 13
128202 7
128203 12
128204 16
128307 28
128309 25
128352 16
128354 22
128403 13
128701 13
128710 7
128730 31
128734 22
128740 22
128762 13
140103 3
152321 13
154104 19
154141 28
154151 3
154231 22
154262 30
154281 7
154311 13
154330 22
154352 4
154371 31
154384 7
154388 25
154443 22
154455 7
154482 31
154488 13
159100 30
159101 17
159151 6
159203 15
159221 7
159301 16
159351 22
159356 31
159403 22
159411 31
159412 31
159431 13
159454 4
164200 25
164341 13
168101 31
168313 13
176100 5
176101 19
176220 7
177103 11
177214 19
177216 1
177242 7
177283 28
177285 10
177321 22
177330 22
177336 7
177341 3
177361 1
177393 10
177404 16
177425 22
177426 28
177427 25
177434 25
177446 13
177447 13
177450 31
177464 7
177465 13
177467 31
177481 22
201100 28
201110 22
201114 16
201115 6
201116 24
201117 16
202100 30
202101 16
202141 3
202143 3
202145 16
202184 3
202231 15
202260 22
202321 4
202334 22
202342 10
202353 13
202361 22
202434 13
202473 31
202495 28
202742 13
202764 13
202765 7
202773 4
202782 4
202833 22
202848 13
202873 4
203100 21
203103 7
203111 10
203116 6
203151 10
203162 7
203201 6
203203 6
203204 6
203206 7
203207 12
203208 0
203209 10
203222 13
203226 1
203231 22
203235 3
203236 31
203255 28
203315 4
203331 13
203351 25
203352 16
203475 13
203714 22
203716 7
203722 31
203732 13
203736 31
203739 22
203743 31
203753 13
203821 25
203828 13
203879 7
204100 22
204101 31
204111 7
204202 1
204219 25
204231 31
204251 16
204321 28
204325 13
204341 7
204361 0
204363 22
204365 13
204381 22
204383 31
204432 31
204435 22
204451 19
204453 31
204471 13
204712 13
204721 31
204732 22
204735 7
205100 25
205103 16
205104 28
205105 19
205235 16
205239 22
205275 21
205303 25
205337 7
205355 31
205393 22
205712 31
205735 22
205783 13
206100 26
206101 7
206103 20
206107 24
206111 25
206113 28
206161 10
206171 28
206181 25
206191 15
206203 6
206211 10
206216 25
206217 28
206261 10
206267 7
206281 1
206300 7
206321 13
206324 13
206325 6
206327 16
206331 19
206335 25
206336 31
206341 22
206355 22
206362 19
206370 13
206381 22
206436 4
206437 28
206441 25
206717 22
206720 31
206721 22
206730 13
206736 13
206753 13
207100 15
207103 31
207105 22
207107 16
207109 16
207110 10
207115 19
207117 14
207123 14
207131 28
207135 7
207171 30
207173 30
207183 30
207187 28
207203 22
207205 31
207208 10
207213 9
207308 16
207310 7
207313 31
207323 13
207348 4
207401 22
207406 13
207701 7
207703 31
207705 22
207711 13
207741 13
208101 25
208140 16
208263 27
208270 28
208271 1
208272 22
208280 28
208321 7
208329 7
208343 13
208348 4
208425 31
208737 13
209201 22
209251 31
209301 7
209302 22
209303 31
209331 16
209351 1
209358 19
209361 16
209368 28
209375 28
210201 1
210202 13
210204 16
210343 28
210351 31
210383 25
210425 16
210434 7
210703 7
210704 31
210707 22
210731 13
210733 13
210743 13
211100 12
211311 31
211315 0
211319 28
211413 25
211440 7
211442 31
211495 22
211702 31
211889 22
213706 7
213707 31
213714 13
214261 27
214312 4
214341 31
214381 16
214414 22
214415 13
214421 31
215205 22
215206 28
215207 19
215208 30
215423 28
215424 25
215431 13
215475 7
215476 31
215485 22
215486 13
215734 4
215744 7
215752 31
215762 13
215785 13
217701 31
217703 22
217707 13
217734 22
217751 13
217775 22
218100 27
218101 1
218233 16
218235 7
218321 16
218323 22
218351 13
219761 22
219789 13
220703 13
226701 7
226702 31
226704 22
226711 22
226801 13
251101 0
251211 1
251213 7
251261 3
251281 7
251312 31
251313 25
251363 31
251374 7
251384 13
251419 22
251437 7
251438 13
251439 31
251451 25
251475 13
251701 7
251702 31
251703 13
251711 22
251715 13
251745 22
251751 25
251752 7
251757 31
251758 22
251776 25
251783 7
251784 31
251785 22
251790 13
252201 0
252211 14
252232 22
252282 22
252283 30
252285 13
252286 28
252301 10
252302 31
252317 25
252322 3
252325 16
252327 22
252330 13
252342 7
252363 22
252420 25
252421 13
252427 31
252444 31
252498 25
252702 7
252726 22
252746 31
252747 22
252791 13
253303 25
253314 7
253315 31
253455 13
253481 22
253701 13
253715 31
253717 16
253731 7
253732 31
253735 28
253736 22
253748 7
253754 25
254181 28
254205 12
254206 0
254211 31
254215 7
254216 1
254222 27
254231 25
254232 13
254252 21
254282 19
254302 10
254325 22
254333 16
254372 3
254373 13
254421 13
254426 25
254435 13
254436 28
254439 7
254442 28
254444 13
254451 31
254456 31
254459 13
254461 25
254471 4
254473 13
254700 13
254702 25
254703 31
254710 22
254711 7
254734 13
254736 25
254770 25
254804 7
254873 7
254875 22
255201 14
255215 8
255251 28
255290 24
255300 22
255320 19
255321 28
255330 3
255359 7
255415 31
255431 22
255432 22
255434 13
255454 22
255455 13
255492 4
255722 7
255734 31
255738 13
255750 22
255764 22
255770 31
255771 13
255772 22
255786 7
255811 22
255820 13
256100 16
256212 7
256281 7
256316 28
256333 19
256373 25
256418 13
256441 13
259103 31
259104 28
259106 4
259107 1
259108 16
259109 12
259201 30
259203 13
260402 22
260413 13
260701 13
260702 25
260705 7
260709 31
260716 7
260718 31
260772 22
261103 31
261111 21
261200 1
261210 25
261212 28
261216 30
261217 7
261304 28
261305 19
261335 31
261336 22
261342 7
261343 4
261361 25
261405 31
261434 4
261447 22
261458 7
261461 13
261469 13
261701 31
261702 22
261706 13
261739 7
261752 13
261754 22
261769 7
261791 31
261895 13
263701 31
263702 13
263720 7
263746 25
263760 22
263770 22
263771 7
264701 25
264703 7
264706 31
264710 31
264733 22
264791 13
266702 13
268721 13
269101 19
269102 4
269111 4
269200 16
269201 28
269202 7
269340 7
269430 25
269452 28
269462 4
269470 31
269493 7
301254 28
305202 25
311352 10
318322 28
318351 16
320351 1
321251 31
324703 13
328310 31
328313 4
330110 10
330111 4
351100 25
351200 20
351201 30
351301 16
351321 7
351331 25
351441 16
351442 31
351451 25
351466 13
351489 19
352103 6
352301 25
352311 22
352321 31
352323 19
352422 16
353210 22
353301 4
353311 16
353418 22
353421 13
353431 22
353451 13
354311 25
356100 29
356101 13
356102 15
356202 25
356210 13
356212 22
356261 16
356303 13
356304 22
356411 31
356416 22
357101 18
357110 9
357210 16
357322 13
357325 31
357417 7
357441 28
357491 4
359202 23
359203 24
359204 22
359210 16
359311 13
359409 31
359421 13
359465 22
360100 9
360400 7
360403 31
360423 22
360460 13
361210 0
361214 16
361301 13
361351 25
361442 22
361453 22
361461 28
361471 31
362211 31
363210 31
365321 7
365322 4
365324 28
365421 13
368200 7
400110 6
401382 19
403382 25
406385 22
406395 4
409281 4
409292 16
411281 7
411291 22
415291 1
420281 13
421281 25
421291 19
421385 7
421395 31
423382 13
428382 28
461100 28
461435 7
461472 13
461514 31
461523 13
462130 30
462151 7
462405 22
462409 13
462445 22
462541 31
462543 22
462584 13
463251 25
463311 22
463331 31
463341 25
463353 7
463402 21
463433 25
463455 0
463491 16
463503 28
463513 25
463545 22
463556 25
463571 13
464301 1
464311 19
464341 13
464401 19
464413 31
464441 7
464443 16
464444 28
464445 13
464502 31
501301 22
501302 28
504302 13
506303 7
506361 13
508203 16
508303 31
510201 31
510202 24
512303 4
513111 6
513114 31
513223 31
513224 16
513283 7
513315 13
513324 25
513328 22
513363 28
513371 7
513411 7
513429 31
513445 22
513471 13
514211 22
514241 7
514317 31
514323 13
514341 4
514343 28
514381 13
514383 7
514451 22
515201 31
515250 22
515306 25
515310 22
515334 13
515361 7
515364 31
515370 22
515373 13
518770 13
551312 28
552216 31
552217 7
552222 22
553311 25
554312 7
556412 31
561313 22
561314 13
562101 1
562211 19
601201 21
601302 31
601341 25
601344 7
601351 13
601422 22
601452 28
601456 28
601731 31
601758 22
601765 7
601842 13
602100 26
602102 15
602103 13
602111 7
602211 22
602315 13
602321 31
602322 22
602431 22
602432 31
602441 28
602464 7
602731 22
602761 13
603211 16
603321 7
603322 13
603351 22
603421 31
603441 22
603471 13
603496 13
603711 31
603723 22
603731 13
604304 25
604305 7
604312 4
604313 16
604351 13
604352 22
604451 13
604711 22
604715 13
605201 22
605204 13
605301 25
605313 4
605314 19
605321 7
605322 22
605701 7
605713 31
605741 22
605745 13
605751 13
606231 31
606242 25
606244 13
606263 7
606310 31
606343 22
610114 20
651104 22
651105 25
651109 7
651120 30
651210 16
651311 7
651312 31
651315 22
651316 13
701100 25
701101 13
701104 31
701181 13
701183 1
701201 13
701205 16
701211 1
701243 31
701281 31
701313 25
701321 0
701331 7
701341 13
701344 31
702100 19
702101 27
702205 10
702211 28
702213 13
702312 10
702316 28
702317 25
702341 7
702351 31
703103 16
703109 22
703202 27
703243 24
703244 22
703305 4
703308 16
703309 28
703310 22
703322 22
703323 31
703330 19
703331 13
703391 4
703404 28
703412 25
703447 22
703454 7
703498 13
705191 24
705211 2
705311 22
705329 28
705331 4
705332 6
705342 31
705351 0
705431 7
705438 7
705440 1
705441 22
705442 16
705444 16
705461 13
705493 4
705499 13
751100 13
751101 30
751102 21
751106 5
751202 16
751209 15
751301 21
751302 21
751303 13
751304 19
751305 4
751308 25
751309 13
751321 22
751326 31
751330 19
751345 13
751401 28
751403 4
751405 7
751408 25
751417 22
751418 22
751419 28
751422 28
751428 31
751440 16
751441 13
751443 13
751447 7
751451 31
751701 22
751702 13
751703 31
751704 7
751705 7
751706 31
751708 7
751712 13
751716 25
751724 22
751725 7
751726 22
751727 25
751729 25
751734 28
751744 31
751752 13
801100 9
801201 1
801225 28
801235 25
801321 4
801331 7
801333 22
801336 31
801421 4
801471 7
801481 31
803121 7
803123 22
803231 28
851100 17
851104 19
851105 13
851108 22
851200 13
851201 6
851202 12
851204 18
851205 7
851273 27
851305 10
851309 1
851313 31
851343 31
851344 13
851345 13
851360 31
851362 13
851367 22
851372 7
851375 3
851400 19
851404 25
851406 28
851407 31
951100 23
951101 31
951102 22
951125 25
951203 22
951302 22
951323 25
951331 7
951344 4
951348 22
951352 31
951497 31
953103 7
953111 8
953211 19
953212 22
953233 13
953261 7
953321 7
953322 22
953331 13
953361 31
953421 4
953494 22
954100 25
954140 3
954141 13
954245 22
954246 25
954260 16
954270 13
954311 19
954312 4
954320 22
954323 13
954343 13
954370 31
954374 7
954412 13
954413 22
954462 7
954471 13
954491 13
954498 31
