001101 17
001102 1
001111 25
001113 7
001201 1
001202 30
001210 4
001230 31
001231 18
001250 7
001281 0
001291 13
001293 31
001310 7
001311 28
001312 30
001318 24
001320 10
001321 12
001323 28
001330 12
001342 7
001353 28
001354 22
001361 28
001362 25
001381 13
001410 31
001425 31
001443 31
001444 22
001445 10
002101 31
002110 7
002191 16
002201 18
002211 6
002221 22
002250 10
002301 16
002333 10
002365 4
003101 4
003191 6
003201 31
003414 28
003421 22
003436 31
004282 10
004301 4
004303 30
004324 25
004432 22
004473 25
004475 22
004483 6
006103 4
006126 9
006206 4
006226 25
006241 10
006242 31
006253 21
006303 13
006331 16
006346 28
006448 31
008214 7
008303 28
008314 22
008411 13
008417 28
009103 24
009105 22
009212 31
009230 3
009231 22
009326 22
009328 31
011100 6
011152 31
011153 21
011251 17
011257 25
011259 7
011269 14
011276 0
011353 3
011356 25
011362 7
011363 9
011374 22
011461 4
011464 25
011479 28
012100 10
012173 16
012200 21
012273 7
012371 22
013103 25
013110 4
013203 24
013204 19
013207 22
013209 31
013302 12
013306 31
013307 6
013317 25
013326 28
013329 22
013330 25
013413 28
013420 31
013433 31
014210 3
014211 4
014270 21
014310 3
014322 22
014323 22
014370 10
014371 31
014381 10
014401 18
014481 31
015101 16
016101 10
016102 22
017101 7
017102 22
017111 22
017210 10
018103 31
018111 7
018113 7
018125 28
018203 22
018211 31
018213 10
018231 7
018235 16
018271 16
018321 10
018351 22
019101 28
019102 10
019103 7
019105 6
019106 31
019108 31
019111 22
019203 7
019205 22
019211 21
019221 25
019303 13
019311 22
019331 10
019361 25
019371 16
019381 28
019471 4
020101 6
020102 22
020211 22
020231 4
020341 31
020362 25
021101 16
021102 22
021203 31
025108 10
025110 31
025310 22
025480 31
026101 15
026102 22
026111 16
029701 10
029711 25
050100 16
050103 31
050104 6
050106 6
050111 4
051300 10
051306 9
051313 22
051412 16
051418 6
051421 22
052202 18
052314 25
052350 22
052352 19
052357 4
052421 28
055701 25
055704 25
055771 25
057121 22
057122 14
057123 6
057125 22
057126 27
057127 13
057128 0
057129 30
057130 26
057131 27
057132 21
057133 9
057134 22
057135 7
057136 30
057137 16
057201 22
057213 7
057215 31
057284 16
057285 10
057288 31
057293 9
057294 4
057296 22
057300 0
057305 18
057403 10
057405 7
057410 22
057420 25
057425 25
057426 31
057428 28
057450 12
059419 16
061106 0
061201 31
061223 28
061306 12
061309 22
061312 30
061317 0
061403 4
062200 7
062320 25
062341 19
062342 19
062343 21
062344 13
062346 21
062360 13
062380 7
062411 25
062452 13
062460 10
062499 7
063710 10
064201 4
064206 25
064207 28
064271 25
064272 31
064281 25
064301 27
064410 31
064423 31
064424 13
065210 3
065212 10
065310 19
065320 21
065332 10
065436 31
065799 25
066221 16
066323 25
066410 6
066414 31
066425 19
067202 10
067303 3
067311 10
067372 21
067373 25
067432 21
070100 16
070201 22
070301 4
070303 25
070304 28
070308 28
070400 31
070401 16
070404 22
070413 10
070414 28
070415 4
070416 31
070711 28
070720 22
070721 10
070727 10
070731 25
070740 25
071411 21
071412 31
071413 10
071415 10
071416 30
071419 3
071420 28
071423 22
071425 31
071426 28
071724 25
074100 0
074101 0
074414 25
076312 6
076314 10
076414 4
076427 31
076428 21
076429 31
076444 28
076466 28
077422 7
078444 16
078454 10
099101 16
099102 9
100102 10
100103 16
100104 4
100105 22
100106 0
100107 3
100108 25
100205 7
100206 6
100207 24
100208 10
100209 15
100306 7
100307 13
100308 31
100309 22
100310 16
100501 25
101100 28
101105 25
101201 18
101211 3
101400 16
101405 31
103191 7
103271 17
104200 19
104201 16
104300 22
104301 31
104325 25
104340 31
104410 28
104495 31
105304 10
109100 15
109115 24
112101 31
112102 10
112103 22
112108 4
112110 25
112201 7
112203 10
112213 31
112300 7
112314 31
112411 4
115200 31
115300 22
115301 28
115302 10
126101 22
126321 16
126330 10
126428 4
126443 22
127100 30
127101 8
127203 25
127206 30
127207 22
127303 13
127312 3
127314 7
127315 22
127316 10
127320 28
127326 28
127329 31
127413 25
127711 28
127717 22
127718 10
127719 25
128100 19
128101 30
128202 4
128203 9
128204 16
128307 28
128309 10
128352 25
128354 31
128403 22
128701 25
128710 28
128730 22
128734 10
128740 10
128762 25
140103 10
152321 31
154104 3
154141 9
154151 18
154231 4
154262 31
154281 16
154311 9
154330 16
154352 7
154371 31
154384 31
154388 22
154443 28
154455 21
154482 31
154488 22
159100 12
159101 3
159151 19
159203 24
159221 22
159301 10
159351 31
159356 22
159403 7
159411 25
159412 28
159431 30
159454 22
164200 6
164341 22
168101 7
168313 10
176100 5
176101 28
176220 12
177103 15
177214 31
177216 10
177242 22
177283 4
177285 7
177321 31
177330 7
177336 22
177341 0
177361 16
177393 10
177404 13
177425 10
177426 22
177427 28
177434 25
177446 31
177447 25
177450 28
177464 25
177465 16
177467 7
177481 31
201100 19
201110 18
201114 10
201115 3
201116 20
201117 31
202100 18
202101 30
202141 30
202143 0
202145 28
202184 2
202231 19
202260 10
202321 7
202334 25
202342 27
202353 10
202361 28
202434 31
202473 22
202495 7
202742 28
202764 28
202765 25
202773 28
202782 28
202833 31
202848 25
202873 28
203100 31
203103 6
203111 8
203116 25
203151 26
203162 12
203201 21
203203 26
203204 25
203206 30
203207 8
203208 7
203209 12
203222 25
203226 10
203231 30
203235 31
203236 16
203255 7
203315 22
203331 31
203351 10
203352 9
203475 16
203714 25
203716 28
203722 10
203732 31
203736 25
203739 28
203743 25
203753 31
203821 22
203828 31
203879 28
204100 31
204101 31
204111 25
204202 10
204219 16
204231 24
204251 6
204321 6
204325 28
204341 16
204361 10
204363 25
204365 7
204381 31
204383 4
204432 7
204435 22
204451 22
204453 31
204471 22
204712 25
204721 22
204732 10
204735 28
205100 0
205103 6
205104 25
205105 22
205235 19
205239 31
205275 9
205303 25
205337 28
205355 22
205393 31
205712 22
205735 10
205783 25
206100 10
206101 5
206103 19
206107 0
206111 23
206113 31
206161 31
206171 29
206181 18
206191 16
206203 6
206211 21
206216 16
206217 30
206261 26
206267 4
206281 22
206300 31
206321 31
206324 28
206325 3
206327 12
206331 22
206335 7
206336 6
206341 31
206355 4
206362 16
206370 10
206381 7
206436 25
206437 22
206441 28
206717 10
206720 22
206721 10
206730 25
206736 25
206753 25
207100 10
207103 28
207105 9
207107 31
207109 3
207110 16
207115 27
207117 15
207123 24
207131 21
207135 31
207171 18
207173 16
207183 16
207187 13
207203 16
207205 31
207208 0
207213 10
207308 22
207310 25
207313 10
207323 28
207348 28
207401 7
207406 31
207701 28
207703 22
207705 10
207711 25
207741 25
208101 11
208140 10
208263 19
208270 4
208271 18
208272 22
208280 18
208321 4
208329 27
208343 22
208348 25
208425 10
208737 25
209201 18
209251 10
209301 22
209302 4
209303 10
209331 7
209351 13
209358 28
209361 7
209368 16
209375 28
210201 7
210202 25
210204 10
210343 31
210351 22
210383 7
210425 10
210434 4
210703 28
210704 22
210707 10
210731 31
210733 25
210743 25
211100 9
211311 7
211315 4
211319 6
211413 16
211440 10
211442 4
211495 22
211702 25
211889 28
213706 25
213707 31
213714 28
214261 10
214312 12
214341 22
214381 10
214414 7
214415 28
214421 25
215205 9
215206 15
215207 21
215208 4
215423 13
215424 7
215431 31
215475 28
215476 22
215485 10
215486 25
215734 28
215744 25
215752 31
215762 28
215785 28
217701 22
217703 10
217707 25
217734 10
217751 25
217775 10
218100 12
218101 28
218233 25
218235 10
218321 16
218323 4
218351 22
219761 10
219789 25
220703 31
226701 28
226702 22
226704 10
226711 10
226801 25
251101 22
251211 31
251213 31
251261 9
251281 9
251312 31
251313 10
251363 28
251374 25
251384 31
251419 31
251437 25
251438 22
251439 22
251451 22
251475 10
251701 28
251702 22
251703 25
251711 10
251715 25
251745 10
251751 7
251752 28
251757 22
251758 10
251776 7
251783 28
251784 22
251785 10
251790 25
252201 9
252211 19
252232 6
252282 15
252283 21
252285 7
252286 23
252301 10
252302 28
252317 30
252322 16
252325 7
252327 31
252330 0
252342 25
252363 22
252420 28
252421 25
252427 7
252444 7
252498 31
252702 28
252726 10
252746 22
252747 10
252791 25
253303 25
253314 25
253315 22
253455 28
253481 25
253701 25
253715 13
253717 7
253731 12
253732 13
253735 28
253736 10
253748 6
253754 22
254181 22
254205 18
254206 19
254211 31
254215 31
254216 6
254222 10
254231 28
254232 28
254252 15
254282 6
254302 22
254325 31
254333 19
254372 0
254373 22
254421 10
254426 25
254435 13
254436 28
254439 30
254442 28
254444 28
254451 22
254456 10
254459 10
254461 25
254471 7
254473 22
254700 31
254702 22
254703 28
254710 25
254711 10
254734 25
254736 22
254770 22
254804 10
254873 10
254875 25
255201 19
255215 28
255251 6
255290 24
255300 31
255320 16
255321 6
255330 10
255359 7
255415 25
255431 28
255432 7
255434 22
255454 28
255455 22
255492 22
255722 28
255734 22
255738 10
255750 25
255764 25
255770 22
255771 10
255772 25
255786 28
255811 10
255820 25
256100 22
256212 9
256281 10
256316 16
256333 6
256373 22
256418 31
256441 22
259103 14
259104 0
259106 25
259107 31
259108 4
259109 16
259201 21
259203 7
260402 22
260413 31
260701 25
260702 7
260705 28
260709 22
260716 28
260718 22
260772 10
261103 16
261111 23
261200 4
261210 15
261212 30
261216 10
261217 21
261304 22
261305 6
261335 7
261336 16
261342 13
261343 28
261361 31
261405 22
261434 13
261447 16
261458 31
261461 25
261469 10
261701 10
261702 25
261706 22
261739 28
261752 22
261754 25
261769 28
261791 10
261895 10
263701 22
263702 25
263720 7
263746 28
263760 10
263770 10
263771 7
264701 7
264703 28
264706 22
264710 22
264733 10
264791 25
266702 25
268721 10
269101 28
269102 22
269111 25
269200 10
269201 22
269202 25
269340 12
269430 31
269452 10
269462 7
269470 28
269493 22
301254 1
305202 7
311352 30
318322 31
318351 13
320351 4
321251 25
324703 25
328310 22
328313 10
330110 9
330111 19
351100 31
351200 3
351201 9
351301 16
351321 10
351331 7
351441 28
351442 25
351451 7
351466 31
351489 10
352103 13
352301 4
352311 31
352321 10
352323 22
352422 28
353210 31
353301 31
353311 28
353418 28
353421 31
353431 22
353451 25
354311 7
356100 21
356101 19
356102 0
356202 16
356210 23
356212 10
356261 16
356303 22
356304 31
356411 10
356416 4
357101 28
357110 3
357210 13
357322 22
357325 10
357417 25
357441 28
357491 31
359202 25
359203 3
359204 3
359210 10
359311 31
359409 7
359421 16
359465 22
360100 16
360400 28
360403 22
360423 10
360460 25
361210 19
361214 28
361301 31
361351 10
361442 22
361453 7
361461 16
361471 7
362211 20
363210 12
365321 4
365322 13
365324 28
365421 22
368200 16
400110 18
401382 1
403382 7
406385 28
406395 19
409281 30
409292 13
411281 19
411291 22
415291 4
420281 10
421281 7
421291 27
421385 10
421395 25
423382 31
428382 22
461100 20
461435 28
461472 25
461514 25
461523 31
462130 13
462151 16
462405 10
462409 25
462445 28
462541 22
462543 10
462584 25
463251 13
463311 13
463331 7
463341 28
463353 10
463402 28
463433 12
463455 7
463491 10
463503 7
463513 10
463545 28
463556 10
463571 31
464301 31
464311 22
464341 19
464401 19
464413 31
464441 22
464443 10
464444 25
464445 24
464502 25
501301 22
501302 25
504302 7
506303 28
506361 28
508203 19
508303 10
510201 10
510202 15
512303 31
513111 3
513114 12
513223 16
513224 10
513283 22
513315 25
513324 13
513328 7
513363 28
513371 31
513411 28
513429 22
513445 10
513471 25
514211 4
514241 22
514317 31
514323 10
514341 28
514343 22
514381 7
514383 25
514451 25
515201 10
515250 22
515306 7
515310 7
515334 22
515361 28
515364 22
515370 10
515373 25
518770 25
551312 13
552216 31
552217 4
552222 4
553311 7
554312 28
556412 22
561313 10
561314 25
562101 22
562211 10
601201 10
601302 16
601341 31
601344 4
601351 10
601422 22
601452 31
601456 28
601731 22
601758 10
601765 28
601842 25
602100 16
602102 22
602103 31
602111 31
602211 25
602315 31
602321 28
602322 10
602431 22
602432 16
602441 10
602464 4
602731 10
602761 25
603211 7
603321 10
603322 22
603351 31
603421 22
603441 10
603471 25
603496 22
603711 22
603723 10
603731 25
604304 22
604305 25
604312 22
604313 7
604351 4
604352 10
604451 28
604711 10
604715 25
605201 22
605204 25
605301 13
605313 25
605314 31
605321 31
605322 22
605701 28
605713 22
605741 10
605745 25
605751 25
606231 4
606242 25
606244 16
606263 10
606310 31
606343 22
610114 28
651104 31
651105 24
651109 22
651120 28
651210 4
651311 28
651312 22
651315 10
651316 25
701100 10
701101 7
701104 28
701181 31
701183 27
701201 7
701205 22
701211 19
701243 10
701281 7
701313 28
701321 16
701331 31
701341 25
701344 4
702100 10
702101 3
702205 16
702211 3
702213 0
702312 9
702316 13
702317 7
702341 28
702351 22
703103 22
703109 31
703202 30
703243 21
703244 7
703305 31
703308 25
703309 7
703310 22
703322 31
703323 28
703330 10
703331 13
703391 7
703404 31
703412 13
703447 10
703454 22
703498 25
705191 31
705211 15
705311 31
705329 7
705331 22
705332 16
705342 10
705351 16
705431 7
705438 19
705440 7
705441 22
705442 22
705444 25
705461 31
705493 28
705499 31
751100 7
751101 13
751102 12
751106 2
751202 31
751209 24
751301 4
751302 22
751303 28
751304 16
751305 28
751308 7
751309 10
751321 25
751326 30
751330 22
751345 10
751401 10
751403 28
751405 9
751408 7
751417 25
751418 31
751419 27
751422 31
751428 6
751440 25
751441 31
751443 28
751447 31
751451 13
751701 10
751702 25
751703 22
751704 13
751705 28
751706 22
751708 13
751712 25
751716 7
751724 10
751725 28
751726 10
751727 7
751729 7
751734 28
751744 22
751752 25
801100 25
801201 10
801225 31
801235 16
801321 28
801331 22
801333 16
801336 31
801421 28
801471 25
801481 31
803121 28
803123 31
803231 7
851100 28
851104 22
851105 31
851108 10
851200 28
851201 27
851202 5
851204 12
851205 25
851273 30
851305 21
851309 4
851313 13
851343 28
851344 31
851345 31
851360 10
851362 22
851367 31
851372 25
851375 9
851400 0
851404 25
851406 7
851407 22
951100 10
951101 9
951102 21
951125 19
951203 31
951302 4
951323 16
951331 10
951344 31
951348 28
951352 22
951497 22
953103 22
953111 5
953211 4
953212 28
953233 16
953261 7
953321 7
953322 13
953331 28
953361 10
953421 31
953494 28
954100 7
954140 31
954141 22
954245 0
954246 18
954260 31
954270 16
954311 28
954312 31
954320 25
954323 13
954343 13
954370 7
954374 22
954412 31
954413 25
954462 10
954471 13
954491 31
954498 22
