001101 1
001102 5
001111 16
001113 28
001201 4
001202 30
001210 2
001212 10
001218 31
001230 7
001231 0
001250 27
001291 28
001293 0
001310 25
001311 5
001312 13
001318 28
001320 10
001321 4
001323 22
001330 16
001342 30
001353 7
001354 10
001362 4
001381 1
001410 19
001423 22
001425 31
001443 19
001444 31
001445 25
001447 19
001461 19
002101 9
002110 16
002191 9
002192 19
002201 31
002211 19
002221 25
002250 7
002301 19
002333 10
002351 7
002361 16
002365 31
002401 25
002473 19
003101 13
003191 12
003201 16
003313 16
003320 10
003331 22
003367 19
004241 28
004282 31
004301 22
004303 16
004324 24
004432 27
004473 13
004475 19
004483 3
006103 6
006126 10
006206 7
006226 19
006242 31
006253 28
006303 16
006325 0
006326 7
006330 30
006344 31
006346 25
006355 22
006425 25
006426 19
006428 10
006443 19
006448 25
006454 22
008214 25
008303 31
008314 13
008411 16
008417 19
009103 19
009105 3
009212 25
009230 28
009231 30
009326 16
009328 7
009426 22
009431 19
009445 19
011100 6
011151 0
011152 30
011153 28
011251 14
011257 6
011259 22
011269 9
011276 3
011353 28
011356 4
011358 31
011362 7
011374 16
011461 25
011464 22
011479 19
012100 13
012173 3
012200 22
012273 22
012371 30
012475 25
013103 12
013110 13
013203 15
013204 27
013206 31
013209 22
013301 6
013302 28
013303 25
013305 7
013306 7
013307 7
013317 27
013321 22
013326 22
013329 19
013330 19
013335 19
013337 16
013413 25
013427 19
013433 22
014210 25
014211 16
014270 22
014310 25
014311 25
014322 7
014323 25
014324 16
014370 31
014371 22
014381 7
014382 16
014401 10
014471 19
014481 22
014485 31
015101 12
016101 9
017101 13
017102 16
017111 16
017112 19
017210 25
018103 22
018111 23
018113 1
018125 16
018203 22
018211 31
018213 16
018231 19
018235 28
018271 30
018301 22
018335 19
018351 16
018353 0
018433 22
018435 19
018438 16
018467 16
019101 20
019103 31
019105 9
019106 6
019108 16
019111 28
019203 6
019205 6
019206 19
019208 31
019211 27
019221 16
019303 28
019311 16
019331 0
019361 31
019371 25
019373 22
019381 7
019411 10
019442 7
019471 22
019473 19
020101 19
020102 16
020211 28
020212 25
020231 22
020311 28
020321 25
020333 22
020341 16
020362 7
020363 19
021101 18
021102 9
021203 30
021270 22
025108 16
025110 19
025310 16
025480 19
026101 29
026102 12
026111 13
026112 16
026201 3
026271 16
029701 22
029711 19
050100 7
050103 28
050104 24
050106 11
050111 10
051302 25
051304 22
051306 27
051313 31
051412 19
051418 7
052201 22
052202 25
052314 1
052350 7
052352 31
052357 7
052400 7
052419 31
052443 22
052445 19
052447 16
052725 22
055701 19
055706 25
055707 16
055771 25
055797 22
057121 20
057122 14
057123 3
057125 17
057126 12
057127 30
057128 21
057129 9
057130 17
057131 26
057132 26
057133 3
057134 7
057135 3
057137 20
057138 1
057139 13
057140 10
057201 10
057205 4
057215 25
057274 31
057279 6
057283 1
057284 28
057285 22
057288 16
057293 7
057294 19
057300 22
057302 31
057305 21
057351 16
057366 30
057403 9
057405 27
057410 10
057411 0
057420 7
057425 25
057426 16
057428 13
059419 19
061106 31
061201 31
061223 22
061306 16
061307 22
061312 10
061313 28
061317 7
061401 22
061403 19
061404 16
062342 7
062343 25
062344 7
062345 4
062346 31
062360 4
062380 22
062411 31
062452 7
062460 4
062470 7
063703 22
063813 19
064207 19
064231 19
064251 19
064281 7
064291 16
064301 19
064303 19
064410 4
064412 7
064417 22
064418 7
064424 3
064474 16
065210 31
065212 3
065310 22
065320 4
065332 25
065421 16
065434 22
065435 16
065436 25
065437 19
065797 19
065799 19
066221 31
066323 22
066410 0
066414 22
066425 10
066755 22
067202 16
067303 28
067311 31
067372 22
067373 31
067432 27
070301 28
070303 25
070304 28
070305 19
070308 16
070400 19
070401 25
070403 30
070404 22
070410 4
070411 25
070415 28
070416 16
070720 25
070721 16
070726 22
070727 22
070731 19
070792 19
071412 19
071413 4
071414 4
071420 0
071422 28
071423 19
071425 16
071712 16
071811 22
074100 19
074101 30
074414 10
076314 7
076414 7
076425 16
076427 7
076428 28
076429 4
076444 7
076466 4
078444 23
078454 22
079444 18
088708 19
091800 19
099101 25
099102 25
100102 22
100103 22
100104 30
100105 19
100109 30
100110 30
100111 19
100112 28
100206 30
100207 27
100208 27
100209 22
100210 28
100211 22
100212 19
100213 7
100218 0
100219 6
100220 31
100225 28
100226 7
100281 16
100306 1
100307 28
100308 16
100309 9
100310 19
100501 0
101100 19
101105 4
101201 22
101211 16
101400 27
101405 16
103112 31
103191 16
103271 17
104200 16
104201 25
104300 7
104301 19
104340 19
104410 25
104424 22
104495 19
105304 16
109100 18
109115 6
112101 28
112102 28
112103 31
112108 16
112201 16
112203 19
112213 25
112300 16
112411 25
112412 19
115200 16
115301 27
115302 0
116400 22
126101 25
126216 0
126321 30
126330 27
126333 22
126334 25
126428 7
126432 22
126443 19
127100 12
127101 10
127203 25
127204 31
127207 0
127303 13
127312 10
127314 10
127315 19
127316 0
127329 19
127337 19
127711 25
127717 16
127718 22
127719 19
128100 21
128101 3
128202 6
128203 28
128204 25
128307 16
128309 0
128334 19
128352 19
128354 7
128403 10
128701 25
128710 16
128730 22
128740 19
128762 19
140101 16
140102 22
140105 27
152321 16
154104 13
154141 31
154151 7
154231 7
154262 27
154281 7
154311 25
154330 28
154340 16
154351 31
154353 7
154363 19
154375 19
154377 22
154388 16
154433 19
154443 25
154488 4
159100 23
159101 23
159151 16
159203 6
159221 10
159302 16
159303 31
159305 25
159332 22
159356 19
159362 1
159403 28
159411 22
159412 22
159431 4
160341 16
164200 1
164341 28
168101 19
168410 16
176100 15
176101 13
176104 22
176220 10
177103 5
177214 0
177215 9
177216 7
177217 24
177242 22
177281 28
177283 4
177285 19
177321 4
177330 1
177336 13
177341 25
177361 7
177393 10
177404 31
177414 19
177427 19
177430 19
177434 16
177446 22
177447 16
177450 28
177465 28
177467 25
177481 19
177494 19
179403 22
201100 20
201110 30
201114 17
201115 27
201116 21
202100 30
202101 16
202141 25
202143 3
202145 24
202184 19
202231 31
202260 16
202310 16
202311 4
202332 4
202334 19
202342 16
202361 28
202371 22
202410 22
202434 31
202438 19
202443 16
202473 25
202474 22
202477 19
202495 19
202737 22
202765 22
202773 16
202776 19
202783 16
202833 19
202844 16
202848 19
203100 15
203103 6
203111 10
203116 25
203151 3
203162 21
203201 31
203203 25
203204 27
203206 10
203207 0
203208 31
203209 24
203222 25
203226 18
203231 0
203235 10
203236 10
203255 28
203300 19
203303 1
203315 25
203323 0
203324 7
203331 31
203332 16
203333 28
203351 30
203352 6
203475 7
203705 22
203709 25
203713 25
203714 22
203716 16
203723 16
203732 22
203736 25
203739 16
203743 16
203753 19
203803 7
203807 16
203821 25
203828 22
203879 19
204100 31
204101 0
204111 31
204202 6
204211 31
204216 31
204217 16
204231 7
204321 25
204325 28
204335 22
204341 31
204361 27
204363 22
204365 19
204381 16
204383 10
204432 16
204442 25
204451 0
204453 13
204471 4
204721 16
204725 19
204735 22
204764 19
204891 19
205100 26
205103 25
205104 7
205105 0
205235 31
205239 16
205275 9
205303 6
205337 31
205355 28
205393 1
205441 22
205461 19
205765 25
205805 19
206100 26
206101 27
206103 28
206107 28
206108 12
206111 28
206113 19
206161 10
206171 25
206181 27
206191 28
206203 6
206207 19
206211 3
206216 10
206217 30
206254 10
206261 22
206267 31
206281 0
206300 9
206321 27
206324 1
206325 28
206327 31
206328 7
206331 16
206335 16
206336 1
206341 19
206355 7
206362 28
206370 22
206381 10
206412 25
206432 16
206436 31
206437 22
206441 19
206457 22
206470 4
206705 22
206707 16
206713 19
206717 22
206720 22
206726 16
206738 22
206739 19
206743 22
206753 22
206785 19
207100 27
207103 7
207105 19
207106 31
207107 4
207109 6
207110 27
207115 4
207117 7
207123 21
207131 9
207135 31
207171 31
207173 31
207183 7
207187 3
207203 10
207205 19
207208 0
207213 19
207308 27
207310 31
207313 16
207323 31
207348 22
207401 3
207403 19
207406 30
207419 19
207422 22
207455 22
207458 19
207463 19
207701 25
207703 16
207705 22
207711 19
207808 19
208101 27
208140 28
208150 7
208263 2
208270 27
208271 0
208280 27
208321 24
208329 7
208343 28
208348 19
208383 16
208425 25
208439 19
208440 22
208469 22
208711 25
208760 16
208761 22
208770 19
208871 22
208872 19
209201 28
209251 31
209301 27
209302 7
209303 16
209331 22
209351 1
209358 4
209361 22
209368 25
209375 1
209451 25
209453 16
209461 22
209463 19
209483 16
209485 19
209705 7
209707 25
209771 16
209773 31
209779 19
209785 22
210201 25
210202 1
210204 22
210343 25
210351 19
210383 4
210425 22
210433 16
210434 28
210445 19
210485 19
210703 25
210704 16
210705 22
210707 19
210731 25
211100 25
211311 1
211315 31
211319 24
211440 22
211443 22
211702 19
211889 22
212701 25
212703 22
212711 19
212741 16
213706 19
213707 22
213711 19
213714 16
214100 16
214261 7
214312 25
214341 19
214381 4
214401 22
214411 25
214414 16
214415 7
214430 27
214445 16
215205 8
215206 0
215207 31
215208 7
215302 25
215381 7
215411 19
215431 27
215734 16
215744 22
215752 19
215762 22
215782 25
215785 16
216781 16
217701 16
217703 22
217707 19
217726 22
217775 19
217781 19
218100 27
218101 25
218233 7
218235 16
218321 31
218323 25
218351 19
218471 16
218474 22
218475 19
219720 19
219731 16
220703 19
226701 19
226702 19
226709 19
226710 22
229123 25
229323 30
251211 1
251213 1
251216 22
251261 25
251281 31
251312 19
251313 22
251333 31
251361 16
251363 28
251371 3
251372 10
251374 16
251384 31
251411 19
251437 22
251438 13
251439 4
251461 25
251475 22
251479 19
251701 7
251702 25
251703 19
251711 7
251714 25
251715 16
251717 22
251718 7
251745 16
251751 25
251752 16
251757 22
251758 7
251776 7
251783 25
251785 16
251790 19
252201 7
252211 0
252232 31
252282 0
252283 28
252285 1
252286 3
252301 1
252302 4
252317 16
252320 19
252322 10
252325 25
252327 19
252330 28
252342 16
252363 31
252420 16
252421 25
252425 10
252427 31
252439 22
252444 27
252450 22
252460 4
252498 7
252702 16
252708 16
252711 22
252719 25
252724 22
252725 16
252752 7
252785 25
252789 25
252791 19
253303 19
253314 0
253315 19
253432 16
253455 4
253456 19
253481 22
253701 16
253717 22
253722 19
253732 25
253734 22
253736 7
253747 16
253748 7
253752 19
253754 25
254181 7
254205 5
254206 25
254211 3
254215 18
254216 19
254222 16
254231 9
254232 30
254252 7
254282 31
254302 0
254325 31
254333 10
254372 8
254373 22
254421 28
254426 1
254436 7
254439 25
254441 10
254451 22
254456 7
254457 4
254459 16
254461 13
254471 19
254473 16
254494 22
254496 19
254700 16
254702 7
254703 19
254710 22
254734 19
254770 7
254804 25
254872 22
254875 25
255201 18
255215 13
255251 7
255290 16
255300 19
255320 31
255321 25
255330 6
255359 9
255415 19
255417 16
255420 19
255422 22
255424 25
255431 16
255432 7
255434 27
255438 19
255449 31
255454 22
255455 22
255460 28
255462 16
255471 25
255492 19
255722 25
255734 19
255750 7
255752 16
255758 19
255764 7
255766 16
255770 22
255771 22
255772-001 16
255772-801 22
255772-803 25
255772-804 16
256100 23
256212 16
256271 22
256281 25
256316 19
256333 16
256373 28
256384 22
256412 4
256418 25
256441 19
256457 28
256462 7
256473 22
256700 22
256751 19
259103 28
259104 25
259106 31
259107 24
259108 12
259109 27
259201 30
259203 7
260312 22
260701 31
260705 22
260709 19
260716 7
260718 16
260772 25
261103 28
261111 11
261200 19
261210 1
261212 9
261216 16
261217 31
261304 1
261305 7
261335 28
261336 7
261342 16
261343 25
261361 25
261405 4
261434 16
261447 25
261456 16
261457 19
261458 13
261469 19
261473 28
261497 22
261701 16
261702 22
261706 19
261739 19
261746 22
261754 25
261769 22
261781 25
261791 19
261792 22
263701 16
263702 22
263720 25
263760 19
263771 25
264701 7
264706 25
264710 22
264741 16
264789 22
264791 19
266702 19
268721 19
269101 22
269102 16
269111 7
269200 16
269201 1
269202 22
269340 31
269430 25
269462 22
269470 31
269494 19
270701 22
270702 19
270711 16
270712 22
270791 16
301254 1
305202 25
311352 13
318322 1
318351 16
320351 19
321251 19
324703 19
328310 7
328313 10
330110 11
330111 25
351100 31
351200 19
351201 28
351202 31
351301 7
351302 4
351321 28
351331 16
351410 19
351425 7
351441 25
351442 31
351451 16
351463 22
351466 19
352103 0
352301 1
352311 22
352321 31
352323 19
352421 19
352422 0
352431 25
353301 25
353311 16
353421 16
353431 7
353451 22
353452 19
354311 28
356100 19
356101 26
356102 15
356202 7
356210 18
356212 31
356261 19
356303 7
356304 22
356312 22
356361 16
356411 28
356416 16
356432 25
356477 25
357110 21
357210 28
357322 16
357325 7
357360 13
357417 7
357441 25
357491 19
359202 14
359203 31
359204 16
359206 22
359301 7
359311 1
359380 16
359405 16
359409 22
359410 28
359413 22
359421 19
359465 16
360100 23
360210 28
360301 22
360304 25
360402 7
360403 16
360423 19
360460 4
361210 13
361211 16
361301 25
361321 22
361351 31
361453 25
361471 19
362211 24
363210 4
365201 7
365211 28
365321 25
365421 16
365427 22
365428 4
365431 22
368200 16
368317 16
368431 22
400110 11
400211 19
401382 25
403382 22
406385 31
406395 7
409281 10
409292 28
411281 4
411291 31
415291 7
420281 25
421281 16
421291 22
421385 10
421395 1
423382 28
428382 4
461100 3
461170 26
461471 22
461511 7
461523 25
461526 19
461527 4
461529 19
462130 3
462151 7
462505 16
462523 22
462541 16
462586 19
462587 16
462588 22
463251 0
463311 1
463331 22
463341 13
463353 16
463402 16
463433 22
463455 31
463491 25
463503 28
463504 25
463545 16
463556 3
463558 27
464301 27
464311 7
464341 31
464401 1
464413 7
464441 28
464443 25
464444 19
464445 4
464501 7
464502 7
464503 31
464508 16
464509 16
464510 22
464541 19
464542 1
464546 22
464549 4
501301 19
501302 31
502211 31
504302 16
506303 7
506361 1
508203 16
508303 22
510201 10
510202 1
510411 16
510414 22
510415 7
510417 25
512303 25
513111 4
513114 28
513223 7
513224 31
513283 19
513315 19
513324 4
513328 25
513363 28
513371 31
513412 7
513429 25
513445 16
513451 22
513471 19
514211 31
514241 25
514317 16
514323 3
514335 1
514341 28
514343 25
514381 4
514383 6
514395 31
514397 7
514466 19
515201 28
515250 31
515307 28
515312 10
515334 25
515361 7
515364 31
515376 19
515403 16
515455 22
515490 19
551311 25
552216 28
552217 0
552222 28
553312 16
554314 22
555313 1
556311 31
558431 19
561312 19
562211 19
571115 31
601201 30
601302 1
601321 16
601341 28
601344 30
601351 19
601422 22
601452 19
601456 7
601462 19
601702 25
601731 16
601742 19
601758 19
601765 25
601767 22
602100 15
602102 21
602103 6
602111 19
602211 27
602315 27
602321 16
602322 7
602431 16
602432 19
602441 22
602464 16
602731 19
602753 22
602761 22
603211 0
603322 7
603332 25
603352 22
603371 19
603421 16
603441 19
603711 16
603723 22
603731 19
604304 28
604305 19
604312 7
604313 16
604351 25
604352 19
604412 25
604414 22
604416 16
604422 19
604451 28
604715 22
605201 31
605204 19
605301 25
605313 4
605314 31
605321 7
605322 19
605341 16
605412 7
605432 25
605444 16
605445 22
605461 19
605701 22
605702 19
605717 19
605741 16
605745 22
605751 22
606231 19
606242 10
606244 22
606263 25
606343 31
606362 25
606363 19
610114 12
651105 6
651109 25
651120 28
651210 28
651311 7
651312 31
651315 25
651316 28
701101 7
701181 6
701182 28
701183 1
701201 0
701211 27
701281 22
701295 25
701313 6
701321 28
701331 10
701341 31
701342 3
701344 19
701407 28
701425 19
701455 25
701494 16
702100 13
702101 11
702205 10
702211 31
702213 25
702312 7
702316 28
702317 13
702318 7
702341 7
702351 4
702411 16
702416 22
702431 19
703103 16
703202 8
703243 24
703244 1
703305 16
703308 0
703309 31
703310 22
703311 28
703322 30
703323 19
703324 22
703330 6
703331 10
703391 4
703404 22
703412 25
703447 16
703454 4
703498 19
705191 19
705211 16
705311 6
705328 13
705329 7
705331 28
705342 16
705351 16
705437 25
705438 28
705440 16
705441 30
705442 12
705444 31
705446 22
705447 25
705461 22
705493 19
751100 22
751101 30
751102 1
751106 22
751202 22
751209 9
751301 24
751302 1
751303 16
751305 30
751308 18
751309 16
751321 22
751326 19
751327 22
751330 12
751345 31
751401 25
751403 4
751405 28
751408 4
751417 22
751419 19
751425 19
751428 13
751441 19
751443 19
751447 16
751451 10
751701 22
751702 19
751703 16
751704 25
751705 25
751706 22
751708 19
751710 25
751712 7
751716 16
751718 4
751726 16
751734 16
751742 31
751743 7
801100 8
801201 16
801225 28
801235 25
801324 7
801331 27
801333 30
801334 16
801336 25
801421 28
801471 19
801481 0
803121 19
803123 16
803231 19
803331 19
851100 17
851104 31
851105 16
851108 3
851200 22
851201 19
851202 11
851204 22
851205 25
851243 19
851251 8
851262 31
851273 1
851305 3
851309 14
851313 19
851343 3
851344 7
851345 16
851360 10
851362 28
851367 19
851372 16
851375 0
851400 9
851404 4
851406 24
851407 19
851462 10
852101 31
852102 7
852103 28
951100 29
951102 31
951106 10
951125 25
951203 1
951302 28
951323 22
951331 16
951344 25
951348 16
951352 19
951497-020 25
951497-021 7
953103 7
953111 12
953211 16
953212 28
953233 31
953261 25
953321 16
953322 25
953331 19
953361 16
953421 19
953494 22
954100 7
954140 19
954143 7
954170 28
954246 0
954326 22
954370 19
954374 7
954410 22
954413 25
954416 16
954426 31
954443 19
954449 4
954462 10
954471 1
954477 28
954491 13
954498 19
955102 5
955103 10
955104 7
958111 4
