001101 1
001102 1
001112 6
001118 9
001201 31
001202 10
001210 9
001222 13
001223 4
001224 4
001225 4
001226 4
001227 10
001228 4
001229 0
001230 10
001231 7
001234 28
001250 7
001291 1
001292 28
001310 25
001311 31
001312 18
001314 22
001315 25
001320 4
001321 4
001323 12
001330 25
001341 13
001342 16
001352 19
001355 10
001361 31
001362 19
001391 28
001410 0
001423 16
001440 0
001445 28
001446 4
001463 4
001471 22
001472 7
002102 18
002111 28
002191 25
002202 16
002230 22
002260 25
002302 10
002311 25
002321 7
002331 16
002362 22
002402 16
002441 28
002471 7
003102 31
003191 3
003202 4
003314 10
003331 28
003332 7
003361 22
003367 28
003454 28
004282 16
004465 7
004472 28
004474 31
004476 0
006103 19
006226 7
006241 10
006253 31
006307 16
006326 22
006330 28
006349 28
006353 25
006423 22
006432 7
006443 22
006448 19
006475 10
008214 16
008314 19
008326 22
008402 31
008411 4
009103 9
009213 25
009234 22
009236 28
009254 19
009325 25
009327 22
009344 22
009355 7
009356 13
009358 16
009363 28
009446 31
011100 6
011101 24
011154 23
011156 3
011157 7
011251 25
011257 21
011268 31
011269 12
011276 28
011277 12
011278 6
011355 16
011367 22
011457 22
011479 19
012173 21
012200 15
012271 27
012272 16
013103 31
013110 7
013203 22
013204 24
013207 19
013208 16
013209 28
013216 30
013217 5
013301 27
013303 0
013306 7
013321 19
013335 31
013337 25
013410 10
013413 10
013422 16
013428 22
013431 22
013432 7
014210 22
014211 7
014270 27
014310 22
014311 28
014323 10
014370 19
014383 7
014390 7
014401 27
014410 25
014422 22
014423 16
014471 25
014481 28
015101 9
015102 7
016101 19
016102 16
017101 0
017102 7
017111 16
017112 4
017231 19
018104 7
018111 28
018112 17
018114 0
018126 10
018204 22
018271 1
018323 22
018352 16
018372 31
018468 22
019101 12
019104 28
019105 7
019106 3
019112 10
019204 9
019205 7
019206 10
019212 22
019222 7
019332 7
019351 31
019362 28
019373 15
019441 10
020101 24
020102 10
020212 16
020231 31
020232 22
020261 28
021101 7
021102 31
021203 0
021204 0
021270 19
024752 22
025110 22
025381 22
025481 22
026101 27
026102 12
026111 27
026112 16
026201 0
026202 0
050100 28
050103 29
050104 3
050106 11
050112 13
050113 0
051302 25
051304 31
051306 10
051310 10
051313 13
051412 25
051418 31
052203 25
052310 13
052323 7
052331 28
052350 6
052351 10
052353 16
052355 12
052400 28
052417 25
052420 10
052422 19
052441 7
052442 1
052445 22
052448 31
052449 22
052725 28
054821 22
054822 22
055702 28
055703 22
055711 25
055739 25
057121 11
057122 29
057123 3
057125 6
057126 15
057127 24
057128 20
057129 15
057130 5
057131 12
057132 6
057133 9
057134 2
057135 27
057136 22
057137 24
057138 6
057139 27
057213 24
057283 7
057286 13
057287 19
057290 22
057295 25
057297 16
057298 7
057301 7
057302 22
057305 18
057307 22
057316 13
057366 25
057401 25
057404 16
057407 19
057413 19
057419 10
057425 22
057427 22
057428 27
057450 28
059405 25
059413 22
059419 18
061106 31
061201 22
061205 7
061223 7
061224 19
061306 0
061312 9
061313 1
061317 25
061319 16
061401 10
061403 22
061405 28
061430 13
062342 7
062346 28
062360 16
062380 13
062411 7
062452 16
062460 19
062470 19
062499 22
063201 19
064204 19
064231 31
064232 22
064252 19
064303 1
064411 16
064412 25
064413 22
064417 16
064422 22
064423 31
064424 5
064474 10
065120 22
065121 30
065211 12
065212 25
065311 10
065320 25
065333 19
065420 7
065436 22
065437 31
065438 31
065782 25
065795 28
065797 22
065799 22
066222 22
066324 7
066412 22
066416 10
066426 22
067201 16
067203 22
067303 7
067311 31
067371 10
067433 19
067435 13
067436 25
067491 31
070200 22
070304 22
070305 7
070400 22
070401 10
070403 1
070404 25
070410 31
070411 16
070413 17
070414 6
070415 25
070416 28
070727 28
070731 22
070741 22
071411 19
071412 19
071413 31
071414 22
071415 1
071416 22
071417 22
071419 16
071420 10
071426 22
071724 22
074100 30
074101 2
076414 4
076426 7
076427 16
076428 22
076429 22
076430 10
076444 31
076466 1
078444 17
079444 9
088708 22
099101 28
099102 7
099103 22
100102 7
100104 6
100109 13
100110 28
100111 31
100112 10
100205 16
100206 31
100207 27
100208 10
100210 13
100212 9
100213 0
100214 7
100218 18
100219 15
100220 15
100222 1
100225 4
100227 25
100281 30
100306 15
100307 30
100308 9
100309 4
100310 28
100501 13
101201 28
101202 28
101205 16
101325 10
101405 22
101490 30
103271 30
104100 31
104201 22
104302 6
104310 22
104320 10
104327 22
104334 25
104435 22
104450 10
104490 22
109100 23
109114 30
112101 7
112105 28
112106 31
112109 22
112202 10
112205 19
112303 22
112321 28
112322 28
112406 25
112424 22
115300 28
116301 19
116302 22
126101 7
126102 31
126212 16
126213 4
126214 22
126324 1
126325 28
126328 10
126330 28
126331 19
126332 6
126400 7
126431 27
126434 31
126436 16
126437 22
126438 31
126442 12
127100 15
127101 9
127202 13
127205 12
127206 27
127303 22
127313 30
127320 16
127330 22
127332 1
127333 28
127336 7
127359 19
127411 12
127412 25
127413 28
127414 22
127415 16
127416 9
127424 22
127433 19
127492 28
127716 25
127720 28
127721 16
127730 22
128100 8
128101 25
128201 22
128304 30
128305 28
128306 9
128308 0
128310 30
128353 7
128401 28
128423 22
128425 19
128427 22
128429 13
128434 22
128445 22
128451 25
128462 16
128471 31
128484 22
128700 25
128712 16
128727 28
128734 22
128751 16
140101 22
140102 25
140103 31
140104 18
140105 28
152211 16
152301 28
152321 7
152331 10
154100 10
154104 27
154141 25
154152 22
154153 7
154173 25
154181 10
154251 16
154276 10
154281 25
154301 22
154330 19
154431 28
154479 19
154482 7
154492 10
159100 24
159101 19
159102 25
159151 12
159202 28
159203 19
159204 0
159331 22
159411 13
159412 10
159434 9
159462 19
160342 28
164261 19
164341 7
168101 31
168410 13
176100 17
176101 10
176104 13
177104 28
177113 16
177114 22
177141 10
177142 3
177181 13
177220 25
177222 31
177227 22
177228 28
177229 25
177300 30
177321 10
177332 7
177335 19
177341 6
177361 18
177362 0
177413 22
177420 10
177425 31
177429 16
177430 4
177431 25
177433 25
177460 28
177464 28
177465 31
177466 4
177470 25
177471 1
177483 12
177491 31
177494 16
177495 22
179402 13
179403 25
179404 22
179406 7
179443 13
201100 20
201110 29
201114 22
201116 19
201117 24
201190 31
202100 24
202101 21
202102 21
202147 31
202231 0
202303 28
202305 1
202311 19
202331 22
202356 25
202371 16
202405 7
202432 16
202442 25
202461 25
202471 22
202475 22
202476 16
202484 22
202731 28
202736 28
202749 22
202770 28
202804 22
202807 22
202833 22
202843 28
203100 6
203104 31
203108 28
203111 3
203113 12
203114 4
203131 31
203132 0
203151 10
203152 10
203154 24
203158 13
203159 22
203162 31
203202 10
203203 10
203204 25
203206 14
203207 30
203208 6
203209 5
203211 0
203222 19
203223 27
203226 27
203232 22
203236 0
203250 12
203287 13
203300 19
203304 10
203316 25
203351 7
203352 31
203413 16
203424 28
203425 28
203435 16
203459 7
203708 28
203715 22
203719 25
203721 22
203734 25
203735 28
203749 25
203754 22
203775 28
203804 22
203812 28
203825 25
203829 28
204100 19
204101 13
204113 22
204123 25
204202 7
204217 9
204232 12
204251 0
204306 28
204315 19
204320 22
204333 10
204355 16
204362 7
204382 16
204422 13
204425 25
204441 4
204443 31
204452 7
204456 22
204482 19
204483 1
204490 12
205100 6
205103 22
205105 3
205216 13
205232 16
205244 10
205252 22
205282 25
205324 7
205344 22
205358 10
205361 22
205382 28
205421 7
205473 22
206100 25
206103 7
206104 7
206108 19
206111 25
206112 18
206161 20
206162 25
206171 14
206172 14
206181 6
206182 28
206191 7
206211 12
206216 22
206217 7
206253 0
206255 25
206261 1
206266 1
206281 6
206311 16
206313 22
206321 22
206325 24
206327 1
206331 1
206336 16
206341 25
206342 31
206355 0
206357 22
206362 1
206364 28
206367 12
206368 1
206370 19
206421 7
206435 16
206437 13
206467 6
206471 25
206476 28
206481 27
206725 25
206726 28
206728 22
206729 22
206731 25
206734 28
206736 25
206737 25
206774 28
207100 7
207104 0
207105 10
207106 10
207108 27
207109 15
207110 22
207116 13
207117 16
207118 7
207125 13
207137 4
207162 19
207172 28
207181 31
207187 5
207188 28
207191 16
207195 27
207214 30
207302 7
207305 25
207306 19
207312 13
207321 28
207402 25
207408 31
207415 22
207442 22
207448 19
207449 22
207704 25
207706 28
207708 22
207712 22
207741 25
207766 22
207776 22
208101 26
208140 22
208141 7
208161 16
208250 22
208263 22
208264 10
208271 0
208272 0
208322 25
208345 6
208346 10
208353 7
208362 31
208373 28
208384 25
208423 19
208444 10
208446 25
208460 28
208738 16
208740 22
208770 25
208772 25
208774 28
208776 28
208873 22
209203 13
209204 31
209252 13
209253 7
209262 31
209263 10
209270 7
209271 22
209272 16
209322 7
209332 4
209341 16
209352 7
209370 22
209376 25
209382 19
209424 28
209452 1
209454 19
209456 31
209466 25
209486 7
209714 25
209772 22
209787 28
209789 25
210100 22
210200 19
210207 31
210221 10
210251 28
210276 13
210315 19
210331 16
210355 25
210432 28
210435 22
210448 25
210463 10
210702 22
210717 28
210734 25
210741 28
210743 25
210748 28
210787 25
211100 21
211303 22
211312 13
211315 24
211318 0
211319 22
211341 9
211342 28
211448 19
211449 31
211495 28
211709 22
212712 22
212714 28
212731 25
213708 22
213717 25
213718 28
213763 28
214301 10
214310 22
214340 25
214341 28
214352 10
214403 31
214412 4
214431 28
214442 28
214462 28
214491 22
215205 23
215206 13
215207 15
215208 25
215303 22
215312 18
215313 31
215314 13
215401 7
215462 28
215482 22
215711 28
215783 22
217705 28
217708 22
217773 16
218100 23
218234 7
218236 13
218244 28
218262 22
218352 31
218362 10
218372 22
218382 16
218481 7
218486 22
218496 22
219753 25
219781 28
226703 22
226704 28
226710 28
226805 22
229223 27
229351 19
251100 28
251211 24
251213 0
251216 30
251242 25
251261 9
251292 13
251312 6
251313 0
251333 22
251334 10
251342 25
251361 31
251363 28
251371 19
251372 16
251374 15
251399 27
251411 7
251417 22
251434 16
251436 28
251451 19
251455 7
251456 7
251457 19
251461 10
251465 25
251704 19
251707 22
251713 28
251716 16
251723 25
251724 22
251738 22
251746 16
251748 25
251754 16
251760 25
251763 28
251765 22
251773 16
251781 25
251784 22
252210 0
252212 9
252222 30
252235 28
252281 28
252282 22
252283 13
252285 16
252311 25
252320 13
252331 22
252353 30
252401 28
252402 7
252403 28
252404 22
252413 16
252420 25
252421 7
252422 22
252423 27
252427 19
252428 10
252429 25
252435 0
252440 13
252442 19
252443 7
252448 25
252450 25
252456 7
252459 10
252460 16
252479 4
252489 22
252706 28
252707 25
252714 16
252721 16
252727 25
252755 25
252765 28
252781 28
252792 22
253215 13
253318 10
253321 25
253332 31
253423 16
253433 22
253441 13
253443 16
253451 28
253452 22
253454 7
253721 22
253725 16
253731 16
253734 25
253735 25
253747 19
253749 31
253752 19
253754 28
253791 28
254182 24
254200 15
254205 12
254206 22
254207 7
254211 11
254215 27
254216 31
254222 10
254231 7
254232 18
254271 24
254282 27
254334 19
254352 25
254362 6
254371 28
254373 1
254400 16
254411 16
254412 28
254415 7
254421 0
254423 16
254424 16
254427 7
254435 31
254441 10
254443 7
254445 7
254446 22
254451 22
254452 28
254453 31
254466 0
254476 22
254477 31
254478 22
254495 16
254701 22
254721 28
254733 16
254737 25
254771 25
254816 22
254857 28
255210 18
255230 24
255300 19
255301 27
255316 0
255323 28
255328 21
255337 15
255340 10
255393 25
255422 28
255425 22
255430 4
255432 31
255433 28
255437 7
255440 25
255442 7
255445 7
255447 22
255451 22
255455 22
255463 7
255471 28
255497 22
255714 28
255735 22
255746 25
255750 16
255751 16
255769 16
255772 28
255783 19
255786 16
255791 31
255792 22
256100 24
256271 19
256281 31
256317 19
256318 16
256334 10
256415 7
256419 25
256442 22
256443 6
256456 22
256473 28
256474 25
256713 16
256741 22
256752 25
256753 28
256791 22
259103 23
259104 6
259106 4
259107 19
259108 3
259193 13
259195 13
259200 28
259201 29
259203 7
259401 16
260313 16
260334 22
260421 22
260702 16
260712 25
260719 28
260791 22
261102 28
261111 12
261112 24
261113 6
261205 10
261207 9
261208 24
261214 15
261215 10
261218 0
261305 22
261306 25
261332 13
261342 7
261343 10
261361 28
261411 16
261421 16
261430 19
261433 19
261444 13
261446 16
261447 19
261448 10
261449 7
261453 31
261465 7
261473 7
261479 19
261494 7
261497 18
261498 7
261499 16
261731 22
261736 22
261742 16
261745 19
261751 22
261752 28
261755 25
261763 16
261792 19
261796 28
261891 16
263710 16
263721 25
263724 28
263745 22
263751 22
264702 25
264703 28
264705 22
264755 16
264791 19
265706 25
265709 28
265710 22
266703 22
266801 28
268735 28
268741 22
268742 25
269103 28
269105 31
269130 7
269210 22
269341 7
269360 28
269370 22
269497 13
269498 25
270721 28
270791 28
305203 28
318322 30
329104 22
330112 1
351100 9
351201 22
351302 7
351331 19
351364 19
351371 16
351425 13
351426 22
351464 31
352103 8
352311 7
352314 25
352315 16
352323 28
352331 7
352332 19
352401 9
352412 7
352413 22
352421 25
352422 20
352433 4
352441 16
353313 7
353418 4
353431 16
353441 28
353471 19
353482 16
354311 28
354312 25
355411 22
356100 26
356101 14
356102 17
356210 19
356261 25
356306 7
356331 9
356333 13
356373 19
356375 25
356411 22
356412 22
356415 4
356416 22
356431 16
356432 7
356441 13
356442 27
356443 19
356444 25
356446 22
356447 7
356448 22
356449 19
356455 22
356472 28
356474 22
357110 3
357210 9
357322 28
357323 13
357418 10
357421 0
357432 19
357442 19
357444 7
357446 22
359202 12
359205 25
359206 28
359302 7
359305 28
359341 22
359350 22
359360 4
359401 9
359403 25
359419 7
359422 31
359452 7
359455 28
359460 10
359461 31
360100 21
360301 28
360402 22
360403 7
360411 25
360423 22
360441 16
360460 28
361210 25
361211 22
361214 25
361341 28
361414 22
361421 4
361433 7
361442 10
361461 31
361475 16
363210 19
365201 28
365211 22
365301 7
365324 19
365331 28
365422 16
365425 31
365426 10
368211 24
368310 7
368412 13
368417 0
368433 7
400110 23
400210 22
401281 13
401383 1
401391 10
403281 4
403383 16
406284 22
406294 28
406386 19
406396 22
408382 7
410381 0
413383 25
413391 28
415393 12
420282 7
421282 31
421292 19
421386 13
421396 3
422381 4
428281 16
428282 25
428381 31
428383 6
461170 20
461471 28
461472 25
461511 25
461526 28
462130 23
462531 16
462542 25
462545 28
462582 22
462587 28
462588 16
463201 7
463252 31
463331 22
463332 31
463342 13
463354 16
463512 22
463513 28
463534 19
463543 10
463544 25
463557 28
463559 7
463571 19
463592 10
464302 10
464312 4
464402 13
464403 7
464414 10
464442 16
464443 22
464445 25
464446 30
464500 16
464502 22
464504 28
464505 13
464506 10
464508 19
464544 25
464545 19
464546 19
464549 16
501201 16
501202 25
501305 25
501306 31
502313 16
502314 4
504202 1
504305 13
506202 28
508304 10
510306 22
512304 28
513113 27
513115 10
513212 10
513216 13
513217 16
513225 22
513284 25
513331 25
513343 28
513364 10
513373 16
513390 22
513411 22
513446 22
514202 16
514206 19
514222 25
514244 10
514272 13
514322 19
514336 13
514352 28
514358 7
514382 25
514384 31
514396 22
514398 10
515204 10
515205 28
515256 25
515257 22
515330 25
515337 1
515339 28
515362 16
515377 13
515378 10
515380 22
515407 16
515440 25
515441 28
515442 22
518724 22
518770 28
551311 25
552216 28
552217 10
552232 16
553312 25
554314 28
555313 28
556311 22
557433 16
558101 10
558432 22
561312 31
562101 31
562211 28
571115 22
601201 2
601202 28
601231 25
601242 28
601342 28
601346 16
601351 19
601361 10
601423 7
601424 19
601425 19
601436 19
601452 28
601471 7
601472 22
601745 28
601769 25
601775 22
602100 2
602102 15
602103 11
602120 25
602121 22
602122 13
602314 19
602421 16
602432 25
602453 10
602454 7
602455 7
602461 22
602463 28
602471 19
602741 28
602751 22
603200 24
603231 31
603321 28
603341 13
603396 28
603423 25
603496 10
603725 25
603743 28
603751 22
604101 15
604211 24
604311 19
604314 10
604315 25
604411 1
604415 28
604423 12
604431 18
604443 22
604454 28
604455 7
605203 10
605302 19
605313 13
605315 13
605316 22
605321 28
605331 25
605340 28
605412 22
605430 1
605711 28
605719 22
606211 10
606243 28
606245 7
606264 22
606310 19
606341 16
606342 25
606344 28
606451 31
606452 22
610114 15
651211 16
651212 28
651231 16
651234 22
651306 22
651313 31
651314 19
651317 22
651319 16
651416 25
651425 28
701100 16
701101 27
701181 18
701202 19
701211 22
701235 28
701243 7
701244 31
701283 15
701310 25
701335 22
701408 7
701409 28
701410 22
701496 4
702100 10
702101 3
702211 31
702213 14
702312 17
702317 28
702321 12
702331 10
702342 16
702354 25
702423 28
702443 7
702499 22
703103 30
703202 10
703204 28
703243 13
703244 19
703322 0
703324 1
703330 9
703331 22
703345 18
703351 6
703361 31
703413 28
703441 25
703444 22
703499 22
705191 17
705211 13
705311 24
705328 10
705331 18
705332 30
705343 16
705431 10
705438 7
705440 1
705441 7
705444 27
705446 10
705447 22
705461 25
705492 7
705499 25
751100 16
751101 17
751102 16
751106 7
751202 21
751209 19
751301 6
751302 7
751303 27
751305 28
751308 3
751309 30
751321 10
751326 19
751330 7
751345 22
751401 31
751403 0
751405 12
751408 15
751417 31
751418 7
751419 25
751421 22
751422 22
751424 7
751428 19
751440 25
751443 10
751447 18
751451 13
751701 31
751702 22
751703 19
751705 10
751706 22
751708 28
751710 16
751716 25
751718 25
751719 19
751727 16
751742 16
751744 25
801100 10
801122 24
801134 10
801204 10
801233 25
801236 28
801241 0
801322 22
801334 25
801371 22
803122 10
803124 25
803131 22
803230 22
803232 25
803260 22
851100 3
851103 31
851104 7
851105 16
851200 9
851201 19
851202 27
851204 13
851207 15
851241 22
851252 30
851253 16
851261 4
851263 24
851273 23
851305 12
851306 13
851309 3
851313 16
851363 28
851366 25
851375 9
851400 30
851401 28
851404 22
851406 22
851443 4
851445 31
851450 6
851462 19
851467 19
951100 21
951202 13
951231 19
951321 22
951324 10
951366 10
951421 22
951498-020 25
951498-021 28
953102 22
953104 7
953111 26
953201 10
953202 10
953214 28
953231 28
953232 31
953234 22
953323 13
953361 22
953421 16
953444 22
953494 16
953495 7
954100 28
954140 18
954142 31
954143 13
954170 28
954240 10
954244 7
954310 30
954340 16
954347 22
954371 30
954372 10
954374 25
954413 22
954421 19
954423 7
954464 25
954472 7
954491 4
954498 28
955102 22
955104 19
