001101 16
001102 4
001111 25
001113 3
001201 1
001202 31
001210 4
001212 1
001218 16
001230 14
001231 11
001250 28
001291 15
001293 19
001310 30
001311 10
001312 28
001318 19
001320 4
001321 31
001323 13
001330 21
001342 10
001353 0
001354 6
001362 10
001381 4
001410 7
001423 13
001425 31
001443 7
001444 9
001445 19
001447 7
001461 7
002101 13
002110 25
002191 31
002192 13
002201 9
002211 25
002221 19
002250 13
002301 31
002333 13
002351 0
002361 7
002365 19
002401 31
002473 13
003101 30
003191 7
003201 13
003313 0
003320 21
003331 24
003367 19
004241 24
004282 28
004301 4
004303 7
004324 23
004432 3
004473 31
004475 13
004483 9
006103 9
006126 7
006206 6
006226 19
006242 24
006253 15
006303 30
006325 22
006326 31
006330 22
006344 4
006346 13
006355 10
006425 4
006426 22
006428 4
006443 10
006448 13
006454 13
008214 22
008303 13
008314 31
008411 7
008417 22
009103 23
009105 13
009212 22
009230 19
009231 15
009326 0
009328 30
009426 7
009431 13
009445 7
011100 30
011151 7
011152 30
011153 15
011251 12
011257 6
011259 13
011269 0
011276 24
011353 13
011356 16
011358 9
011362 25
011374 13
011461 13
011464 22
011479 7
012100 31
012173 18
012200 24
012273 24
012371 25
012475 25
013103 13
013110 10
013203 31
013204 21
013206 12
013209 16
013301 22
013302 3
013303 22
013305 16
013306 7
013307 31
013317 7
013321 25
013326 7
013329 13
013330 15
013335 13
013337 7
013413 13
013427 15
013433 31
014210 18
014211 13
014270 15
014310 24
014311 28
014322 31
014323 6
014324 13
014370 15
014371 10
014381 31
014382 22
014401 6
014471 4
014481 10
014485 7
015101 21
016101 12
017101 25
017102 13
017111 6
017112 7
017210 22
018103 22
018111 13
018113 22
018125 13
018203 10
018211 7
018213 13
018231 31
018235 22
018271 9
018301 31
018335 13
018351 4
018353 22
018433 13
018435 7
018438 31
018467 31
019101 8
019103 31
019105 21
019106 9
019108 22
019111 13
019203 19
019205 7
019206 22
019208 12
019211 21
019221 10
019303 25
019311 13
019331 15
019361 19
019371 25
019373 13
019381 4
019411 19
019442 31
019471 4
019473 22
020101 25
020102 7
020211 25
020212 7
020231 15
020311 19
020321 4
020333 31
020341 22
020362 3
020363 13
021101 18
021102 7
021203 30
021270 7
025108 7
025110 13
025310 7
025480 13
026101 31
026102 21
026111 7
026112 13
026201 31
026271 13
029701 7
029711 13
050100 19
050103 18
050104 18
050106 3
050111 9
051302 31
051304 22
051306 7
051313 28
051412 13
051418 13
052201 4
052202 30
052314 13
052350 25
052352 19
052357 16
052400 22
052419 31
052443 10
052445 13
052447 7
052725 7
055701 13
055706 22
055707 16
055771 22
055797 7
057121 26
057122 25
057123 3
057125 2
057126 3
057127 22
057128 25
057129 17
057130 6
057131 22
057132 22
057133 10
057134 22
057135 31
057137 4
057138 31
057139 31
057140 1
057201 25
057205 10
057215 19
057274 31
057279 28
057283 15
057284 19
057285 4
057288 7
057293 24
057294 7
057300 16
057302 10
057305 18
057351 13
057366 10
057403 9
057405 12
057410 0
057411 7
057420 4
057425 19
057426 22
057428 24
059419 22
061106 10
061201 7
061223 31
061306 15
061307 25
061312 31
061313 22
061317 16
061401 7
061403 22
061404 19
062342 4
062343 13
062344 19
062345 31
062346 31
062360 10
062380 4
062411 10
062452 31
062460 4
062470 19
063703 7
063813 13
064207 16
064231 16
064251 7
064281 1
064291 7
064301 10
064303 13
064410 31
064412 4
064417 13
064418 10
064424 3
064474 22
065210 16
065212 15
065310 19
065320 16
065332 31
065421 13
065434 1
065435 13
065436 31
065437 10
065797 13
065799 13
066221 7
066323 19
066410 16
066414 22
066425 25
066755 7
067202 13
067303 18
067311 7
067372 4
067373 16
067432 24
070301 19
070303 16
070304 19
070305 22
070308 22
070400 13
070401 16
070403 22
070404 7
070410 4
070411 31
070415 19
070416 16
070720 22
070721 16
070726 7
070727 7
070731 13
070792 13
071412 10
071413 22
071414 13
071420 22
071422 10
071423 7
071425 31
071712 16
071811 7
074100 24
074101 22
074414 4
076314 25
076414 4
076425 22
076427 0
076428 30
076429 19
076444 4
076466 19
078444 14
078454 13
079444 22
088708 13
091800 13
099101 25
099102 25
100102 13
100103 13
100104 10
100105 22
100109 13
100110 24
100111 31
100112 1
100206 22
100207 7
100208 7
100209 13
100210 28
100211 30
100212 16
100213 24
100218 22
100219 13
100220 13
100225 10
100226 13
100281 3
100306 9
100307 30
100308 13
100309 3
100310 21
100501 16
101100 21
101105 4
101201 25
101211 31
101400 13
101405 16
103112 19
103191 13
103271 3
104200 10
104201 13
104300 7
104301 31
104340 13
104410 19
104424 7
104495 22
105304 16
109100 19
109115 28
112101 13
112102 31
112103 7
112108 13
112201 7
112203 13
112213 22
112300 4
112411 22
112412 7
115200 10
115301 13
115302 24
116400 7
126101 30
126216 12
126321 16
126330 0
126333 13
126334 4
126428 18
126432 22
126443 25
127100 10
127101 8
127203 9
127204 3
127207 6
127303 0
127312 24
127314 18
127315 13
127316 16
127329 25
127337 30
127711 22
127717 16
127718 7
127719 13
128100 21
128101 10
128202 25
128203 22
128204 7
128307 19
128309 0
128334 25
128352 3
128354 4
128403 23
128701 22
128710 16
128730 7
128740 13
128762 13
140101 13
140102 13
140105 4
152321 13
154104 18
154141 25
154151 12
154231 7
154262 22
154281 21
154311 4
154330 16
154340 0
154351 22
154353 25
154363 13
154375 13
154377 7
154388 0
154433 10
154443 7
154488 4
159100 24
159101 31
159151 13
159203 24
159221 13
159302 16
159303 4
159305 28
159332 13
159356 16
159362 10
159403 13
159411 22
159412 7
159431 10
160341 16
164200 7
164341 25
168101 31
168410 16
176100 11
176101 5
176104 3
176220 26
177103 30
177214 9
177215 15
177216 6
177217 28
177242 19
177281 19
177283 1
177285 13
177321 22
177330 16
177336 4
177341 10
177361 22
177393 6
177404 25
177414 13
177427 13
177430 13
177434 31
177446 19
177447 31
177450 7
177465 7
177467 4
177481 13
177494 13
179403 13
201100 6
201110 2
201114 22
201115 9
201116 30
202100 0
202101 12
202141 19
202143 22
202145 22
202184 4
202231 21
202260 25
202310 7
202311 25
202332 19
202334 0
202342 10
202361 31
202371 16
202410 25
202434 4
202438 13
202443 7
202473 10
202474 7
202477 13
202495 13
202737 7
202765 7
202773 22
202776 7
202783 22
202833 13
202844 31
202848 13
203100 7
203103 21
203111 6
203116 12
203151 9
203162 25
203201 6
203203 20
203204 31
203206 15
203207 16
203208 25
203209 12
203222 16
203226 27
203231 22
203235 0
203236 7
203255 4
203300 0
203303 16
203315 25
203323 0
203324 30
203331 6
203332 6
203333 4
203351 13
203352 28
203475 25
203705 7
203709 22
203713 31
203714 22
203716 7
203723 22
203732 7
203736 31
203739 22
203743 22
203753 31
203803 4
203807 31
203821 31
203828 7
203879 13
204100 28
204101 7
204111 4
204202 30
204211 16
204216 22
204217 7
204231 12
204321 27
204325 19
204335 31
204341 28
204361 0
204363 13
204365 22
204381 6
204383 22
204432 7
204442 10
204451 30
204453 25
204471 4
204721 22
204725 13
204735 7
204764 13
204891 13
205100 5
205103 12
205104 16
205105 9
205235 12
205239 31
205275 13
205303 6
205337 15
205355 4
205393 10
205441 7
205461 13
205765 31
205805 13
206100 27
206101 30
206103 13
206107 28
206108 11
206111 9
206113 22
206161 28
206171 14
206181 9
206191 31
206203 9
206207 3
206211 30
206216 19
206217 4
206254 25
206261 15
206267 22
206281 22
206300 25
206321 6
206324 10
206325 9
206327 4
206328 3
206331 7
206335 13
206336 31
206341 4
206355 10
206362 10
206370 22
206381 22
206412 22
206432 7
206436 24
206437 7
206441 3
206457 13
206470 19
206705 7
206707 22
206713 13
206717 7
206720 7
206726 22
206738 7
206739 13
206743 7
206753 7
206785 13
207100 30
207103 25
207105 6
207106 22
207107 4
207109 20
207110 15
207115 18
207117 12
207123 30
207131 28
207135 10
207171 24
207173 28
207183 13
207187 24
207203 19
207205 4
207208 16
207213 21
207308 15
207310 22
207313 3
207323 12
207348 4
207401 15
207403 13
207406 7
207419 31
207422 22
207455 31
207458 13
207463 13
207701 31
207703 22
207705 7
207711 13
207808 13
208101 21
208140 13
208150 31
208263 29
208270 22
208271 27
208280 16
208321 9
208329 22
208343 7
208348 4
208383 22
208425 25
208439 7
208440 13
208469 13
208711 31
208760 22
208761 7
208770 13
208871 7
208872 13
209201 25
209251 22
209301 19
209302 15
209303 10
209331 13
209351 1
209358 31
209361 22
209368 13
209375 25
209451 31
209453 22
209461 7
209463 13
209483 31
209485 7
209705 4
209707 31
209771 22
209773 19
209779 13
209785 7
210201 31
210202 10
210204 13
210343 10
210351 13
210383 31
210425 13
210433 7
210434 1
210445 13
210485 13
210703 31
210704 22
210705 7
210707 13
210731 13
211100 29
211311 4
211315 15
211319 24
211440 13
211443 13
211702 13
211889 7
212701 31
212703 7
212711 13
212741 22
213706 13
213707 7
213711 13
213714 22
214100 31
214261 4
214312 13
214341 19
214381 22
214401 22
214411 13
214414 31
214415 4
214430 7
214445 10
215205 5
215206 27
215207 19
215208 10
215302 21
215381 0
215411 31
215431 6
215734 22
215744 31
215752 13
215762 22
215782 22
215785 7
216781 22
217701 22
217703 7
217707 13
217726 7
217775 13
217781 13
218100 7
218101 15
218233 31
218235 13
218321 25
218323 4
218351 22
218471 22
218474 7
218475 13
219720 13
219731 22
220703 13
226701 13
226702 13
226709 13
226710 7
229123 28
229323 16
251211 6
251213 28
251216 16
251261 24
251281 25
251312 16
251313 16
251333 4
251361 22
251363 25
251371 3
251372 0
251374 13
251384 6
251411 7
251437 13
251438 13
251439 31
251461 16
251475 13
251479 7
251701 31
251702 22
251703 13
251711 31
251714 22
251715 16
251717 7
251718 31
251745 16
251751 22
251752 16
251757 7
251758 31
251776 31
251783 22
251785 16
251790 13
252201 7
252211 21
252232 24
252282 10
252283 13
252285 24
252286 9
252301 16
252302 21
252317 4
252320 22
252322 27
252325 9
252327 22
252330 30
252342 4
252363 13
252420 10
252421 13
252425 7
252427 25
252439 7
252444 12
252450 4
252460 10
252498 31
252702 22
252708 22
252711 7
252719 22
252724 7
252725 16
252752 16
252785 16
252789 31
252791 13
253303 4
253314 21
253315 16
253432 22
253455 7
253456 13
253481 16
253701 16
253717 7
253722 13
253732 22
253734 7
253736 31
253747 16
253748 31
253752 13
253754 22
254181 10
254205 4
254206 13
254211 16
254215 28
254216 25
254222 13
254231 21
254232 12
254252 19
254282 7
254302 27
254325 16
254333 18
254372 23
254373 22
254421 22
254426 22
254436 10
254439 4
254441 19
254451 24
254456 1
254457 7
254459 13
254461 19
254471 31
254473 13
254494 25
254496 31
254700 7
254702 31
254703 13
254710 16
254734 13
254770 31
254804 22
254872 16
254875 22
255201 22
255215 19
255251 6
255290 3
255300 30
255320 5
255321 27
255330 21
255359 9
255415 7
255417 13
255420 13
255422 4
255424 22
255431 7
255432 31
255434 22
255438 7
255449 10
255454 22
255455 13
255460 22
255462 7
255471 13
255492 16
255722 16
255734 7
255750 31
255752 22
255758 13
255764 13
255766 22
255770 7
255771 16
255772-001 22
255772-801 7
255772-803 22
255772-804 13
256100 0
256212 22
256271 7
256281 13
256316 16
256333 4
256373 19
256384 22
256412 22
256418 13
256441 25
256457 22
256462 31
256473 13
256700 7
256751 13
259103 30
259104 3
259106 0
259107 28
259108 31
259109 12
259201 20
259203 9
260312 7
260701 4
260705 7
260709 13
260716 31
260718 16
260772 22
261103 25
261111 3
261200 9
261210 25
261212 0
261216 10
261217 24
261304 19
261305 16
261335 6
261336 16
261342 27
261343 12
261361 21
261405 4
261434 22
261447 16
261456 7
261457 22
261458 7
261469 13
261473 13
261497 13
261701 22
261702 16
261706 7
261739 13
261746 16
261754 13
261769 13
261781 13
261791 7
261792 13
263701 16
263702 7
263720 22
263760 13
263771 22
264701 31
264706 22
264710 7
264741 16
264789 7
264791 13
266702 13
268721 13
269101 22
269102 13
269111 10
269200 31
269201 7
269202 25
269340 1
269430 7
269462 13
269470 10
269494 4
270701 7
270702 13
270711 16
270712 7
270791 16
301254 25
305202 31
311352 28
318322 13
318351 16
320351 13
321251 13
324703 13
328310 16
328313 22
330110 18
330111 0
351100 2
351200 13
351201 30
351202 28
351301 31
351302 4
351321 13
351331 22
351410 4
351425 31
351441 7
351442 16
351451 13
351463 10
351466 22
352103 6
352301 16
352311 10
352321 13
352323 28
352421 13
352422 31
352431 25
353301 16
353311 13
353421 13
353431 25
353451 31
353452 22
354311 3
356100 30
356101 24
356102 7
356202 22
356210 25
356212 16
356261 28
356303 3
356304 0
356312 22
356361 13
356411 30
356416 7
356432 13
356477 7
357110 30
357210 9
357322 7
357325 22
357360 16
357417 10
357441 22
357491 25
359202 3
359203 31
359204 13
359206 13
359301 9
359311 13
359380 7
359405 7
359409 19
359410 30
359413 22
359421 4
359465 22
360100 31
360210 0
360301 4
360304 19
360402 13
360403 7
360423 10
360460 16
361210 7
361211 7
361301 22
361321 31
361351 13
361453 22
361471 13
362211 5
363210 21
365201 4
365211 13
365321 7
365421 22
365427 13
365428 16
365431 10
368200 3
368317 16
368431 25
400110 4
400211 24
401382 22
403382 7
406385 4
406395 31
409281 1
409292 10
411281 19
411291 4
415291 31
420281 22
421281 16
421291 7
421385 1
421395 25
423382 10
428382 19
461100 22
461170 31
461471 4
461511 16
461523 7
461526 13
461527 4
461529 13
462130 19
462151 3
462505 16
462523 7
462541 4
462586 13
462587 4
462588 22
463251 16
463311 22
463331 7
463341 1
463353 4
463402 7
463433 31
463455 13
463491 19
463503 16
463504 31
463545 31
463556 7
463558 10
464301 10
464311 19
464341 13
464401 10
464413 16
464441 22
464443 25
464444 4
464445 4
464501 25
464502 22
464503 16
464508 13
464509 13
464510 13
464541 7
464542 22
464546 13
464549 19
501301 13
501302 19
502211 4
504302 22
506303 4
506361 4
508203 24
508303 7
510201 21
510202 4
510411 22
510414 7
510415 31
510417 16
512303 31
513111 12
513114 4
513223 16
513224 22
513283 7
513315 13
513324 19
513328 4
513363 31
513371 7
513412 31
513429 22
513445 16
513451 7
513471 13
514211 16
514241 22
514317 31
514323 19
514335 16
514341 7
514343 22
514381 10
514383 1
514395 13
514397 4
514466 7
515201 4
515250 25
515307 22
515312 19
515334 4
515361 31
515364 7
515376 16
515403 16
515455 7
515490 13
551311 16
552216 13
552217 7
552222 13
553312 16
554314 7
555313 7
556311 13
558431 13
561312 13
562211 13
571115 25
601201 25
601302 16
601321 7
601341 13
601344 16
601351 31
601422 10
601452 7
601456 25
601462 13
601702 22
601731 16
601742 13
601758 13
601765 22
601767 7
602100 7
602102 25
602103 30
602111 13
602211 21
602315 10
602321 0
602322 31
602431 16
602432 22
602441 13
602464 7
602731 13
602753 7
602761 7
603211 6
603322 10
603332 7
603352 4
603371 13
603421 22
603441 13
603711 16
603723 7
603731 13
604304 6
604305 30
604312 13
604313 10
604351 4
604352 6
604412 31
604414 16
604416 7
604422 13
604451 22
604715 7
605201 25
605204 7
605301 1
605313 4
605314 24
605321 16
605322 10
605341 12
605412 4
605432 16
605444 22
605445 13
605461 7
605701 7
605702 13
605717 13
605741 16
605745 7
605751 7
606231 31
606242 24
606244 7
606263 10
606343 4
606362 16
606363 31
610114 8
651105 7
651109 13
651120 25
651210 7
651311 22
651312 16
651315 13
651316 7
701101 7
701181 7
701182 13
701183 15
701201 19
701211 16
701281 18
701295 22
701313 13
701321 15
701331 3
701341 10
701342 0
701344 22
701407 31
701425 16
701455 4
701494 13
702100 7
702101 25
702205 10
702211 30
702213 31
702312 21
702316 10
702317 7
702318 16
702341 16
702351 25
702411 22
702416 7
702431 13
703103 26
703202 6
703243 20
703244 22
703305 16
703308 13
703309 9
703310 22
703311 31
703322 27
703323 7
703324 7
703330 7
703331 24
703391 22
703404 31
703412 4
703447 22
703454 7
703498 13
705191 9
705211 17
705311 13
705328 9
705329 10
705331 16
705342 25
705351 22
705437 31
705438 22
705440 22
705441 10
705442 15
705444 7
705446 12
705447 22
705461 10
705493 13
751100 13
751101 27
751102 15
751106 20
751202 22
751209 3
751301 18
751302 0
751303 7
751305 23
751308 10
751309 13
751321 25
751326 10
751327 25
751330 6
751345 31
751401 28
751403 22
751405 24
751408 10
751417 13
751419 7
751425 10
751428 22
751441 13
751443 16
751447 13
751451 31
751701 31
751702 22
751703 4
751704 7
751705 19
751706 31
751708 22
751710 4
751712 13
751716 7
751718 16
751726 13
751734 19
751742 7
751743 16
801100 20
801201 7
801225 25
801235 16
801324 22
801331 31
801333 10
801334 7
801336 16
801421 22
801471 10
801481 25
803121 22
803123 7
803231 10
803331 13
851100 24
851104 22
851105 31
851108 10
851200 16
851201 7
851202 9
851204 30
851205 24
851243 31
851251 28
851262 25
851273 0
851305 7
851309 12
851313 3
851343 27
851344 0
851345 1
851360 13
851362 4
851367 10
851372 10
851375 25
851400 18
851404 13
851406 19
851407 22
851462 30
852101 22
852102 7
852103 13
951100 31
951102 31
951106 4
951125 10
951203 16
951302 4
951323 31
951331 19
951344 15
951348 19
951352 13
951497-020 25
951497-021 10
953103 19
953111 30
953211 4
953212 7
953233 31
953261 4
953321 25
953322 4
953331 22
953361 10
953421 4
953494 13
954100 31
954140 7
954143 16
954170 12
954246 4
954326 25
954370 31
954374 16
954410 25
954413 0
954416 13
954426 10
954443 13
954449 19
954462 22
954471 4
954477 6
954491 7
954498 13
955102 7
955103 1
955104 22
958111 13
