001101 7
001102 1
001112 15
001118 28
001201 19
001202 25
001210 24
001222 22
001223 7
001224 4
001225 4
001226 4
001227 22
001228 7
001229 22
001230 27
001231 19
001234 27
001250 22
001291 19
001292 10
001310 22
001311 15
001312 31
001314 15
001320 10
001321 7
001323 4
001330 25
001341 25
001342 19
001352 13
001355 12
001361 7
001362 0
001410 22
001423 19
001440 13
001445 10
001447 22
001471 25
001472 19
002102 19
002111 25
002191 15
002192 25
002202 19
002230 25
002260 4
002302 22
002311 7
002321 13
002331 25
002362 10
002402 25
002441 4
002471 22
002472 13
003101 3
003102 16
003191 23
003202 19
003332 25
003414 13
003421 10
003436 22
003454 4
004282 30
004465 3
004470 10
004472 10
004474 28
004476 4
006103 12
006126 16
006226 31
006241 21
006253 10
006307 22
006326 31
006330 0
006349 22
006443 10
006448 0
006454 4
006475 25
008214 19
008314 13
008326 19
008402 28
008411 25
009103 6
009213 16
009234 25
009236 10
009254 22
009301 25
009344 22
009355 18
009356 30
009358 4
009363 10
009446 10
011100 20
011101 15
011151 16
011154 16
011156 10
011157 30
011251 27
011268 25
011269 24
011276 3
011277 30
011278 0
011355 4
011367 25
011457 10
011479 13
012173 21
012174 25
012200 27
012374 31
012475 7
013103 11
013110 16
013203 22
013204 22
013207 16
013208 10
013209 4
013216 28
013217 27
013301 6
013303 0
013306 19
013321 13
013335 1
013337 19
013410 13
013413 22
013428 4
013431 4
013432 25
013433 16
014211 25
014270 16
014310 22
014311 10
014323 19
014370 25
014371 13
014383 22
014401 6
014422 10
014423 4
014471 0
014481 31
014483 25
015101 5
015102 4
016101 25
016102 22
017101 28
017102 19
017111 13
017231 10
018104 4
018112 23
018114 3
018126 22
018204 4
018271 0
018323 25
018352 25
018372 25
018467 25
018471 22
019101 6
019104 31
019105 25
019106 21
019112 22
019204 4
019205 6
019206 22
019212 19
019222 25
019332 10
019351 16
019362 25
019371 30
019373 19
019441 13
020101 0
020102 22
020212 25
020231 12
020232 22
020261 19
021101 29
021102 22
021203 25
021204 0
021270 4
024752 25
025110 25
025310 10
025481 4
026101 8
026102 0
026111 28
026112 0
026201 21
029732 22
030101 24
050100 27
050103 15
050104 3
050106 24
050112 19
050113 15
051302 6
051304 28
051306 13
051310 0
051313 1
051418 12
052203 16
052310 31
052314 7
052323 10
052331 4
052350 19
052351 10
052353 13
052355 28
052400 16
052417 28
052419 22
052422 10
052442 31
052447 19
052448 25
052449 22
053713 25
054821 25
055702 10
055734 4
055739 22
055757 25
057121 31
057122 25
057123 31
057125 23
057126 0
057127 6
057128 21
057129 2
057130 29
057131 22
057132 3
057133 3
057134 0
057135 24
057136 14
057137 19
057138 22
057139 22
057213 3
057283 4
057286 19
057287 13
057290 22
057295 22
057297 19
057298 25
057301 30
057302 19
057305 28
057316 7
057366 4
057401 0
057404 25
057407 22
057411 31
057413 31
057419 7
057427 10
057428 10
059405 22
059419 12
061103 25
061106 16
061201 25
061223 19
061224 0
061306 18
061307 25
061312 13
061313 10
061403 0
061405 25
062200 22
062210 25
062320 10
062343 22
062499 10
063201 28
064204 22
064231 25
064331 4
064411 13
064412 25
064421 4
064422 25
064423 19
064424 30
064430 31
064474 19
065120 19
065121 25
065211 19
065212 0
065311 25
065320 25
065333 18
065420 19
065435 25
065436 28
065437 22
065438 22
065797 25
066222 10
066324 10
066412 19
066414 13
067201 19
067203 25
067311 13
067371 0
067433 4
067435 30
067436 1
067491 13
070200 10
070201 25
070301 22
070303 22
070305 13
070401 22
070411 25
070413 30
070414 0
070416 25
070792 25
071411 25
071412 22
071414 10
071415 4
071416 23
071418 25
071419 25
071420 19
071423 22
071426 19
073721 25
074100 9
074101 0
074414 4
076425 25
076426 22
076427 13
076430 22
076444 22
076466 28
078444 25
078454 10
079220 25
099101 10
099102 3
099103 22
100104 10
100109 13
100110 15
100111 30
100112 31
100207 6
100220 16
100222 4
100228 16
100229 15
100230 25
100231 7
100233 28
100307 22
100308 28
100309 7
100310 13
100311 12
100312 15
100313 27
100314 4
100501 4
101201 22
101202 25
101205 31
101325 30
101405 30
101490 28
103271 29
104100 16
104302 4
104310 22
104320 25
104327 22
104334 22
104340 4
104435 10
104471 25
104490 4
109100 5
109114 15
112101 16
112105 10
112106 4
112109 25
112202 19
112205 25
112303 31
112321 13
112322 4
112406 4
112424 10
115301 25
115401 25
116301 31
116302 19
126101 9
126102 10
126212 28
126213 31
126214 15
126324 7
126326 30
126328 12
126330 10
126332 25
126400 19
126431 31
126436 7
126442 25
127100 14
127101 0
127202 6
127205 22
127313 31
127329 28
127330 9
127332 31
127333 16
127359 7
127411 19
127415 13
127416 16
127424 22
127433 25
127492 30
127493 25
127716 4
127720 22
127721 10
127727 25
128100 5
128101 19
128201 19
128304 7
128305 31
128306 15
128308 18
128310 13
128401 30
128423 1
128425 25
128427 4
128434 10
128443 7
128445 31
128451 6
128471 16
128481 7
128484 22
128700 22
128714 4
128727 25
128734 10
140101 25
140102 1
140103 19
140104 4
140105 10
152211 25
152301 22
152321 13
152331 16
154100 25
154104 29
154141 28
154152 10
154153 2
154173 19
154181 31
154251 30
154262 19
154276 10
154281 22
154301 25
154330 22
154431 13
154479 25
154492 7
159100 14
159101 9
159102 28
159151 19
159202 30
159204 10
159331 16
159351 25
159411 18
159434 13
160342 19
164261 22
164341 25
168100 31
168101 6
168410 25
176100 0
176101 25
176104 12
177103 25
177104 28
177113 31
177114 21
177141 27
177142 9
177181 19
177220 31
177222 16
177227 4
177228 22
177229 19
177300 30
177321 10
177332 9
177335 3
177336 22
177341 28
177361 22
177413 4
177420 1
177425 13
177429 16
177430 12
177431 7
177433 3
177441 22
177447 18
177460 15
177464 10
177465 6
177466 7
177470 1
177483 31
177491 7
177494 18
177495 10
179404 22
179406 28
179443 25
201100 17
201110 6
201114 26
201116 18
201117 31
201190 25
202100 18
202101 2
202102 8
202147 22
202231 30
202302 22
202303 25
202305 25
202311 13
202356 28
202362 22
202371 7
202405 19
202421 25
202432 16
202446 7
202461 25
202471 22
202475 31
202476 7
202484 22
202731 25
202744 4
202749 22
202802 22
202833 25
202843 22
203100 23
203104 10
203108 13
203111 18
203113 30
203114 16
203131 15
203132 30
203151 22
203152 28
203154 25
203158 4
203159 12
203162 24
203202 13
203204 18
203206 18
203208 1
203209 28
203211 30
203222 7
203223 19
203226 0
203232 10
203236 9
203250 7
203287 18
203300 1
203304 30
203316 31
203351 19
203352 24
203404 22
203413 22
203424 10
203425 16
203435 25
203459 0
203474 4
203708 22
203715 4
203719 22
203721 4
203725 4
203734 22
203735 25
203754 25
203775 22
203812 25
203825 22
203829 25
203879 25
204100 10
204101 25
204113 25
204123 6
204202 10
204217 28
204232 7
204251 13
204306 18
204315 10
204320 22
204333 30
204355 22
204362 7
204382 22
204422 25
204423 10
204424 28
204425 28
204443 4
204456 19
204482 19
204483 22
204490 13
204725 25
204735 4
204792 22
205100 3
205103 25
205105 9
205216 7
205232 25
205244 9
205252 18
205282 25
205324 16
205344 10
205358 25
205382 13
205421 25
205441 22
205473 25
205476 10
205731 4
205742 22
205764 4
205789 22
205796 25
206100 26
206103 14
206104 27
206108 25
206111 21
206112 22
206161 28
206162 28
206171 24
206172 20
206181 15
206182 30
206191 13
206203 6
206216 13
206217 31
206253 15
206255 13
206261 21
206266 14
206267 28
206281 28
206311 28
206313 22
206321 27
206324 1
206327 1
206331 22
206336 7
206341 10
206342 10
206362 27
206364 25
206367 22
206368 1
206370 12
206428 16
206435 4
206437 3
206457 25
206476 22
206481 31
206703 4
206714 4
206724 4
206734 25
206736 22
206737 22
206774 25
207104 13
207105 9
207106 22
207108 19
207109 20
207110 19
207116 19
207117 28
207118 22
207125 31
207162 19
207172 25
207181 10
207187 20
207188 13
207191 20
207195 4
207214 13
207302 10
207305 30
207306 7
207312 10
207321 4
207402 28
207408 3
207415 7
207442 7
207448 25
207481 25
207704 4
207706 22
207708 25
207712 25
207766 25
208101 30
208140 18
208141 31
208250 25
208263 31
208264 16
208272 2
208322 30
208345 3
208346 25
208353 15
208362 10
208373 4
208423 25
208444 16
208446 7
208460 28
208738 22
208772 25
208873 25
209203 10
209204 1
209252 16
209253 28
209262 10
209263 25
209270 13
209271 19
209272 31
209322 7
209332 22
209341 16
209352 16
209370 31
209376 10
209382 19
209424 22
209452 22
209454 1
209456 28
209466 31
209486 25
209712 4
209714 22
209716 22
209772 25
209787 4
210100 13
210200 12
210207 19
210221 10
210251 0
210276 7
210315 25
210331 16
210355 22
210432 13
210435 4
210463 7
210497 25
210702 25
210717 22
210741 22
210743 4
210744 22
210748 22
211100 3
211303 10
211312 30
211315 18
211318 7
211319 28
211341 12
211342 25
211444 4
211445 31
211446 7
211448 13
211449 19
211709 22
211843 25
212712 4
212721 22
212731 25
213706 4
213707 22
213708 25
213717 25
214301 22
214310 25
214340 13
214341 10
214352 22
214403 10
214412 25
214431 4
214491 10
215205 12
215206 19
215207 10
215208 16
215303 19
215311 10
215312 31
215313 25
215314 22
215401 10
215462 13
215482 4
215495 25
215497 22
215711 25
215742 25
217705 22
217708 25
217773 4
218100 13
218234 10
218236 13
218244 7
218262 22
218352 19
218362 13
218372 25
218382 10
218474 4
218481 22
218496 10
219741 22
219753 4
219766 25
219789 22
225702 10
225704 4
225706 22
225707 25
226703 25
226704 25
226711 4
226805 25
229223 0
229351 31
251100 13
251211 6
251213 16
251216 27
251242 31
251261 10
251292 28
251312 4
251313 19
251333 13
251334 31
251342 25
251361 31
251363 22
251371 13
251372 10
251374 10
251399 25
251411 4
251417 13
251434 7
251436 19
251451 30
251455 22
251456 25
251457 4
251461 28
251476 1
251477 10
251704 10
251707 25
251713 25
251716 22
251723 10
251724 4
251746 4
251748 22
251754 10
251760 4
251763 22
251765 25
251776 10
251781 4
251784 22
252210 25
252212 18
252222 10
252235 13
252281 31
252282 19
252283 31
252285 15
252311 31
252320 19
252328 13
252331 16
252353 7
252401 13
252402 19
252403 13
252404 1
252413 10
252420 31
252421 30
252422 25
252423 22
252427 25
252428 3
252429 10
252435 12
252440 22
252442 31
252443 16
252448 0
252450 19
252456 4
252459 1
252460 28
252479 10
252489 7
252706 4
252707 10
252727 25
252785 10
252789 4
252792 22
253215 25
253318 4
253321 10
253332 7
253416 4
253417 10
253423 7
253433 19
253441 13
253443 25
253451 13
253452 30
253454 22
253716 4
253721 25
253725 10
253734 19
253735 10
253747 4
253749 28
253752 10
253754 22
253791 22
254182 25
254200 18
254205 16
254206 9
254207 10
254211 10
254215 2
254216 11
254222 5
254231 22
254232 13
254271 25
254282 13
254302 12
254325 4
254334 9
254352 28
254362 1
254371 22
254373 31
254400 22
254411 10
254412 19
254415 1
254421 7
254422 25
254423 10
254424 25
254435 16
254441 13
254443 25
254445 22
254451 19
254452 22
254453 19
254454 25
254466 4
254476 10
254477 25
254478 30
254495 22
254701 25
254702 25
254721 25
254733 10
254737 25
254791 10
254816 22
254817 4
254857 4
255201 25
255210 18
255230 27
255300 13
255301 31
255316 7
255323 13
255328 25
255337 17
255340 9
255393 10
255422 22
255425 31
255429 28
255430 7
255431 22
255432 3
255433 25
255440 10
255442 12
255444 22
255445 4
255447 1
255451 19
255455 1
255462 13
255463 30
255471 6
255492 12
255497 18
255499 30
255714 25
255735 22
255750 10
255751 13
255769 10
255772 10
255783 4
256100 5
256271 22
256317 31
256318 7
256334 10
256418 4
256419 13
256441 25
256444 19
256456 22
256473 10
256474 22
256791 25
259103 8
259104 12
259106 5
259107 11
259108 15
259193 20
259195 20
259200 25
259201 30
259203 1
259401 18
260313 13
260334 25
260416 4
260421 22
260432 10
260702 22
261102 13
261111 13
261112 20
261113 4
261205 25
261207 10
261208 9
261214 30
261215 7
261218 25
261305 31
261306 19
261332 15
261342 19
261343 25
261361 25
261421 28
261430 10
261433 10
261438 1
261444 16
261446 22
261447 25
261448 4
261449 25
261453 13
261465 25
261473 22
261479 10
261494 13
261497-002 22
261497-008 28
261497-802 10
261497-808 22
261499 22
261736 4
261738 10
261745 25
261751 10
261752 4
261755 22
261763 22
261781 10
261795 22
261891 10
263710 19
263721 25
263724 10
263745 4
263751 22
264702 4
264705 22
264709 25
264755 10
265706 4
265709 22
265710 25
266801 25
268732 25
268735 4
268741 22
269103 22
269105 19
269111 0
269130 10
269210 22
269341 10
269360 13
269370 10
269452 4
269498 19
270712 22
270721 4
305203 22
318322 19
329105 12
329106 9
330115 28
351100 28
351201 25
351302 16
351321 4
351364 0
351371 13
351425 6
351426 19
351464 25
352103 25
352311 19
352313 7
352314 31
352401 16
352412 10
352421 10
352422 25
352433 13
352441 4
353313 13
353418 25
353431 4
353441 4
353471 7
353482 13
354311 30
354312 10
355411 4
356100 13
356101 3
356102 0
356210 25
356261 16
356333 19
356361 25
356373 22
356374 25
356411 13
356414 31
356415 22
356416 25
356431 25
356432 28
356441 9
356442 1
356443 30
356444 4
356446 25
356447 7
356449 10
356451 13
356455 4
356471 25
356472 4
356474 22
356496 10
357101 23
357110 9
357210 9
357322 31
357323 16
357418 7
357421 25
357432 4
357441 13
357444 19
357446 10
359202 27
359205 22
359206 22
359302 28
359303 25
359305 4
359341 0
359350 7
359360 13
359380 25
359401 16
359403 4
359408 22
359422 7
359423 10
359452 25
359460 13
359461 7
359465 10
360100 0
360301 4
360304 4
360441 28
361210 16
361211 19
361214 4
361341 28
361413 4
361414 25
361421 13
361433 13
361442 10
361452 22
361461 10
361475 22
363210 10
363401 22
363402 28
365201 4
365211 25
365322 25
365324 10
365422 4
365425 22
365426 25
368211 10
368310 12
368412 28
368417 10
400110 5
400210 31
401281 7
401383 31
401391 16
403281 13
403383 25
406284 16
406294 28
406386 19
406396 4
408382 1
410381 6
413383 30
413391 0
415393 10
420282 19
421282 10
421292 4
421386 28
421396 7
422381 12
428281 22
428282 25
428381 22
428383 13
461170 10
461471 1
461472 7
461511 0
461523 25
461526 22
461527 22
461532 25
462130 12
462544 25
462587 22
462588 4
463201 13
463252 19
463331 25
463332 25
463342 13
463354 10
463433 1
463512 19
463513 25
463543 13
463544 31
463557 22
463559 25
463571 31
463592 4
464302 16
464312 28
464402 10
464403 16
464414 19
464442 13
464443 31
464445 19
464446 28
464500 25
464502 19
464504 31
464505 13
464506 16
464508 25
464545 7
464549 25
501201 25
501202 16
501305 25
501306 19
502313 28
502314 7
504202 31
504305 16
506202 13
508304 13
510306 31
512304 4
513113 16
513115 13
513212 16
513216 13
513217 10
513225 25
513284 19
513331 19
513343 22
513364 10
513373 25
513390 4
513411 22
513446 25
514202 16
514206 12
514222 10
514244 25
514272 7
514322 7
514336 16
514352 13
514358 4
514382 19
514384 10
514396 22
514398 25
514436 25
514462 13
514742 4
514752 22
515204 25
515205 19
515256 22
515257 16
515330 16
515337 10
515339 13
515362 19
515377 7
515378 31
515380 25
518724 25
518770 22
551461 13
552216 31
552217 13
552232 13
557433 10
558101 10
558411 22
558432 25
562101 18
562211 13
601201 15
601202 10
601231 12
601242 15
601342 4
601346 13
601351 28
601361 16
601423 7
601424 25
601431 7
601436 22
601452 10
601471 12
601472 30
601724 25
601731 4
601745 22
601769 4
601775 25
602100 0
602102 23
602103 8
602120 30
602121 10
602122 10
602301 4
602314 25
602421 6
602453 30
602454 22
602455 18
602461 4
602472 25
602741 25
602751 25
603200 13
603231 27
603321 15
603341 13
603396 10
603423 4
603496 25
603743 4
604101 16
604211 16
604311 7
604314 31
604315 30
604411 1
604415 7
604423 4
604431 6
604443 25
604454 10
605203 12
605302 7
605313 31
605315 25
605316 22
605321 10
605331 13
605340 4
605412 25
605413 22
605430 4
605476 25
605701 22
605711 10
605719 25
605742 4
606211 31
606243 31
606245 25
606264 4
606310 10
606341 19
606342 10
606344 4
606451 22
606452 25
610114 2
651210 19
651211 13
651212 31
651234 19
651306 4
651313 16
651314 19
651317 4
651319 25
651416 13
651425 10
701100 21
701181 6
701202 10
701235 28
701244 19
701283 31
701335 13
701408 22
701423 25
701496 22
702100 18
702101 3
702211 9
702312 6
702313 9
702317 30
702321 25
702331 25
702342 10
702354 16
702418 25
702443 19
702499 4
703103 14
703109 22
703202 19
703204 22
703243 30
703244 5
703309 1
703322 25
703324 28
703330 4
703331 15
703345 21
703351 16
703361 22
703413 19
703441 25
703499 13
705191 8
705211 22
705311 17
705328 27
705331 19
705332 10
705343 4
705431 25
705438 6
705440 1
705441 30
705442 18
705444 27
705447 16
705448 25
705499 16
751100 17
751101 21
751102 15
751106 10
751202 28
751209 31
751301 30
751302 3
751303 13
751305 1
751308 18
751309 18
751320 10
751326 19
751327 10
751330 9
751401 4
751403 25
751405 5
751408 11
751417 19
751418 23
751421 7
751422 22
751428 12
751440 22
751443 0
751701 22
751702 25
751703 4
751705 19
751706 25
751708 22
751716 19
751718 28
751719 28
751728 10
751734 4
751752 22
801100 15
801122 31
801134 16
801204 31
801233 22
801236 13
801241 25
801322 22
801334 31
801371 25
803122 22
803124 25
803131 13
803230 25
803232 4
803260 22
851100 15
851103 8
851104 19
851105 20
851201 22
851202 9
851204 31
851207 4
851241 13
851252 31
851253 31
851261 18
851263 13
851273 10
851305 28
851309 12
851345 16
851363 19
851366 25
851400 18
851404 31
851406 10
851407 9
851441 1
851462 25
851467 28
852100 25
951100 11
951231 10
951324 25
951344 25
951366 25
951421 4
951498-004 25
951498-007 25
951498-011 25
951498-015 25
951498-020 19
951498-021 7
953102 19
953111 9
953201 19
953202 16
953211 31
953214 25
953231 22
953232 22
953234 10
953323 22
953422 25
953494 4
954100 4
954140 16
954142 19
954143 28
954170 13
954240 12
954326 4
954340 15
954371 16
954374 27
954423 13
954462 4
954464 25
954472 7
954491-001 22
954491-002 7
954491-003 28
954498 10
955102 25
955104 16
