001101 227
001102 6357
001112 115
001118 113
001201 668
001202 26
001210 156
001213 108
001222 232
001223 756
001224 577
001225 1325
001226 682
001227 501
001228 666
001229 215
001230 98
001231 6
001234 152
001235 109
001250 4
001291 32
001292 100
001310 109
001311 98
001312 156
001313 106
001314 112
001315 98
001320 13
001321 9
001323 70
001330 33
001341 19
001342 24
001352 154
001355 96
001361 31
001362 24
001391 96
001410 25
001422 47
001423 9
001440 10
001445 39
001446 14
001463 5
001471 1
001472 17
001489 3
002102 33
002111 36
002191 33
002202 30
002230 30
002260 31
002302 26
002311 17
002321 23
002331 15
002362 13
002402 1
002441 1
002471 1
003102 7
003191 49
003202 4
003216 1
003271 2
003314 13
003331 2
003332 12
003349 8
003361 13
003367 2
003416 5
003454 5
003462 11
004171 54
004214 61
004282 41
004304 33
004309 1
004390 25
004430 63
004465 31
004472 23
004474 20
004476 30
004499 8
004715 4
004719 1
004721 3
004722 1
004789 4
004799 7
004899 3
006103 44
006115 16
006133 50
006143 48
006203 53
006212 25
006226 26
006230 16
006241 31
006253 15
006307 52
006326 19
006329 36
006330 51
006332 15
006341 83
006349 38
006353 9
006423 9
006432 16
006443 19
006448 14
006475 37
008202 14
008213 40
008214 63
008215 41
008216 9
008218 112
008220 107
008230 144
008311 110
008312 21
008314 112
008318 98
008321 21
008324 15
008325 19
008326 52
008327 20
008402 97
008411 7
008443 101
008455 7
009103 398
009107 50
009213 51
009234 52
009236 54
009254 50
009304 2
009323 9
009325 18
009327 8
009339 11
009344 27
009355 41
009356 30
009358 10
009363 38
009446 6
009462 1
009489 1
011100 212
011101 15
011154 79
011156 76
011157 21
011251 35
011257 45
011268 9
011269 181
011276 53
011277 54
011278 31
011355 13
011360 28
011367 9
011369 42
011457 22
011474 25
011478 44
011479 27
011490 6
011701 2
011704 2
011705 1
011711 1
011713 2
011714 2
011770 1
011791 6
011799 5
012173 27
012200 52
012271 56
012272 6
012276 12
013103 254
013104 56
013110 935
013203 77
013204 67
013207 56
013208 55
013209 55
013216 114
013217 84
013301 32
013303 11
013306 33
013313 19
013321 28
013335 19
013337 23
013404 49
013410 26
013413 24
013422 26
013428 26
013431 25
013432 23
013445 3
013705 18
013725 18
013727 18
013732 3
013735 18
013738 14
013799 2
014210 36
014211 37
014270 78
014302 57
014304 33
014310 46
014311 56
014321 31
014323 34
014370 32
014380 48
014383 7
014390 4
014399 31
014401 35
014402 18
014403 19
014410 31
014422 16
014423 15
014471 33
014481 35
015101 54
015102 8
016101 8
016102 6
017101 47
017102 4
017111 4
017112 6
017231 3
018104 31
018111 30
018112 70
018114 32
018126 31
018204 28
018212 28
018214 28
018232 29
018236 29
018271 16
018302 1
018323 3
018326 32
018336 2
018342 3
018352 12
018354 4
018361 32
018365 22
018372 18
018468 1
018499 1
019101 65
019104 47
019105 50
019106 54
019109 46
019112 47
019204 48
019205 49
019206 10
019209 47
019212 49
019222 48
019332 43
019351 42
019362 43
019363 25
019372 19
019373 21
019391 42
019441 43
019490 3
020101 24
020102 35
020212 30
020221 29
020231 12
020232 30
020251 32
020261 28
020322 14
020324 15
020342 13
020391 15
021101 44
021102 18
021203 26
021204 9
021270 18
023702 7
023709 7
023717 7
023737 7
023798 3
024752 3
024799 5
025102 17
025106 23
025107 24
025109 29
025110 31
025204 13
025205 13
025207 7
025208 6
025306 31
025307 31
025381 31
025422 4
025423 6
025481 5
025489 2
026101 113
026102 50
026111 24
026112 15
026201 23
026202 7
029747 1
029754 2
029787 3
029789 3
029799 10
033702 16
033752 16
033756 16
033764 16
033798 4
050100 696
050103 85
050104 129
050106 234
050112 235
050113 52
050121 75
050141 279
051302 33
051304 28
051306 11
051310 15
051313 22
051412 3
051418 7
052203 31
052310 29
052323 44
052331 44
052350 31
052351 73
052353 31
052355 43
052400 1
052417 32
052420 31
052422 31
052441 3
052442 29
052445 1
052448 29
052449 32
052725 1
054821 2
054822 2
055702 19
055703 19
055711 10
055739 9
055798 20
057121 147
057122 148
057123 72
057125 67
057126 100
057127 320
057128 109
057129 83
057130 100
057131 70
057132 26
057133 61
057134 23
057135 26
057136 1
057137 15
057138 21
057139 86
057213 20
057283 27
057286 26
057287 27
057290 29
057295 25
057297 24
057298 25
057301 27
057302 3
057305 52
057307 25
057316 30
057366 17
057401 25
057404 27
057407 29
057413 25
057419 25
057425 2
057427 25
057428 92
057450 4
059405 32
059413 29
059419 18
061106 19
061201 19
061205 1
061223 10
061224 11
061306 29
061312 21
061313 19
061317 18
061319 25
061401 31
061403 18
061405 28
061430 28
062342 16
062346 17
062360 16
062380 16
062411 16
062452 16
062460 16
062470 16
062499 24
063201 23
064204 26
064231 21
064232 22
064252 10
064292 29
064303 11
064391 29
064411 10
064412 9
064413 14
064417 19
064422 10
064423 5
064424 47
064474 11
065120 24
065121 30
065211 48
065212 47
065311 29
065320 21
065333 30
065420 26
065436 1
065437 4
065438 6
065782 1
065795 1
065797 1
065799 1
066222 35
066324 32
066412 26
066416 24
066426 31
067201 30
067203 30
067303 22
067311 33
067371 46
067433 45
067435 33
067436 39
067491 39
070200 44
070304 16
070305 3
070400 16
070401 13
070403 24
070404 15
070410 15
070411 14
070413 51
070414 28
070415 18
070416 14
070727 7
070731 7
070741 13
070799 20
071411 14
071412 13
071413 11
071414 20
071415 9
071416 40
071417 2
071419 36
071420 35
071426 5
071724 4
071770 4
074100 113
074101 117
076414 11
076426 7
076427 21
076428 1
076429 16
076430 8
076444 17
076466 12
078444 114
079444 20
088708 1
088799 20
088899 7
091891 4
091898 4
091899 15
099101 66
099102 52
099103 59
100102 2
100104 19
100109 118
100110 77
100111 121
100112 77
100191 193
100205 8
100206 8
100207 12
100208 17
100210 131
100212 142
100213 180
100214 24
100218 29
100219 51
100220 27
100222 24
100225 17
100227 9
100281 161
100306 93
100307 153
100308 148
100309 142
100310 116
100489 173
100498 106
100501 133
100599 3
101115 88
101201 38
101202 66
101205 320
101222 40
101309 35
101312 35
101313 44
101325 98
101405 30
101406 17
101490 120
103215 26
103221 18
103251 33
103261 30
103262 81
103271 79
103342 19
103351 13
103352 15
103371 19
103421 19
103431 1
103492 1
104100 36
104201 7
104205 9
104232 6
104302 35
104303 10
104310 35
104320 42
104327 22
104334 6
104335 8
104435 25
104440 19
104450 11
104490 8
104494 35
104499 7
105101 36
105312 18
105332 26
105335 20
105337 7
105414 25
106116 23
106117 5
106122 32
106123 7
106124 6
106211 23
106224 9
106225 3
106326 24
106499 5
107212 22
107223 8
107225 7
107226 28
107228 12
107229 6
107333 12
107334 13
107335 15
107336 24
107437 2
107439 10
107499 2
109100 68
109114 168
109116 2
109117 328
110100 52
110120 54
110240 42
110241 11
110250 13
110341 2
110343 4
110350 26
110352 4
110370 74
110371 31
110431 6
110433 31
110434 1
110435 4
112101 42
112104 42
112105 42
112106 41
112107 39
112109 41
112202 41
112204 26
112205 26
112302 39
112303 2
112311 25
112321 6
112322 9
112403 2
112406 38
112423 43
112424 8
114102 52
114201 42
114204 10
114205 31
114213 20
114214 12
114231 1
114306 10
114315 17
114316 12
114321 11
114322 7
114324 21
114326 33
114333 64
114342 13
114344 10
114407 5
114408 4
114416 41
115300 13
115714 3
115717 3
115719 3
115722 3
115798 4
115799 7
116301 28
116302 7
117102 27
117103 34
117207 10
117208 10
117209 10
117312 22
117313 21
117416 4
118812 1
118831 1
119713 8
119791 8
119793 6
119797 7
119799 3
126101 134
126102 14
126212 93
126213 82
126214 71
126324 93
126325 1
126328 75
126330 88
126331 29
126332 39
126400 1
126431 37
126434 10
126436 73
126437 7
126438 11
126442 73
127100 66
127101 122
127202 60
127205 51
127206 52
127303 73
127313 142
127320 1
127330 55
127332 72
127333 72
127336 10
127359 63
127411 72
127412 1
127413 1
127414 1
127415 2
127416 16
127424 1
127433 1
127492 2
127716 27
127720 27
127721 21
127730 28
127798 11
127799 4
128100 444
128101 10
128201 81
128304 82
128305 82
128306 92
128308 82
128310 92
128353 4
128401 3
128423 12
128425 18
128427 10
128429 14
128434 6
128445 28
128451 1
128462 6
128471 2
128484 1
128700 48
128712 43
128727 48
128734 48
128751 13
128798 2
140101 1
140102 8
140103 22
140104 303
140105 103
152211 16
152301 19
152302 1
152303 36
152311 35
152312 22
152313 18
152321 1
152331 24
152341 35
152343 6
152349 10
152414 29
153715 1
153743 1
154100 17
154104 288
154111 45
154141 75
154152 70
154153 109
154173 71
154181 70
154251 53
154276 51
154281 168
154301 69
154330 16
154382 7
154431 61
154471 45
154475 49
154479 25
154482 43
154486 41
154492 25
154495 38
154496 18
154704 2
154714 2
154743 3
154789 1
156701 5
156789 5
156791 5
159100 200
159101 124
159102 91
159151 72
159202 89
159203 22
159204 88
159222 18
159261 81
159331 108
159334 25
159354 21
159363 13
159411 29
159412 8
159421 53
159434 50
159462 21
159481 50
159712 5
159781 4
159789-001 2
159789-002 1
159789-003 1
159789-004 1
159789-005 1
159789-007 1
159789-008 1
159789-010 1
159789-011 1
159799 3
159881 3
160342 19
164261 13
164341 4
166731 2
166761 5
166789-702 1
166789-703 1
166789-704 1
166789-705 1
166789-706 1
166789-707 1
166789-708 1
166789-712 1
166789-713 1
166789-714 1
166789-715 1
166789-716 1
166789-717 9
166791 12
167708 8
167710 8
167798 13
168101 6
168410 4
168789-701 1
168789-702 1
168791 1
168899 4
169702 5
169703 20
169789 1
169799 1
169881 5
169898 9
169899 1
170108 172
170109 81
176100 175
176101 731
176103 11
176104 35
177104 339
177113 354
177114 305
177141 39
177142 310
177181 316
177220 164
177222 203
177227 25
177228 3
177229 31
177300 225
177321 443
177332 228
177335 236
177341 224
177361 216
177362 226
177413 4
177420 6
177425 6
177429 4
177430 7
177431 3
177433 11
177460 231
177464 1
177465 20
177466 5
177470 3
177471 4
177483 41
177491 4
177494 14
177495 12
178703 13
178721 6
178722 6
178743 12
178775 11
178799 4
179402 12
179403 1
179404 1
179406 1
179443 11
201100 478
201110 157
201111 195
201114 772
201116 150
201117 59
201190 9
201191 303
201192 80
202100 94
202101 201
202102 233
202103 193
202104 228
202147 266
202231 191
202303 14
202305 33
202311 22
202331 4
202356 8
202371 35
202405 39
202432 6
202442 2
202461 1
202470 24
202471 22
202475 2
202476 15
202484 7
202491 6
202493 7
202731 5
202736 5
202749 7
202759 1
202761 6
202770 3
202791 7
202792 4
202799 10
202804 1
202807 2
202833 9
202843 5
202883 1
202889 6
202891 2
202893 1
202897 1
202898 8
203100 194
203104 203
203108 193
203111 273
203113 301
203114 178
203115 85
203117 301
203131 81
203132 80
203151 23
203152 106
203154 129
203158 106
203159 129
203162 531
203167 472
203202 89
203203 153
203204 53
203206 426
203207 143
203208 41
203209 353
203211 89
203222 51
203223 55
203226 201
203228 47
203229 44
203232 70
203236 288
203239 281
203242 89
203250 27
203287 66
203300 15
203304 48
203316 62
203318 62
203338 47
203351 23
203352 44
203413 1
203424 6
203425 2
203435 1
203459 36
203708 1
203715 1
203719 2
203721 2
203734 4
203735 3
203749 1
203754 16
203775 1
203791 17
203792 14
203799 10
203804 1
203812 3
203825 1
203829 1
203841 1
203891 4
203892 2
203897 1
203898 16
204100 784
204101 56
204113 57
204123 7
204202 5
204217 94
204232 52
204251 59
204306 47
204315 53
204320 8
204333 26
204355 3
204362 43
204382 26
204422 8
204425 5
204441 10
204443 20
204452 14
204454 12
204456 9
204482 3
204483 7
204490 42
204491 2
204499 12
204799 1
204898 3
205100 57
205103 62
205105 89
205216 49
205232 24
205244 49
205252 46
205282 32
205324 37
205344 37
205358 38
205361 1
205382 38
205410 1
205421 1
205473 1
205495 1
205499 1
205799 2
205898 5
206100 714
206103 147
206104 124
206108 24
206111 312
206112 352
206161 345
206162 728
206171 224
206172 367
206181 19
206182 93
206191 116
206211 21
206216 71
206217 29
206253 63
206255 31
206261 66
206266 66
206281 33
206311 2
206313 3
206321 56
206325 49
206327 9
206331 25
206336 58
206341 51
206342 4
206355 30
206357 1
206362 203
206364 1
206367 45
206368 34
206370 39
206390 34
206421 1
206435 2
206437 24
206467 11
206471 9
206476 22
206481 16
206499 2
206725 2
206726 11
206728 12
206729 6
206731 1
206734 3
206736 9
206737 1
206774 1
206792 2
206794 6
206799 2
206891 4
206892 6
206898 1
206899 6
206997 1
206998 4
207100 41
207104 61
207105 57
207106 908
207108 64
207109 84
207110 3
207116 900
207117 384
207118 43
207125 70
207137 142
207162 52
207172 51
207181 193
207187 395
207188 46
207191 186
207195 70
207214 24
207302 36
207305 57
207306 56
207312 14
207314 10
207321 1
207402 18
207408 8
207415 12
207439 1
207442 25
207448 20
207449 1
207704 6
207706 6
207708 6
207712 2
207741 2
207766 3
207776 1
207792 2
207799 3
207878 3
207892 1
207899 5
208101 429
208140 66
208141 185
208161 31
208250 30
208263 665
208264 68
208271 37
208272 269
208322 58
208345 35
208346 32
208353 58
208362 32
208373 66
208384 3
208423 15
208444 32
208446 33
208460 5
208499 3
208738 2
208740 3
208770 12
208772 10
208774 2
208776 1
208798 1
208873 2
208891 3
208898 1
209198 18
209203 52
209204 35
209252 18
209253 18
209262 18
209263 18
209270 39
209271 60
209272 59
209322 3
209332 5
209341 14
209352 18
209362 18
209370 19
209376 18
209377 18
209382 16
209424 1
209452 5
209454 6
209456 18
209462 5
209464 6
209466 18
209486 1
209497 1
209702 2
209714 3
209772 5
209787 3
209789 2
209791 5
209792 1
209898 4
210100 10
210200 27
210207 35
210221 33
210251 43
210276 28
210315 27
210331 18
210355 17
210374 16
210432 5
210435 2
210448 3
210463 11
210499 3
210702 6
210708 6
210717 2
210734 1
210741 1
210743 3
210748 3
210787 1
210791 6
210799 3
210892 3
210893 1
210898 6
211100 176
211303 24
211312 27
211315 102
211318 27
211319 101
211341 26
211342 49
211448 27
211449 41
211495 5
211498 1
211499 1
211708 6
211709 6
212712 6
212713 3
212714 4
212731 3
212793 6
213708 8
213715 4
213717 2
213718 3
213763 6
213791 1
213792 3
213799 6
213891 2
213893 2
213897 6
213898 5
214301 34
214310 34
214340 23
214341 42
214352 8
214403 12
214412 4
214431 1
214442 8
214462 6
214491 3
214493 3
215205 117
215206 117
215207 67
215208 66
215303 2
215312 50
215313 50
215314 50
215401 47
215433 28
215441 50
215462 50
215482 28
215711 3
215783 5
215791 6
215792 4
215793 1
215795 4
215797 1
215799 9
215891 2
215892 3
215893 3
215894 1
215897 5
215898 12
217705 3
217708 3
217718 3
217773 3
217791 3
217792 1
217799 1
217892 3
217893 2
217898 10
218100 100
218234 29
218236 29
218244 29
218262 29
218352 23
218362 23
218372 23
218382 25
218481 1
218486 1
218496 1
218499 2
219753 2
219781 3
219791 2
220890 2
220892 1
220897 1
220898 6
226703 4
226704 1
226705 3
226706 2
226710 2
226791 1
226792 1
226799 1
226805 3
226891 5
226892 1
226893 1
226898 3
226899 3
228897 2
228898 1
229223 65
229351 17
229789 20
251100 144
251211 62
251213 84
251216 116
251242 29
251261 137
251292 107
251312 37
251313 68
251333 72
251334 70
251342 103
251361 35
251363 53
251371 34
251372 23
251374 69
251399 101
251411 4
251417 1
251434 4
251436 3
251451 3
251455 14
251456 3
251457 2
251461 11
251465 3
251499 7
251704 7
251707 2
251713 8
251716 6
251723 6
251724 6
251738 1
251746 7
251748 7
251754 9
251760 9
251763 9
251765 10
251773 1
251781 1
251784 1
251797 6
251798 4
251898 6
252210 86
252212 93
252222 87
252235 103
252281 11
252282 97
252283 71
252285 12
252311 87
252320 48
252331 105
252353 122
252401 1
252402 28
252403 28
252404 28
252413 10
252420 6
252421 10
252422 1
252423 97
252427 3
252428 84
252429 70
252435 90
252440 29
252442 2
252443 2
252448 15
252450 4
252456 1
252459 17
252460 7
252479 5
252489 4
252490 3
252493 11
252706 1
252707 1
252714 2
252721 1
252727 3
252755 2
252765 1
252781 3
252792 8
252798 2
252799 2
252899 2
253215 30
253318 34
253321 34
253332 12
253423 15
253433 1
253441 34
253443 2
253451 2
253452 19
253454 3
253721 14
253725 3
253731 11
253734 3
253735 11
253747 2
253749 2
253752 2
253754 11
253791 4
253797 1
253798 1
253799 6
253898 5
254182 15
254200 192
254205 176
254206 89
254207 10
254211 134
254215 72
254216 134
254222 150
254231 33
254232 189
254271 186
254282 19
254334 195
254352 193
254362 190
254371 185
254373 184
254400 13
254411 8
254412 2
254415 5
254421 12
254423 2
254424 3
254427 3
254435 8
254441 7
254443 1
254445 18
254446 3
254451 11
254452 9
254453 5
254466 6
254476 15
254477 6
254478 3
254490 11
254491 7
254495 3
254701 5
254721 4
254733 1
254737 1
254771 3
254798 1
254816 1
254857 2
254898 7
255210 153
255230 180
255300 21
255301 216
255316 221
255323 41
255328 209
255337 216
255340 208
255393 33
255422 8
255425 2
255430 4
255432 16
255433 1
255437 2
255440 3
255442 2
255445 2
255447 2
255451 1
255455 14
255463 3
255471 1
255491 3
255497 3
255714 14
255735 15
255746 20
255750 2
255751 2
255769 12
255772 3
255783 11
255786 5
255791 10
255792 1
255797 2
255798 5
255799 8
255898 2
255899 5
256100 53
256271 17
256281 7
256317 25
256318 27
256334 29
256415 3
256419 2
256442 1
256443 22
256456 6
256473 4
256474 12
256491 2
256713 1
256741 1
256752 1
256753 1
256791 1
256798 1
259103 394
259104 216
259106 454
259107 702
259108 114
259192 136
259193 236
259194 156
259195 195
259200 24
259201 511
259203 12
259401 2
260313 2
260334 2
260421 1
260702 2
260712 2
260719 2
260791 2
260799 2
261102 65
261111 418
261112 50
261113 29
261205 34
261207 74
261208 67
261214 64
261215 62
261218 85
261305 69
261306 79
261332 73
261342 16
261343 13
261361 94
261411 7
261421 9
261430 15
261433 15
261444 6
261446 27
261447 26
261448 27
261449 2
261453 14
261465 25
261473 22
261479 7
261491 6
261492 7
261494 15
261497 55
261498 10
261499 28
261731 16
261736 1
261742 7
261745 5
261751 9
261752 8
261755 7
261763 1
261792 1
261796 2
261797 1
261798 2
261799 1
261891 2
261899 3
263710 2
263721 2
263724 2
263745 1
263751 2
263797 2
263799 3
263898 6
263899 1
264702 18
264703 18
264705 18
264755 16
264791 10
264797 8
264799 3
265706 4
265709 4
265710 4
266703 2
266721 4
266723 1
266791 1
266799 4
266801 1
268735 21
268741 21
268742 10
268799 8
269103 21
269105 21
269130 23
269210 12
269341 26
269360 28
269370 28
269491 21
269492 3
269497 15
269498 8
270721 16
270791 3
301208 145
301231 95
301234 136
301252 64
301253 63
301361 28
301703 3
301704 3
301708 2
301721 2
301899 6
303210 133
303242 121
303253 63
303703 1
303707 3
303724 7
303745 2
303771 1
303791 1
303799 5
303881 2
303893 1
303897 3
303899 14
305203 58
311224 172
311241 123
311723 1
311789 1
311791 3
311793 2
311794 3
311799 2
311889 1
311891 2
311892 1
311898 5
311899 1
312702 1
312706 1
312707 1
312791 1
312799 1
314799 1
314892 2
314893 1
314898 1
317221 164
317242 121
317331 74
317704 1
317792 1
317794 1
317797 1
317815 1
317817 1
317898 2
317899 1
318221 165
318322 149
320221 175
320343 133
320703 2
320705 2
320713 2
320792 2
320799 2
320802 1
320803 1
320892 2
320899 1
321231 152
321406 27
321703 2
321705 2
321712 1
321714 1
321723 1
321724 1
321791 3
321792 13
321815 1
321898 4
321899 4
324705 3
324706 4
324708 3
324714 4
324716 3
324791 3
324792 4
324799 4
329103 216
329104 215
330112 223
330191 4
332883 4
332885 4
332897 2
346799 1
346892 13
346898 6
347792 1
347892 13
347898 9
351100 92
351201 21
351302 36
351331 29
351364 23
351371 63
351390 1
351425 25
351426 3
351461 32
351464 36
351490 1
351497 36
351498 8
351499 6
351701 1
351742 1
351763 1
351791 1
351792 3
351799 3
352103 164
352311 32
352314 2
352315 25
352323 2
352331 25
352332 25
352380 34
352401 22
352412 7
352413 27
352421 7
352422 47
352433 4
352441 6
352494 6
352497 25
352498 6
352499 1
352713 18
352731 18
352743 18
352792 18
352797 1
352798 5
352799 4
352821 3
352833 3
352892 3
352893 6
352899 6
353313 31
353418 4
353431 14
353441 5
353471 22
353482 2
353497 24
353498 1
353499 2
353701 7
353754 4
353761 5
353779 1
353782 10
353791 5
353792 2
353799 3
353898 1
354311 69
354312 23
355411 24
356100 168
356101 172
356102 177
356210 129
356261 117
356306 10
356331 58
356333 9
356373 9
356375 9
356411 58
356412 6
356415 5
356416 7
356431 65
356432 29
356441 58
356442 59
356443 58
356444 19
356446 6
356447 1
356448 6
356449 4
356455 2
356472 8
356474 1
356497 5
356499 2
356711 3
356721 1
356723 3
356725 6
356742 6
356744 5
356752 1
356753 1
356779 5
356789 1
356791 7
356792 1
356799 7
356897 1
356898 2
357110 23
357210 131
357322 9
357323 19
357418 11
357421 14
357432 3
357442 26
357444 11
357446 13
357494 10
357497 11
357498 2
357499 1
357712 2
357731 2
357771 2
359202 104
359205 18
359206 45
359302 15
359305 67
359341 1
359350 141
359360 138
359382 5
359401 70
359403 71
359419 1
359422 20
359452 25
359455 1
359460 7
359461 33
359481 5
359706 7
359707 1
359708 4
359709 5
359715 3
359716 4
359791 4
359799 8
359898 2
360100 48
360212 5
360301 19
360402 3
360403 3
360411 18
360423 19
360441 17
360460 4
360701 5
360729 3
360751 1
360771 4
360791 3
360792 5
360797 1
360799 3
360897 1
360898 4
361210 53
361211 10
361214 21
361341 11
361414 1
361421 8
361433 11
361442 11
361461 18
361475 10
361497 11
361498 2
361499 4
361733 6
361735 1
361744 1
361745 3
361754 3
361773 1
361791 3
361792 4
361799 3
361899 3
363210 172
365201 7
365211 7
365221 39
365291 14
365301 13
365324 13
365331 13
365422 13
365425 12
365426 14
366894 1
368211 30
368310 38
368412 34
368417 23
368433 1
368497 37
368702 8
368704 8
368711 9
368712 8
368798 7
368799 1
400100 344
400101 271
400110 194
400210 277
400290 237
401281 63
401383 61
401391 61
401799 3
401855 2
401858 1
401873 2
401882 2
401883 1
402704 5
402705 5
402706 5
402709 5
402752 6
402791 5
402792 1
403281 63
403383 63
403712 1
405762 3
405782 3
405784 3
406284 64
406294 64
406386 63
406396 66
407714 6
407716 3
407724 6
407726 3
407754 6
407762 3
407777 6
407782 6
407785 6
407786 6
407793 3
407794 3
407796 3
407797 3
408382 63
408702 4
408704 1
408707 4
408762 4
408781 4
410381 61
410702 1
410762 1
410791 1
413383 63
413391 63
413703 1
414815 6
414856 6
414858 3
414859 3
414866 6
414867 3
414868 6
414869 3
414897 6
414899 3
415393 60
415711 1
415811 1
415812 1
420282 65
421282 63
421292 63
421386 61
421396 60
421716 14
421721 14
421722 14
421752 14
421781 14
421796 14
421814 9
421815 9
421816 9
421862 9
421891 9
422381 62
426702 4
426762 4
426792 4
427798 29
427799 4
427898 2
428191 59
428281 63
428282 63
428381 62
428383 60
428392 59
429712 4
429782 4
429852 4
430713 7
430715 7
430721 7
430722 7
430752 7
430782 7
430785 10
430799 10
452797 1
455898 7
455899 4
460201 122
460202 134
461170 63
461471 11
461472 18
461511 8
461526 6
461797 1
461798 2
462130 210
462513 1
462531 1
462542 1
462545 1
462582 1
462587 2
462588 10
462702 6
462713 6
462717 6
462792 6
462794 8
462799 8
463201 121
463252 123
463331 12
463332 136
463342 134
463354 134
463505 30
463507 14
463512 48
463513 14
463534 14
463543 47
463544 48
463557 48
463559 47
463571 12
463582 48
463592 50
463594 47
463704 3
463705 3
463706 2
463724 3
463731 3
463735 3
463791 2
463795 2
463799 1
464302 136
464312 135
464402 128
464403 128
464414 78
464442 130
464443 57
464445 79
464446 130
464481 129
464500 10
464502 76
464504 76
464505 76
464506 76
464508 19
464544 76
464545 15
464546 18
464549 11
464583 66
464591 76
501201 89
501202 89
501305 80
501306 80
501701 2
501741 1
501792 1
501797 1
502313 77
502314 77
504202 89
504305 78
504792 1
506202 90
506701 3
506792 3
506794 1
508304 80
508701 3
510100 404
510306 77
510439 2
510711 8
510718 3
510720 8
510799 1
510897 1
510898 10
512304 77
512701 1
512702 1
512733 4
513113 63
513115 63
513212 72
513216 72
513217 71
513225 71
513284 71
513331 73
513343 66
513364 71
513373 64
513390 64
513411 1
513432 3
513433 2
513446 1
513700 4
513708 4
513716 7
513722 4
513757 8
513791 4
513799 2
514202 54
514206 49
514222 51
514244 51
514272 49
514322 44
514336 49
514352 49
514358 47
514382 49
514384 46
514396 51
514398 49
514701 13
514731 2
514782 2
514791 2
515101 54
515204 66
515205 66
515256 64
515257 65
515330 75
515337 72
515339 72
515362 72
515377 75
515378 75
515380 72
515407 1
515440 1
515441 1
515442 1
515475 1
515491 1
515713 1
515714 1
515720 1
515724 1
516101 176
516102 18
518707 1
518724 3
518731 1
518770 1
518794 1
518797 1
520703 4
520712 4
520715 4
520717 4
551311 82
551392 1
551498 1
552216 66
552217 66
552232 64
553312 88
554314 88
554392 78
555313 82
555392 1
555393 82
555394 82
555730 7
555733 7
555799 3
556311 82
556391 82
556491 1
556749 8
556750 8
556798 3
556799 3
557433 10
558101 183
558432 10
558739 3
558742 15
558748 16
558752 3
558793 7
561312 88
561391 78
561392 78
561743 9
561744 9
561745 16
561746 16
561747 9
561799 2
562101 191
562211 106
562702 96
562703 43
562709 16
562711 22
562715 23
562799 16
563702 14
563712 14
563713 14
563715 12
563799 5
564749 16
564750 16
564799 1
566801 24
566822 24
566827 7
566829 24
566898 1
566899 17
568713 3
568720 3
568721 3
568799 3
569718 8
569720 8
569799 3
570702 12
570704 12
570718 12
570736 2
570798 1
570799 3
571101 177
571102 5
571115 50
571116 18
571151 112
601201 60
601202 65
601231 72
601232 72
601242 68
601342 61
601346 65
601347 64
601351 14
601353 1
601361 68
601423 34
601424 20
601425 19
601436 19
601452 1
601453 1
601471 1
601472 1
601499 1
601745 9
601769 2
601775 9
601789 3
601791 6
601792 6
601799 9
601892 1
601893 1
601898 2
601899 4
602100 169
602102 220
602103 65
602120 142
602121 140
602122 62
602123 62
602314 58
602316 55
602421 40
602432 2
602453 41
602454 1
602455 41
602456 41
602461 20
602463 2
602471 39
602497 1
602499 4
602741 5
602751 5
602769 1
603200 98
603231 33
603321 33
603333 29
603341 31
603396 27
603423 31
603462 31
603496 32
603499 1
603725 2
603743 2
603751 2
603799 1
603892 2
603895 2
604101 66
604211 64
604311 57
604314 52
604315 51
604411 47
604415 47
604423 50
604431 44
604443 4
604454 2
604455 3
604499 4
604713 1
605203 67
605302 30
605313 40
605315 59
605316 29
605321 6
605331 26
605340 2
605412 1
605430 29
605492 1
605497 2
605711 1
605719 2
605796 3
605799 4
605811 1
605891 1
605892 1
605893 1
605898 1
605899 4
606211 22
606243 17
606245 14
606264 14
606310 14
606341 14
606342 14
606344 14
606451 11
606452 14
606465 1
606479 1
606480 14
606491 4
606499 1
610102 377
610114 127
651211 55
651212 55
651231 70
651234 57
651293 58
651306 1
651313 58
651314 58
651317 59
651319 58
651394 58
651416 58
651425 58
653702 13
653703 3
653799 12
653898 7
653899 7
676705 20
676706 20
676708 20
676710 20
676715 14
676791 20
679800 5
679801 5
701100 429
701101 74
701181 155
701202 169
701211 62
701235 170
701243 1
701244 173
701283 295
701310 5
701322 202
701335 202
701399 203
701401 203
701408 2
701409 5
701410 6
701496 5
701715 107
701756 1
701798 5
701799 1
701891 1
702100 36
702101 246
702192 55
702211 515
702213 67
702312 44
702317 94
702321 58
702331 59
702342 62
702354 63
702423 1
702443 2
702444 44
702499 2
702701 65
702712 10
702721 10
702725 42
702741 10
702753 10
702761 13
702798 13
703103 469
703191 1
703192 102
703202 551
703204 311
703243 212
703244 343
703322 171
703324 293
703330 49
703331 111
703345 218
703351 119
703361 41
703363 23
703413 15
703414 86
703441 83
703444 13
703499 3
703701 29
703711 65
703740 29
703742 107
703745 49
703747 1
703771 107
703772 107
703791 71
703793 13
703798 72
705191 83
705192 135
705211 721
705311 148
705328 144
705331 44
705332 145
705343 134
705431 145
705438 45
705440 31
705441 50
705444 61
705446 23
705447 143
705461 57
705492 2
705499 6
705713 29
705723 42
705725 29
705763 19
705767 20
705770 11
705774 29
705776 18
705781 29
705783 9
705797 2
705798 20
706100 9
709811 1
709812 1
709817 2
709899 1
751100 859
751101 477
751102 127
751103 36
751104 56
751105 36
751106 25
751202 134
751209 38
751301 312
751302 160
751303 77
751305 17
751308 79
751309 182
751321 7
751323 17
751325 8
751326 8
751330 11
751345 15
751401 30
751403 88
751405 52
751407 83
751408 92
751409 11
751417 6
751418 4
751419 5
751421 9
751422 10
751424 6
751428 25
751440 5
751443 38
751447 17
751451 31
751701 9
751702 3
751703 17
751705 7
751706 57
751708 48
751710 7
751716 18
751718 17
751719 17
751727 10
751742 17
751744 11
751749 10
751798 12
751799 43
751810 7
751811 7
751814 7
751819-701 1
751819-705 7
751820 6
801100 149
801114 110
801122 77
801134 76
801204 64
801212 84
801215 1
801233 84
801236 88
801241 84
801302 20
801312 68
801318 1
801322 6
801323 22
801334 68
801335 44
801361 69
801371 23
801372 68
801381 57
801484 45
801599 4
801717 4
801721 3
801725 2
801735 4
801736 5
801752 5
801762 6
801763 4
801770 2
801797 2
801799 10
803122 34
803124 34
803131 31
803200 5
803212 21
803230 6
803232 21
803260 2
803270 8
803301 5
803312 20
803330 10
803332 19
803371 5
803400 5
803430 10
803470 5
804102 11
804112 11
804202 4
804212 4
804232 4
804233 4
804234 4
804312 2
804322 2
804333 2
804372 2
851100 133
851101 283
851103 90
851104 35
851105 55
851200 64
851201 52
851202 231
851204 50
851207 256
851212 201
851241 46
851252 47
851253 51
851261 296
851263 98
851264 71
851273 103
851305 196
851306 211
851309 96
851313 6
851348 59
851363 25
851366 75
851375 31
851400 152
851401 218
851404 73
851406 4
851408 5
851409 11
851420 34
851430 43
851443 15
851445 27
851450 40
851462 51
851467 25
851470 33
851703 7
851706 7
851726 8
851753 13
851754 13
851766 13
851798 5
851799 5
852104 43
888106 7
888111 27
888121 79
888151 27
888191 32
888211 3
888231 9
888232 1
888702 3
888703 3
888704 12
888705 14
888741 8
888744 1
888781 15
888782 9
888791 8
888797 2
888798 5
888799 2
888892 7
888893 2
888898 1
902899 7
905791 6
905792 5
905799 6
905897 3
905899 4
907702 8
907704 8
907705 8
910706 1
910710 1
910736 1
910791 1
910799 1
916897 1
950802 4
950804 3
951100 272
951104 112
951202 32
951211 136
951214 63
951216 63
951231 19
951301 31
951312 93
951321 31
951324 12
951327 12
951341 48
951342 48
951351 21
951356 11
951366 34
951411 21
951413 18
951421 19
951452 33
951489 3
951493 67
951495-013 4
951495-020 22
951495-021 6
951498-020 16
951498-021 6
951499 2
952711 23
952721 24
952741 12
952763 12
952791 24
952798 5
952804 2
952871 1
952891 5
952892 1
952898 1
952899 3
953102 39
953104 41
953111 190
953201 21
953202 40
953214 19
953231 39
953232 24
953234 25
953323 30
953361 2
953392 37
953411 23
953421 11
953444 7
953462 9
953491 4
953494 23
953495 23
953499 3
953771 1
953774 2
953790 1
953799 3
954100 24
954140 207
954142 123
954143 118
954170 118
954230 6
954231 78
954240 112
954244 120
954248 7
954310 122
954340 122
954347 6
954371 81
954372 72
954374 6
954380 36
954389 11
954413 6
954421 20
954423 32
954424 29
954433 30
954464 20
954472 17
954491 16
954498 67
954499 8
955100 5
955102 46
955104 114
955105 252
955106 337
955200 99
957106 43
957107 114
957211 113
958112 46
960141 24
961733 5
961740 19
961791 24
