001101 26
001102 17
001112 13
001118 4
001201 1
001202 10
001210 18
001222 4
001223 4
001224 4
001225 4
001226 3
001227 27
001228 4
001229 4
001230 10
001231 31
001234 31
001250 13
001291 6
001292 22
001310 6
001311 1
001312 30
001314 28
001315 9
001320 10
001321 28
001323 7
001330 31
001341 0
001342 3
001352 7
001355 4
001361 1
001362 28
001391 4
001410 19
001423 22
001440 19
001445 22
001446 28
001463 19
001471 19
001472 6
002102 13
002111 3
002191 24
002202 32
002230 7
002260 28
002302 21
002311 13
002321 9
002331 7
002362 19
002402 22
002441 28
002471 19
003102 19
003191 21
003202 28
003314 19
003331 13
003332 28
003361 10
003367 13
003454 22
004282 22
004465 7
004472 31
004474 10
004476 15
006103 6
006226 31
006241 10
006253 21
006307 19
006326 13
006330 28
006349 13
006353 4
006423 22
006432 31
006443 22
006448 31
006475 10
008214 13
008314 16
008326 19
008402 13
008411 28
009103 28
009213 19
009234 19
009236 25
009254 32
009325 13
009327 28
009344 22
009355 21
009356 32
009358 19
009363 6
009446 10
011100 27
011101 21
011154 22
011156 3
011157 6
011251 19
011257 6
011268 19
011269 3
011276 0
011277 15
011278 31
011355 10
011367 10
011457 28
011479 10
012173 7
012200 21
012271 31
012272 19
013103 29
013110 10
013203 3
013204 20
013207 10
013208 7
013209 10
013216 31
013217 10
013301 15
013303 21
013306 31
013321 6
013335 1
013337 31
013410 22
013413 22
013422 13
013428 19
013431 16
013432 19
014210 9
014211 13
014270 19
014310 32
014311 19
014323 13
014370 21
014383 10
014390 13
014401 3
014410 22
014422 19
014423 28
014471 3
014481 12
015101 28
015102 10
016101 19
016102 7
017101 7
017102 7
017111 28
017112 28
017231 28
018104 6
018111 28
018112 22
018114 29
018126 10
018204 22
018271 9
018323 19
018352 4
018372 19
018468 28
019101 21
019104 6
019105 1
019106 25
019112 13
019204 25
019205 28
019206 10
019212 7
019222 16
019332 10
019351 22
019362 19
019373 3
019441 28
020101 12
020102 25
020212 9
020231 13
020232 31
020261 6
021101 12
021102 9
021203 13
021204 13
021270 10
024752 19
025110 19
025381 19
025481 19
026101 8
026102 12
026111 3
026112 31
026201 1
026202 28
050100 13
050103 3
050104 9
050106 17
050112 1
050113 3
051302 31
051304 9
051306 3
051310 10
051313 6
051412 28
051418 28
052203 32
052310 13
052323 10
052331 7
052350 19
052351 13
052353 31
052355 16
052400 10
052417 16
052420 7
052422 0
052441 22
052442 9
052445 28
052448 6
052449 25
052725 28
054821 19
054822 19
055702 28
055703 19
055711 13
055739 13
057121 29
057122 20
057123 1
057125 7
057126 9
057127 19
057128 21
057129 31
057130 15
057131 7
057132 11
057133 28
057134 12
057135 22
057136 19
057137 4
057138 21
057139 7
057213 32
057283 7
057286 31
057287 22
057290 28
057295 3
057297 28
057298 10
057301 31
057302 19
057305 22
057307 19
057316 19
057366 32
057401 7
057404 10
057407 13
057413 31
057419 10
057425 10
057427 22
057428 24
057450 19
059405 16
059413 22
059419 32
061106 25
061201 28
061205 28
061223 9
061224 9
061306 19
061312 10
061313 22
061317 13
061319 31
061401 21
061403 12
061405 25
061430 19
062342 7
062346 4
062360 10
062380 31
062411 7
062452 4
062460 13
062470 13
062499 19
063201 19
064204 4
064231 28
064232 13
064252 31
064303 28
064411 4
064412 13
064413 13
064417 16
064422 19
064423 21
064424 18
064474 28
065120 22
065121 27
065211 19
065212 21
065311 25
065320 9
065333 32
065420 9
065436 19
065437 10
065438 28
065782 13
065795 28
065797 19
065799 19
066222 13
066324 13
066412 4
066416 7
066426 3
067201 10
067203 13
067303 10
067311 9
067371 21
067433 6
067435 31
067436 9
067491 31
070200 31
070304 19
070305 19
070400 19
070401 7
070403 21
070404 28
070410 22
070411 10
070413 9
070414 28
070415 28
070416 31
070727 28
070731 19
070741 19
071411 19
071412 10
071413 28
071414 21
071415 16
071416 24
071417 4
071419 3
071420 28
071426 19
071724 19
074100 13
074101 0
076414 16
076426 10
076427 7
076428 19
076429 31
076430 13
076444 12
076466 32
078444 14
079444 18
088708 19
099101 12
099102 19
099103 7
100102 22
100104 19
100109 6
100110 13
100111 22
100112 4
100205 28
100206 22
100207 32
100208 3
100210 28
100212 24
100213 4
100214 19
100218 22
100219 9
100220 22
100222 32
100225 7
100227 22
100281 15
100306 6
100307 22
100308 10
100309 4
100310 28
100501 13
101201 19
101202 15
101205 19
101325 7
101405 10
101490 10
103271 22
104100 4
104201 19
104302 7
104310 10
104320 19
104327 28
104334 19
104435 28
104450 10
104490 22
109100 21
109114 22
112101 28
112105 19
112106 7
112109 10
112202 13
112205 13
112303 19
112321 28
112322 28
112406 31
112424 19
115300 32
116301 19
116302 31
126101 30
126102 10
126212 16
126213 4
126214 22
126324 6
126325 28
126328 7
126330 9
126331 25
126332 32
126400 28
126431 12
126434 4
126436 23
126437 3
126438 28
126442 9
127100 7
127101 28
127202 28
127205 9
127206 31
127303 3
127313 19
127320 10
127330 31
127332 12
127333 25
127336 13
127359 19
127411 9
127412 7
127413 28
127414 19
127415 19
127416 22
127424 25
127433 28
127492 10
127716 13
127720 28
127721 10
127730 19
128100 5
128101 7
128201 12
128304 19
128305 27
128306 27
128308 9
128310 16
128353 22
128401 28
128423 7
128425 19
128427 3
128429 13
128434 22
128445 4
128451 19
128462 19
128471 4
128484 7
128700 10
128712 28
128727 13
128734 19
128751 28
140101 19
140102 13
140103 19
140104 15
140105 0
152211 19
152301 28
152321 19
152331 19
154100 28
154104 10
154141 19
154152 13
154153 22
154173 32
154181 4
154251 22
154276 16
154281 32
154301 10
154330 22
154431 25
154479 19
154482 7
154492 22
159100 20
159101 12
159102 28
159151 6
159202 32
159203 10
159204 22
159331 16
159411 13
159412 28
159434 0
159462 6
160342 7
164261 19
164341 28
168101 13
168410 10
176100 18
176101 20
176104 22
177104 32
177113 10
177114 4
177141 13
177142 22
177181 13
177220 10
177222 22
177227 10
177228 19
177229 9
177300 3
177321 28
177332 13
177335 22
177341 1
177361 12
177362 32
177413 7
177420 28
177425 10
177429 6
177430 4
177431 10
177433 10
177460 19
177464 28
177465 21
177466 4
177470 10
177471 3
177483 25
177491 7
177494 6
177495 4
179402 7
179403 7
179404 19
179406 19
179443 31
201100 23
201110 31
201114 16
201116 32
201117 18
201190 32
202100 19
202101 30
202102 6
202147 21
202231 24
202303 10
202305 6
202311 28
202331 10
202356 28
202371 22
202405 19
202432 21
202442 10
202461 13
202471 31
202475 28
202476 28
202484 22
202731 28
202736 13
202749 19
202770 13
202804 19
202807 19
202833 19
202843 28
203100 18
203104 18
203108 0
203111 9
203113 9
203114 23
203131 4
203132 31
203151 6
203152 12
203154 25
203158 22
203159 18
203162 1
203202 9
203203 12
203204 9
203206 12
203207 22
203208 28
203209 25
203211 32
203222 25
203223 3
203226 24
203232 16
203236 20
203250 1
203287 24
203300 19
203304 22
203316 9
203351 7
203352 22
203413 25
203424 10
203425 19
203435 19
203459 28
203708 28
203715 19
203719 13
203721 19
203734 28
203735 28
203749 13
203754 19
203775 28
203804 19
203812 28
203825 13
203829 28
204100 25
204101 16
204113 10
204123 10
204202 7
204217 28
204232 0
204251 9
204306 19
204315 3
204320 10
204333 22
204355 28
204362 12
204382 7
204422 13
204425 7
204441 32
204443 10
204452 28
204456 22
204482 28
204483 13
204490 0
205100 6
205103 22
205105 28
205216 12
205232 32
205244 25
205252 1
205282 16
205324 25
205344 28
205358 19
205361 28
205382 10
205421 28
205473 19
206100 2
206103 29
206104 32
206108 31
206111 2
206112 25
206161 12
206162 13
206171 30
206172 2
206181 25
206182 4
206191 16
206211 1
206216 32
206217 10
206253 4
206255 19
206261 19
206266 7
206281 7
206311 22
206313 7
206321 3
206325 31
206327 10
206331 0
206336 13
206341 21
206342 28
206355 25
206357 19
206362 12
206364 19
206367 21
206368 19
206370 19
206421 10
206435 28
206437 0
206467 22
206471 19
206476 6
206481 24
206725 13
206726 28
206728 19
206729 19
206731 13
206734 28
206736 13
206737 13
206774 28
207100 10
207104 24
207105 32
207106 30
207108 6
207109 6
207110 28
207116 15
207117 14
207118 0
207125 22
207137 0
207162 28
207172 32
207181 3
207187 27
207188 28
207191 30
207195 12
207214 9
207302 10
207305 1
207306 27
207312 22
207321 28
207402 16
207408 13
207415 19
207442 7
207448 31
207449 10
207704 10
207706 13
207708 28
207712 19
207741 19
207766 19
207776 19
208101 26
208140 4
208141 4
208161 0
208250 10
208263 16
208264 19
208271 19
208272 0
208322 16
208345 10
208346 10
208353 24
208362 6
208373 19
208384 19
208423 10
208444 19
208446 13
208460 28
208738 10
208740 19
208770 28
208772 28
208774 13
208776 28
208873 19
209203 0
209204 28
209252 24
209253 16
209262 0
209263 22
209270 16
209271 7
209272 18
209322 7
209332 7
209341 13
209352 13
209370 22
209376 28
209382 25
209424 28
209452 16
209454 6
209456 28
209466 22
209486 19
209714 13
209772 19
209787 28
209789 13
210100 6
210200 21
210207 13
210221 28
210251 15
210276 19
210315 25
210331 22
210355 7
210432 13
210435 28
210448 7
210463 28
210702 19
210717 28
210734 13
210741 28
210743 13
210748 28
210787 13
211100 30
211303 7
211312 4
211315 24
211318 32
211319 12
211341 12
211342 10
211448 13
211449 19
211495 7
211709 19
212712 19
212714 28
212731 13
213708 19
213717 28
213718 28
213763 13
214301 16
214310 24
214340 7
214341 13
214352 10
214403 19
214412 13
214431 28
214442 4
214462 4
214491 19
215205 0
215206 18
215207 6
215208 13
215303 13
215312 16
215313 25
215314 28
215401 7
215462 19
215482 4
215711 28
215783 19
217705 13
217708 28
217773 19
218100 23
218234 13
218236 25
218244 28
218262 10
218352 3
218362 7
218372 22
218382 19
218481 10
218486 19
218496 19
219753 13
219781 28
226703 19
226704 28
226710 28
226805 19
229223 22
229351 16
251100 3
251211 12
251213 31
251216 12
251242 22
251261 19
251292 10
251312 27
251313 31
251333 25
251334 13
251342 9
251361 4
251363 22
251371 19
251372 13
251374 3
251399 6
251411 28
251417 28
251434 22
251436 7
251451 19
251455 7
251456 28
251457 28
251461 10
251465 4
251704 1
251707 19
251713 19
251716 10
251723 13
251724 28
251738 19
251746 10
251748 13
251754 10
251760 13
251763 19
251765 28
251773 10
251781 13
251784 28
252210 32
252212 10
252222 15
252235 24
252281 19
252282 16
252283 18
252285 7
252311 12
252320 12
252331 6
252353 10
252401 4
252402 0
252403 16
252404 13
252413 3
252420 7
252421 7
252422 28
252423 13
252427 32
252428 18
252429 21
252435 16
252440 22
252442 7
252443 28
252448 3
252450 10
252456 7
252459 22
252460 3
252479 28
252489 4
252706 28
252707 13
252714 10
252721 10
252727 13
252755 13
252765 28
252781 28
252792 19
253215 1
253318 25
253321 19
253332 4
253423 13
253433 7
253441 6
253443 7
253451 10
253452 28
253454 28
253721 19
253725 10
253731 10
253734 13
253735 13
253747 1
253749 1
253752 12
253754 28
253791 28
254182 13
254200 25
254205 21
254206 9
254207 7
254211 12
254215 16
254216 10
254222 3
254231 15
254232 30
254271 31
254282 28
254334 13
254352 15
254362 24
254371 32
254373 8
254400 28
254411 19
254412 4
254415 10
254421 10
254423 28
254424 28
254427 19
254435 7
254441 3
254443 19
254445 19
254446 13
254451 22
254452 4
254453 22
254466 10
254476 25
254477 7
254478 19
254495 28
254701 19
254721 28
254733 10
254737 13
254771 13
254816 19
254857 28
255210 15
255230 31
255300 13
255301 0
255316 2
255323 19
255328 27
255337 29
255340 17
255393 32
255422 22
255425 19
255430 28
255432 9
255433 28
255437 10
255440 22
255442 13
255445 28
255447 19
255451 13
255455 19
255463 28
255471 28
255497 10
255714 1
255735 13
255746 19
255750 10
255751 10
255769 28
255772 28
255783 10
255786 28
255791 7
255792 28
256100 6
256271 25
256281 19
256317 9
256318 13
256334 7
256415 10
256419 28
256442 19
256443 21
256456 19
256473 25
256474 28
256713 10
256741 19
256752 13
256753 28
256791 19
259103 23
259104 9
259106 4
259107 25
259108 22
259193 30
259195 21
259200 19
259201 27
259203 10
259401 28
260313 10
260334 19
260421 28
260702 10
260712 13
260719 28
260791 19
261102 10
261111 24
261112 24
261113 6
261205 7
261207 3
261208 13
261214 16
261215 18
261218 25
261305 22
261306 19
261332 6
261342 10
261343 31
261361 6
261411 10
261421 10
261430 7
261433 7
261444 1
261446 3
261447 25
261448 28
261449 19
261453 25
261465 1
261473 1
261479 28
261494 31
261497 21
261498 31
261499 10
261731 19
261736 19
261742 10
261745 13
261751 19
261752 28
261755 10
261763 13
261792 12
261796 28
261891 13
263710 10
263721 13
263724 28
263745 19
263751 19
264702 13
264703 28
264705 19
264755 10
264791 1
265706 13
265709 28
265710 19
266703 19
266801 28
268735 10
268741 13
268742 19
269103 22
269105 28
269130 19
269210 28
269341 10
269360 19
269370 22
269497 7
269498 28
270721 13
270791 13
305203 19
318322 22
329104 17
330112 4
351100 19
351201 13
351302 32
351331 25
351364 28
351371 3
351425 13
351426 13
351464 10
352103 8
352311 19
352314 7
352315 19
352323 28
352331 31
352332 22
352401 10
352412 13
352413 16
352421 28
352422 7
352433 4
352441 28
353313 10
353418 19
353431 22
353441 28
353471 7
353482 13
354311 25
354312 16
355411 19
356100 32
356101 14
356102 28
356210 22
356261 28
356306 19
356331 7
356333 25
356373 32
356375 22
356411 10
356412 0
356415 19
356416 0
356431 10
356432 25
356441 16
356442 22
356443 31
356444 19
356446 6
356447 28
356448 28
356449 22
356455 19
356472 7
356474 28
357110 23
357210 4
357322 19
357323 13
357418 19
357421 19
357432 22
357442 9
357444 7
357446 28
359202 7
359205 13
359206 19
359302 16
359305 19
359341 19
359350 10
359360 7
359401 22
359403 31
359419 19
359422 28
359452 16
359455 19
359460 13
359461 28
360100 19
360301 13
360402 22
360403 13
360411 16
360423 28
360441 31
360460 7
361210 21
361211 13
361214 10
361341 25
361414 19
361421 16
361433 19
361442 22
361461 13
361475 7
363210 19
365201 28
365211 19
365301 7
365324 32
365331 25
365422 19
365425 13
365426 22
368211 4
368310 22
368412 32
368417 10
368433 19
400110 5
400210 32
401281 25
401383 22
401391 7
403281 7
403383 28
406284 28
406294 3
406386 3
406396 9
408382 19
410381 25
413383 6
413391 1
415393 31
420282 19
421282 10
421292 1
421386 10
421396 4
422381 32
428281 22
428282 13
428381 13
428383 21
461170 32
461471 7
461472 19
461511 4
461526 32
462130 26
462531 10
462542 13
462545 28
462582 19
462587 7
462588 19
463201 19
463252 28
463331 19
463332 19
463342 22
463354 28
463512 19
463513 32
463534 4
463543 22
463544 13
463557 28
463559 10
463571 3
463592 6
464302 13
464312 10
464402 13
464403 31
464414 7
464442 10
464443 22
464445 4
464446 28
464500 19
464502 22
464504 7
464505 10
464506 13
464508 19
464544 28
464545 19
464546 19
464549 4
501201 13
501202 28
501305 28
501306 19
502313 31
502314 4
504202 7
504305 10
506202 19
508304 13
510306 22
512304 7
513113 10
513115 19
513212 28
513216 19
513217 22
513225 13
513284 10
513331 13
513343 28
513364 19
513373 7
513390 10
513411 19
513446 19
514202 10
514206 0
514222 25
514244 31
514272 7
514322 31
514336 10
514352 7
514358 22
514382 28
514384 4
514396 19
514398 13
515204 19
515205 13
515256 22
515257 28
515330 28
515337 4
515339 22
515362 13
515377 7
515378 10
515380 19
515407 10
515440 13
515441 28
515442 19
518724 19
518770 28
551311 13
552216 28
552217 19
552232 10
553312 10
554314 28
555313 28
556311 19
557433 22
558101 12
558432 13
561312 19
562101 10
562211 19
571115 19
601201 24
601202 31
601231 13
601242 10
601342 28
601346 1
601351 1
601361 10
601423 19
601424 13
601425 25
601436 13
601452 13
601471 28
601472 19
601745 28
601769 13
601775 19
602100 11
602102 31
602103 21
602120 6
602121 11
602122 19
602314 9
602421 31
602432 4
602453 7
602454 19
602455 19
602461 13
602463 10
602471 15
602741 28
602751 19
603200 22
603231 21
603321 4
603341 31
603396 7
603423 25
603496 10
603725 13
603743 28
603751 19
604101 21
604211 13
604311 0
604314 32
604315 21
604411 0
604415 31
604423 3
604431 15
604443 22
604454 28
604455 19
605203 28
605302 32
605313 25
605315 28
605316 22
605321 19
605331 0
605340 19
605412 10
605430 15
605711 28
605719 19
606211 19
606243 19
606245 7
606264 10
606310 13
606341 10
606342 13
606344 28
606451 7
606452 19
610114 11
651211 13
651212 10
651231 7
651234 19
651306 28
651313 7
651314 1
651317 19
651319 10
651416 13
651425 28
701100 15
701101 7
701181 3
701202 22
701211 28
701235 1
701243 19
701244 13
701283 25
701310 19
701335 19
701408 28
701409 28
701410 10
701496 13
702100 1
702101 8
702211 30
702213 15
702312 9
702317 3
702321 13
702331 19
702342 10
702354 4
702423 6
702443 28
702499 19
703103 22
703202 12
703204 22
703243 30
703244 12
703322 7
703324 6
703330 32
703331 31
703345 19
703351 21
703361 13
703413 4
703441 9
703444 28
703499 10
705191 15
705211 18
705311 13
705328 19
705331 6
705332 16
705343 28
705431 24
705438 1
705440 9
705441 8
705444 11
705446 12
705447 31
705461 19
705492 19
705499 13
751100 7
751101 0
751102 7
751106 25
751202 12
751209 19
751301 11
751302 24
751303 29
751305 21
751308 1
751309 22
751321 13
751326 10
751330 21
751345 13
751401 7
751403 25
751405 20
751408 28
751417 13
751418 19
751419 13
751421 10
751422 19
751424 25
751428 19
751440 9
751443 31
751447 19
751451 10
751701 10
751702 19
751703 0
751705 12
751706 19
751708 28
751710 13
751716 10
751718 1
751719 0
751727 10
751742 13
751744 13
801100 0
801122 10
801134 19
801204 13
801233 19
801236 22
801241 31
801322 19
801334 19
801371 10
803122 13
803124 10
803131 28
803230 19
803232 10
803260 22
851100 6
851103 1
851104 13
851105 16
851200 9
851201 22
851202 24
851204 13
851207 31
851241 9
851252 19
851253 21
851261 6
851263 6
851273 7
851305 12
851306 19
851309 28
851313 10
851363 9
851366 3
851375 9
851400 22
851401 32
851404 4
851406 7
851443 16
851445 13
851450 30
851462 7
851467 13
951100 30
951202 31
951231 32
951321 16
951324 7
951366 16
951421 10
951498-020 25
951498-021 22
953102 13
953104 10
953111 3
953201 7
953202 19
953214 13
953231 28
953232 28
953234 22
953323 13
953361 28
953421 10
953444 19
953494 9
953495 4
954100 28
954140 6
954142 13
954143 32
954170 28
954240 12
954244 10
954310 22
954340 32
954347 13
954371 19
954372 22
954374 31
954413 13
954421 7
954423 0
954464 32
954472 32
954491 25
954498 10
955102 32
955104 4
