001101 2
001102 1
001111 15
001113 27
001201 1
001202 16
001210 7
001212 21
001218 13
001230 12
001231 22
001250 3
001291 27
001293 4
001310 28
001311 11
001312 32
001318 22
001320 7
001321 12
001323 4
001330 13
001342 25
001353 30
001354 21
001362 25
001381 12
001410 4
001423 16
001425 25
001443 28
001444 27
001445 32
001447 16
001461 16
002101 25
002110 6
002191 3
002192 19
002201 32
002211 22
002221 3
002250 25
002301 6
002333 16
002351 24
002361 31
002365 30
002401 16
002473 4
003101 19
003191 16
003201 19
003313 10
003320 31
003331 0
003367 22
004241 10
004282 3
004301 10
004303 31
004324 9
004432 27
004473 4
004475 30
004483 6
006103 15
006126 28
006206 22
006226 13
006242 3
006253 31
006303 28
006325 4
006326 0
006330 16
006344 4
006346 7
006355 22
006425 31
006426 16
006428 22
006443 13
006448 27
006454 25
008214 16
008303 28
008314 10
008411 25
008417 16
009103 5
009105 22
009212 16
009230 18
009231 16
009326 31
009328 18
009426 28
009431 4
009445 4
011100 23
011151 22
011152 4
011153 18
011251 28
011257 14
011259 16
011269 18
011276 19
011353 13
011356 15
011358 10
011362 22
011374 7
011461 28
011464 25
011479 4
012100 28
012173 6
012200 10
012273 25
012371 16
012475 16
013103 25
013110 7
013203 4
013204 28
013206 25
013209 10
013301 16
013302 18
013303 7
013305 32
013306 6
013307 25
013317 28
013321 30
013326 16
013329 4
013330 0
013335 16
013337 16
013413 4
013427 6
013433 28
014210 24
014211 13
014270 19
014310 22
014311 16
014322 30
014323 16
014324 28
014370 13
014371 10
014381 19
014382 32
014401 4
014471 3
014481 25
014485 7
015101 27
016101 0
017101 4
017102 19
017111 18
017112 4
017210 28
018103 28
018111 10
018113 28
018125 16
018203 4
018211 22
018213 16
018231 28
018235 25
018271 16
018301 31
018335 7
018351 4
018353 25
018433 28
018435 4
018438 16
018467 25
019101 32
019103 7
019105 31
019106 27
019108 16
019111 4
019203 28
019205 19
019206 25
019208 31
019211 13
019221 22
019303 25
019311 7
019331 13
019361 15
019371 7
019373 4
019381 31
019411 6
019442 25
019471 7
019473 16
020101 3
020102 22
020211 25
020212 16
020231 13
020311 22
020321 19
020333 25
020341 28
020362 28
020363 16
021101 6
021102 19
021203 32
021270 16
025108 16
025110 4
025310 16
025480 16
026101 4
026102 4
026111 7
026112 4
026201 28
026271 4
029701 16
029711 4
050100 13
050103 30
050104 30
050106 18
050111 0
051302 31
051304 16
051306 18
051313 27
051412 16
051418 25
052201 32
052202 4
052314 22
052350 25
052352 32
052357 0
052400 22
052419 13
052443 4
052445 16
052447 31
052725 16
055701 4
055706 10
055707 25
055771 10
055797 16
057121 20
057122 19
057123 27
057125 15
057126 6
057127 16
057128 31
057129 27
057130 17
057131 16
057132 16
057133 15
057134 16
057135 25
057137 7
057138 25
057139 28
057140 7
057201 31
057205 4
057215 4
057274 13
057279 12
057283 27
057284 10
057285 25
057288 28
057293 0
057294 16
057300 25
057302 25
057305 28
057351 19
057366 19
057403 15
057405 7
057410 32
057411 19
057420 4
057425 10
057426 22
057428 18
059419 4
061106 12
061201 16
061223 10
061306 7
061307 15
061312 15
061313 4
061317 0
061401 28
061403 22
061404 16
062342 7
062343 16
062344 25
062345 28
062346 31
062360 10
062380 4
062411 31
062452 10
062460 25
062470 25
063703 16
063813 4
064207 28
064231 31
064251 16
064281 15
064291 25
064301 4
064303 28
064410 6
064412 7
064417 7
064418 32
064424 15
064474 27
065210 9
065212 27
065310 32
065320 16
065332 25
065421 31
065434 15
065435 4
065436 25
065437 24
065797 4
065799 4
066221 19
066323 27
066410 6
066414 16
066425 4
066755 16
067202 16
067303 32
067311 18
067372 25
067373 28
067432 7
070301 27
070303 25
070304 15
070305 4
070308 16
070400 4
070401 16
070403 27
070404 28
070410 7
070411 16
070415 13
070416 7
070720 10
070721 25
070726 16
070727 16
070731 4
070792 4
071412 31
071413 16
071414 25
071420 25
071422 28
071423 30
071425 22
071712 25
071811 16
074100 3
074101 9
074414 19
076314 22
076414 10
076425 16
076427 3
076428 10
076429 32
076444 19
076466 25
078444 3
078454 10
079444 16
088708 4
091800 4
099101 7
099102 25
100102 19
100103 16
100104 30
100105 4
100109 6
100110 24
100111 32
100112 6
100206 16
100207 6
100208 3
100209 28
100210 28
100211 6
100212 9
100213 21
100218 16
100219 10
100220 27
100225 28
100226 16
100281 6
100306 9
100307 28
100308 31
100309 7
100310 23
100501 0
101100 19
101105 32
101201 28
101211 28
101400 3
101405 3
103112 22
103191 4
103271 6
104200 28
104201 19
104300 4
104301 25
104340 19
104410 13
104424 4
104495 25
105304 28
109100 4
109115 3
112101 25
112102 4
112103 13
112108 16
112201 19
112203 16
112213 25
112300 28
112411 25
112412 16
115200 28
115301 19
115302 22
116400 19
126101 19
126216 28
126321 15
126330 22
126333 25
126334 16
126428 24
126432 28
126443 0
127100 7
127101 0
127203 28
127204 6
127207 18
127303 0
127312 32
127314 25
127315 16
127316 22
127329 15
127337 19
127711 10
127717 25
127718 16
127719 4
128100 8
128101 15
128202 28
128203 16
128204 19
128307 9
128309 19
128334 0
128352 32
128354 0
128403 15
128701 10
128710 25
128730 16
128740 4
128762 4
140101 25
140102 16
140105 7
152321 16
154104 8
154141 25
154151 19
154231 19
154262 28
154281 28
154311 3
154330 10
154340 32
154351 7
154353 19
154363 4
154375 25
154377 0
154388 32
154433 25
154443 28
154488 4
159100 3
159101 3
159151 16
159203 18
159221 10
159302 12
159303 28
159305 19
159332 28
159356 19
159362 15
159403 4
159411 6
159412 16
159431 27
160341 6
164200 16
164341 31
168101 10
168410 28
176100 22
176101 9
176104 13
176220 9
177103 30
177214 16
177215 18
177216 13
177217 3
177242 16
177281 22
177283 4
177285 28
177321 4
177330 10
177336 13
177341 18
177361 7
177393 22
177404 31
177414 4
177427 4
177430 28
177434 19
177446 25
177447 4
177450 0
177465 27
177467 16
177481 4
177494 4
179403 28
201100 32
201110 15
201114 16
201115 12
201116 3
202100 10
202101 0
202141 13
202143 16
202145 7
202184 24
202231 19
202260 22
202310 4
202311 15
202332 6
202334 4
202342 19
202361 15
202371 28
202410 15
202434 28
202438 7
202443 4
202473 4
202474 25
202477 4
202495 7
202737 25
202765 16
202773 25
202776 4
202783 25
202833 4
202844 16
202848 4
203100 22
203103 15
203111 26
203116 13
203151 18
203162 32
203201 9
203203 9
203204 27
203206 26
203207 14
203208 31
203209 12
203222 12
203226 21
203231 18
203235 25
203236 16
203255 22
203300 28
203303 19
203315 25
203323 12
203324 28
203331 18
203332 31
203333 22
203351 10
203352 16
203475 31
203705 25
203709 10
203713 10
203714 25
203716 16
203723 25
203732 16
203736 10
203739 25
203743 25
203753 10
203803 28
203807 16
203821 10
203828 16
203879 4
204100 22
204101 30
204111 19
204202 28
204211 25
204216 16
204217 16
204231 13
204321 18
204325 27
204335 31
204341 7
204361 25
204363 4
204365 28
204381 0
204383 16
204432 16
204442 32
204451 0
204453 16
204471 6
204721 25
204725 4
204735 16
204764 4
204891 4
205100 19
205103 3
205104 28
205105 6
205235 25
205239 13
205275 21
205303 0
205337 25
205355 19
205393 13
205441 16
205461 4
205765 10
205805 4
206100 17
206101 3
206103 10
206107 28
206108 24
206111 30
206113 7
206161 29
206171 14
206181 32
206191 16
206203 4
206207 24
206211 3
206216 7
206217 19
206254 28
206261 9
206267 16
206281 16
206300 6
206321 3
206324 12
206325 12
206327 19
206328 27
206331 0
206335 4
206336 25
206341 13
206355 4
206362 9
206370 16
206381 16
206412 16
206432 15
206436 32
206437 16
206441 7
206457 4
206470 31
206705 16
206707 25
206713 4
206717 16
206720 16
206726 25
206738 16
206739 4
206743 16
206753 16
206785 4
207100 28
207103 24
207105 5
207106 4
207107 7
207109 31
207110 12
207115 19
207117 4
207123 3
207131 0
207135 16
207171 27
207173 28
207183 28
207187 3
207203 18
207205 7
207208 22
207213 13
207308 4
207310 0
207313 13
207323 25
207348 4
207401 6
207403 28
207406 16
207419 15
207422 4
207455 4
207458 25
207463 4
207701 10
207703 25
207705 16
207711 4
207808 4
208101 26
208140 28
208150 4
208263 28
208270 3
208271 21
208280 9
208321 24
208329 4
208343 28
208348 16
208383 4
208425 6
208439 16
208440 25
208469 4
208711 10
208760 25
208761 16
208770 4
208871 16
208872 4
209201 22
209251 16
209301 13
209302 7
209303 28
209331 4
209351 24
209358 32
209361 16
209368 4
209375 31
209451 25
209453 28
209461 4
209463 16
209483 31
209485 7
209705 28
209707 10
209771 16
209773 31
209779 4
209785 25
210201 25
210202 3
210204 19
210343 4
210351 7
210383 25
210425 4
210433 24
210434 28
210445 4
210485 4
210703 10
210704 25
210705 16
210707 4
210731 4
211100 28
211311 0
211315 18
211319 24
211440 28
211443 28
211702 4
211889 16
212701 10
212703 16
212711 4
212741 25
213706 4
213707 16
213711 4
213714 25
214100 31
214261 22
214312 25
214341 27
214381 16
214401 28
214411 6
214414 4
214415 7
214430 16
214445 4
215205 31
215206 22
215207 6
215208 31
215302 0
215381 7
215411 22
215431 4
215734 16
215744 25
215752 4
215762 25
215782 10
215785 16
216781 25
217701 25
217703 16
217707 4
217726 16
217775 4
217781 4
218100 16
218101 19
218233 25
218235 28
218321 22
218323 19
218351 16
218471 19
218474 28
218475 16
219720 4
219731 25
220703 4
226701 4
226702 4
226709 4
226710 16
229123 22
229323 19
251211 31
251213 22
251216 16
251261 0
251281 12
251312 22
251313 25
251333 7
251361 28
251363 19
251371 16
251372 3
251374 4
251384 12
251411 4
251437 4
251438 10
251439 32
251461 25
251475 16
251479 4
251701 28
251702 10
251703 4
251711 28
251714 10
251715 25
251717 16
251718 28
251745 25
251751 10
251752 25
251757 16
251758 28
251776 28
251783 10
251785 25
251790 4
252201 19
252211 3
252232 24
252282 7
252283 28
252285 13
252286 0
252301 28
252302 7
252317 27
252320 30
252322 12
252325 0
252327 6
252330 25
252342 21
252363 10
252420 24
252421 4
252425 31
252427 32
252439 28
252444 22
252450 7
252460 28
252498 16
252702 10
252708 10
252711 16
252719 10
252724 16
252725 25
252752 25
252785 25
252789 28
252791 4
253303 0
253314 15
253315 22
253432 28
253455 16
253456 4
253481 25
253701 25
253717 16
253722 4
253732 10
253734 16
253736 28
253747 25
253748 28
253752 4
253754 10
254181 18
254205 22
254206 6
254211 3
254215 3
254216 3
254222 16
254231 21
254232 12
254252 28
254282 25
254302 19
254325 30
254333 6
254372 24
254373 16
254421 22
254426 16
254436 7
254439 4
254441 6
254451 25
254456 7
254457 27
254459 25
254461 32
254471 28
254473 4
254494 15
254496 28
254700 16
254702 28
254703 4
254710 25
254734 4
254770 28
254804 10
254872 25
254875 10
255201 16
255215 31
255251 22
255290 13
255300 25
255320 8
255321 23
255330 0
255359 12
255415 4
255417 28
255420 19
255422 10
255424 28
255431 4
255432 13
255434 16
255438 4
255449 7
255454 16
255455 28
255460 28
255462 16
255471 28
255492 16
255722 25
255734 16
255750 28
255752 10
255758 4
255764 4
255766 10
255770 16
255771 25
255772-001 10
255772-801 16
255772-803 10
255772-804 4
256100 27
256212 28
256271 31
256281 16
256316 15
256333 28
256373 4
256384 7
256412 25
256418 16
256441 22
256457 4
256462 19
256473 4
256700 16
256751 4
259103 25
259104 21
259106 12
259107 30
259108 15
259109 18
259201 24
259203 19
260312 4
260701 7
260705 16
260709 4
260716 28
260718 25
260772 10
261103 25
261111 27
261200 28
261210 19
261212 21
261216 13
261217 16
261304 30
261305 25
261335 25
261336 12
261342 22
261343 0
261361 28
261405 28
261434 16
261447 25
261456 16
261457 4
261458 19
261469 16
261473 32
261497 4
261701 10
261702 25
261706 16
261739 4
261746 25
261754 4
261769 4
261781 4
261791 16
261792 4
263701 25
263702 16
263720 10
263760 4
263771 10
264701 28
264706 10
264710 16
264741 25
264789 16
264791 4
266702 4
268721 4
269101 7
269102 16
269111 31
269200 22
269201 7
269202 4
269340 6
269430 7
269462 4
269470 31
269494 28
270701 16
270702 4
270711 25
270712 16
270791 25
301254 31
305202 22
311352 32
318322 16
318351 25
320351 4
321251 4
324703 4
328310 25
328313 16
330110 18
330111 24
351100 28
351200 28
351201 22
351202 9
351301 13
351302 27
351321 7
351331 16
351410 4
351425 4
351441 25
351442 22
351451 19
351463 7
351466 16
352103 4
352301 19
352311 28
352321 0
352323 3
352421 28
352422 10
352431 10
353301 3
353311 13
353421 19
353431 19
353451 28
353452 16
354311 16
356100 5
356101 24
356102 4
356202 25
356210 0
356212 19
356261 10
356303 4
356304 28
356312 16
356361 28
356411 13
356416 22
356432 16
356477 22
357110 28
357210 6
357322 22
357325 31
357360 13
357417 4
357441 19
357491 31
359202 23
359203 32
359204 16
359206 16
359301 6
359311 13
359380 4
359405 25
359409 28
359410 16
359413 28
359421 10
359465 28
360100 11
360210 18
360301 25
360304 4
360402 32
360403 7
360423 28
360460 7
361210 25
361211 22
361301 4
361321 13
361351 31
361453 31
361471 4
362211 3
363210 30
365201 30
365211 16
365321 4
365421 7
365427 4
365428 27
365431 25
368200 15
368317 22
368431 3
400110 11
400211 28
401382 10
403382 16
406385 31
406395 28
409281 19
409292 22
411281 13
411291 7
415291 28
420281 10
421281 25
421291 16
421385 22
421395 19
423382 13
428382 7
461100 10
461170 23
461471 4
461511 10
461523 25
461526 16
461527 28
461529 16
462130 13
462151 31
462505 25
462523 16
462541 13
462586 4
462587 28
462588 4
463251 25
463311 16
463331 32
463341 27
463353 24
463402 15
463433 10
463455 28
463491 6
463503 31
463504 7
463545 10
463556 28
463558 31
464301 7
464311 4
464341 10
464401 31
464413 25
464441 7
464443 4
464444 13
464445 16
464501 27
464502 25
464503 10
464508 16
464509 16
464510 16
464541 25
464542 4
464546 16
464549 15
501301 4
501302 7
502211 7
504302 25
506303 28
506361 28
508203 32
508303 16
510201 7
510202 13
510411 25
510414 16
510415 28
510417 10
512303 10
513111 24
513114 28
513223 25
513224 19
513283 28
513315 7
513324 31
513328 10
513363 28
513371 4
513412 28
513429 10
513445 25
513451 16
513471 4
514211 25
514241 19
514317 6
514323 13
514335 31
514341 28
514343 16
514381 25
514383 22
514395 4
514397 10
514466 16
515201 19
515250 13
515307 6
515312 27
515334 4
515361 31
515364 25
515376 28
515403 25
515455 16
515490 4
551311 19
552216 16
552217 28
552222 16
553312 25
554314 16
555313 28
556311 16
558431 4
561312 4
562211 16
571115 0
601201 15
601302 0
601321 22
601341 15
601344 19
601351 4
601422 25
601452 19
601456 13
601462 4
601702 10
601731 25
601742 4
601758 4
601765 10
601767 16
602100 21
602102 19
602103 3
602111 16
602211 4
602315 3
602321 0
602322 27
602431 28
602432 4
602441 25
602464 16
602731 4
602753 16
602761 16
603211 31
603322 25
603332 32
603352 13
603371 22
603421 16
603441 4
603711 25
603723 16
603731 4
604304 13
604305 22
604312 22
604313 7
604351 28
604352 31
604412 27
604414 10
604416 25
604422 28
604451 16
604715 16
605201 4
605204 28
605301 4
605313 25
605314 25
605321 15
605322 7
605341 32
605412 6
605432 32
605444 31
605445 7
605461 16
605701 16
605702 4
605717 4
605741 25
605745 16
605751 16
606231 13
606242 0
606244 4
606263 28
606343 22
606362 4
606363 28
610114 31
651105 3
651109 16
651120 25
651210 28
651311 28
651312 16
651315 4
651316 7
701101 12
701181 19
701182 28
701183 27
701201 3
701211 22
701281 30
701295 28
701313 16
701321 0
701331 10
701341 7
701342 13
701344 28
701407 27
701425 16
701455 32
701494 25
702100 7
702101 6
702205 16
702211 19
702213 4
702312 18
702316 15
702317 28
702318 27
702341 32
702351 6
702411 16
702416 25
702431 28
703103 20
703202 14
703243 13
703244 25
703305 0
703308 10
703309 19
703310 4
703311 3
703322 25
703323 16
703324 4
703330 16
703331 22
703391 4
703404 25
703412 28
703447 16
703454 10
703498 4
705191 32
705211 31
705311 25
705328 27
705329 18
705331 7
705342 19
705351 16
705437 28
705438 13
705440 4
705441 6
705442 4
705444 32
705446 12
705447 4
705461 22
705493 16
751100 10
751101 21
751102 10
751106 27
751202 16
751209 17
751301 24
751302 24
751303 28
751305 21
751308 30
751309 3
751321 10
751326 7
751327 31
751330 25
751345 19
751401 15
751403 16
751405 10
751408 32
751417 13
751419 28
751425 4
751428 16
751441 16
751443 0
751447 4
751451 25
751701 28
751702 10
751703 7
751704 16
751705 13
751706 28
751708 10
751710 7
751712 4
751716 16
751718 25
751726 4
751734 13
751742 16
751743 25
801100 29
801201 22
801225 25
801235 19
801324 16
801331 25
801333 3
801334 25
801336 19
801421 13
801471 0
801481 28
803121 25
803123 4
803231 25
803331 16
851100 32
851104 16
851105 25
851108 19
851200 9
851201 13
851202 12
851204 28
851205 3
851243 4
851251 27
851262 18
851273 24
851305 10
851309 15
851313 13
851343 13
851344 25
851345 6
851360 22
851362 10
851367 13
851372 3
851375 31
851400 6
851404 24
851406 18
851407 16
851462 0
852101 28
852102 16
852103 4
951100 25
951102 28
951106 25
951125 7
951203 22
951302 0
951323 19
951331 28
951344 19
951348 28
951352 25
951497-020 22
951497-021 3
953103 31
953111 11
953211 16
953212 19
953233 25
953261 22
953321 16
953322 13
953331 4
953361 4
953421 27
953494 7
954100 25
954140 16
954143 13
954170 32
954246 6
954326 25
954370 7
954374 15
954410 25
954413 31
954416 22
954426 10
954443 27
954449 4
954462 24
954471 28
954477 18
954491 16
954498 28
955102 21
955103 10
955104 16
958111 16
