001101 1
001102 1
001112 7
001118 25
001201 14
001202 28
001210 8
001222 29
001223 1
001224 5
001225 17
001226 29
001227 1
001228 5
001229 1
001230 4
001231 25
001234 31
001250 25
001291 31
001292 9
001310 29
001311 30
001312 21
001314 19
001315 32
001320 10
001321 16
001323 0
001330 25
001341 28
001342 13
001352 24
001355 22
001361 7
001362 4
001391 25
001410 22
001423 10
001440 25
001445 10
001446 7
001463 7
001471 19
001472 28
002102 10
002111 28
002191 28
002202 7
002230 10
002260 19
002302 16
002311 7
002321 28
002331 25
002362 19
002402 16
002441 28
002471 13
003102 22
003191 22
003202 10
003314 28
003331 25
003332 10
003361 19
003367 25
003454 22
004282 10
004465 12
004472 24
004474 19
004476 0
006103 21
006226 19
006241 9
006253 16
006307 13
006326 28
006330 7
006349 19
006353 10
006423 16
006432 10
006443 9
006448 28
006475 7
008214 13
008314 13
008326 19
008402 10
008411 25
009103 26
009213 12
009234 19
009236 13
009254 28
009325 7
009327 10
009344 19
009355 25
009356 22
009358 16
009363 4
009446 28
011100 5
011101 25
011154 25
011156 32
011157 10
011251 12
011257 18
011268 7
011269 26
011276 18
011277 30
011278 28
011355 16
011367 25
011457 7
011479 19
012173 24
012200 0
012271 31
012272 7
013103 18
013110 4
013203 10
013204 25
013207 19
013208 13
013209 22
013216 19
013217 16
013301 21
013303 31
013306 10
013321 24
013335 4
013337 19
013410 4
013413 7
013422 28
013428 7
013431 28
013432 4
014210 7
014211 12
014270 22
014310 3
014311 19
014323 7
014370 28
014383 16
014390 25
014401 32
014410 31
014422 22
014423 16
014471 25
014481 10
015101 15
015102 13
016101 7
016102 7
017101 31
017102 7
017111 19
017112 19
017231 28
018104 28
018111 13
018112 10
018114 9
018126 7
018204 25
018271 27
018323 25
018352 25
018372 19
018468 25
019101 27
019104 10
019105 7
019106 32
019112 19
019204 32
019205 12
019206 7
019212 7
019222 16
019332 22
019351 4
019362 19
019373 16
019441 7
020101 7
020102 28
020212 16
020231 28
020232 25
020261 10
021101 32
021102 28
021203 3
021204 4
021270 9
024752 25
025110 19
025381 19
025481 19
026101 20
026102 0
026111 9
026112 10
026201 16
026202 13
050100 25
050103 23
050104 32
050106 30
050112 14
050113 27
051302 28
051304 0
051306 16
051310 7
051313 16
051412 16
051418 25
052203 28
052310 19
052323 32
052331 9
052350 10
052351 19
052353 16
052355 13
052400 13
052417 7
052420 28
052422 12
052441 0
052442 19
052445 25
052448 3
052449 25
052725 7
054821 25
054822 25
055702 7
055703 25
055711 19
055739 19
057121 30
057122 15
057123 29
057125 21
057126 0
057127 8
057128 3
057129 2
057130 18
057131 24
057132 15
057133 21
057134 14
057135 9
057136 25
057137 10
057138 22
057139 31
057213 22
057283 22
057286 28
057287 7
057290 9
057295 22
057297 9
057298 28
057301 16
057302 19
057305 19
057307 13
057316 7
057366 28
057401 19
057404 13
057407 22
057413 28
057419 16
057425 10
057427 7
057428 25
057450 25
059405 28
059413 13
059419 25
061106 16
061201 7
061205 19
061223 13
061224 28
061306 28
061312 0
061313 3
061317 19
061319 21
061401 25
061403 19
061405 22
061430 31
062342 13
062346 16
062360 19
062380 22
062411 13
062452 19
062460 16
062470 10
062499 19
063201 10
064204 4
064231 7
064232 16
064252 28
064303 7
064411 10
064412 25
064413 19
064417 7
064422 25
064423 28
064424 15
064474 19
065120 12
065121 7
065211 9
065212 18
065311 16
065320 28
065333 25
065420 7
065436 7
065437 10
065438 10
065782 19
065795 7
065797 25
065799 25
066222 16
066324 28
066412 16
066416 19
066426 16
067201 13
067203 10
067303 25
067311 4
067371 19
067433 28
067435 19
067436 22
067491 3
070200 21
070304 28
070305 7
070400 28
070401 4
070403 7
070404 7
070410 22
070411 28
070413 26
070414 31
070415 7
070416 7
070727 7
070731 25
070741 25
071411 22
071412 7
071413 19
071414 21
071415 16
071416 21
071417 19
071419 19
071420 25
071426 28
071724 25
074100 6
074101 27
076414 16
076426 19
076427 22
076428 25
076429 13
076430 19
076444 31
076466 32
078444 27
079444 28
088708 25
099101 25
099102 9
099103 9
100102 25
100104 21
100109 7
100110 25
100111 18
100112 19
100205 4
100206 7
100207 9
100208 3
100210 12
100212 10
100213 0
100214 7
100218 27
100219 27
100220 22
100222 4
100225 21
100227 7
100281 7
100306 18
100307 0
100308 10
100309 13
100310 6
100501 1
101201 13
101202 9
101205 13
101325 7
101405 25
101490 18
103271 17
104100 19
104201 28
104302 10
104310 28
104320 13
104327 28
104334 19
104435 19
104450 7
104490 28
109100 30
109114 12
112101 10
112105 13
112106 28
112109 7
112202 19
112205 10
112303 7
112321 28
112322 28
112406 13
112424 19
115300 28
116301 19
116302 7
126101 12
126102 25
126212 19
126213 13
126214 25
126324 21
126325 25
126328 32
126330 18
126331 19
126332 3
126400 13
126431 28
126434 16
126436 18
126437 25
126438 16
126442 24
127100 22
127101 3
127202 13
127205 12
127206 25
127303 4
127313 0
127320 28
127330 13
127332 24
127333 22
127336 7
127359 3
127411 31
127412 13
127413 19
127414 7
127415 19
127416 25
127424 13
127433 28
127492 7
127716 19
127720 7
127721 28
127730 25
128100 5
128101 25
128201 25
128304 19
128305 27
128306 22
128308 6
128310 19
128353 25
128401 25
128423 28
128425 7
128427 1
128429 25
128434 7
128445 4
128451 16
128462 7
128471 28
128484 19
128700 28
128712 7
128727 19
128734 25
128751 7
140101 7
140102 0
140103 7
140104 29
140105 13
152211 10
152301 25
152321 25
152331 25
154100 28
154104 4
154141 31
154152 19
154153 32
154173 7
154181 31
154251 13
154276 7
154281 27
154301 25
154330 7
154431 7
154479 22
154482 10
154492 19
159100 9
159101 13
159102 22
159151 32
159202 7
159203 13
159204 19
159331 12
159411 7
159412 25
159434 19
159462 16
160342 16
164261 25
164341 22
168101 13
168410 7
176100 9
176101 7
176104 7
177104 19
177113 13
177114 7
177141 9
177142 10
177181 28
177220 0
177222 16
177227 9
177228 19
177229 10
177300 21
177321 7
177332 28
177335 0
177341 25
177361 9
177362 4
177413 4
177420 10
177425 25
177429 3
177430 19
177431 25
177433 9
177460 16
177464 7
177465 27
177466 19
177470 19
177471 22
177483 32
177491 22
177494 13
177495 19
179402 19
179403 19
179404 7
179406 19
179443 25
201100 31
201110 30
201114 19
201116 27
201117 8
201190 9
202100 16
202101 6
202102 6
202147 14
202231 7
202303 7
202305 16
202311 10
202331 28
202356 7
202371 3
202405 25
202432 13
202442 7
202461 19
202471 16
202475 10
202476 19
202484 28
202731 7
202736 19
202749 25
202770 7
202804 25
202807 25
202833 25
202843 7
203100 15
203104 28
203108 18
203111 9
203113 10
203114 4
203131 22
203132 31
203151 10
203152 7
203154 24
203158 10
203159 19
203162 28
203202 24
203203 22
203204 22
203206 28
203207 32
203208 10
203209 16
203211 19
203222 28
203223 22
203226 7
203232 31
203236 11
203250 21
203287 9
203300 25
203304 10
203316 16
203351 28
203352 0
203413 7
203424 22
203425 25
203435 25
203459 19
203708 7
203715 25
203719 19
203721 25
203734 7
203735 7
203749 19
203754 25
203775 7
203804 25
203812 7
203825 19
203829 7
204100 16
204101 24
204113 7
204123 25
204202 25
204217 22
204232 31
204251 18
204306 12
204315 21
204320 28
204333 7
204355 19
204362 24
204382 22
204422 4
204425 19
204441 28
204443 0
204452 25
204456 7
204482 10
204483 3
204490 31
205100 9
205103 19
205105 30
205216 27
205232 13
205244 3
205252 19
205282 22
205324 4
205344 10
205358 22
205361 25
205382 19
205421 7
205473 25
206100 22
206103 22
206104 25
206108 9
206111 22
206112 28
206161 21
206162 22
206171 21
206172 22
206181 16
206182 18
206191 19
206211 31
206216 32
206217 10
206253 27
206255 7
206261 1
206266 29
206281 15
206311 31
206313 19
206321 19
206325 21
206327 0
206331 32
206336 22
206341 3
206342 3
206355 13
206357 7
206362 21
206364 25
206367 21
206368 7
206370 27
206421 7
206435 25
206437 10
206467 21
206471 28
206476 25
206481 9
206725 19
206726 7
206728 25
206729 25
206731 19
206734 7
206736 19
206737 19
206774 7
207100 28
207104 16
207105 12
207106 7
207108 18
207109 6
207110 13
207116 10
207117 19
207118 28
207125 16
207137 11
207162 31
207172 12
207181 19
207187 13
207188 32
207191 13
207195 13
207214 10
207302 10
207305 28
207306 31
207312 16
207321 25
207402 4
207408 28
207415 16
207442 25
207448 19
207449 28
207704 19
207706 7
207708 25
207712 25
207741 19
207766 25
207776 25
208101 17
208140 19
208141 18
208161 22
208250 19
208263 19
208264 7
208271 18
208272 17
208322 15
208345 31
208346 25
208353 12
208362 25
208373 7
208384 25
208423 19
208444 7
208446 22
208460 19
208738 28
208740 25
208770 19
208772 19
208774 7
208776 7
208873 25
209203 21
209204 16
209252 9
209253 12
209262 0
209263 19
209270 24
209271 7
209272 13
209322 13
209332 13
209341 28
209352 16
209370 22
209376 7
209382 16
209424 7
209452 31
209454 22
209456 10
209466 4
209486 25
209714 19
209772 25
209787 7
209789 19
210100 19
210200 21
210207 0
210221 32
210251 25
210276 7
210315 22
210331 13
210355 28
210432 4
210435 19
210448 7
210463 25
210702 25
210717 7
210734 19
210741 7
210743 19
210748 7
210787 19
211100 24
211303 19
211312 28
211315 27
211318 16
211319 31
211341 0
211342 10
211448 25
211449 7
211495 25
211709 25
212712 25
212714 7
212731 19
213708 25
213717 19
213718 7
213763 7
214301 10
214310 19
214340 22
214341 19
214352 7
214403 25
214412 4
214431 7
214442 19
214462 19
214491 25
215205 29
215206 6
215207 22
215208 31
215303 7
215312 7
215313 19
215314 19
215401 28
215462 25
215482 10
215711 7
215783 25
217705 7
217708 25
217773 28
218100 11
218234 25
218236 28
218244 0
218262 19
218352 25
218362 21
218372 19
218382 3
218481 19
218486 28
218496 25
219753 19
219781 7
226703 25
226704 7
226710 7
226805 25
229223 6
229351 16
251100 18
251211 10
251213 7
251216 4
251242 21
251261 0
251292 24
251312 3
251313 31
251333 19
251334 10
251342 9
251361 32
251363 25
251371 28
251372 10
251374 7
251399 22
251411 13
251417 19
251434 10
251436 25
251451 13
251455 16
251456 16
251457 25
251461 7
251465 28
251704 16
251707 25
251713 7
251716 28
251723 19
251724 25
251738 25
251746 28
251748 19
251754 28
251760 19
251763 7
251765 25
251773 28
251781 19
251784 25
252210 30
252212 25
252222 10
252235 12
252281 25
252282 19
252283 30
252285 7
252311 7
252320 28
252331 19
252353 4
252401 16
252402 0
252403 28
252404 10
252413 13
252420 25
252421 21
252422 25
252423 10
252427 19
252428 7
252429 0
252435 22
252440 22
252442 22
252443 19
252448 7
252450 7
252456 25
252459 28
252460 25
252479 16
252489 7
252706 7
252707 19
252714 28
252721 28
252727 19
252755 19
252765 7
252781 7
252792 25
253215 28
253318 22
253321 7
253332 1
253423 13
253433 19
253441 28
253443 7
253451 28
253452 19
253454 25
253721 25
253725 28
253731 28
253734 19
253735 19
253747 16
253749 22
253752 16
253754 7
253791 7
254182 22
254200 19
254205 27
254206 24
254207 19
254211 9
254215 9
254216 13
254222 0
254231 25
254232 23
254271 6
254282 31
254334 7
254352 25
254362 27
254371 3
254373 31
254400 25
254411 22
254412 25
254415 19
254421 16
254423 25
254424 16
254427 19
254435 10
254441 7
254443 25
254445 22
254446 19
254451 19
254452 10
254453 16
254466 16
254476 28
254477 3
254478 28
254495 13
254701 25
254721 7
254733 28
254737 19
254771 19
254816 25
254857 7
255210 24
255230 21
255300 19
255301 10
255316 6
255323 19
255328 18
255337 27
255340 12
255393 22
255422 10
255425 25
255430 25
255432 3
255433 25
255437 10
255440 16
255442 28
255445 25
255447 19
255451 7
255455 7
255463 25
255471 7
255497 19
255714 7
255735 25
255746 19
255750 28
255751 28
255769 28
255772 7
255783 16
255786 28
255791 22
255792 25
256100 23
256271 3
256281 25
256317 22
256318 3
256334 7
256415 4
256419 10
256442 25
256443 9
256456 19
256473 25
256474 16
256713 28
256741 25
256752 19
256753 7
256791 25
259103 24
259104 3
259106 19
259107 16
259108 32
259193 0
259195 10
259200 25
259201 31
259203 16
259401 25
260313 7
260334 19
260421 25
260702 28
260712 19
260719 7
260791 25
261102 25
261111 11
261112 24
261113 0
261205 13
261207 25
261208 22
261214 7
261215 28
261218 32
261305 25
261306 32
261332 10
261342 10
261343 31
261361 9
261411 13
261421 13
261430 16
261433 13
261444 19
261446 7
261447 16
261448 10
261449 19
261453 16
261465 19
261473 19
261479 22
261494 19
261497 31
261498 19
261499 4
261731 25
261736 25
261742 28
261745 7
261751 25
261752 19
261755 28
261763 7
261792 16
261796 19
261891 7
263710 28
263721 19
263724 7
263745 25
263751 25
264702 19
264703 7
264705 25
264755 28
264791 16
265706 19
265709 7
265710 25
266703 25
266801 7
268735 7
268741 25
268742 19
269103 16
269105 10
269130 7
269210 19
269341 31
269360 25
269370 19
269497 4
269498 4
270721 7
270791 7
305203 22
318322 25
329104 29
330112 19
351100 21
351201 19
351302 28
351331 25
351364 25
351371 16
351425 13
351426 19
351464 10
352103 32
352311 0
352314 16
352315 28
352323 25
352331 7
352332 13
352401 0
352412 25
352413 19
352421 16
352422 32
352433 10
352441 4
353313 10
353418 13
353431 19
353441 25
353471 22
353482 19
354311 16
354312 7
355411 13
356100 3
356101 20
356102 26
356210 3
356261 31
356306 7
356331 25
356333 4
356373 22
356375 25
356411 22
356412 22
356415 28
356416 22
356431 19
356432 0
356441 10
356442 13
356443 32
356444 7
356446 16
356447 28
356448 7
356449 25
356455 25
356472 16
356474 28
357110 29
357210 7
357322 22
357323 25
357418 7
357421 22
357432 7
357442 28
357444 3
357446 24
359202 30
359205 7
359206 19
359302 19
359305 22
359341 7
359350 0
359360 25
359401 7
359403 22
359419 28
359422 13
359452 19
359455 25
359460 13
359461 4
360100 15
360301 10
360402 9
360403 10
360411 7
360423 25
360441 19
360460 25
361210 32
361211 10
361214 25
361341 10
361414 25
361421 28
361433 16
361442 22
361461 16
361475 7
363210 7
365201 25
365211 22
365301 10
365324 13
365331 22
365422 7
365425 28
365426 25
368211 28
368310 0
368412 13
368417 22
368433 7
400110 30
400210 19
401281 10
401383 31
401391 4
403281 13
403383 13
406284 25
406294 19
406386 16
406396 25
408382 7
410381 12
413383 28
413391 19
415393 9
420282 7
421282 4
421292 22
421386 1
421396 0
422381 22
428281 16
428282 28
428381 10
428383 32
461170 31
461471 1
461472 25
461511 0
461526 1
462130 24
462531 28
462542 19
462545 7
462582 25
462587 13
462588 25
463201 7
463252 25
463331 7
463332 25
463342 16
463354 22
463512 25
463513 1
463534 22
463543 10
463544 19
463557 7
463559 28
463571 22
463592 10
464302 19
464312 28
464402 28
464403 19
464414 22
464442 16
464443 13
464445 10
464446 7
464500 25
464502 10
464504 16
464505 28
464506 19
464508 25
464544 7
464545 25
464546 25
464549 13
501201 13
501202 19
501305 7
501306 25
502313 22
502314 10
504202 16
504305 28
506202 7
508304 19
510306 16
512304 13
513113 10
513115 7
513212 19
513216 7
513217 16
513225 13
513284 25
513331 25
513343 19
513364 7
513373 13
513390 28
513411 7
513446 25
514202 7
514206 1
514222 16
514244 13
514272 10
514322 16
514336 22
514352 10
514358 12
514382 25
514384 7
514396 19
514398 28
515204 22
515205 10
515256 19
515257 25
515330 25
515337 10
515339 16
515362 13
515377 7
515378 19
515380 28
515407 28
515440 19
515441 7
515442 25
518724 25
518770 7
551311 19
552216 7
552217 25
552232 7
553312 19
554314 7
555313 7
556311 25
557433 28
558101 16
558432 13
561312 25
562101 7
562211 13
571115 19
601201 15
601202 4
601231 7
601242 13
601342 25
601346 7
601351 16
601361 21
601423 10
601424 28
601425 28
601436 28
601452 16
601471 28
601472 25
601745 7
601769 19
601775 25
602100 15
602102 23
602103 9
602120 19
602121 6
602122 13
602314 18
602421 13
602432 19
602453 16
602454 25
602455 25
602461 28
602463 7
602471 31
602741 7
602751 25
603200 12
603231 25
603321 13
603341 10
603396 16
603423 13
603496 28
603725 19
603743 7
603751 25
604101 12
604211 22
604311 25
604314 7
604315 18
604411 25
604415 22
604423 27
604431 1
604443 25
604454 19
604455 28
605203 7
605302 3
605313 7
605315 22
605316 19
605321 22
605331 7
605340 25
605412 7
605430 10
605711 7
605719 25
606211 13
606243 7
606245 16
606264 25
606310 13
606341 28
606342 19
606344 7
606451 22
606452 25
610114 2
651211 16
651212 7
651231 10
651234 25
651306 7
651313 22
651314 16
651317 25
651319 28
651416 19
651425 7
701100 13
701101 24
701181 6
701202 7
701211 25
701235 13
701243 19
701244 19
701283 10
701310 16
701335 25
701408 25
701409 25
701410 19
701496 7
702100 7
702101 3
702211 28
702213 16
702312 9
702317 4
702321 22
702331 13
702342 32
702354 25
702423 22
702443 19
702499 25
703103 32
703202 7
703204 16
703243 0
703244 7
703322 28
703324 31
703330 19
703331 12
703345 6
703351 25
703361 3
703413 28
703441 13
703444 7
703499 7
705191 10
705211 10
705311 9
705328 19
705331 4
705332 13
705343 27
705431 25
705438 15
705440 31
705441 10
705444 16
705446 7
705447 19
705461 28
705492 16
705499 25
751100 13
751101 28
751102 10
751106 19
751202 28
751209 25
751301 29
751302 1
751303 21
751305 28
751308 12
751309 6
751321 7
751326 16
751330 19
751345 7
751401 24
751403 22
751405 3
751408 32
751417 25
751418 25
751419 7
751421 19
751422 19
751424 10
751428 15
751440 28
751443 10
751447 12
751451 9
751701 22
751702 25
751703 16
751705 4
751706 25
751708 7
751710 28
751716 19
751718 19
751719 16
751727 28
751742 28
751744 19
801100 31
801122 32
801134 25
801204 10
801233 25
801236 7
801241 12
801322 25
801334 19
801371 10
803122 10
803124 13
803131 7
803230 28
803232 7
803260 25
851100 23
851103 10
851104 30
851105 25
851200 15
851201 28
851202 15
851204 7
851207 13
851241 19
851252 24
851253 16
851261 10
851263 22
851273 25
851305 7
851306 32
851309 12
851313 19
851363 10
851366 3
851375 21
851400 18
851401 24
851404 1
851406 25
851443 28
851445 28
851450 27
851462 19
851467 22
951100 21
951202 7
951231 19
951321 10
951324 22
951366 28
951421 25
951498-020 7
951498-021 10
953102 28
953104 13
953111 27
953201 9
953202 19
953214 22
953231 7
953232 25
953234 19
953323 25
953361 16
953421 28
953444 7
953494 28
953495 10
954100 13
954140 0
954142 7
954143 25
954170 13
954240 10
954244 32
954310 12
954340 6
954347 28
954371 31
954372 16
954374 7
954413 25
954421 22
954423 25
954464 7
954472 25
954491 28
954498 10
955102 10
955104 10
