001101 13
001102 4
001111 28
001113 4
001201 1
001202 19
001210 14
001212 31
001218 1
001230 21
001231 18
001250 10
001291 9
001293 16
001310 12
001311 2
001312 19
001315 21
001318 32
001320 10
001321 10
001323 1
001330 13
001342 0
001353 4
001354 18
001362 19
001410 7
001423 16
001425 0
001443 22
001444 16
001445 12
001447 4
001461 4
001464 7
002101 4
002110 16
002191 32
002192 16
002201 4
002211 22
002221 16
002250 19
002301 4
002333 16
002351 28
002365 22
002372 31
002401 28
002441 25
002473 4
003101 16
003191 27
003201 7
003314 16
003320 22
003331 10
003414 13
003421 22
003436 4
004241 27
004301 21
004303 13
004324 22
004351 10
004432 25
004473 18
004475 28
006103 5
006126 10
006206 12
006226 25
006242 24
006253 27
006303 18
006307 15
006326 16
006330 7
006331 3
006344 19
006346 28
006355 22
006425 4
006432 4
006433 4
006443 7
006448 32
008214 16
008303 10
008314 22
008326 25
008411 4
008417 22
009103 23
009105 22
009212 28
009230 27
009231 31
009326 4
009425 4
009426 22
009431 16
011100 26
011151 28
011152 16
011153 28
011251 15
011257 32
011259 4
011269 29
011276 17
011353 30
011356 4
011358 13
011362 16
011374 10
011461 27
011464 25
011751 22
012100 25
012173 24
012200 20
012271 22
012272 25
012273 7
012371 10
012475 19
013103 24
013110 5
013203 31
013204 7
013206 24
013207 25
013217 15
013301 24
013302 21
013303 10
013304 27
013305 9
013306 0
013307 12
013317 19
013326 16
013329 28
013330 7
013335 28
013338 32
013420 22
013421 10
013422 4
013427 22
013433 22
013435 10
014210 28
014270 11
014310 12
014311 4
014322 12
014323 22
014325 31
014370 27
014371 4
014382 16
014390 13
014401 10
014410 7
014421 28
015101 16
016101 32
016232 22
017101 17
017102 25
017111 22
017201 25
017210 10
018103 4
018111 11
018113 25
018125 22
018203 16
018211 10
018213 22
018231 19
018235 4
018271 6
018301 22
018335 4
018351 10
018353 16
018421 28
018433 25
018435 4
018436 7
018438 22
018451 7
018465 19
018467 10
018471 16
019101 17
019103 10
019105 25
019106 19
019108 22
019111 16
019203 10
019205 16
019206 10
019208 25
019211 22
019221 9
019303 4
019311 9
019331 12
019361 19
019373 25
019381 32
019411 22
019442 16
019471 28
019473 4
020101 26
020102 7
020211 19
020231 25
020311 10
020321 19
020333 16
020341 12
020362 22
020363 28
020412 7
020421 28
020481 4
021101 16
021102 16
021203 19
021204 25
021270 10
025108 16
025480 16
026101 11
026102 25
026111 10
026112 7
026201 25
026271 16
029701 10
029703 22
029711 16
030101 10
050100 31
050103 30
050104 9
050106 21
050111 3
051302 22
051304 28
051306 25
051310 32
051313 10
051418 28
052201 25
052202 22
052352 24
052357 22
052420 12
052441 10
052443 25
052445 19
052447 22
052466 4
053712 10
053713 25
053770 10
054810 25
054870 10
055701 22
055703 7
055704 16
055706 25
055707 10
055713 7
055733 22
055734 10
055757 25
055771 22
055797 16
057121 12
057123 19
057125 22
057126 0
057127 27
057128 25
057129 28
057130 27
057131 16
057132 16
057133 32
057134 9
057135 16
057136 25
057137 17
057138 16
057139 31
057140 19
057201 7
057205 1
057213 7
057215 25
057274 22
057284 22
057285 16
057288 10
057293 31
057294 10
057296 4
057300 12
057302 13
057305 10
057316 16
057351 7
057366 16
057403 25
057404 31
057405 4
057410 28
057411 31
057420 13
057426 16
057428 17
059413 1
059419 32
061103 22
061106 25
061201 16
061223 6
061224 7
061306 22
061307 16
061317 7
061319 22
061403 31
061404 4
061407 22
061430 16
062200 10
062210 16
062343 28
062411 19
062452 21
062460 31
062470 7
062499 16
063201 7
063702 25
063704 10
063710 16
064204 32
064232 16
064251 19
064252 16
064303 16
064331 28
064392 25
064412 10
064418 10
064423 16
064424 13
064430 10
064474 13
064490 16
065210 13
065212 22
065310 4
065311 24
065320 10
065332 27
065421 10
065435 0
065436 16
065437 4
065438 1
065797 22
066221 13
066323 25
066410 16
066416 28
066421 28
066425 7
067202 25
067303 28
067311 28
067372 4
067373 13
067432 19
069712 10
070200 4
070304 1
070305 28
070403 22
070404 10
070410 4
070411 10
070416 4
070711 25
070720 10
070721 16
070740 22
070741 22
071411 22
071412 16
071413 16
071415 10
071416 16
071418 16
071419 28
071422 22
071423 10
071425 12
071712 10
071715 25
071730 4
071736 7
071738 25
071811 25
073711 10
073721 25
073770 25
074100 26
074101 24
074414 9
076425 4
076427 22
076430 27
076444 13
076466 19
078444 10
078454 22
079169 7
079220 10
079264 19
091700 16
091800 16
099100 32
099101 0
099102 24
100102 19
100109 27
100110 30
100111 25
100112 28
100207 10
100213 16
100214 4
100220 12
100222 13
100225 13
100228 22
100229 25
100230 31
100231 16
100233 4
100281 32
100306 22
100307 25
100308 16
100309 27
100310 25
100311 3
100312 31
100313 19
100314 7
100501 7
101100 6
101105 4
101201 11
101211 16
101400 10
101405 16
103112 25
103191 16
103271 25
104200 22
104201 10
104300 21
104301 32
104325 16
104410 13
104424 22
104495 13
105304 10
109100 0
109115 10
112101 28
112102 22
112103 4
112108 16
112110 22
112201 22
112203 28
112213 25
112300 16
112314 13
112411 25
112412 22
115200 22
115300 28
115301 28
115302 25
116301 13
116302 22
116400 16
126101 0
126216 31
126321 31
126326 9
126333 15
126334 0
126428 24
126432 28
126443 13
127100 21
127101 17
127203 28
127204 10
127207 12
127303 16
127312 25
127314 24
127315 22
127316 6
127326 10
127337 0
127711 25
127717 22
127718 10
127719 16
127727 22
127728 16
128100 25
128101 4
128202 28
128203 13
128204 6
128307 27
128309 22
128334 24
128354 4
128355 4
128403 7
128701 25
128710 10
128730 16
128740 22
128762 22
140101 16
140102 22
140103 9
140104 2
140105 22
152211 12
152301 22
152321 13
154104 16
154141 25
154151 9
154231 31
154261 28
154262 12
154281 26
154311 24
154330 31
154353 22
154375 28
154377 12
154384 4
154388 13
154443 16
154455 28
154457 4
154481 13
154488 25
154493 16
154494 10
159100 19
159101 6
159151 22
159203 25
159221 21
159231 13
159301 22
159303 31
159305 7
159332 16
159356 13
159362 9
159403 22
159411 31
159431 24
159454 16
160341 32
164200 9
164341 16
168100 25
168101 32
168222 22
176100 25
176101 32
176104 25
176220 20
177103 29
177214 21
177215 28
177216 19
177217 10
177281 3
177283 13
177285 16
177321 19
177330 16
177341 10
177362 28
177393 0
177401 18
177404 4
177405 21
177414 32
177426 31
177427 13
177430 27
177434 22
177446 19
177450 9
177463 1
177464 16
177465 7
177467 25
177468 22
177481 12
177494 24
179402 7
179403 24
201100 27
201110 17
201114 19
201115 21
201116 32
201117 4
201190 22
202100 16
202101 24
202141 12
202143 19
202145 32
202184 32
202231 21
202260 4
202305 32
202311 10
202332 6
202334 28
202342 1
202361 19
202371 7
202434 7
202438 3
202443 10
202473 22
202474 13
202477 4
202481 16
202495 19
202742 16
202765 10
202776 22
202782 22
202833 22
202848 22
202873 16
203100 11
203103 22
203111 5
203116 25
203151 21
203162 7
203171 4
203201 19
203203 3
203204 22
203206 12
203207 7
203208 4
203209 5
203222 9
203226 2
203231 22
203235 13
203236 22
203255 16
203303 12
203315 4
203323 16
203324 19
203331 7
203332 24
203333 31
203351 22
203352 25
203405 4
203406 16
203414 28
203423 19
203431 7
203434 10
203458 22
203471 25
203475 25
203705 10
203709 16
203714 10
203716 25
203722 25
203743 16
203753 22
203807 25
203821 16
203828 10
203879 25
203889 25
204100 8
204101 8
204111 21
204123 17
204202 7
204211 22
204216 19
204231 12
204251 16
204321 9
204325 21
204335 16
204341 6
204361 15
204365 25
204381 16
204383 28
204432 1
204435 22
204442 10
204451 24
204452 16
204453 4
204471 25
204712 25
204721 16
204732 10
204764 22
205100 24
205103 27
205104 28
205105 24
205235 12
205239 19
205275 12
205303 19
205337 28
205355 4
205393 7
205415 4
205421 16
205461 16
205464 19
205475 25
205479 22
205483 28
205486 10
205496 1
205712 16
205735 22
205761 25
205783 10
206100 28
206101 16
206103 28
206104 13
206107 31
206108 22
206111 30
206112 32
206113 31
206161 9
206162 30
206171 30
206172 23
206181 9
206191 16
206203 31
206207 19
206211 9
206216 25
206217 28
206261 8
206267 22
206281 17
206300 22
206321 0
206324 6
206325 12
206327 28
206328 1
206331 16
206336 18
206341 31
206355 6
206362 4
206370 25
206381 28
206412 16
206436 32
206437 19
206441 24
206455 7
206707 10
206713 22
206720 25
206721 10
206730 10
206736 22
206738 16
206739 22
206743 10
206753 22
206766 7
206783 16
207100 22
207103 22
207105 19
207106 19
207107 28
207109 9
207115 32
207117 28
207123 10
207131 25
207135 28
207164 22
207171 28
207173 32
207174 10
207183 16
207187 9
207203 6
207205 12
207208 15
207213 19
207308 25
207310 16
207313 4
207323 4
207348 32
207401 28
207403 7
207406 22
207416 22
207419 16
207422 10
207436 16
207701 16
207703 25
207705 10
207711 22
207741 22
207743 16
207808 22
208101 18
208140 22
208150 16
208250 10
208251 22
208263 20
208265 4
208270 6
208271 20
208272 10
208280 28
208321 24
208329 27
208343 0
208348 4
208370 7
208383 7
208425 19
208439 22
208440 16
208469 10
208711 25
208760 10
208761 22
208770 16
208871 10
208872 16
209201 25
209251 22
209301 4
209302 27
209303 10
209331 25
209351 0
209358 28
209361 1
209368 19
209375 21
209403 10
209442 22
209451 9
209453 28
209461 22
209463 4
209471 25
209483 4
209485 16
209703 7
209705 4
209707 7
209709 25
209711 25
209713 10
209722 25
209731 10
209771 22
209773 16
209779 10
209785 25
210100 18
210201 10
210202 27
210204 28
210343 19
210351 10
210383 4
210425 28
210433 31
210434 7
210453 21
210465 32
210485 7
210703 25
210704 10
210705 16
210707 22
210723 22
210731 16
211100 9
211311 19
211315 8
211319 28
211413 4
211440 22
211442 28
211443 16
211495 7
211702 16
211889 22
212701 25
212703 10
212711 16
212721 22
212741 22
213201 22
213714 10
213763 25
213779 22
214100 10
214261 22
214312 28
214341 7
214381 25
214401 0
214411 19
214414 21
214415 32
214421 22
214430 22
214441 10
214445 28
215205 8
215206 3
215207 15
215208 22
215301 25
215302 21
215381 4
215411 22
215431 16
215471 4
215481 13
215495 7
215496 19
215497 10
215734 10
215762 22
215785 16
215794 22
217701 25
217703 10
217707 16
217734 16
217751 16
217775 22
217781 22
218100 17
218101 28
218233 25
218235 22
218321 13
218323 25
218351 22
218471 4
218475 16
218483 10
218486 22
219720 25
219731 22
225701 25
225703 10
225705 16
225720 22
226701 16
226709 22
226710 22
226801 7
226889 22
229123 10
229323 22
229352 28
229711 22
251211 14
251213 4
251261 7
251281 24
251312 0
251313 13
251333 19
251334 10
251361 6
251363 22
251371 25
251372 19
251374 25
251384 16
251411 4
251418 10
251437 27
251438 16
251451 1
251455 10
251457 7
251461 22
251475 19
251479 28
251701 7
251702 25
251703 16
251711 7
251714 25
251715 10
251717 16
251718 16
251745 10
251751 7
251752 25
251757 10
251758 16
251773 7
251783 25
251785 10
251790 22
252201 27
252211 18
252232 24
252282 19
252283 25
252285 32
252286 3
252301 22
252302 1
252317 32
252320 25
252322 4
252325 19
252327 6
252330 13
252342 4
252363 31
252420 9
252421 16
252424 28
252425 0
252426 22
252427 25
252444 28
252450 3
252455 16
252460 7
252489 10
252498 24
252702 22
252708 7
252723 16
252724 16
252741 16
252748 22
252781 25
252785 10
252789 22
252791 22
253303 13
253314 28
253315 4
253432 4
253455 13
253456 19
253481 4
253701 16
253715 22
253717 4
253722 25
253731 7
253732 22
253734 16
253735 19
253736 4
253748 7
253752 22
253754 10
254181 16
254205 13
254206 18
254211 32
254215 28
254216 28
254222 16
254231 15
254232 32
254252 25
254282 1
254302 22
254325 10
254333 31
254372 24
254421 0
254425 16
254426 7
254435 22
254436 4
254438 16
254439 16
254441 9
254442 25
254451 6
254456 13
254457 22
254458 16
254459 1
254461 7
254471 30
254473 25
254492 22
254494 22
254700 22
254702 7
254703 25
254710 10
254711 16
254734 4
254770 25
254777 16
254804 7
254875 10
255201 28
255215 0
255251 12
255290 16
255300 27
255320 18
255321 24
255330 6
255359 15
255415 17
255417 28
255420 13
255422 31
255424 7
255430 15
255432 22
255434 9
255437 0
255438 28
255439 0
255441 16
255447 32
255449 4
255454 28
255460 30
255462 10
255464 19
255471 1
255492 18
255499 25
255712 7
255722 25
255734 25
255739 22
255750 22
255764 22
255766 7
255770 10
255771 10
255772 16
255786 7
255791 16
255830 22
256100 21
256212 21
256271 32
256281 22
256316 28
256333 16
256373 7
256383 7
256412 4
256415 19
256441 12
256457 22
256462 13
256473 28
256700 10
256761 16
256762 22
259103 22
259104 16
259106 3
259107 14
259108 12
259109 21
259201 29
259203 10
260312 10
260404 25
260413 22
260424 16
260434 10
260717 16
260772 22
261103 22
261111 7
261200 16
261210 10
261212 13
261216 4
261217 25
261304 6
261305 22
261335 22
261336 15
261342 32
261343 0
261361 25
261405 7
261406 19
261434 24
261447 13
261456 10
261457 4
261458 22
261461 27
261469 4
261494 1
261497 28
261499 25
261701 16
261702 25
261706 7
261735 10
261739 16
261753 10
261754 10
261767 16
261769 16
261791 22
263701 25
263702 10
263720 7
263746 16
263760 22
263771 7
264701 7
264706 25
264707 16
264710 16
264741 10
264791 10
266703 22
268721 16
269101 4
269102 22
269200 10
269201 4
269202 13
269340 10
269430 4
269462 1
269470 27
269497 16
270701 10
270702 16
270711 16
270791 16
301254 28
305202 25
311352 13
318322 10
318351 31
320351 22
321251 22
324703 22
328310 10
328313 19
330110 6
330111 1
351100 16
351201 12
351202 27
351301 19
351321 24
351331 9
351410 10
351441 16
351442 13
351451 19
351463 22
351466 25
352301 4
352311 16
352321 25
352323 0
352332 16
352422 27
352431 22
353301 13
353421 22
353431 22
353451 13
353452 16
354311 31
356100 26
356101 32
356102 17
356202 10
356210 19
356212 22
356303 25
356304 22
356306 22
356312 16
356361 4
356412 10
356414 16
356416 16
356432 16
356441 4
356442 19
356443 13
356471 22
356496 16
357101 27
357110 9
357210 25
357322 13
357360 19
357417 28
357441 10
357491 13
359202 6
359203 13
359204 9
359206 16
359301 31
359311 13
359405 4
359409 7
359410 21
359413 13
359414 22
359421 10
359431 19
359451 16
360100 15
360210 10
360400 22
360402 4
360404 25
360407 4
360411 13
360431 16
360460 28
360470 13
361210 10
361214 16
361301 13
361321 10
361351 19
361453 28
361461 25
361471 22
363210 19
365301 19
365321 7
365331 10
365421 13
365427 16
365428 16
368200 13
368317 28
368331 25
368412 7
368433 4
368441 22
368487 13
400110 7
400211 32
401382 7
403382 10
406385 16
406395 4
409281 19
409292 4
411281 7
411291 25
415291 31
420281 10
421281 16
421291 1
421385 1
421395 28
423382 19
428382 25
461100 18
461170 16
461471 4
461472 7
461511 7
461527 1
461529 28
462130 22
462541 1
462587 1
462588 25
463251 13
463311 7
463331 22
463341 4
463353 25
463402 10
463433 4
463455 25
463491 1
463503 22
463504 19
463545 25
463556 10
463558 4
464301 16
464311 19
464341 10
464401 28
464413 16
464441 22
464443 19
464444 7
464445 19
464501 7
464502 16
464503 28
464509 25
464510 25
464541 10
464542 22
464544 16
464549 31
466141 31
501301 25
501302 4
502211 28
502311 16
503402 18
504302 7
506303 22
506361 13
507402 31
508203 3
508207 16
508303 13
509402 1
510201 13
510202 22
510307 16
510411 19
510414 22
510415 4
510416 7
510417 25
512303 28
512402 10
513111 4
513114 7
513223 13
513224 10
513283 22
513315 16
513324 28
513328 25
513363 22
513371 4
513412 7
513429 25
513445 10
513451 16
513471 22
514211 13
514241 16
514317 10
514323 1
514335 7
514341 16
514343 4
514381 19
514383 31
514395 28
514397 22
514425 7
514442 22
514451 4
514453 10
514466 25
514475 16
515201 4
515250 13
515307 16
515312 28
515334 22
515361 7
515364 4
515370 22
515376 25
515403 10
515490 16
551461 7
552216 16
552217 13
552222 16
553312 25
554314 10
555313 22
556311 13
557433 19
558411 25
558432 10
558442 22
561312 16
562211 16
571115 7
601201 10
601302 17
601321 28
601322 7
601341 24
601344 4
601351 22
601422 10
601427 16
601428 13
601452 0
601460 4
601462 22
601702 16
601731 25
601758 10
601765 16
601767 25
602100 25
602102 3
602111 16
602211 22
602315 18
602321 21
602322 7
602431 28
602432 13
602441 4
602464 16
602731 16
602761 22
603211 24
603322 19
603332 10
603352 7
603371 28
603421 16
603441 28
603453 13
603465 27
603471 25
603494 4
603495 22
603711 10
603723 16
603731 22
604304 9
604305 12
604312 9
604313 24
604351 13
604352 27
604412 19
604414 28
604416 25
604422 10
604441 16
604451 16
604711 16
604715 22
604731 10
605201 22
605204 28
605301 13
605313 22
605314 0
605321 4
605322 16
605341 19
605412 28
605432 13
605446 4
605459 16
605461 10
605476 22
605701 10
605702 16
605713 22
605751 22
606231 22
606242 13
606244 19
606263 32
606343 25
606362 22
606363 4
610114 16
651105 16
651109 13
651120 16
651210 16
651311 25
651312 10
651315 22
651316 16
701101 7
701181 18
701182 10
701183 15
701201 28
701211 22
701281 22
701313 31
701321 21
701331 18
701342 28
701344 22
701402 4
701403 28
701407 16
701409 25
701425 19
701455 13
701494 22
702101 18
702205 10
702211 13
702312 6
702313 17
702316 10
702318 28
702341 19
702351 27
702411 4
702416 16
702418 25
702423 13
702431 22
703103 24
703202 28
703204 4
703243 12
703244 13
703305 4
703308 30
703311 18
703313 22
703322 24
703324 10
703330 9
703331 19
703345 16
703352 25
703391 31
703404 24
703412 4
703435 28
703447 12
703454 0
703498 10
703499 16
704101 10
704141 22
704201 13
704345 16
705191 4
705211 3
705311 10
705329 18
705331 4
705351 24
705411 12
705437 28
705441 25
705442 9
705444 31
705492 4
705499 22
751100 10
751101 20
751102 22
751106 21
751202 12
751209 5
751301 11
751302 25
751303 31
751304 22
751305 16
751308 15
751309 18
751321 22
751326 25
751327 4
751330 4
751345 0
751401 6
751403 15
751405 32
751408 22
751413 1
751419 19
751421 0
751422 22
751424 22
751428 10
751443 7
751447 22
751451 7
751701 22
751702 10
751703 25
751704 25
751705 7
751706 22
751708 25
751712 7
751718 16
751724 10
751726 16
751751 16
801100 9
801201 22
801225 13
801235 16
801321 10
801324 19
801331 13
801333 16
801334 13
801336 4
801421 13
801471 10
801481 22
803121 10
803123 25
803231 16
803331 16
803360 13
803431 13
851100 16
851104 19
851105 25
851108 28
851200 6
851201 12
851202 15
851243 13
851251 21
851262 10
851273 28
851305 6
851306 22
851309 15
851342 22
851352 30
851354 4
851355 0
851360 31
851362 10
851375 21
851376 16
851400 7
851404 13
851407 4
851441 32
851462 16
852100 22
852101 19
852102 4
852103 22
852201 25
852202 13
852203 22
852204 16
951100 29
951102 22
951106 25
951124 16
951203 13
951302 4
951323 22
951331 12
951344 22
951348 7
951352 28
951497 19
953103 16
953111 15
953212 25
953231 16
953233 10
953261 28
953321 4
953322 25
953331 13
953361 16
953421 10
953444 16
953494 22
953495 19
954100 4
954244 13
954246 16
954310 22
954370 28
954374 13
954410 9
954413 16
954416 1
954426 31
954443 12
954449 16
954462 4
954464 22
954471 4
954477 24
954491-001 25
954491-002 32
954491-003 27
954491-004 16
954498 10
955102 22
955103 17
955104 25
958111 25
958201 16
958221 28
958225 7
958261 10
958373 22
