001101 1
001102 31
001111 28
001113 18
001201 1
001202 9
001210 29
001212 4
001218 22
001230 8
001231 11
001250 27
001291 3
001293 19
001310 29
001311 12
001312 7
001318 28
001320 16
001321 22
001323 22
001330 7
001342 10
001353 24
001354 12
001362 13
001381 15
001410 22
001423 19
001425 19
001443 13
001444 19
001445 25
001447 19
001461 19
002101 25
002110 28
002191 3
002192 7
002201 28
002211 22
002221 25
002250 7
002301 25
002333 22
002351 31
002361 28
002365 4
002401 4
002473 19
003101 13
003191 31
003201 13
003313 13
003320 28
003331 31
003367 25
004241 4
004282 26
004301 13
004303 28
004324 6
004432 19
004473 10
004475 16
004483 6
006103 6
006126 19
006206 25
006226 13
006242 10
006253 7
006303 28
006325 10
006326 7
006330 10
006344 19
006346 3
006355 13
006425 28
006426 22
006428 19
006443 25
006448 4
006454 32
008214 22
008303 28
008314 25
008411 13
008417 25
009103 16
009105 31
009212 28
009230 7
009231 28
009326 25
009328 32
009426 25
009431 19
009445 19
011100 27
011151 32
011152 31
011153 32
011251 15
011257 30
011259 13
011269 6
011276 25
011353 9
011356 13
011358 13
011362 25
011374 10
011461 9
011464 32
011479 19
012100 10
012173 5
012200 13
012273 22
012371 10
012475 10
013103 24
013110 10
013203 10
013204 16
013206 4
013209 19
013301 18
013302 16
013303 25
013305 24
013306 16
013307 25
013317 31
013321 31
013326 25
013329 4
013330 22
013335 22
013337 4
013413 32
013427 4
013433 19
014210 13
014211 3
014270 22
014310 18
014311 16
014322 25
014323 4
014324 22
014370 25
014371 28
014381 22
014382 10
014401 31
014471 12
014481 19
014485 25
015101 31
016101 7
017101 10
017102 22
017111 7
017112 19
017210 4
018103 4
018111 20
018113 30
018125 28
018203 10
018211 19
018213 22
018231 25
018235 31
018271 10
018301 22
018335 16
018351 10
018353 25
018433 25
018435 19
018438 28
018467 4
019101 9
019103 31
019105 7
019106 4
019108 28
019111 25
019203 22
019205 4
019206 25
019208 4
019211 19
019221 13
019303 28
019311 19
019331 31
019361 4
019371 31
019373 25
019381 10
019411 4
019442 22
019471 19
019473 10
020101 22
020102 28
020211 19
020212 22
020231 24
020311 32
020321 25
020333 16
020341 10
020362 12
020363 22
021101 5
021102 9
021203 19
021270 13
025108 28
025110 28
025310 25
025480 10
026101 5
026102 28
026111 10
026112 22
026201 25
026271 25
029701 25
029711 4
050100 4
050103 27
050104 31
050106 32
050111 7
051302 10
051304 27
051306 6
051313 13
051412 19
051418 22
052201 32
052202 28
052314 16
052350 10
052352 22
052357 10
052400 4
052419 10
052443 22
052445 13
052447 19
052725 25
055701 4
055706 22
055707 28
055771 22
055797 25
057121 23
057122 23
057123 27
057125 18
057126 8
057127 17
057128 0
057129 18
057130 12
057131 29
057132 21
057133 10
057134 28
057135 10
057137 31
057138 4
057139 10
057140 7
057201 7
057205 10
057215 22
057274 12
057279 4
057283 31
057284 31
057285 25
057288 13
057293 4
057294 28
057300 25
057302 13
057305 15
057351 10
057366 10
057403 13
057405 7
057410 18
057411 28
057420 22
057425 22
057426 25
057428 16
059419 16
061106 10
061201 19
061223 25
061306 10
061307 9
061312 24
061313 19
061317 13
061401 4
061403 22
061404 25
062342 13
062343 28
062344 31
062345 22
062346 31
062360 22
062380 25
062411 18
062452 13
062460 31
062470 31
063703 25
063813 4
064207 4
064231 28
064251 13
064281 16
064291 13
064301 4
064303 22
064410 24
064412 4
064417 25
064418 28
064424 26
064474 25
065210 28
065212 24
065310 15
065320 10
065332 4
065421 22
065434 19
065435 22
065436 4
065437 16
065797 4
065799 4
066221 31
066323 4
066410 10
066414 4
066425 13
066755 25
067202 28
067303 3
067311 22
067372 28
067373 13
067432 3
070301 32
070303 28
070304 10
070305 25
070308 25
070400 19
070401 4
070403 12
070404 4
070410 28
070411 19
070415 10
070416 22
070720 22
070721 28
070726 25
070727 25
070731 4
070792 4
071412 13
071413 22
071414 22
071420 21
071422 4
071423 16
071425 13
071712 28
071811 25
074100 21
074101 12
074414 25
076314 4
076414 7
076425 10
076427 4
076428 19
076429 10
076444 13
076466 22
078444 9
078454 16
079444 16
088708 4
091800 4
099101 12
099102 3
100102 19
100103 25
100104 12
100105 4
100109 16
100110 22
100111 22
100112 7
100206 28
100207 31
100208 32
100209 19
100210 4
100211 19
100212 19
100213 16
100218 13
100219 31
100220 16
100225 4
100226 10
100281 25
100306 19
100307 27
100308 21
100309 29
100310 9
100501 6
101100 7
101105 31
101201 29
101211 16
101400 32
101405 7
103112 10
103191 10
103271 16
104200 22
104201 10
104300 13
104301 16
104340 25
104410 32
104424 19
104495 25
105304 19
109100 30
109115 20
112101 28
112102 31
112103 28
112108 25
112201 13
112203 16
112213 25
112300 7
112411 25
112412 10
115200 28
115301 22
115302 19
116400 25
126101 19
126216 19
126321 18
126330 24
126333 31
126334 22
126428 21
126432 16
126443 32
127100 26
127101 7
127203 22
127204 28
127207 32
127303 18
127312 25
127314 25
127315 19
127316 31
127329 4
127337 7
127711 22
127717 28
127718 25
127719 4
128100 9
128101 32
128202 22
128203 25
128204 32
128307 23
128309 26
128334 4
128352 4
128354 4
128403 17
128701 22
128710 28
128730 25
128740 4
128762 4
140101 13
140102 22
140105 16
152321 22
154104 10
154141 25
154151 7
154231 25
154262 4
154281 4
154311 19
154330 4
154340 32
154351 7
154353 22
154363 4
154375 25
154377 22
154388 10
154433 13
154443 25
154488 10
159100 19
159101 13
159151 4
159203 25
159221 32
159302 19
159303 21
159305 4
159332 28
159356 19
159362 25
159403 28
159411 18
159412 25
159431 10
160341 16
164200 22
164341 32
168101 25
168410 4
176100 11
176101 10
176104 12
176220 13
177103 7
177214 16
177215 19
177216 28
177217 7
177242 28
177281 25
177283 31
177285 4
177321 10
177330 10
177336 19
177341 22
177361 13
177393 32
177404 12
177414 25
177427 19
177430 4
177434 28
177446 15
177447 25
177450 25
177465 13
177467 19
177481 4
177494 25
179403 7
201100 17
201110 5
201114 26
201115 25
201116 9
202100 12
202101 13
202141 16
202143 13
202145 13
202184 13
202231 26
202260 18
202310 19
202311 19
202332 10
202334 25
202342 13
202361 19
202371 28
202410 22
202434 7
202438 25
202443 7
202473 31
202474 16
202477 7
202495 4
202737 25
202765 19
202773 28
202776 19
202783 25
202833 4
202844 19
202848 4
203100 15
203103 3
203111 7
203116 4
203151 7
203162 9
203201 7
203203 13
203204 7
203206 7
203207 3
203208 9
203209 22
203222 22
203226 0
203231 13
203235 7
203236 19
203255 9
203300 31
203303 7
203315 28
203323 4
203324 25
203331 31
203332 9
203333 16
203351 22
203352 15
203475 4
203705 25
203709 28
203713 28
203714 25
203716 19
203723 25
203732 19
203736 28
203739 25
203743 25
203753 4
203803 22
203807 19
203821 28
203828 19
203879 4
204100 28
204101 0
204111 4
204202 3
204211 7
204216 19
204217 22
204231 15
204321 16
204325 19
204335 25
204341 4
204361 32
204363 7
204365 19
204381 22
204383 28
204432 7
204442 10
204451 25
204453 12
204471 22
204721 28
204725 4
204735 25
204764 4
204891 4
205100 22
205103 32
205104 22
205105 6
205235 28
205239 13
205275 17
205303 16
205337 7
205355 25
205393 28
205441 4
205461 19
205765 22
205805 4
206100 21
206101 3
206103 19
206107 28
206108 12
206111 25
206113 4
206161 7
206171 22
206181 4
206191 28
206203 25
206207 7
206211 9
206216 10
206217 22
206254 18
206261 19
206267 25
206281 25
206300 18
206321 13
206324 4
206325 7
206327 25
206328 28
206331 32
206335 16
206336 4
206341 22
206355 16
206362 10
206370 15
206381 31
206412 22
206432 31
206436 28
206437 25
206441 7
206457 19
206470 28
206705 25
206707 28
206713 4
206717 25
206720 25
206726 28
206738 25
206739 4
206743 25
206753 25
206785 4
207100 16
207103 13
207105 16
207106 28
207107 28
207109 0
207110 12
207115 13
207117 22
207123 16
207131 28
207135 25
207171 25
207173 28
207183 7
207187 27
207203 7
207205 10
207208 22
207213 9
207308 28
207310 18
207313 24
207323 4
207348 7
207401 25
207403 19
207406 32
207419 18
207422 19
207455 13
207458 16
207463 22
207701 22
207703 28
207705 25
207711 4
207808 4
208101 21
208140 19
208150 28
208263 29
208270 6
208271 0
208280 10
208321 25
208329 28
208343 25
208348 31
208383 4
208425 7
208439 19
208440 19
208469 22
208711 22
208760 28
208761 25
208770 4
208871 25
208872 4
209201 24
209251 21
209301 4
209302 10
209303 16
209331 19
209351 32
209358 13
209361 22
209368 19
209375 28
209451 28
209453 25
209461 4
209463 19
209483 19
209485 25
209705 22
209707 28
209771 4
209773 13
209779 19
209785 25
210201 22
210202 12
210204 19
210343 28
210351 13
210383 22
210425 19
210433 16
210434 16
210445 19
210485 19
210703 22
210704 28
210705 25
210707 4
210731 28
211100 30
211311 22
211315 3
211319 22
211440 22
211443 7
211702 4
211889 19
212701 22
212703 25
212711 4
212741 28
213706 4
213707 25
213711 4
213714 28
214100 16
214261 16
214312 25
214341 7
214381 25
214401 28
214411 25
214414 32
214415 13
214430 15
214445 22
215205 0
215206 28
215207 13
215208 4
215302 31
215381 7
215411 9
215431 28
215734 19
215744 25
215752 4
215762 25
215782 28
215785 19
216781 25
217701 28
217703 25
217707 4
217726 25
217775 4
217781 4
218100 6
218101 16
218233 19
218235 13
218321 31
218323 16
218351 7
218471 22
218474 4
218475 19
219720 4
219731 28
220703 4
226701 4
226702 4
226709 4
226710 25
229123 22
229323 10
251211 13
251213 28
251216 4
251261 7
251281 22
251312 31
251313 19
251333 25
251361 7
251363 25
251371 18
251372 15
251374 25
251384 4
251411 28
251437 25
251438 16
251439 22
251461 13
251475 19
251479 19
251701 13
251702 22
251703 4
251711 13
251714 22
251715 28
251717 25
251718 13
251745 28
251751 22
251752 28
251757 25
251758 13
251776 13
251783 22
251785 28
251790 4
252201 6
252211 22
252232 24
252282 12
252283 28
252285 15
252286 6
252301 13
252302 31
252317 32
252320 16
252322 12
252325 22
252327 10
252330 24
252342 7
252363 27
252420 19
252421 22
252425 4
252427 25
252439 19
252444 32
252450 16
252460 13
252498 28
252702 28
252708 28
252711 25
252719 22
252724 25
252725 28
252752 13
252785 22
252789 22
252791 4
253303 25
253314 21
253315 24
253432 10
253455 28
253456 22
253481 25
253701 28
253717 25
253722 4
253732 22
253734 25
253736 13
253747 28
253748 13
253752 4
253754 22
254181 4
254205 22
254206 7
254211 24
254215 21
254216 9
254222 31
254231 32
254232 3
254252 24
254282 10
254302 12
254325 28
254333 7
254372 16
254373 22
254421 22
254426 18
254436 13
254439 9
254441 15
254451 19
254456 4
254457 7
254459 25
254461 32
254471 25
254473 22
254494 4
254496 22
254700 28
254702 13
254703 4
254710 25
254734 4
254770 13
254804 22
254872 25
254875 22
255201 15
255215 25
255251 30
255290 10
255300 16
255320 0
255321 31
255330 22
255359 6
255415 4
255417 28
255420 25
255422 19
255424 28
255431 4
255432 22
255434 25
255438 10
255449 25
255454 16
255455 19
255460 28
255462 25
255471 28
255492 25
255722 22
255734 25
255750 13
255752 28
255758 4
255764 4
255766 22
255770 25
255771 28
255772-001 28
255772-801 25
255772-803 22
255772-804 4
256100 3
256212 10
256271 19
256281 22
256316 15
256333 31
256373 25
256384 19
256412 28
256418 22
256441 16
256457 28
256462 25
256473 13
256700 25
256751 4
259103 28
259104 22
259106 31
259107 5
259108 4
259109 26
259201 25
259203 15
260312 19
260701 10
260705 25
260709 4
260716 13
260718 28
260772 22
261103 3
261111 18
261200 4
261210 15
261212 31
261216 28
261217 10
261304 6
261305 15
261335 25
261336 13
261342 9
261343 28
261361 28
261405 21
261434 25
261447 22
261456 4
261457 28
261458 16
261469 10
261473 25
261497 22
261701 28
261702 25
261706 4
261739 4
261746 25
261754 22
261769 25
261781 22
261791 4
261792 25
263701 28
263702 25
263720 22
263760 4
263771 22
264701 13
264706 22
264710 25
264741 28
264789 25
264791 4
266702 4
268721 4
269101 10
269102 28
269111 31
269200 7
269201 31
269202 21
269340 22
269430 19
269462 10
269470 22
269494 10
270701 25
270702 4
270711 28
270712 25
270791 28
301254 7
305202 22
311352 7
318322 16
318351 25
320351 19
321251 19
324703 4
328310 28
328313 31
330110 26
330111 6
351100 28
351200 31
351201 19
351202 16
351301 4
351302 28
351321 25
351331 10
351410 19
351425 19
351441 16
351442 13
351451 22
351463 10
351466 7
352103 25
352301 25
352311 10
352321 16
352323 28
352421 25
352422 19
352431 19
353301 19
353311 10
353421 10
353431 31
353451 28
353452 16
354311 4
356100 15
356101 3
356102 14
356202 4
356210 16
356212 25
356261 25
356303 32
356304 19
356312 19
356361 10
356411 9
356416 28
356432 13
356477 16
357110 12
357210 25
357322 13
357325 22
357360 19
357417 32
357441 15
357491 25
359202 32
359203 16
359204 25
359206 10
359301 4
359311 16
359380 28
359405 28
359409 10
359410 24
359413 31
359421 19
359465 28
360100 20
360210 3
360301 25
360304 16
360402 19
360403 10
360423 22
360460 32
361210 13
361211 25
361301 31
361321 28
361351 16
361453 31
361471 4
362211 29
363210 19
365201 28
365211 16
365321 25
365421 10
365427 22
365428 13
365431 22
368200 10
368317 7
368431 19
400110 32
400211 18
401382 28
403382 4
406385 13
406395 22
409281 16
409292 31
411281 10
411291 13
415291 22
420281 28
421281 25
421291 4
421385 18
421395 16
423382 31
428382 10
461100 24
461170 17
461471 13
461511 25
461523 4
461526 22
461527 31
461529 22
462130 2
462151 32
462505 25
462523 4
462541 28
462586 19
462587 28
462588 19
463251 31
463311 22
463331 25
463341 16
463353 13
463402 10
463433 4
463455 28
463491 13
463503 25
463504 13
463545 28
463556 4
463558 22
464301 4
464311 19
464341 10
464401 19
464413 25
464441 22
464443 13
464444 31
464445 16
464501 4
464502 19
464503 10
464508 28
464509 28
464510 16
464541 19
464542 25
464546 32
464549 31
501301 4
501302 10
502211 10
504302 28
506303 13
506361 16
508203 13
508303 25
510201 4
510202 32
510411 28
510414 25
510415 13
510417 22
512303 22
513111 13
513114 25
513223 28
513224 4
513283 25
513315 25
513324 13
513328 22
513363 19
513371 4
513412 13
513429 22
513445 28
513451 25
513471 4
514211 4
514241 25
514317 28
514323 4
514335 10
514341 16
514343 7
514381 22
514383 31
514395 25
514397 19
514466 4
515201 7
515250 25
515307 7
515312 9
515334 25
515361 31
515364 19
515376 28
515403 28
515455 25
515490 4
551311 4
552216 7
552217 28
552222 19
553312 28
554314 25
555313 25
556311 19
558431 4
561312 4
562211 22
571115 28
601201 28
601302 28
601321 4
601341 12
601344 18
601351 7
601422 25
601452 19
601456 28
601462 22
601702 22
601731 28
601742 4
601758 4
601765 22
601767 25
602100 27
602102 18
602103 32
602111 4
602211 12
602315 10
602321 13
602322 32
602431 10
602432 22
602441 25
602464 16
602731 4
602753 25
602761 25
603211 25
603322 15
603332 31
603352 28
603371 13
603421 22
603441 4
603711 28
603723 25
603731 4
604304 28
604305 7
604312 13
604313 4
604351 16
604352 31
604412 31
604414 22
604416 4
604422 19
604451 28
604715 25
605201 28
605204 9
605301 15
605313 12
605314 19
605321 24
605322 31
605341 7
605412 10
605432 13
605444 19
605445 22
605461 25
605701 25
605702 4
605717 4
605741 28
605745 25
605751 25
606231 10
606242 16
606244 25
606263 4
606343 22
606362 10
606363 7
610114 30
651105 28
651109 22
651120 22
651210 19
651311 28
651312 4
651315 19
651316 25
701101 4
701181 13
701182 25
701183 7
701201 7
701211 28
701281 24
701295 7
701313 32
701321 16
701331 7
701341 31
701342 19
701344 10
701407 22
701425 28
701455 4
701494 25
702100 32
702101 15
702205 7
702211 27
702213 15
702312 9
702316 19
702317 24
702318 22
702341 31
702351 13
702411 28
702416 4
702431 25
703103 13
703202 22
703243 22
703244 25
703305 19
703308 9
703309 28
703310 25
703311 7
703322 21
703323 4
703324 19
703330 15
703331 31
703391 10
703404 10
703412 13
703447 16
703454 28
703498 4
705191 24
705211 13
705311 16
705328 13
705329 4
705331 19
705342 28
705351 10
705437 24
705438 10
705440 13
705441 28
705442 15
705444 31
705446 25
705447 4
705461 10
705493 19
751100 19
751101 12
751102 12
751106 19
751202 9
751209 21
751301 6
751302 6
751303 9
751305 31
751308 30
751309 16
751321 25
751326 13
751327 22
751330 22
751345 10
751401 19
751403 31
751405 12
751408 15
751417 25
751419 25
751425 13
751428 28
751441 25
751443 7
751447 22
751451 10
751701 25
751702 4
751703 28
751704 22
751705 22
751706 25
751708 4
751710 22
751712 13
751716 28
751718 31
751726 28
751734 28
751742 10
751743 13
801100 3
801201 4
801225 19
801235 10
801324 25
801331 7
801333 22
801334 19
801336 10
801421 19
801471 13
801481 25
803121 4
803123 28
803231 10
803331 22
851100 18
851104 9
851105 13
851108 28
851200 19
851201 7
851202 3
851204 13
851205 20
851243 15
851251 28
851262 32
851273 22
851305 19
851309 6
851313 22
851343 25
851344 31
851345 16
851360 7
851362 13
851367 24
851372 4
851375 32
851400 9
851404 22
851406 15
851407 7
851462 25
852101 31
852102 25
852103 28
951100 24
951102 31
951106 4
951125 22
951203 28
951302 28
951323 7
951331 25
951344 22
951348 13
951352 31
951497-020 19
951497-021 4
953103 31
953111 13
953211 28
953212 22
953233 7
953261 10
953321 16
953322 19
953331 13
953361 28
953421 16
953494 25
954100 15
954140 22
954143 7
954170 9
954246 31
954326 19
954370 25
954374 32
954410 19
954413 22
954416 10
954426 16
954443 10
954449 4
954462 28
954471 31
954477 7
954491 15
954498 25
955102 7
955103 28
955104 16
958111 25
