001101 31
001102 1
001112 27
001118 31
001201 1
001202 19
001210 26
001212 21
001218 7
001222 24
001223 14
001224 18
001225 2
001226 18
001227 2
001228 6
001229 16
001230 16
001231 22
001234 13
001250 15
001281 7
001291 28
001292 18
001310 24
001311 27
001312 4
001314 18
001315 16
001320 4
001321 7
001323 19
001330 13
001341 16
001342 24
001352 10
001355 32
001361 31
001362 22
001391 28
001410 6
001440 4
001445 10
001463 4
001472 13
002102 32
002111 13
002191 22
002202 28
002230 10
002260 4
002302 10
002321 13
002362 22
003102 4
003191 10
003202 25
003213 10
003261 4
003454 4
004465 19
004472 4
004474 28
004476 16
006103 7
006226 10
006241 28
006253 10
006307 4
006325 7
006443 10
006448 13
008314 4
008402 4
008411 28
009103 28
009213 4
009232 4
009254 25
009301 16
009327 16
009344 16
009355 22
009358 22
009363 4
011100 21
011101 21
011153 16
011154 3
011156 6
011157 22
011251 10
011257 12
011268 10
011269 32
011276 22
011277 8
011278 4
011358 30
011367 16
011457 10
012173 21
012200 21
012271 21
012272 22
012374 16
013103 24
013110 7
013203 32
013204 15
013206 27
013207 21
013208 18
013209 9
013216 10
013301 16
013303 22
013305 32
013314 4
013337 13
013413 10
013425 13
013431 22
013432 16
013433 3
014210 4
014211 32
014270 21
014310 15
014311 13
014370 4
014371 4
014390 31
014401 4
014410 10
014423 22
014471 16
014481 10
015101 13
015102 22
016101 4
017101 0
017102 10
017111 0
017201 10
017231 22
018104 7
018111 4
018112 3
018114 13
018126 32
018204 10
018271 10
018323 19
018332 16
018352 13
018372 25
019101 27
019104 13
019105 28
019106 3
019112 4
019204 0
019205 28
019206 4
019211 13
019212 28
019221 22
019222 10
019332 13
019351 22
019362 16
019371 28
019382 28
019441 4
020101 16
020102 10
020211 25
020212 10
020231 16
020232 16
020261 22
020341 16
021101 19
021102 19
021203 16
021204 22
021270 4
024752 4
025110 22
025381 10
025481 4
026101 8
026102 13
026111 21
026112 4
026201 28
050100 19
050103 22
050104 10
050106 21
050112 23
050113 27
051300 0
051302 28
051304 22
051306 10
051310 10
051313 7
052201 28
052203 22
052310 16
052323 27
052331 25
052351 13
052353 13
052355 10
052417 22
052422 7
052442 16
052449 25
052466 19
057121 9
057122 25
057123 31
057125 25
057126 9
057127 22
057128 22
057129 4
057130 29
057131 16
057132 18
057133 10
057134 16
057135 27
057136 22
057137 10
057138 4
057205 13
057213 7
057276 25
057283 10
057286 16
057287 25
057289 28
057290 22
057295 4
057297 7
057298 16
057301 18
057302 28
057305 28
057316 32
057366 24
057404 4
057407 16
057425 7
057428 10
059405 16
059419 15
061103 25
061106 21
061201 7
061205 10
061223 22
061306 10
061312 0
061313 22
061317 4
061401 22
061403 10
061430 13
062320 10
062341 16
062342 25
062343 25
062344 16
062345 10
062346 10
062360 13
062380 28
062411 13
062452 28
062460 10
062470 22
064202 4
064204 28
064207 4
064272 16
064273 22
064303 13
064410 4
064413 22
064417 4
064418 25
064422 25
064424 4
065120 28
065121 32
065211 10
065212 28
065311 4
065333 10
065420 16
065795 13
065797 4
065799 4
066222 16
066324 19
066412 28
066416 10
066426 16
067201 4
067203 10
067311 19
067371 28
067433 10
067435 32
067436 10
067491 13
067492 16
070100 22
070200 4
070301 4
070303 25
070304 22
070305 16
070308 4
070400 16
070403 7
070404 16
070410 4
070411 13
070413 27
070414 13
070415 4
070416 10
070711 13
070726 13
070740 4
070741 4
070792 4
071412 22
071413 22
071414 10
071415 0
071417 32
074100 10
074101 3
074201 4
076312 18
076314 27
076414 10
076426 4
076427 10
076428 22
076429 16
076444 4
076466 4
078444 15
078454 10
079444 28
099101 22
099102 32
100104 27
100105 19
100106 6
100107 3
100108 12
100205 31
100206 24
100207 3
100208 19
100209 12
100211 24
100306 30
100307 9
100308 31
100309 28
100310 2
100501 4
101201 7
101202 22
101205 12
101325 4
101490 0
103112 4
103271 25
104100 10
104302 0
104310 4
104320 27
104327 4
104334 22
104450 28
104490 10
109100 11
109114 18
112101 4
112105 13
112106 7
112109 22
112202 10
112205 10
112321 4
112322 22
112406 22
112424 16
115200 10
115300 13
115301 10
116301 4
126101 27
126102 28
126212 32
126213 28
126214 25
126325 9
126326 16
126328 13
126331 0
126332 16
126431 4
126436 22
126442 16
127100 3
127101 28
127202 15
127204 7
127205 27
127303 4
127313 14
127330 31
127359 16
127411 13
127412 4
127414 10
127716 22
127720 13
127721 4
127726 16
128100 8
128101 22
128201 4
128304 24
128305 21
128306 10
128308 9
128310 4
128351 22
128355 25
128423 10
128427 28
128434 16
128443 13
128700 16
128727 22
128734 13
128751 4
140104 8
152211 16
152301 4
152331 16
154104 20
154141 31
154152 21
154153 7
154173 13
154181 25
154251 13
154276 25
154281 29
154301 22
154330 22
154340 22
154363 13
154385 16
154431 10
154457 4
154481 4
159100 6
159101 7
159102 28
159151 21
159202 0
159204 10
159231 4
159331 4
159332 13
159401 4
159411 10
159412 16
159431 4
159434 28
160242 16
164261 13
168335 16
176100 25
176101 3
176104 16
177104 32
177113 13
177114 22
177141 25
177142 25
177181 7
177215 16
177217 4
177227 0
177228 32
177229 21
177300 28
177321 16
177332 7
177335 25
177341 4
177362 10
177443 13
177460 4
177463 13
177471 4
177472 10
177483 4
177491 28
179443 22
201100 17
201110 18
201114 13
201116 12
201117 19
202100 18
202101 3
202102 24
202147 16
202231 13
202302 4
202303 16
202305 22
202356 10
202362 16
202371 16
202405 4
202421 19
202446 16
202471 25
202475 28
202476 28
202484 28
202701 4
202731 4
202736 13
202744 4
202749 4
202775 22
202776 13
202803 13
202833 4
202849 4
203100 27
203104 9
203108 13
203111 14
203113 16
203114 32
203131 10
203132 24
203151 31
203152 3
203154 6
203158 31
203159 28
203162 3
203202 0
203203 16
203204 3
203206 24
203207 28
203208 28
203209 32
203211 21
203222 22
203223 13
203226 22
203232 32
203236 20
203250 22
203287 16
203316 4
203351 10
203459 13
203715 16
203719 13
203721 22
203725 16
203726 16
203734 22
203735 13
203749 22
203752 13
203754 4
203775 13
203812 22
203825 13
203829 4
203833 4
203879 16
204100 16
204101 3
204113 3
204202 0
204211 9
204217 4
204232 28
204251 16
204306 25
204315 21
204333 22
204355 10
204362 4
204382 22
204422 22
204423 13
204424 16
204441 13
204443 7
204452 10
204482 28
204483 13
204490 16
204725 16
204728 4
204755 13
204792 22
204891 4
205100 27
205103 18
205105 28
205216 18
205232 22
205244 24
205252 28
205282 16
205324 4
205344 10
205358 16
205382 13
205731 22
205742 13
205796 4
206100 11
206101 0
206103 10
206104 30
206111 6
206112 6
206113 4
206161 15
206162 27
206171 12
206172 4
206181 21
206182 32
206191 10
206211 22
206216 19
206217 22
206253 0
206255 28
206261 25
206266 25
206267 7
206281 31
206313 28
206321 15
206324 4
206325 21
206327 7
206331 4
206336 25
206341 9
206342 4
206355 4
206362 27
206364 24
206367 10
206368 31
206370 18
206421 10
206427 13
206428 4
206435 22
206437 16
206476 22
206481 7
206703 22
206722 16
206724 22
206725 13
206731 4
206737 13
206774 4
207100 16
207104 27
207105 6
207106 6
207108 15
207109 19
207110 22
207116 12
207117 20
207118 32
207125 18
207137 10
207162 22
207172 19
207181 15
207187 26
207188 10
207191 30
207195 30
207214 16
207302 16
207305 28
207306 25
207312 16
207402 4
207448 22
207704 16
207706 22
207708 13
207712 4
207766 4
207794 4
208101 0
208140 16
208141 3
208150 10
208263 13
208264 16
208271 7
208272 7
208322 27
208345 25
208346 16
208353 9
208362 28
208373 16
208384 4
208423 22
208444 16
208446 4
208460 22
208738 22
208772 13
208774 4
209203 10
209204 19
209252 15
209253 18
209262 28
209263 13
209270 15
209271 31
209272 25
209352 28
209370 10
209376 13
209382 22
209456 13
209466 22
210200 25
210207 4
210221 19
210251 28
210276 31
210315 10
210331 13
210355 28
210432 25
210448 16
210463 4
210702 22
210705 4
210743 13
210745 13
210748 16
210789 16
211100 17
211315 31
211319 4
211341 16
211342 10
211444 16
211709 22
211889 4
213708 4
213717 22
213718 16
213763 13
214100 4
214301 10
214310 13
214340 22
214341 22
214352 4
214412 22
214491 4
215205 32
215206 30
215207 19
215208 21
215303 22
215312 31
215313 13
215401 4
215482 13
215711 13
215741 22
215742 13
215743 4
215781 4
215783 22
217705 22
217708 13
217752 4
217773 4
218100 30
218234 31
218236 13
218244 24
218262 22
218352 7
218362 4
218372 22
218382 10
226703 22
226709 4
226710 13
226789 4
229123 13
229223 16
251100 25
251211 15
251213 0
251216 25
251242 4
251261 10
251292 22
251312 13
251333 28
251334 10
251342 16
251361 22
251363 24
251371 10
251372 4
251399 19
251411 13
251434 4
251436 22
251452 10
251455 13
251456 16
251461 22
251477 16
251704 22
251707 4
251723 13
251724 4
251746 4
251748 13
251754 16
251760 4
251763 22
251765 13
251773 16
251781 22
252210 8
252212 21
252222 3
252235 10
252282 18
252283 6
252285 21
252311 13
252320 28
252331 0
252353 4
252402 13
252403 10
252404 4
252413 16
252420 4
252423 25
252427 16
252428 19
252429 22
252435 13
252440 16
252459 16
252460 4
252479 22
252489 28
252706 13
252714 16
252727 21
252755 22
252774 4
252781 16
252785 4
252789 4
252792 13
253215 28
253433 13
253441 28
253443 22
253451 16
253452 22
253454 4
253716 10
253721 13
253722 16
253725 16
253734 13
253747 4
253749 28
253752 10
253754 22
253791 22
254182 28
254200 16
254205 0
254206 8
254211 8
254215 9
254216 10
254222 18
254231 31
254232 31
254271 22
254282 7
254325 16
254334 7
254352 19
254362 9
254371 16
254373 4
254400 28
254411 13
254412 16
254415 22
254421 16
254423 4
254424 22
254435 22
254445 22
254451 19
254452 10
254453 16
254466 22
254476 16
254477 7
254478 4
254495 28
254701 16
254721 22
254733 4
254737 13
254771 4
254803 22
254817 4
254857 22
255210 21
255230 0
255301 31
255316 10
255323 4
255328 19
255337 32
255340 22
255422 4
255425 4
255427 28
255432 16
255437 22
255440 28
255447 22
255455 13
255497 4
255714 16
255735 22
255750 16
255766 13
255769 4
255772 4
255779 4
255783 10
256100 13
256271 10
256317 19
256318 25
256334 10
256382 22
256383 13
256462 4
259103 30
259104 32
259106 21
259107 16
259108 24
259193 28
259195 21
259200 22
259201 14
259203 21
259401 24
260704 4
260708 10
260712 13
260719 16
260791 22
261102 31
261111 30
261112 10
261113 4
261205 13
261207 13
261208 16
261214 0
261215 22
261218 24
261305 22
261306 16
261332 3
261342 16
261343 21
261361 28
261430 13
261433 19
261444 4
261446 13
261447 4
261448 4
261449 13
261465 4
261473 16
261494 19
261497 4
261499 28
261742 4
261745 4
261755 4
261763 13
261764 16
261793 22
261795 22
261796 13
263710 13
263721 16
263724 10
263745 10
263751 22
264702 16
264705 22
264755 13
264789 4
265706 22
265709 13
265710 4
266703 13
266801 4
268732 4
268735 13
268741 22
268742 16
269103 7
269105 10
269130 4
269210 22
269341 22
269360 25
269370 10
269421 16
269431 10
269497 28
270701 13
270702 4
305203 16
318322 4
329104 2
330112 17
351100 16
351201 10
351364 28
351371 16
351426 4
352103 28
352311 10
352314 16
352315 28
352331 16
352332 4
352401 22
352412 7
352413 10
352421 22
352422 16
352433 4
352441 22
353313 28
353431 16
353441 4
353471 13
355411 7
356100 23
356101 22
356102 9
356210 4
356261 16
356311 4
356331 19
356431 10
356432 4
356441 22
356442 28
356443 16
356449 4
356455 4
356472 4
356475 16
357101 7
357110 13
357210 6
357323 28
357360 16
357418 4
357442 22
357444 10
359202 28
359205 4
359401 16
359408 4
359431 16
359455 10
360100 19
360210 0
361210 6
361321 13
361322 13
361341 16
361421 13
361433 7
361452 4
361461 10
361475 22
362211 9
363210 18
365425 22
368211 0
368317 16
400110 19
400210 21
401281 10
401383 10
401391 16
403281 13
403383 19
406284 9
406294 7
406386 15
406396 32
408382 18
410381 28
413383 31
413391 25
415393 4
420282 27
421282 4
421292 16
421386 22
421396 13
422381 24
428281 22
428282 28
428381 6
428383 7
461170 15
461471 31
461472 7
461511 25
461521 22
461526 19
461551 10
461566 16
461584 4
462130 22
462412 22
462413 13
462414 10
462503 16
462587 4
462588 13
463201 16
463252 22
463331 10
463332 19
463342 13
463354 16
463506 7
463512 28
463513 25
463543 19
463544 10
463557 13
463559 22
463571 19
463592 16
464302 22
464312 4
464402 4
464403 10
464414 7
464442 22
464443 13
464445 16
464446 28
501201 7
501202 22
501305 21
501306 28
502313 16
502314 22
504202 28
504305 10
506202 13
508304 28
510306 13
512304 4
513113 21
513115 31
513212 13
513216 4
513217 28
513225 22
513284 16
513331 13
513343 10
513364 4
513373 22
513390 16
513446 4
514202 7
514206 25
514222 10
514244 28
514272 13
514322 25
514352 22
514358 16
514382 4
514384 28
515204 25
515205 10
515256 16
515257 4
515337 22
515362 13
515380 4
552216 16
552217 4
552232 28
554413 10
555312 16
557432 22
558101 24
558313 13
558441 4
562101 16
562211 10
601201 24
601202 15
601231 0
601242 30
601342 28
601346 4
601361 16
601423 22
601425 10
601454 13
601455 22
601724 4
601745 13
601775 4
602100 11
602102 5
602103 31
602111 4
602120 12
602121 6
602122 28
602301 4
602314 10
602421 22
602453 13
602454 16
602455 28
602461 22
602471 16
602722 13
602741 4
602751 22
603200 22
603231 3
603321 0
603396 4
603496 4
603725 22
603743 13
603751 4
604101 16
604211 21
604311 13
604314 19
604315 25
604411 4
604415 22
604423 16
604431 22
604455 16
605203 10
605302 13
605313 4
605315 27
605316 28
605331 16
605430 4
605701 13
605711 22
605719 4
605742 13
606211 28
606243 28
606245 13
606264 16
606310 4
606451 22
606452 4
610114 20
651211 28
651212 22
651231 25
651234 4
651313 28
651314 10
651317 4
651319 16
651416 22
651425 13
701100 30
701101 3
701181 4
701183 4
701202 16
701235 25
701243 22
701244 28
701283 0
701295 16
701310 4
701335 22
701341 10
701408 16
701423 28
702100 28
702101 27
702211 4
702213 10
702312 13
702317 10
702321 22
702331 22
702342 10
702354 4
702418 19
703103 10
703202 21
703204 31
703243 21
703244 28
703309 4
703311 4
703322 13
703324 13
703330 22
703331 16
703345 0
703351 25
703361 28
703413 4
703441 16
703499 16
705191 27
705211 26
705311 25
705328 10
705331 16
705332 22
705343 7
705351 22
705431 18
705438 22
705440 13
705441 22
705444 28
705446 7
705448 13
705492 25
705499 22
751100 4
751101 32
751102 31
751106 4
751202 11
751209 13
751301 12
751302 21
751303 0
751304 4
751305 22
751308 3
751309 15
751321 4
751326 19
751330 25
751345 22
751401 19
751403 22
751405 16
751408 4
751413 28
751418 16
751419 22
751421 22
751428 25
751440 13
751443 28
751701 10
751702 16
751703 22
751705 4
751706 16
751708 4
751710 21
751712 21
751716 10
751724 16
751728 12
751732 22
751734 22
751744 13
751745 13
751751 13
751752 13
801100 32
801122 7
801134 22
801201 4
801204 16
801233 13
801236 22
801241 25
801322 4
801371 10
803122 7
803124 22
803131 4
803230 4
803232 10
851100 26
851103 15
851104 28
851105 3
851200 16
851201 18
851202 15
851204 22
851205 19
851241 19
851261 9
851273 4
851305 6
851306 4
851309 21
851310 9
851341 15
851342 27
851344 22
851350 22
851363 27
851366 16
851371 10
851375 19
851400 28
851401 0
851404 9
851443 13
851445 28
851450 13
851467 22
951100 29
951106 13
951124 28
951202 28
951231 13
951321 13
951366 4
951421 22
951497 16
951498 4
953102 13
953104 22
953111 17
953201 16
953202 4
953214 10
953231 7
953232 19
953234 4
953323 10
953494 28
953495 4
954140 27
954141 27
954142 15
954240 0
954244 28
954310 18
954326 28
954340 31
954364 25
954371 4
954372 10
954373 16
954413 13
954420 16
954422 22
954423 4
954443 22
954472 13
954498 22
