001101 0
001102 1
001112 28
001118 32
001201 17
001202 4
001210 11
001212 31
001218 19
001222 30
001223 5
001224 1
001225 1
001226 0
001227 1
001228 12
001229 31
001230 14
001231 7
001234 14
001250 25
001281 27
001291 25
001292 19
001310 4
001311 32
001312 22
001314 21
001315 4
001320 19
001321 7
001323 27
001330 25
001341 13
001342 13
001352 28
001355 22
001361 3
001362 28
001391 19
001410 4
001440 19
001445 7
001463 19
001472 13
002102 22
002111 16
002191 3
002202 28
002230 19
002260 13
002302 22
002321 28
002362 13
003102 22
003191 24
003202 19
003213 24
003261 28
003454 19
004465 31
004472 25
004474 13
004476 19
006103 4
006226 22
006241 7
006253 22
006307 25
006325 13
006443 22
006448 25
008314 28
008402 25
008411 25
009103 29
009213 22
009232 27
009254 24
009301 19
009327 19
009344 13
009355 28
009358 13
009363 13
011100 28
011101 3
011153 13
011154 6
011156 28
011157 3
011251 31
011257 18
011268 0
011269 22
011276 4
011277 22
011278 25
011358 28
011367 19
011457 7
012173 18
012200 18
012271 4
012272 4
012374 25
013103 7
013110 4
013203 6
013204 24
013206 21
013207 16
013208 32
013209 10
013216 7
013301 27
013303 19
013305 19
013314 13
013337 4
013413 7
013425 13
013431 28
013432 13
013433 27
014210 16
014211 28
014270 0
014310 27
014311 24
014370 7
014371 19
014390 28
014401 25
014410 22
014423 25
014471 13
014481 19
015101 30
015102 25
016101 22
017101 25
017102 13
017111 13
017201 22
017231 13
018104 25
018111 19
018112 4
018114 7
018126 4
018204 13
018271 13
018323 28
018332 19
018352 25
018372 4
019101 2
019104 28
019105 4
019106 3
019112 16
019204 13
019205 19
019206 13
019211 0
019212 7
019221 22
019222 25
019332 4
019351 7
019362 28
019371 7
019382 13
019441 19
020101 13
020102 4
020211 4
020212 22
020231 19
020232 19
020261 28
020341 25
021101 0
021102 24
021203 25
021204 13
021270 19
024752 19
025110 13
025381 16
025481 25
026101 27
026102 30
026111 22
026112 19
026201 13
050100 28
050103 9
050104 24
050106 23
050112 8
050113 16
051300 13
051302 7
051304 16
051306 19
051310 13
051313 22
052201 4
052203 22
052310 25
052323 31
052331 4
052351 22
052353 22
052355 7
052417 13
052422 32
052442 19
052449 4
052466 19
057121 23
057122 30
057123 30
057125 6
057126 18
057127 24
057128 18
057129 20
057130 22
057131 26
057132 12
057133 15
057134 25
057135 22
057136 13
057137 4
057138 27
057205 16
057213 13
057276 13
057283 22
057286 6
057287 28
057289 13
057290 22
057295 25
057297 4
057298 19
057301 22
057302 13
057305 30
057316 27
057366 32
057404 22
057407 19
057425 4
057428 4
059405 19
059419 28
061103 27
061106 31
061201 16
061205 22
061223 13
061306 22
061312 0
061313 13
061317 22
061401 13
061403 25
061430 16
062320 4
062341 25
062342 7
062343 7
062344 7
062345 28
062346 4
062360 22
062380 25
062411 4
062452 19
062460 22
062470 28
064202 28
064204 7
064207 28
064272 25
064273 13
064303 4
064410 19
064413 28
064417 13
064418 25
064422 22
064424 4
065120 28
065121 3
065211 28
065212 19
065311 24
065333 22
065420 25
065795 13
065797 19
065799 19
066222 13
066324 13
066412 25
066416 4
066426 19
067201 13
067203 7
067311 28
067371 22
067433 28
067435 16
067436 25
067491 28
067492 19
070100 16
070200 28
070301 13
070303 28
070304 25
070305 19
070308 13
070400 13
070403 4
070404 28
070410 19
070411 28
070413 7
070414 16
070415 13
070416 7
070711 13
070726 13
070740 19
070741 19
070792 19
071412 13
071413 19
071414 22
071415 25
071417 16
074100 31
074101 16
074201 21
076312 25
076314 13
076414 31
076426 19
076427 22
076428 22
076429 14
076444 28
076466 7
078444 8
078454 22
079444 7
099101 13
099102 24
100104 7
100105 19
100106 10
100107 10
100108 28
100205 31
100206 10
100207 6
100208 19
100209 8
100211 19
100306 9
100307 31
100308 8
100309 21
100310 0
100501 22
101201 4
101202 7
101205 10
101325 28
101490 13
103112 13
103271 12
104100 22
104302 13
104310 4
104320 22
104327 19
104334 22
104450 7
104490 22
109100 25
109114 3
112101 22
112105 13
112106 4
112109 16
112202 7
112205 7
112321 4
112322 22
112406 13
112424 19
115200 7
115300 25
115301 4
116301 0
126101 32
126102 13
126212 6
126213 28
126214 25
126325 8
126326 25
126328 25
126331 13
126332 25
126431 19
126436 28
126442 13
127100 3
127101 22
127202 31
127204 21
127205 19
127303 19
127313 32
127330 22
127359 19
127411 0
127412 7
127414 16
127716 25
127720 13
127721 19
127726 28
128100 24
128101 4
128201 25
128304 32
128305 21
128306 4
128308 28
128310 19
128351 13
128355 25
128423 25
128427 7
128434 28
128443 28
128700 28
128727 25
128734 13
128751 19
140104 13
152211 19
152301 13
152331 28
154104 27
154141 28
154152 22
154153 15
154173 16
154181 25
154251 25
154276 22
154281 29
154301 13
154330 13
154340 25
154363 7
154385 28
154431 19
154457 25
154481 28
159100 21
159101 13
159102 27
159151 7
159202 16
159204 25
159231 28
159331 22
159332 13
159401 7
159411 25
159412 19
159431 19
159434 4
160242 13
164261 28
168335 19
176100 6
176101 22
176104 25
177104 16
177113 10
177114 22
177141 13
177142 5
177181 18
177215 4
177217 31
177227 19
177228 0
177229 22
177300 28
177321 25
177332 22
177335 31
177341 19
177362 4
177443 7
177460 7
177463 7
177471 13
177472 28
177483 19
177491 13
179443 19
201100 25
201110 24
201114 16
201116 2
201117 7
202100 3
202101 9
202102 5
202147 10
202231 3
202302 19
202303 19
202305 25
202356 32
202362 28
202371 3
202405 13
202421 4
202446 19
202471 25
202475 19
202476 7
202484 19
202701 19
202731 19
202736 13
202744 19
202749 19
202775 25
202776 13
202803 13
202833 19
202849 19
203100 32
203104 32
203108 21
203111 17
203113 13
203114 15
203131 25
203132 31
203151 21
203152 21
203154 3
203158 10
203159 10
203162 22
203202 4
203203 19
203204 27
203206 18
203207 3
203208 15
203209 27
203211 16
203222 27
203223 21
203226 9
203232 25
203236 19
203250 19
203287 13
203316 13
203351 25
203459 3
203715 13
203719 28
203721 13
203725 25
203726 25
203734 25
203735 28
203749 25
203752 28
203754 19
203775 28
203812 13
203825 28
203829 19
203833 19
203879 13
204100 13
204101 22
204113 3
204202 13
204211 32
204217 13
204232 19
204251 13
204306 28
204315 25
204333 22
204355 22
204362 19
204382 13
204422 13
204423 32
204424 13
204441 25
204443 24
204452 13
204482 4
204483 25
204490 7
204725 28
204728 19
204755 13
204792 25
204891 19
205100 16
205103 16
205105 22
205216 21
205232 13
205244 32
205252 19
205282 22
205324 19
205344 22
205358 25
205382 28
205731 25
205742 13
205796 19
206100 19
206101 6
206103 31
206104 4
206111 21
206112 32
206113 19
206161 19
206162 4
206171 5
206172 5
206181 25
206182 15
206191 28
206211 22
206216 7
206217 13
206253 13
206255 19
206261 27
206266 7
206267 14
206281 30
206313 4
206321 32
206324 19
206325 21
206327 19
206331 25
206336 28
206341 19
206342 13
206355 19
206362 7
206364 7
206367 28
206368 25
206370 6
206421 25
206427 28
206428 22
206435 19
206437 13
206476 16
206481 4
206703 25
206722 28
206724 25
206725 13
206731 19
206737 13
206774 19
207100 13
207104 6
207105 24
207106 10
207108 3
207109 29
207110 22
207116 13
207117 19
207118 25
207125 15
207137 30
207162 28
207172 3
207181 10
207187 10
207188 27
207191 22
207195 25
207214 31
207302 13
207305 19
207306 21
207312 25
207402 28
207448 27
207704 28
207706 25
207708 13
207712 19
207766 19
207794 19
208101 14
208140 13
208141 18
208150 16
208263 16
208264 16
208271 21
208272 0
208322 19
208345 25
208346 13
208353 22
208362 22
208373 19
208384 19
208423 13
208444 4
208446 19
208460 28
208738 25
208772 13
208774 19
209203 28
209204 25
209252 3
209253 31
209262 24
209263 19
209270 31
209271 22
209272 13
209352 7
209370 22
209376 25
209382 28
209456 22
209466 25
210200 25
210207 22
210221 7
210251 19
210276 28
210315 28
210331 4
210355 19
210432 25
210448 13
210463 25
210702 25
210705 19
210743 28
210745 28
210748 13
210789 13
211100 3
211315 0
211319 7
211341 13
211342 7
211444 13
211709 25
211889 19
213708 19
213717 25
213718 28
213763 13
214100 19
214301 22
214310 19
214340 13
214341 28
214352 13
214412 25
214491 13
215205 8
215206 25
215207 31
215208 13
215303 25
215312 22
215313 13
215401 19
215482 19
215711 13
215741 25
215742 13
215743 19
215781 19
215783 13
217705 25
217708 13
217752 19
217773 19
218100 0
218234 25
218236 4
218244 22
218262 19
218352 25
218362 16
218372 13
218382 22
226703 25
226709 19
226710 13
226789 19
229123 4
229223 28
251100 25
251211 32
251213 4
251216 7
251242 9
251261 21
251292 28
251312 4
251333 4
251334 22
251342 25
251361 19
251363 24
251371 22
251372 28
251399 13
251411 28
251434 19
251436 25
251452 22
251455 28
251456 13
251461 25
251477 13
251704 25
251707 19
251723 13
251724 19
251746 19
251748 13
251754 28
251760 19
251763 25
251765 13
251773 28
251781 25
252210 21
252212 9
252222 28
252235 16
252282 24
252283 21
252285 28
252311 24
252320 13
252331 32
252353 25
252402 13
252403 28
252404 28
252413 19
252420 19
252423 28
252427 19
252428 7
252429 27
252435 3
252440 19
252459 7
252460 13
252479 13
252489 19
252706 28
252714 13
252727 25
252755 10
252774 19
252781 13
252785 19
252789 19
252792 28
253215 28
253433 25
253441 13
253443 13
253451 28
253452 25
253454 19
253716 10
253721 13
253722 28
253725 28
253734 13
253747 19
253749 22
253752 10
253754 25
253791 25
254182 13
254200 19
254205 32
254206 3
254211 19
254215 13
254216 21
254222 4
254231 22
254232 0
254271 9
254282 4
254325 19
254334 13
254352 32
254362 31
254371 25
254373 24
254400 25
254411 7
254412 19
254415 28
254421 25
254423 13
254424 28
254435 28
254445 7
254451 19
254452 22
254453 19
254466 28
254476 19
254477 4
254478 25
254495 25
254701 13
254721 25
254733 19
254737 28
254771 19
254803 25
254817 19
254857 25
255210 9
255230 0
255301 13
255316 25
255323 19
255328 32
255337 28
255340 3
255422 13
255425 13
255427 28
255432 19
255437 25
255440 28
255447 25
255455 4
255497 13
255714 25
255735 13
255750 28
255766 19
255769 10
255772 19
255779 10
255783 28
256100 31
256271 28
256317 13
256318 25
256334 28
256382 4
256383 27
256462 24
259103 17
259104 15
259106 28
259107 19
259108 18
259193 7
259195 28
259200 28
259201 25
259203 3
259401 22
260704 19
260708 22
260712 28
260719 13
260791 25
261102 25
261111 26
261112 6
261113 24
261205 7
261207 8
261208 19
261214 22
261215 16
261218 32
261305 7
261306 28
261332 28
261342 28
261343 25
261361 25
261430 13
261433 21
261444 13
261446 13
261447 22
261448 4
261449 19
261465 19
261473 28
261494 13
261497 13
261499 25
261742 19
261745 19
261755 19
261763 13
261764 28
261793 25
261795 25
261796 13
263710 13
263721 28
263724 10
263745 10
263751 25
264702 28
264705 25
264755 13
264789 19
265706 25
265709 13
265710 19
266703 13
266801 19
268732 25
268735 19
268741 13
268742 28
269103 25
269105 13
269130 22
269210 31
269341 19
269360 4
269370 7
269421 28
269431 25
269497 27
270701 13
270702 19
305203 19
318322 10
329104 19
330112 10
351100 28
351201 22
351364 13
351371 25
351426 22
352103 7
352311 22
352314 28
352315 28
352331 13
352332 19
352401 25
352412 7
352413 22
352421 7
352422 7
352433 19
352441 13
353313 4
353431 19
353441 19
353471 16
355411 25
356100 15
356101 30
356102 11
356210 31
356261 13
356311 19
356331 22
356431 28
356432 4
356441 25
356442 13
356443 19
356449 19
356455 19
356472 13
356475 19
357101 11
357110 13
357210 8
357323 28
357360 13
357418 19
357442 25
357444 22
359202 14
359205 19
359401 13
359408 19
359431 13
359455 22
360100 27
360210 25
361210 7
361321 28
361322 28
361341 19
361421 7
361433 25
361452 16
361461 22
361475 13
362211 12
363210 32
365425 13
368211 16
368317 19
400110 14
400210 22
401281 22
401383 22
401391 10
403281 28
403383 3
406284 4
406294 19
406386 25
406396 4
408382 6
410381 7
413383 21
413391 27
415393 31
420282 25
421282 10
421292 14
421386 13
421396 28
422381 32
428281 13
428282 7
428381 24
428383 19
461170 23
461471 27
461472 31
461511 32
461521 25
461526 28
461551 10
461566 28
461584 19
462130 15
462412 25
462413 13
462414 10
462503 28
462587 19
462588 13
463201 19
463252 13
463331 13
463332 28
463342 25
463354 22
463506 31
463512 7
463513 27
463543 28
463544 4
463557 25
463559 19
463571 28
463592 22
464302 4
464312 19
464402 13
464403 7
464414 31
464442 25
464443 4
464445 22
464446 19
501201 28
501202 16
501305 7
501306 22
502313 28
502314 25
504202 4
504305 10
506202 7
508304 22
510306 13
512304 19
513113 19
513115 22
513212 22
513216 19
513217 25
513225 28
513284 13
513331 25
513343 22
513364 19
513373 28
513390 13
513446 19
514202 7
514206 25
514222 4
514244 22
514272 28
514322 28
514352 25
514358 19
514382 13
514384 13
515204 28
515205 25
515256 13
515257 19
515337 25
515362 13
515380 19
552216 13
552217 19
552232 22
554413 10
555312 28
557432 25
558101 4
558313 13
558441 19
562101 10
562211 28
601201 18
601202 32
601231 4
601242 25
601342 25
601346 13
601361 19
601423 28
601425 4
601454 22
601455 28
601724 19
601745 13
601775 19
602100 27
602102 6
602103 8
602111 16
602120 21
602121 10
602122 7
602301 19
602314 7
602421 22
602453 28
602454 13
602455 25
602461 25
602471 13
602722 25
602741 19
602751 13
603200 16
603231 7
603321 13
603396 19
603496 19
603725 25
603743 13
603751 19
604101 7
604211 25
604311 19
604314 6
604315 25
604411 4
604415 16
604423 13
604431 28
604455 19
605203 28
605302 7
605313 19
605315 22
605316 25
605331 13
605430 19
605701 13
605711 25
605719 19
605742 13
606211 13
606243 25
606245 19
606264 13
606310 7
606451 28
606452 19
610114 5
651211 25
651212 28
651231 7
651234 19
651313 22
651314 10
651317 19
651319 28
651416 25
651425 13
701100 9
701101 13
701181 21
701183 30
701202 28
701235 32
701243 13
701244 22
701283 18
701295 19
701310 19
701335 7
701341 4
701408 28
701423 25
702100 16
702101 6
702211 22
702213 31
702312 4
702317 3
702321 25
702331 28
702342 21
702354 13
702418 4
703103 31
703202 7
703204 11
703243 2
703244 7
703309 19
703311 25
703322 25
703324 28
703330 13
703331 4
703345 4
703351 25
703361 13
703413 19
703441 28
703499 19
705191 32
705211 10
705311 27
705328 31
705331 32
705332 21
705343 16
705351 13
705431 28
705438 13
705440 25
705441 13
705444 25
705446 24
705448 25
705492 0
705499 13
751100 7
751101 20
751102 3
751106 16
751202 19
751209 22
751301 32
751302 4
751303 16
751304 19
751305 19
751308 25
751309 28
751321 13
751326 31
751330 27
751345 19
751401 7
751403 19
751405 4
751408 24
751413 13
751418 13
751419 19
751421 25
751428 7
751440 32
751443 3
751701 28
751702 25
751703 19
751705 13
751706 25
751708 13
751710 19
751712 19
751716 28
751724 28
751728 22
751732 25
751734 22
751744 10
751745 10
751751 19
751752 10
801100 30
801122 6
801134 16
801201 19
801204 13
801233 19
801236 28
801241 24
801322 19
801371 19
803122 13
803124 16
803131 22
803230 19
803232 4
851100 21
851103 25
851104 16
851105 7
851200 25
851201 23
851202 17
851204 28
851205 19
851241 7
851261 10
851273 24
851305 6
851306 4
851309 19
851310 32
851341 6
851342 3
851344 13
851350 28
851363 21
851366 7
851371 31
851375 27
851400 22
851401 16
851404 28
851443 28
851445 13
851450 22
851467 13
951100 26
951106 32
951124 13
951202 22
951231 22
951321 16
951366 19
951421 25
951497 13
951498 19
953102 4
953104 7
953111 15
953201 28
953202 22
953214 13
953231 16
953232 25
953234 4
953323 25
953494 19
953495 13
954140 6
954141 32
954142 10
954240 7
954244 28
954310 13
954326 25
954340 21
954364 25
954371 22
954372 13
954373 19
954413 4
954420 13
954422 28
954423 19
954443 13
954472 4
954498 28
