001101 1
001102 32
001111 25
001113 18
001201 4
001202 30
001210 0
001212 4
001218 0
001230 7
001231 16
001250 22
001291 29
001293 32
001310 12
001311 1
001312 32
001315 4
001318 1
001320 22
001321 31
001323 19
001330 32
001342 15
001353 22
001354 20
001362 7
001410 28
001423 25
001425 16
001443 13
001444 25
001445 10
001447 27
001461 9
001464 22
002101 31
002110 25
002191 12
002192 28
002201 19
002211 22
002221 16
002250 32
002301 7
002333 16
002351 28
002365 22
002372 10
002401 13
002441 28
002473 25
003101 25
003191 20
003201 27
003314 7
003320 25
003331 22
003414 10
003421 28
003436 25
004241 10
004301 16
004303 7
004324 10
004351 22
004432 12
004473 19
004475 7
006103 28
006126 16
006206 25
006226 19
006242 7
006253 22
006303 25
006307 7
006326 13
006330 31
006331 3
006344 10
006346 12
006355 25
006425 9
006432 32
006433 16
006443 22
006448 7
008214 25
008303 25
008314 19
008326 7
008411 3
008417 22
009103 20
009105 31
009212 25
009230 10
009231 16
009326 25
009425 22
009426 28
009431 7
011100 27
011151 16
011152 4
011153 14
011251 16
011257 27
011259 32
011269 0
011276 20
011353 6
011356 32
011358 13
011362 3
011374 22
011461 7
011464 25
011751 25
012100 25
012173 31
012200 9
012271 13
012272 31
012273 7
012371 19
012475 25
013103 31
013110 29
013203 7
013204 22
013206 9
013207 28
013217 6
013301 9
013302 25
013303 15
013304 16
013305 13
013306 32
013307 28
013317 30
013326 16
013329 19
013330 7
013335 31
013338 0
013420 22
013421 25
013422 7
013427 9
013433 25
013435 22
014210 31
014270 25
014310 16
014311 7
014322 9
014323 3
014325 25
014370 19
014371 13
014382 10
014390 10
014401 6
014410 7
014421 12
015101 28
016101 9
016232 19
017101 30
017102 28
017111 22
017201 10
017210 25
018103 10
018111 30
018113 27
018125 28
018203 25
018211 16
018213 28
018231 22
018235 7
018271 6
018301 22
018335 7
018351 16
018353 19
018421 13
018433 16
018435 7
018436 25
018438 19
018451 28
018465 16
018467 22
018471 25
019101 23
019103 31
019105 10
019106 21
019108 28
019111 25
019203 22
019205 28
019206 15
019208 13
019211 7
019221 25
019303 25
019311 16
019331 31
019361 13
019373 22
019381 10
019411 7
019442 22
019471 16
019473 25
020101 26
020102 28
020211 22
020231 7
020311 16
020321 22
020333 7
020341 0
020362 28
020363 31
020412 10
020421 13
020481 25
021101 2
021102 25
021203 13
021204 4
021270 15
025108 7
025480 25
026101 28
026102 25
026111 15
026112 28
026201 15
026271 25
029701 7
029703 25
029711 22
030101 3
050100 16
050103 21
050104 27
050106 15
050111 3
051302 0
051304 13
051306 28
051310 7
051313 32
051418 31
052201 4
052202 7
052352 3
052357 32
052420 25
052441 25
052443 13
052445 10
052447 19
052466 7
053712 7
053713 28
053770 7
054810 28
054870 7
055701 25
055703 19
055704 22
055706 28
055707 7
055713 19
055733 25
055734 7
055757 28
055771 25
055797 22
057121 12
057123 10
057125 27
057126 17
057127 8
057128 3
057129 27
057130 17
057131 7
057132 25
057133 9
057134 30
057135 15
057136 21
057137 15
057138 3
057139 30
057140 7
057201 13
057205 15
057213 16
057215 10
057274 19
057284 19
057285 25
057288 28
057293 31
057294 28
057296 4
057300 25
057302 22
057305 30
057316 25
057351 10
057366 7
057403 16
057404 25
057405 13
057410 28
057411 27
057420 22
057426 7
057428 25
059413 27
059419 16
061103 22
061106 7
061201 28
061223 28
061224 16
061306 25
061307 19
061317 13
061319 25
061403 19
061404 10
061407 25
061430 22
062200 25
062210 28
062343 10
062411 4
062452 15
062460 10
062470 13
062499 22
063201 27
063702 28
063704 7
063710 22
064204 28
064232 25
064251 28
064252 25
064303 7
064331 22
064392 7
064412 7
064418 7
064423 22
064424 5
064430 3
064474 28
064490 25
065210 13
065212 3
065310 6
065311 3
065320 25
065332 22
065421 28
065435 25
065436 13
065437 7
065438 16
065797 25
066221 25
066323 7
066410 25
066416 13
066421 19
066425 19
067202 10
067303 31
067311 22
067372 19
067373 28
067432 22
069712 7
070200 28
070304 13
070305 19
070403 25
070404 22
070410 16
070411 19
070416 28
070711 28
070720 7
070721 22
070740 25
070741 25
071411 25
071412 28
071413 7
071415 28
071416 12
071418 22
071419 0
071422 19
071423 22
071425 28
071712 7
071715 28
071730 16
071736 19
071738 28
071811 28
073711 7
073721 28
073770 28
074100 21
074101 31
074414 28
076425 7
076427 28
076430 22
076444 25
076466 22
078444 30
078454 16
079169 10
079220 25
079264 19
091700 22
091800 22
099100 19
099101 4
099102 32
100102 28
100109 13
100110 32
100111 30
100112 18
100207 0
100213 7
100214 0
100220 25
100222 25
100225 13
100228 16
100229 10
100230 7
100231 12
100233 7
100281 28
100306 7
100307 28
100308 16
100309 19
100310 25
100311 16
100312 13
100313 0
100314 18
100501 31
101100 10
101105 25
101201 15
101211 25
101400 0
101405 22
103112 25
103191 28
103271 11
104200 28
104201 25
104300 0
104301 16
104325 7
104410 13
104424 25
104495 22
105304 22
109100 8
109115 15
112101 25
112102 16
112103 28
112108 19
112110 22
112201 0
112203 28
112213 25
112300 16
112314 25
112411 7
112412 22
115200 7
115300 28
115301 4
115302 7
116301 25
116302 22
116400 25
126101 24
126216 7
126321 7
126326 10
126333 9
126334 25
126428 13
126432 3
126443 32
127100 20
127101 19
127203 16
127204 31
127207 28
127303 22
127312 25
127314 10
127315 19
127316 31
127326 21
127337 1
127711 28
127717 25
127718 7
127719 22
127727 25
127728 22
128100 15
128101 22
128202 28
128203 9
128204 15
128307 22
128309 16
128334 10
128354 10
128355 7
128403 13
128701 28
128710 7
128730 22
128740 25
128762 25
140101 25
140102 25
140103 3
140104 7
140105 16
152211 0
152301 31
152321 22
154104 29
154141 25
154151 13
154231 16
154261 15
154262 25
154281 5
154311 16
154330 10
154353 22
154375 25
154377 19
154384 10
154388 12
154443 7
154455 7
154457 28
154481 25
154488 22
154493 13
154494 7
159100 21
159101 28
159151 25
159203 7
159221 28
159231 6
159301 25
159303 13
159305 25
159332 16
159356 3
159362 19
159403 31
159411 22
159431 10
159454 7
160341 25
164200 0
164341 19
168100 19
168101 18
168222 25
176100 27
176101 6
176104 27
176220 7
177103 3
177214 10
177215 0
177216 14
177217 25
177281 7
177283 28
177285 22
177321 19
177330 3
177341 28
177362 30
177393 9
177401 18
177404 7
177405 12
177414 22
177426 15
177427 28
177430 25
177434 19
177446 27
177450 10
177463 16
177464 7
177465 6
177467 32
177468 25
177481 16
177494 13
179402 28
179403 31
201100 22
201110 20
201114 23
201115 18
201116 5
201117 7
201190 16
202100 30
202101 14
202141 21
202143 22
202145 0
202184 9
202231 7
202260 28
202305 10
202311 13
202332 12
202334 4
202342 32
202361 28
202371 16
202434 16
202438 19
202443 13
202473 22
202474 25
202477 10
202481 7
202495 28
202742 22
202765 7
202776 25
202782 25
202833 25
202848 25
202873 22
203100 26
203103 27
203111 19
203116 16
203151 24
203162 30
203171 18
203201 31
203203 10
203204 19
203206 11
203207 13
203208 28
203209 18
203222 10
203226 28
203231 7
203235 19
203236 1
203255 22
203303 6
203315 31
203323 22
203324 10
203331 13
203332 19
203333 32
203351 28
203352 27
203405 10
203406 22
203414 28
203423 22
203431 16
203434 25
203458 7
203471 13
203475 25
203705 7
203709 22
203714 7
203716 28
203722 28
203743 22
203753 25
203807 28
203821 22
203828 7
203879 28
203889 28
204100 10
204101 6
204111 28
204123 27
204202 19
204211 13
204216 31
204231 31
204251 25
204321 6
204325 4
204335 25
204341 20
204361 26
204365 16
204381 7
204383 16
204432 10
204435 19
204442 7
204451 22
204452 25
204453 28
204471 25
204712 28
204721 22
204732 7
204764 25
205100 25
205103 24
205104 13
205105 31
205235 10
205239 28
205275 18
205303 13
205337 3
205355 10
205393 7
205415 25
205421 22
205461 16
205464 10
205475 22
205479 13
205483 15
205486 7
205496 28
205712 22
205735 25
205761 28
205783 7
206100 14
206101 28
206103 22
206104 20
206107 31
206108 25
206111 22
206112 5
206113 22
206161 19
206162 2
206171 22
206172 12
206181 31
206191 28
206203 16
206207 7
206211 19
206216 10
206217 9
206261 10
206267 28
206281 27
206300 14
206321 17
206324 22
206325 10
206327 32
206328 4
206331 28
206336 9
206341 22
206355 16
206362 3
206370 15
206381 12
206412 25
206436 22
206437 7
206441 13
206455 16
206707 22
206713 25
206720 28
206721 22
206730 22
206736 25
206738 19
206739 25
206743 7
206753 25
206766 19
206783 28
207100 31
207103 24
207105 22
207106 26
207107 28
207109 3
207115 28
207117 25
207123 24
207131 19
207135 4
207164 25
207171 16
207173 3
207174 31
207183 22
207187 0
207203 15
207205 19
207208 10
207213 0
207308 32
207310 28
207313 12
207323 22
207348 13
207401 19
207403 25
207406 25
207416 22
207419 25
207422 4
207436 7
207701 22
207703 28
207705 7
207711 25
207741 25
207743 22
207808 25
208101 24
208140 25
208150 28
208250 25
208251 7
208263 7
208265 28
208270 16
208271 2
208272 7
208280 28
208321 31
208329 13
208343 9
208348 3
208370 31
208383 27
208425 16
208439 28
208440 25
208469 7
208711 28
208760 7
208761 22
208770 25
208871 7
208872 25
209201 28
209251 7
209301 7
209302 32
209303 9
209331 19
209351 12
209358 10
209361 4
209368 16
209375 15
209403 7
209442 25
209451 3
209453 16
209461 19
209463 7
209471 28
209483 22
209485 16
209703 19
209705 16
209707 19
209709 28
209711 28
209713 7
209722 28
209731 7
209771 25
209773 22
209779 7
209785 28
210100 0
210201 25
210202 7
210204 3
210343 10
210351 13
210383 16
210425 19
210433 3
210434 3
210453 7
210465 22
210485 22
210703 28
210704 7
210705 22
210707 25
210723 25
210731 22
211100 10
211311 18
211315 2
211319 9
211413 25
211440 16
211442 10
211443 19
211495 22
211702 22
211889 25
212701 28
212703 7
212711 22
212721 25
212741 25
213201 7
213714 7
213763 28
213779 25
214100 25
214261 30
214312 25
214341 7
214381 19
214401 3
214411 25
214414 16
214415 28
214421 25
214430 22
214441 13
214445 7
215205 21
215206 2
215207 16
215208 7
215301 19
215302 28
215381 22
215411 16
215431 7
215471 16
215481 32
215495 25
215496 13
215497 4
215734 7
215762 25
215785 22
215794 25
217701 7
217703 22
217707 25
217734 22
217751 22
217775 25
217781 25
218100 19
218101 10
218233 28
218235 7
218321 13
218323 16
218351 7
218471 7
218475 25
218483 28
218486 28
219720 25
219731 22
225701 28
225703 7
225705 22
225720 25
226701 25
226709 22
226710 28
226801 19
226889 25
229123 25
229323 10
229352 0
229711 25
251211 6
251213 32
251261 13
251281 0
251312 6
251313 3
251333 10
251334 28
251361 1
251363 22
251371 28
251372 19
251374 32
251384 31
251411 7
251418 22
251437 16
251438 13
251451 16
251455 22
251457 4
251461 25
251475 28
251479 19
251701 19
251702 28
251703 22
251711 19
251714 28
251715 7
251717 22
251718 19
251745 7
251751 28
251752 7
251757 22
251758 19
251773 28
251783 7
251785 22
251790 25
252201 24
252211 7
252232 0
252282 18
252283 27
252285 27
252286 14
252301 16
252302 4
252317 31
252320 22
252322 7
252325 9
252327 7
252330 32
252342 28
252363 3
252420 19
252421 25
252424 10
252425 9
252426 22
252427 28
252444 10
252450 13
252455 25
252460 16
252489 15
252498 31
252702 25
252708 19
252723 22
252724 22
252741 22
252748 25
252781 28
252785 7
252789 25
252791 25
253303 22
253314 19
253315 28
253432 3
253455 28
253456 7
253481 22
253701 22
253715 25
253717 16
253722 28
253731 19
253732 25
253734 22
253735 4
253736 16
253748 19
253752 25
253754 7
254181 25
254205 28
254206 25
254211 12
254215 0
254216 15
254222 25
254231 19
254232 19
254252 7
254282 7
254302 9
254325 0
254333 22
254372 31
254421 7
254425 28
254426 13
254435 3
254436 28
254438 25
254439 22
254441 16
254442 28
254451 19
254456 25
254457 12
254458 22
254459 4
254461 13
254471 10
254473 13
254492 22
254494 7
254700 25
254702 19
254703 28
254710 7
254711 22
254734 16
254770 28
254777 22
254804 19
254875 7
255201 6
255215 24
255251 16
255290 31
255300 22
255320 5
255321 6
255330 7
255359 30
255415 1
255417 25
255420 3
255422 19
255424 13
255430 30
255432 16
255434 31
255437 32
255438 25
255439 32
255441 13
255447 0
255449 28
255454 25
255460 9
255462 9
255464 10
255471 20
255492 4
255499 6
255712 7
255722 19
255734 19
255739 28
255750 22
255764 7
255766 28
255770 25
255771 25
255772 22
255786 16
255791 22
255830 25
256100 26
256212 7
256271 10
256281 19
256316 9
256333 28
256373 19
256383 4
256412 3
256415 10
256441 13
256457 7
256462 16
256473 28
256700 7
256761 22
256762 25
259103 17
259104 13
259106 5
259107 22
259108 18
259109 11
259201 28
259203 25
260312 22
260404 28
260413 28
260424 25
260434 7
260717 22
260772 25
261103 31
261111 13
261200 16
261210 18
261212 15
261216 25
261217 32
261304 6
261305 13
261335 30
261336 3
261342 9
261343 28
261361 28
261405 22
261406 28
261434 4
261447 13
261456 16
261457 32
261458 10
261461 19
261469 25
261494 0
261497 15
261499 7
261701 22
261702 28
261706 19
261735 7
261739 22
261753 7
261754 7
261767 22
261769 22
261791 25
263701 28
263702 7
263720 19
263746 22
263760 25
263771 19
264701 28
264706 7
264707 19
264710 22
264741 22
264791 7
266703 25
268721 22
269101 25
269102 28
269200 28
269201 22
269202 25
269340 25
269430 7
269462 12
269470 28
269497 25
270701 7
270702 22
270711 22
270791 22
301254 13
305202 16
311352 28
318322 19
318351 1
320351 7
321251 7
324703 25
328310 19
328313 7
330110 16
330111 7
351100 6
351201 25
351202 13
351301 18
351321 31
351331 10
351410 25
351441 3
351442 22
351451 10
351463 28
351466 13
352301 10
352311 22
352321 7
352323 0
352332 22
352422 19
352431 25
353301 28
353421 25
353431 25
353451 7
353452 22
354311 28
356100 27
356101 12
356102 3
356202 22
356210 28
356212 31
356303 28
356304 22
356306 25
356312 22
356361 7
356412 16
356414 22
356416 25
356432 22
356441 7
356442 7
356443 22
356471 25
356496 22
357101 11
357110 17
357210 22
357322 28
357360 16
357417 19
357441 3
357491 22
359202 30
359203 1
359204 19
359206 28
359301 16
359311 6
359405 4
359409 22
359410 19
359413 7
359414 25
359421 31
359431 19
359451 28
360100 23
360210 6
360400 10
360402 7
360404 28
360407 25
360411 16
360431 22
360460 19
360470 7
361210 30
361214 22
361301 25
361321 16
361351 22
361453 13
361461 7
361471 25
363210 32
365301 28
365321 19
365331 13
365421 7
365427 25
365428 22
368200 7
368317 16
368331 13
368412 22
368433 22
368441 7
368487 10
400110 26
400211 28
401382 16
403382 22
406385 25
406395 4
409281 4
409292 16
411281 19
411291 28
415291 31
420281 22
421281 25
421291 10
421385 31
421395 10
423382 13
428382 19
461100 19
461170 30
461471 28
461472 19
461511 19
461527 10
461529 28
462130 17
462541 10
462587 31
462588 19
463251 31
463311 13
463331 19
463341 16
463353 25
463402 16
463433 7
463455 10
463491 4
463503 22
463504 4
463545 13
463556 7
463558 16
464301 22
464311 28
464341 7
464401 19
464413 22
464441 28
464443 25
464444 13
464445 4
464501 28
464502 25
464503 13
464509 19
464510 19
464541 7
464542 25
464544 22
464549 10
466141 10
501301 13
501302 16
502211 19
502311 25
503402 18
504302 19
506303 3
506361 32
507402 31
508203 9
508207 25
508303 7
509402 10
510201 13
510202 22
510307 25
510411 16
510414 22
510415 13
510416 4
510417 7
512303 22
512402 28
513111 28
513114 32
513223 28
513224 22
513283 7
513315 28
513324 22
513328 25
513363 10
513371 16
513412 16
513429 19
513445 28
513451 7
513471 25
514211 22
514241 7
514317 22
514323 13
514335 28
514341 25
514343 19
514381 4
514383 10
514395 16
514397 7
514425 28
514442 7
514451 16
514453 22
514466 19
514475 25
515201 22
515250 28
515307 7
515312 16
515334 25
515361 13
515364 4
515370 25
515376 28
515403 22
515490 25
551461 16
552216 25
552217 7
552222 25
553312 31
554314 19
555313 28
556311 16
557433 28
558411 19
558432 7
558442 22
561312 25
562211 25
571115 31
601201 15
601302 10
601321 25
601322 10
601341 4
601344 28
601351 16
601422 12
601427 7
601428 28
601452 25
601460 13
601462 22
601702 7
601731 28
601758 25
601765 7
601767 19
602100 32
602102 15
602111 28
602211 19
602315 3
602321 30
602322 15
602431 3
602432 25
602441 16
602464 19
602731 22
602761 25
603211 16
603322 3
603332 10
603352 13
603371 16
603421 25
603441 16
603453 19
603465 4
603471 13
603494 22
603495 28
603711 7
603723 22
603731 25
604304 13
604305 28
604312 28
604313 31
604351 12
604352 7
604412 31
604414 19
604416 10
604422 28
604441 16
604451 3
604711 7
604715 22
604731 25
605201 25
605204 0
605301 3
605313 28
605314 22
605321 6
605322 19
605341 22
605412 16
605432 10
605446 13
605459 22
605461 25
605476 7
605701 7
605702 22
605713 25
605751 25
606231 28
606242 22
606244 0
606263 7
606343 13
606362 28
606363 7
610114 23
651105 3
651109 25
651120 32
651210 7
651311 28
651312 7
651315 25
651316 22
701101 19
701181 3
701182 25
701183 9
701201 28
701211 25
701281 0
701313 20
701321 14
701331 0
701342 1
701344 25
701402 28
701403 32
701407 22
701409 19
701425 3
701455 7
701494 25
702101 24
702205 4
702211 19
702312 19
702313 31
702316 28
702318 22
702341 10
702351 19
702411 16
702416 28
702418 10
702423 13
702431 7
703103 31
703202 18
703204 31
703243 2
703244 6
703305 6
703308 32
703311 18
703313 22
703322 16
703324 16
703330 10
703331 12
703345 13
703352 13
703391 22
703404 19
703412 7
703435 31
703447 28
703454 16
703498 25
703499 25
704101 28
704141 7
704201 22
704345 25
705191 31
705211 15
705311 15
705329 22
705331 18
705351 31
705411 18
705437 20
705441 18
705442 24
705444 27
705492 28
705499 22
751100 25
751101 9
751102 0
751106 25
751202 27
751209 1
751301 9
751302 9
751303 30
751304 25
751305 32
751308 28
751309 28
751321 7
751326 16
751327 3
751330 11
751345 25
751401 10
751403 9
751405 16
751408 13
751413 22
751419 22
751421 25
751422 28
751424 25
751428 3
751443 31
751447 22
751451 19
751701 25
751702 22
751703 7
751704 7
751705 19
751706 25
751708 7
751712 19
751718 28
751724 22
751726 28
751751 28
801100 9
801201 0
801225 10
801235 7
801321 22
801324 19
801331 13
801333 7
801334 7
801336 16
801421 22
801471 28
801481 25
803121 28
803123 25
803231 7
803331 22
803360 7
803431 22
851100 12
851104 19
851105 27
851108 3
851200 7
851201 20
851202 28
851243 0
851251 18
851262 25
851273 13
851305 18
851306 32
851309 26
851342 7
851352 30
851354 17
851355 3
851360 16
851362 18
851375 20
851376 10
851400 6
851404 14
851407 19
851441 25
851462 3
852100 32
852101 19
852102 4
852103 16
852201 13
852202 22
852203 7
852204 25
951100 26
951102 27
951106 31
951124 0
951203 22
951302 10
951323 16
951331 19
951344 25
951348 7
951352 22
951497 25
953103 28
953111 28
953212 25
953231 25
953233 28
953261 13
953321 19
953322 3
953331 22
953361 10
953421 28
953444 25
953494 22
953495 25
954100 9
954244 31
954246 28
954310 15
954370 25
954374 16
954410 28
954413 22
954416 31
954426 19
954443 19
954449 22
954462 32
954464 10
954471 9
954477 4
954491-001 28
954491-002 3
954491-003 3
954491-004 25
954498 13
955102 16
955103 19
955104 25
958111 25
958201 28
958221 19
958225 10
958261 0
958373 16
