001101 1
001102 1
001112 6
001118 22
001201 1
001202 28
001210 23
001222 18
001223 2
001224 29
001225 13
001226 15
001227 6
001228 30
001229 13
001230 26
001231 18
001234 13
001250 9
001291 15
001292 15
001310 12
001311 16
001312 9
001314 25
001320 13
001321 18
001323 12
001330 4
001341 19
001342 3
001352 0
001355 22
001361 15
001362 16
001410 28
001423 28
001440 18
001445 13
001447 15
001471 10
001472 19
002102 10
002111 22
002191 31
002192 19
002202 28
002230 10
002260 7
002302 28
002311 3
002321 13
002331 19
002362 22
002402 10
002441 25
002471 16
002472 22
003101 4
003102 10
003191 27
003202 12
003332 25
003414 19
003421 22
003436 28
003454 10
004282 28
004465 24
004470 31
004472 10
004474 22
004476 19
006103 27
006126 16
006226 32
006241 4
006253 31
006307 19
006326 19
006330 16
006349 12
006443 18
006448 10
006454 19
006475 22
008214 16
008314 28
008326 28
008402 4
008411 28
009103 23
009213 25
009234 22
009236 4
009254 13
009301 15
009344 13
009355 21
009356 25
009358 10
009363 3
009446 28
011100 19
011101 21
011151 4
011154 4
011156 18
011157 31
011251 27
011268 10
011269 15
011276 16
011277 28
011278 32
011355 15
011367 19
011457 21
011479 13
012173 4
012174 25
012200 28
012374 16
012475 9
013103 27
013110 4
013203 10
013204 3
013207 4
013208 15
013209 22
013216 19
013217 27
013301 28
013303 0
013306 24
013321 13
013335 10
013337 13
013410 13
013413 25
013428 22
013431 10
013432 4
013433 4
014211 10
014270 19
014310 10
014311 31
014323 18
014370 28
014371 19
014383 10
014401 25
014422 13
014423 25
014471 19
014481 13
014483 28
015101 32
015102 16
016101 4
016102 10
017101 19
017102 10
017111 22
017231 16
018104 22
018112 9
018114 24
018126 13
018204 28
018271 4
018323 10
018352 25
018372 25
018467 10
018471 25
019101 25
019104 32
019105 28
019106 22
019112 10
019204 16
019205 4
019206 3
019212 22
019222 28
019332 19
019351 25
019362 22
019371 10
019373 19
019441 28
020101 28
020102 32
020212 31
020231 32
020232 28
020261 22
021101 25
021102 28
021203 10
021204 4
021270 10
024752 28
025110 19
025310 10
025481 25
026101 26
026102 10
026111 3
026112 16
026201 24
029732 10
030101 30
050100 28
050103 16
050104 4
050106 5
050112 32
050113 19
051302 3
051304 10
051306 4
051310 22
051313 19
051418 28
052203 22
052310 10
052314 22
052323 7
052331 28
052350 4
052351 10
052353 18
052355 21
052400 18
052417 21
052419 16
052422 16
052442 22
052447 15
052448 19
052449 25
053713 28
054821 28
055702 22
055734 25
055739 10
055757 28
057121 32
057122 32
057123 16
057125 3
057126 18
057127 29
057128 14
057129 21
057130 31
057131 15
057132 3
057133 31
057134 25
057135 4
057136 28
057137 19
057138 18
057139 3
057213 13
057283 4
057286 22
057287 31
057290 19
057295 22
057297 7
057298 19
057301 25
057302 21
057305 12
057316 16
057366 4
057401 13
057404 25
057407 22
057411 16
057413 10
057419 28
057427 31
057428 31
059405 28
059419 27
061103 22
061106 4
061201 4
061223 31
061224 10
061306 32
061307 28
061312 22
061313 12
061403 16
061405 25
062200 25
062210 10
062320 19
062343 10
062499 25
063201 16
064204 7
064231 10
064331 28
064411 16
064412 25
064421 10
064422 28
064423 25
064424 27
064430 22
064474 22
065120 9
065121 22
065211 19
065212 7
065311 28
065320 28
065333 13
065420 19
065435 10
065436 28
065437 10
065438 28
065797 28
066222 25
066324 16
066412 22
066414 10
067201 19
067203 7
067311 22
067371 16
067433 7
067435 15
067436 22
067491 16
070200 13
070201 19
070301 10
070303 10
070305 19
070401 10
070411 22
070413 18
070414 19
070416 28
070792 28
071411 10
071412 10
071414 4
071415 25
071416 15
071418 4
071419 19
071420 22
071423 25
071426 32
073721 28
074100 0
074101 24
074414 25
076425 28
076426 22
076427 25
076430 28
076444 19
076466 10
078444 21
078454 4
079220 10
099101 31
099102 13
099103 19
100104 22
100109 25
100110 7
100111 32
100112 15
100207 3
100220 15
100222 10
100228 4
100229 32
100230 22
100231 25
100233 19
100307 25
100308 12
100309 32
100310 28
100311 32
100312 19
100313 23
100314 2
100501 4
101201 7
101202 21
101205 24
101325 15
101405 10
101490 3
103271 31
104100 6
104302 19
104310 21
104320 22
104327 19
104334 19
104340 10
104435 25
104471 25
104490 19
109100 19
109114 19
112101 22
112105 10
112106 19
112109 25
112202 4
112205 16
112303 28
112321 4
112322 32
112406 10
112424 28
115301 10
115401 22
116301 10
116302 4
126101 3
126102 22
126212 28
126213 3
126214 19
126324 13
126326 19
126328 15
126330 18
126332 9
126400 12
126431 28
126436 4
126442 10
127100 16
127101 18
127202 10
127205 31
127313 3
127329 4
127330 22
127332 7
127333 13
127359 15
127411 18
127415 4
127416 0
127424 16
127433 10
127492 27
127493 28
127716 25
127720 10
127721 22
127727 28
128100 3
128101 3
128201 31
128304 18
128305 21
128306 21
128308 15
128310 13
128401 27
128423 28
128425 12
128427 22
128434 19
128443 25
128445 18
128451 3
128471 23
128481 4
128484 10
128700 10
128714 25
128727 28
128734 22
140101 28
140102 25
140103 27
140104 13
140105 31
152211 19
152301 10
152321 18
152331 7
154100 25
154104 20
154141 15
154152 31
154153 8
154173 19
154181 10
154251 21
154262 4
154276 13
154281 9
154301 4
154330 28
154431 10
154479 10
154492 28
159100 8
159101 27
159102 15
159151 6
159202 18
159204 31
159331 9
159351 28
159411 21
159434 25
160342 19
164261 22
164341 25
168100 21
168101 32
168410 10
176100 3
176101 21
176104 25
177103 19
177104 4
177113 32
177114 22
177141 19
177142 7
177181 10
177220 6
177222 15
177227 10
177228 25
177229 10
177300 21
177321 13
177332 24
177335 27
177336 19
177341 4
177361 19
177413 3
177420 22
177425 31
177429 15
177430 3
177431 9
177433 27
177441 10
177447 4
177460 25
177464 16
177465 16
177466 12
177470 12
177483 22
177491 9
177494 18
177495 25
179404 4
179406 25
179443 28
201100 24
201110 3
201114 22
201116 31
201117 32
201190 7
202100 13
202101 11
202102 12
202147 25
202231 18
202302 28
202303 22
202305 16
202311 28
202356 10
202362 4
202371 18
202405 18
202421 19
202432 13
202446 25
202461 10
202471 13
202475 19
202476 28
202484 10
202731 28
202744 25
202749 10
202802 10
202833 28
202843 10
203100 18
203104 19
203108 10
203111 26
203113 19
203114 12
203131 30
203132 6
203151 13
203152 9
203154 32
203158 31
203159 13
203162 18
203202 10
203204 15
203206 9
203208 21
203209 20
203211 22
203222 9
203223 19
203226 10
203232 7
203236 14
203250 25
203287 27
203300 27
203304 31
203316 9
203351 4
203352 12
203404 19
203413 28
203424 15
203425 10
203435 4
203459 22
203474 22
203708 10
203715 10
203719 28
203721 25
203725 10
203734 10
203735 28
203754 25
203775 10
203812 25
203825 10
203829 28
203879 28
204100 10
204101 18
204113 18
204123 18
204202 12
204217 22
204232 6
204251 22
204306 16
204315 7
204320 15
204333 15
204355 10
204362 21
204382 12
204422 13
204423 19
204424 28
204425 10
204443 25
204456 4
204482 18
204483 3
204490 22
204725 10
204735 28
204792 25
205100 3
205103 4
205105 28
205216 22
205232 18
205244 19
205252 15
205282 7
205324 10
205344 18
205358 22
205382 3
205421 3
205441 19
205473 28
205476 4
205731 25
205742 10
205764 25
205789 10
205796 28
206100 22
206103 31
206104 27
206108 10
206111 24
206112 5
206161 29
206162 15
206171 2
206172 29
206181 31
206182 27
206191 4
206203 31
206216 3
206217 16
206253 15
206255 25
206261 15
206266 15
206267 32
206281 4
206311 28
206313 10
206321 21
206324 23
206327 22
206331 18
206336 16
206341 28
206342 3
206362 16
206364 10
206367 15
206368 9
206370 24
206428 16
206435 22
206437 25
206457 12
206476 10
206481 18
206703 25
206714 25
206724 25
206734 28
206736 10
206737 10
206774 28
207104 30
207105 0
207106 12
207108 28
207109 31
207110 19
207116 21
207117 30
207118 25
207125 22
207162 19
207172 22
207181 21
207187 23
207188 31
207191 29
207195 7
207214 10
207302 12
207305 7
207306 31
207312 10
207321 4
207402 28
207408 19
207415 27
207442 28
207448 21
207481 25
207704 25
207706 10
207708 28
207712 28
207766 28
208101 6
208140 12
208141 10
208250 19
208263 8
208264 7
208272 19
208322 19
208345 4
208346 4
208353 31
208362 12
208373 19
208423 28
208444 21
208446 16
208460 19
208738 10
208772 28
208873 28
209203 3
209204 15
209252 25
209253 4
209262 16
209263 28
209270 16
209271 10
209272 22
209322 16
209332 16
209341 28
209352 19
209370 22
209376 10
209382 19
209424 28
209452 13
209454 28
209456 22
209466 16
209486 3
209712 25
209714 10
209716 10
209772 28
209787 25
210100 10
210200 25
210207 3
210221 22
210251 18
210276 10
210315 28
210331 19
210355 4
210432 10
210435 25
210463 16
210497 28
210702 28
210717 10
210741 10
210743 25
210744 10
210748 10
211100 16
211303 22
211312 25
211315 15
211318 16
211319 30
211341 10
211342 13
211444 4
211445 19
211446 28
211448 18
211449 3
211709 10
211843 28
212712 25
212721 10
212731 28
213706 28
213707 10
213708 25
213717 28
214301 19
214310 10
214340 3
214341 21
214352 28
214403 4
214412 10
214431 22
214491 16
215205 0
215206 12
215207 22
215208 4
215303 22
215311 25
215312 10
215313 28
215314 22
215401 25
215462 19
215482 3
215495 28
215497 10
215711 28
215742 28
217705 10
217708 28
217773 25
218100 32
218234 10
218236 16
218244 21
218262 28
218352 25
218362 16
218372 28
218382 4
218474 22
218481 4
218496 28
219741 10
219753 28
219766 25
219789 10
225702 22
225704 25
225706 10
225707 28
226703 28
226704 28
226711 25
226805 28
229223 18
229351 25
251100 31
251211 0
251213 28
251216 3
251242 4
251261 10
251292 18
251312 19
251313 3
251333 13
251334 16
251342 12
251361 13
251363 22
251371 10
251372 25
251374 28
251399 10
251411 19
251417 19
251434 9
251436 25
251451 10
251455 21
251456 28
251457 4
251461 21
251476 12
251477 22
251704 22
251707 28
251713 10
251716 25
251723 22
251724 28
251746 28
251748 25
251754 22
251760 25
251763 10
251765 28
251776 22
251781 28
251784 25
252210 24
252212 10
252222 16
252235 3
252281 3
252282 24
252283 19
252285 19
252311 18
252320 25
252328 15
252331 7
252353 10
252401 3
252402 25
252403 15
252404 12
252413 16
252420 18
252421 24
252422 13
252423 12
252427 4
252428 24
252429 3
252435 28
252440 22
252442 15
252443 9
252448 4
252450 16
252456 28
252459 22
252460 21
252479 21
252489 25
252706 25
252707 22
252727 28
252785 22
252789 25
252792 10
253215 3
253318 16
253321 3
253332 25
253416 10
253417 4
253423 10
253433 19
253441 19
253443 28
253451 16
253452 28
253454 22
253716 10
253721 28
253725 22
253734 19
253735 22
253747 10
253749 16
253752 22
253754 25
253791 25
254182 4
254200 21
254205 12
254206 31
254207 19
254211 29
254215 3
254216 0
254222 31
254231 27
254232 7
254271 4
254282 31
254302 24
254325 28
254334 15
254352 12
254362 28
254371 20
254373 16
254400 10
254411 3
254412 28
254415 28
254421 24
254422 13
254423 1
254424 3
254435 4
254441 9
254443 15
254445 13
254451 22
254452 12
254453 18
254454 28
254466 27
254476 10
254477 3
254478 21
254495 28
254701 28
254702 28
254721 28
254733 22
254737 28
254791 22
254816 10
254817 25
254857 25
255201 10
255210 21
255230 2
255300 25
255301 23
255316 0
255323 18
255328 31
255337 24
255340 27
255393 3
255422 16
255425 26
255429 24
255430 12
255431 22
255432 3
255433 10
255440 4
255442 18
255444 11
255445 21
255447 26
255451 28
255455 18
255462 12
255463 9
255471 16
255492 17
255497 19
255499 25
255714 10
255735 22
255750 10
255751 19
255769 28
255772 28
255783 25
256100 32
256271 22
256317 3
256318 18
256334 21
256418 28
256419 10
256441 16
256444 25
256456 4
256473 22
256474 22
256791 28
259103 26
259104 32
259106 28
259107 6
259108 30
259193 16
259195 10
259200 28
259201 9
259203 12
259401 21
260313 19
260334 22
260416 25
260421 28
260432 10
260702 10
261102 7
261111 7
261112 12
261113 19
261205 10
261207 3
261208 28
261214 22
261215 18
261218 9
261305 21
261306 16
261332 10
261342 22
261343 28
261361 19
261421 10
261430 18
261433 25
261438 10
261444 3
261446 19
261447 22
261448 13
261449 25
261453 28
261465 28
261473 28
261479 10
261494 4
261497-002 25
261497-008 28
261497-802 10
261497-808 28
261499 12
261736 28
261738 22
261745 10
261751 22
261752 28
261755 25
261763 25
261781 25
261795 28
261891 22
263710 19
263721 28
263724 22
263745 25
263751 10
264702 22
264705 28
264709 25
264755 10
265706 22
265709 28
265710 25
266801 28
268732 10
268735 22
268741 25
269103 19
269105 4
269111 16
269130 22
269210 16
269341 10
269360 10
269370 4
269452 25
269498 4
270712 28
270721 22
305203 22
318322 3
329105 29
329106 0
330115 16
351100 19
351201 31
351302 16
351321 4
351364 31
351371 4
351425 13
351426 28
351464 10
352103 19
352311 6
352313 32
352314 25
352401 22
352412 4
352421 4
352422 3
352433 19
352441 10
353313 16
353418 10
353431 28
353441 4
353471 10
353482 25
354311 22
354312 28
355411 4
356100 7
356101 25
356102 20
356210 12
356261 25
356333 10
356361 7
356373 4
356374 16
356411 4
356414 25
356415 10
356416 25
356431 10
356432 28
356441 7
356442 13
356443 16
356444 21
356446 4
356447 13
356449 19
356451 22
356455 28
356471 32
356472 19
356474 4
356496 28
357101 27
357110 17
357210 15
357322 31
357323 25
357418 25
357421 28
357432 28
357441 19
357444 22
357446 19
359202 11
359205 16
359206 28
359302 9
359303 4
359305 13
359341 19
359350 25
359360 7
359380 28
359401 15
359403 13
359408 16
359422 28
359423 25
359452 10
359460 4
359461 32
359465 31
360100 21
360301 31
360304 7
360441 16
361210 22
361211 25
361214 10
361341 16
361413 7
361414 28
361421 22
361433 25
361442 31
361452 16
361461 10
361475 19
363210 4
363401 28
363402 28
365201 16
365211 10
365322 28
365324 7
365422 22
365425 19
365426 10
368211 25
368310 7
368412 25
368417 10
400110 32
400210 30
401281 12
401383 21
401391 12
403281 4
403383 10
406284 13
406294 16
406386 13
406396 28
408382 18
410381 15
413383 3
413391 9
415393 22
420282 19
421282 22
421292 25
421386 4
421396 16
422381 24
428281 10
428282 28
428381 25
428383 19
461170 19
461471 22
461472 16
461511 18
461523 10
461526 22
461527 22
461532 16
462130 16
462544 10
462587 13
462588 28
463201 10
463252 25
463331 25
463332 21
463342 10
463354 28
463433 12
463512 19
463513 22
463543 10
463544 16
463557 12
463559 25
463571 15
463592 13
464302 16
464312 19
464402 28
464403 4
464414 19
464442 10
464443 16
464445 19
464446 25
464500 19
464502 28
464504 10
464505 25
464506 22
464508 19
464545 22
464549 19
501201 4
501202 22
501305 22
501306 19
502313 9
502314 13
504202 28
504305 16
506202 19
508304 4
510306 28
512304 25
513113 7
513115 25
513212 28
513216 25
513217 19
513225 22
513284 10
513331 19
513343 10
513364 22
513373 28
513390 25
513411 10
513446 28
514202 25
514206 4
514222 19
514244 10
514272 13
514322 4
514336 25
514352 28
514358 16
514382 19
514384 13
514396 22
514398 10
514436 10
514462 28
514742 25
514752 10
515204 28
515205 22
515256 19
515257 25
515330 19
515337 13
515339 10
515362 3
515377 16
515378 28
515380 25
518724 28
518770 10
551461 28
552216 25
552217 10
552232 10
557433 22
558101 26
558411 25
558432 10
562101 0
562211 10
601201 10
601202 28
601231 16
601242 21
601342 13
601346 4
601351 16
601361 22
601423 25
601424 10
601431 28
601436 10
601452 18
601471 21
601472 4
601724 28
601731 25
601745 10
601769 25
601775 28
602100 18
602102 17
602103 31
602120 23
602121 0
602122 22
602301 19
602314 32
602421 7
602453 9
602454 28
602455 10
602461 19
602472 21
602741 28
602751 28
603200 16
603231 18
603321 22
603341 22
603396 4
603423 25
603496 19
603743 25
604101 4
604211 22
604311 13
604314 22
604315 6
604411 26
604415 13
604423 15
604431 19
604443 28
604454 16
605203 10
605302 7
605313 32
605315 31
605316 18
605321 28
605331 13
605340 28
605412 3
605413 19
605430 10
605476 3
605701 10
605711 28
605719 22
605742 25
606211 25
606243 31
606245 25
606264 22
606310 7
606341 19
606342 22
606344 25
606451 10
606452 28
610114 11
651210 19
651211 19
651212 4
651234 10
651306 19
651313 16
651314 19
651317 22
651319 28
651416 25
651425 10
701100 26
701181 18
701202 13
701235 3
701244 10
701283 27
701335 28
701408 10
701423 28
701496 28
702100 10
702101 5
702211 24
702312 28
702313 18
702317 26
702321 28
702331 13
702342 18
702354 4
702418 4
702443 9
702499 18
703103 19
703109 28
703202 30
703204 10
703243 19
703244 31
703309 9
703322 21
703324 13
703330 4
703331 6
703345 19
703351 16
703361 18
703413 28
703441 12
703499 10
705191 12
705211 9
705311 27
705328 22
705331 10
705332 15
705343 16
705431 21
705438 28
705440 28
705441 6
705442 3
705444 9
705447 4
705448 16
705499 22
751100 25
751101 11
751102 10
751106 10
751202 6
751209 8
751301 14
751302 4
751303 2
751305 15
751308 32
751309 17
751320 22
751326 10
751327 22
751330 21
751401 13
751403 14
751405 32
751408 25
751417 19
751418 12
751421 28
751422 10
751428 20
751440 16
751443 0
751701 19
751702 10
751703 25
751705 16
751706 10
751708 19
751716 16
751718 22
751719 22
751728 28
751734 25
751752 28
801100 30
801122 19
801134 10
801204 28
801233 32
801236 7
801241 19
801322 10
801334 25
801371 10
803122 10
803124 19
803131 22
803230 7
803232 31
803260 7
851100 19
851103 15
851104 27
851105 10
851201 28
851202 16
851204 10
851207 17
851241 10
851252 3
851253 12
851261 25
851263 12
851273 15
851305 31
851309 13
851345 12
851363 10
851366 28
851400 32
851404 25
851406 28
851407 21
851441 0
851462 18
851467 9
852100 4
951100 15
951231 10
951324 22
951344 19
951366 4
951421 19
951498-004 10
951498-007 10
951498-011 28
951498-015 28
951498-020 16
951498-021 25
953102 19
953111 11
953201 4
953202 7
953211 22
953214 28
953231 10
953232 18
953234 10
953323 18
953422 28
953494 16
954100 22
954140 0
954142 25
954143 4
954170 22
954240 25
954326 28
954340 18
954371 32
954374 16
954423 15
954462 25
954464 4
954472 28
954491-001 22
954491-002 10
954491-003 16
954498 19
955102 4
955104 19
