001101 13
001102 4
001111 4
001113 22
001201 1
001202 19
001210 14
001212 31
001218 15
001230 21
001231 18
001250 10
001291 9
001293 16
001310 12
001311 2
001312 16
001315 32
001318 18
001320 4
001321 22
001323 22
001330 4
001342 28
001353 9
001354 21
001362 24
001410 10
001423 7
001425 12
001443 16
001444 9
001445 4
001447 31
001461 19
001464 13
002101 16
002110 22
002191 32
002192 28
002201 4
002211 22
002221 16
002250 19
002301 19
002333 4
002351 10
002365 22
002372 25
002401 7
002441 25
002473 4
003101 16
003191 27
003201 16
003314 22
003320 4
003331 16
003414 27
003421 13
003436 4
004241 13
004301 7
004303 27
004324 22
004351 10
004432 25
004473 15
004475 28
006103 5
006126 28
006206 24
006226 10
006242 12
006253 31
006303 18
006307 27
006326 16
006330 25
006331 12
006344 10
006346 28
006355 22
006425 10
006432 4
006433 4
006443 7
006448 19
008214 22
008303 10
008314 22
008326 4
008411 4
008417 22
009103 23
009105 28
009212 19
009230 15
009231 31
009326 19
009425 4
009426 22
009431 19
011100 26
011151 25
011152 16
011153 28
011251 15
011257 32
011259 12
011269 29
011276 17
011353 5
011356 16
011358 21
011362 18
011374 4
011461 27
011464 25
011751 22
012100 16
012173 24
012200 20
012271 22
012272 4
012273 22
012371 16
012475 19
013103 24
013110 5
013203 31
013204 24
013206 7
013207 25
013217 19
013301 28
013302 12
013303 10
013304 27
013305 9
013306 0
013307 22
013317 9
013326 28
013329 19
013330 7
013335 16
013338 16
013420 22
013421 4
013422 4
013427 10
013433 16
013435 22
014210 28
014270 11
014310 12
014311 22
014322 28
014323 22
014325 27
014370 27
014371 7
014382 9
014390 4
014401 25
014410 13
014421 10
015101 16
016101 32
016232 25
017101 17
017102 25
017111 16
017201 25
017210 10
018103 7
018111 11
018113 25
018125 4
018203 22
018211 28
018213 7
018231 16
018235 4
018271 6
018301 19
018335 4
018351 22
018353 16
018421 4
018433 10
018435 28
018436 31
018438 22
018451 25
018465 7
018467 19
018471 25
019101 17
019103 28
019105 25
019106 19
019108 16
019111 22
019203 10
019205 16
019206 10
019208 7
019211 22
019221 24
019303 4
019311 27
019331 12
019361 19
019373 25
019381 32
019411 10
019442 16
019471 19
019473 4
020101 26
020102 25
020211 15
020231 22
020311 19
020321 0
020333 10
020341 27
020362 25
020363 28
020412 7
020421 28
020481 4
021101 16
021102 10
021203 24
021204 25
021270 22
025108 4
025480 22
026101 11
026102 25
026111 28
026112 7
026201 16
026271 16
029701 16
029703 22
029711 4
030101 10
050100 31
050103 30
050104 9
050106 21
050111 3
051302 22
051304 13
051306 25
051310 16
051313 25
051418 9
052201 25
052202 22
052352 24
052357 22
052420 4
052441 4
052443 25
052445 19
052447 22
052466 10
053712 16
053713 25
053770 16
054810 25
054870 16
055701 22
055703 7
055704 4
055706 25
055707 16
055713 7
055733 22
055734 16
055757 25
055771 22
055797 4
057121 12
057123 19
057125 22
057126 0
057127 27
057128 25
057129 28
057130 27
057131 22
057132 16
057133 32
057134 9
057135 16
057136 25
057137 17
057138 16
057139 31
057140 7
057201 28
057205 1
057213 7
057215 13
057274 22
057284 4
057285 22
057288 16
057293 24
057294 7
057296 19
057300 12
057302 25
057305 10
057316 16
057351 10
057366 16
057403 4
057404 0
057405 13
057410 28
057411 31
057420 25
057426 16
057428 32
059413 31
059419 32
061103 22
061106 25
061201 16
061223 9
061224 7
061306 22
061307 16
061317 13
061319 22
061403 0
061404 4
061407 22
061430 4
062200 7
062210 16
062343 28
062411 25
062452 1
062460 10
062470 4
062499 13
063201 9
063702 25
063704 16
063710 4
064204 12
064232 16
064251 19
064252 16
064303 22
064331 13
064392 25
064412 22
064418 27
064423 16
064424 13
064430 10
064474 22
064490 16
065210 19
065212 22
065310 4
065311 27
065320 10
065332 32
065421 4
065435 28
065436 16
065437 13
065438 19
065797 22
066221 16
066323 28
066410 25
066416 13
066421 7
066425 16
067202 16
067303 10
067311 28
067372 4
067373 13
067432 19
069712 16
070200 4
070304 28
070305 13
070403 22
070404 19
070410 16
070411 7
070416 4
070711 25
070720 16
070721 4
070740 22
070741 22
071411 22
071412 22
071413 16
071415 19
071416 16
071418 16
071419 28
071422 10
071423 1
071425 25
071712 16
071715 25
071730 13
071736 7
071738 25
071811 25
073711 16
073721 25
073770 25
074100 26
074101 24
074414 9
076425 4
076427 22
076430 25
076444 13
076466 19
078444 10
078454 27
079169 19
079220 22
079264 4
091700 4
091800 4
099100 9
099101 1
099102 24
100102 19
100109 27
100110 30
100111 25
100112 28
100207 19
100213 16
100214 16
100220 16
100222 16
100225 13
100228 22
100229 7
100230 31
100231 13
100233 16
100281 18
100306 22
100307 25
100308 16
100309 10
100310 24
100311 3
100312 31
100313 19
100314 7
100501 7
101100 28
101105 4
101201 11
101211 22
101400 10
101405 16
103112 25
103191 22
103271 25
104200 22
104201 10
104300 7
104301 12
104325 16
104410 4
104424 22
104495 31
105304 10
109100 0
109115 10
112101 25
112102 22
112103 25
112108 16
112110 22
112201 28
112203 19
112213 22
112300 13
112314 4
112411 22
112412 16
115200 22
115300 25
115301 28
115302 13
116301 13
116302 22
116400 16
126101 0
126216 31
126321 31
126326 13
126333 28
126334 0
126428 13
126432 27
126443 24
127100 21
127101 17
127203 28
127204 10
127207 12
127303 16
127312 22
127314 24
127315 22
127316 6
127326 10
127337 0
127711 25
127717 22
127718 16
127719 4
127727 22
127728 4
128100 25
128101 22
128202 13
128203 21
128204 6
128307 27
128309 22
128334 24
128354 4
128355 4
128403 7
128701 25
128710 16
128730 4
128740 22
128762 22
140101 22
140102 22
140103 22
140104 2
140105 22
152211 12
152301 24
152321 4
154104 16
154141 22
154151 25
154231 22
154261 28
154262 31
154281 26
154311 31
154330 18
154353 22
154375 13
154377 12
154384 4
154388 28
154443 16
154455 9
154457 4
154481 28
154488 16
154493 13
154494 22
159100 19
159101 6
159151 22
159203 25
159221 30
159231 13
159301 22
159303 31
159305 7
159332 16
159356 22
159362 27
159403 22
159411 9
159431 24
159454 13
160341 32
164200 9
164341 16
168100 25
168101 32
168222 16
176100 25
176101 32
176104 25
176220 20
177103 29
177214 21
177215 12
177216 28
177217 10
177281 3
177283 16
177285 16
177321 28
177330 22
177341 10
177362 28
177393 16
177401 27
177404 4
177405 9
177414 24
177426 15
177427 13
177430 10
177434 19
177446 21
177450 31
177463 12
177464 22
177465 7
177467 25
177468 22
177481 12
177494 27
179402 7
179403 32
201100 27
201110 17
201114 19
201115 21
201116 32
201117 4
201190 4
202100 16
202101 24
202141 1
202143 19
202145 32
202184 21
202231 21
202260 19
202305 13
202311 32
202332 0
202334 28
202342 22
202361 32
202371 4
202434 4
202438 24
202443 19
202473 9
202474 4
202477 28
202481 16
202495 22
202742 4
202765 16
202776 22
202782 22
202833 22
202848 22
202873 4
203100 11
203103 22
203111 5
203116 7
203151 18
203162 7
203171 4
203201 7
203203 3
203204 22
203206 12
203207 7
203208 4
203209 5
203222 9
203226 2
203231 22
203235 13
203236 22
203255 16
203303 12
203315 4
203323 16
203324 31
203331 7
203332 24
203333 19
203351 28
203352 25
203405 22
203406 7
203414 28
203423 7
203431 19
203434 10
203458 25
203471 4
203475 25
203705 16
203709 4
203714 16
203716 25
203722 25
203743 4
203753 22
203807 25
203821 4
203828 16
203879 25
203889 25
204100 8
204101 8
204111 27
204123 17
204202 7
204211 12
204216 22
204231 7
204251 4
204321 9
204325 0
204335 16
204341 6
204361 15
204365 4
204381 16
204383 4
204432 12
204435 22
204442 16
204451 21
204452 22
204453 25
204471 28
204712 25
204721 4
204732 16
204764 22
205100 24
205103 27
205104 7
205105 24
205235 12
205239 19
205275 12
205303 27
205337 19
205355 4
205393 28
205415 4
205421 4
205461 16
205464 10
205475 19
205479 7
205483 28
205486 22
205496 31
205712 4
205735 22
205761 25
205783 16
206100 28
206101 16
206103 28
206104 13
206107 28
206108 22
206111 30
206112 32
206113 22
206161 9
206162 30
206171 30
206172 23
206181 27
206191 16
206203 9
206207 12
206211 9
206216 25
206217 28
206261 8
206267 22
206281 17
206300 22
206321 0
206324 6
206325 12
206327 28
206328 24
206331 31
206336 18
206341 19
206355 6
206362 27
206370 25
206381 16
206412 4
206436 32
206437 9
206441 24
206455 16
206707 16
206713 4
206720 28
206721 16
206730 16
206736 22
206738 22
206739 4
206743 7
206753 22
206766 7
206783 22
207100 16
207103 22
207105 32
207106 19
207107 19
207109 9
207115 15
207117 28
207123 10
207131 28
207135 28
207164 22
207171 25
207173 16
207174 25
207183 16
207187 9
207203 21
207205 28
207208 15
207213 19
207308 25
207310 16
207313 12
207323 4
207348 32
207401 28
207403 10
207406 22
207416 22
207419 16
207422 19
207436 4
207701 4
207703 25
207705 16
207711 22
207741 22
207743 4
207808 22
208101 18
208140 22
208150 16
208250 10
208251 22
208263 20
208265 7
208270 22
208271 20
208272 10
208280 28
208321 3
208329 21
208343 13
208348 27
208370 7
208383 9
208425 19
208439 22
208440 16
208469 10
208711 25
208760 16
208761 22
208770 4
208871 16
208872 4
209201 25
209251 28
209301 27
209302 19
209303 10
209331 25
209351 31
209358 1
209361 28
209368 4
209375 4
209403 25
209442 22
209451 9
209453 28
209461 4
209463 22
209471 28
209483 4
209485 16
209703 7
209705 7
209707 25
209709 28
209711 25
209713 16
209722 25
209731 16
209771 22
209773 4
209779 16
209785 28
210100 28
210201 10
210202 12
210204 18
210343 10
210351 28
210383 4
210425 19
210433 0
210434 7
210453 7
210465 19
210485 7
210703 25
210704 16
210705 4
210707 22
210723 22
210731 4
211100 9
211311 19
211315 8
211319 28
211413 22
211440 19
211442 4
211443 16
211495 7
211702 4
211889 22
212701 25
212703 16
212711 4
212721 22
212741 22
213201 22
213714 16
213763 25
213779 22
214100 10
214261 3
214312 22
214341 10
214381 25
214401 13
214411 7
214414 19
214415 24
214421 22
214430 4
214441 10
214445 19
215205 8
215206 3
215207 31
215208 22
215301 28
215302 19
215381 10
215411 22
215431 16
215471 7
215481 21
215495 4
215496 24
215497 32
215734 16
215762 22
215785 4
215794 22
217701 25
217703 16
217707 4
217734 4
217751 4
217775 22
217781 22
218100 17
218101 28
218233 25
218235 22
218321 31
218323 25
218351 22
218471 16
218475 4
218483 7
218486 22
219720 4
219731 25
225701 25
225703 16
225705 4
225720 22
226701 4
226709 22
226710 22
226801 7
226889 22
229123 22
229323 24
229352 4
229711 22
251211 14
251213 28
251261 7
251281 24
251312 22
251313 4
251333 19
251334 28
251361 6
251363 25
251371 0
251372 19
251374 31
251384 16
251411 22
251418 7
251437 4
251438 16
251451 25
251455 4
251457 13
251461 10
251475 19
251479 13
251701 7
251702 25
251703 4
251711 7
251714 25
251715 16
251717 4
251718 4
251745 16
251751 7
251752 25
251757 16
251758 4
251773 7
251783 25
251785 16
251790 22
252201 27
252211 18
252232 24
252282 19
252283 25
252285 32
252286 25
252301 22
252302 6
252317 32
252320 25
252322 4
252325 19
252327 4
252330 31
252342 4
252363 28
252420 12
252421 4
252424 9
252425 21
252426 22
252427 25
252444 18
252450 13
252455 16
252460 24
252489 10
252498 18
252702 22
252708 7
252723 4
252724 4
252741 4
252748 22
252781 25
252785 16
252789 22
252791 22
253303 13
253314 28
253315 4
253432 4
253455 28
253456 19
253481 28
253701 4
253715 22
253717 13
253722 25
253731 7
253732 22
253734 4
253735 28
253736 13
253748 7
253752 22
253754 16
254181 21
254205 13
254206 18
254211 32
254215 4
254216 4
254222 16
254231 15
254232 9
254252 28
254282 28
254302 22
254325 10
254333 31
254372 24
254421 0
254425 22
254426 19
254435 28
254436 22
254438 16
254439 4
254441 9
254442 25
254451 6
254456 13
254457 16
254458 4
254459 32
254461 28
254471 30
254473 25
254492 22
254494 25
254700 22
254702 7
254703 25
254710 16
254711 4
254734 13
254770 25
254777 4
254804 7
254875 16
255201 28
255215 31
255251 12
255290 16
255300 27
255320 18
255321 24
255330 6
255359 15
255415 30
255417 28
255420 13
255422 31
255424 7
255430 21
255432 22
255434 9
255437 15
255438 28
255439 25
255441 25
255447 19
255449 4
255454 4
255460 1
255462 10
255464 0
255471 16
255492 13
255499 28
255712 7
255722 25
255734 25
255739 22
255750 22
255764 22
255766 7
255770 16
255771 16
255772 4
255786 7
255791 4
255830 22
256100 21
256212 21
256271 12
256281 22
256316 24
256333 32
256373 27
256383 25
256412 4
256415 19
256441 13
256457 22
256462 28
256473 7
256700 16
256761 4
256762 22
259103 22
259104 24
259106 3
259107 14
259108 12
259109 21
259201 29
259203 10
260312 4
260404 7
260413 22
260424 16
260434 25
260717 4
260772 22
261103 22
261111 7
261200 16
261210 4
261212 28
261216 13
261217 25
261304 24
261305 16
261335 22
261336 15
261342 0
261343 31
261361 4
261405 7
261406 19
261434 1
261447 13
261456 10
261457 32
261458 22
261461 12
261469 12
261494 4
261497 28
261499 25
261701 4
261702 25
261706 7
261735 16
261739 4
261753 16
261754 16
261767 4
261769 4
261791 22
263701 25
263702 16
263720 7
263746 4
263760 22
263771 7
264701 7
264706 25
264707 4
264710 4
264741 16
264791 16
266703 22
268721 4
269101 22
269102 16
269200 4
269201 25
269202 13
269340 25
269430 13
269462 27
269470 4
269497 16
270701 16
270702 4
270711 4
270791 4
301254 10
305202 7
311352 31
318322 7
318351 1
320351 22
321251 22
324703 22
328310 19
328313 4
330110 6
330111 1
351100 16
351201 12
351202 27
351301 12
351321 24
351331 3
351410 10
351441 25
351442 16
351451 19
351463 22
351466 13
352301 7
352311 4
352321 25
352323 0
352332 16
352422 9
352431 22
353301 13
353421 22
353431 22
353451 13
353452 16
354311 24
356100 26
356101 32
356102 17
356202 16
356210 19
356212 4
356303 25
356304 4
356306 22
356312 16
356361 4
356412 10
356414 16
356416 16
356432 4
356441 4
356442 19
356443 13
356471 22
356496 4
357101 27
357110 9
357210 25
357322 4
357360 19
357417 28
357441 10
357491 13
359202 6
359203 13
359204 4
359206 22
359301 24
359311 13
359405 7
359409 4
359410 10
359413 25
359414 19
359421 19
359431 22
359451 16
360100 15
360210 10
360400 4
360402 25
360404 25
360407 22
360411 13
360431 16
360460 4
360470 25
361210 10
361214 16
361301 22
361321 19
361351 31
361453 27
361461 25
361471 22
363210 19
365301 28
365321 10
365331 13
365421 7
365427 22
365428 16
368200 13
368317 28
368331 27
368412 16
368433 16
368441 22
368487 13
400110 7
400211 32
401382 7
403382 16
406385 4
406395 13
409281 28
409292 13
411281 7
411291 25
415291 1
420281 16
421281 4
421291 19
421385 19
421395 10
423382 28
428382 25
461100 18
461170 16
461471 28
461472 7
461511 28
461527 10
461529 7
462130 22
462541 10
462587 10
462588 28
463251 13
463311 16
463331 22
463341 13
463353 10
463402 19
463433 25
463455 13
463491 31
463503 16
463504 19
463545 25
463556 4
463558 22
464301 25
464311 4
464341 7
464401 1
464413 4
464441 22
464443 10
464444 7
464445 16
464501 4
464502 22
464503 7
464509 28
464510 28
464541 25
464542 16
464544 13
464549 1
466141 31
501301 4
501302 25
502211 13
502311 1
503402 10
504302 28
506303 13
506361 7
507402 19
508203 9
508207 13
508303 22
509402 28
510201 13
510202 22
510307 31
510411 1
510414 4
510415 22
510416 7
510417 25
512303 7
512402 16
513111 9
513114 7
513223 25
513224 16
513283 4
513315 25
513324 16
513328 22
513363 28
513371 10
513412 7
513429 25
513445 16
513451 4
513471 22
514211 25
514241 16
514317 7
514323 19
514335 13
514341 4
514343 22
514381 28
514383 1
514395 10
514397 16
514425 7
514442 16
514451 13
514453 4
514466 25
514475 22
515201 4
515250 19
515307 16
515312 13
515334 19
515361 22
515364 4
515370 4
515376 25
515403 16
515490 4
551461 13
552216 22
552217 16
552222 22
553312 7
554314 25
555313 4
556311 22
557433 7
558411 25
558432 4
558442 22
561312 16
562211 22
571115 22
601201 10
601302 0
601321 10
601322 28
601341 9
601344 4
601351 22
601422 7
601427 16
601428 25
601452 10
601460 13
601462 22
601702 16
601731 25
601758 4
601765 16
601767 25
602100 25
602102 3
602111 22
602211 22
602315 32
602321 7
602322 31
602431 9
602432 13
602441 4
602464 16
602731 4
602761 22
603211 31
603322 19
603332 10
603352 28
603371 7
603421 16
603441 13
603453 28
603465 7
603471 25
603494 4
603495 22
603711 16
603723 4
603731 22
604304 18
604305 12
604312 24
604313 21
604351 13
604352 27
604412 1
604414 4
604416 25
604422 19
604441 22
604451 16
604711 16
604715 22
604731 4
605201 22
605204 19
605301 24
605313 4
605314 28
605321 16
605322 13
605341 12
605412 28
605432 13
605446 19
605459 16
605461 22
605476 4
605701 16
605702 4
605713 22
605751 22
606231 22
606242 13
606244 19
606263 32
606343 7
606362 4
606363 22
610114 16
651105 16
651109 13
651120 16
651210 22
651311 25
651312 4
651315 22
651316 16
701101 7
701181 18
701182 4
701183 15
701201 4
701211 25
701281 22
701313 28
701321 4
701331 21
701342 31
701344 22
701402 4
701403 19
701407 16
701409 4
701425 7
701455 13
701494 22
702101 18
702205 10
702211 13
702312 6
702313 17
702316 28
702318 9
702341 10
702351 25
702411 4
702416 22
702418 19
702423 13
702431 16
703103 24
703202 28
703204 13
703243 12
703244 13
703305 4
703308 30
703311 21
703313 22
703322 24
703324 10
703330 9
703331 19
703345 16
703352 7
703391 31
703404 24
703412 4
703435 10
703447 12
703454 0
703498 28
703499 4
704101 25
704141 4
704201 16
704345 22
705191 22
705211 3
705311 10
705329 18
705331 4
705351 24
705411 12
705437 28
705441 25
705442 9
705444 31
705492 4
705499 22
751100 10
751101 20
751102 22
751106 21
751202 9
751209 5
751301 11
751302 25
751303 31
751304 16
751305 16
751308 15
751309 12
751321 22
751326 13
751327 28
751330 4
751345 18
751401 6
751403 15
751405 32
751408 22
751413 21
751419 4
751421 0
751422 4
751424 22
751428 10
751443 7
751447 25
751451 13
751701 22
751702 16
751703 25
751704 25
751705 7
751706 22
751708 25
751712 7
751718 4
751724 16
751726 4
751751 4
801100 9
801201 22
801225 7
801235 16
801321 22
801324 13
801331 28
801333 16
801334 4
801336 4
801421 7
801471 22
801481 13
803121 22
803123 25
803231 16
803331 22
803360 4
803431 22
851100 16
851104 28
851105 19
851108 25
851200 6
851201 12
851202 15
851243 12
851251 7
851262 10
851273 13
851305 6
851306 22
851309 15
851342 25
851352 30
851354 4
851355 0
851360 28
851362 10
851375 21
851376 16
851400 7
851404 13
851407 4
851441 31
851462 32
852100 25
852101 19
852102 22
852103 4
852201 25
852202 16
852203 13
852204 22
951100 29
951102 16
951106 25
951124 22
951203 16
951302 4
951323 22
951331 28
951344 4
951348 7
951352 19
951497 12
953103 4
953111 15
953212 25
953231 16
953233 10
953261 28
953321 19
953322 13
953331 22
953361 16
953421 25
953444 22
953494 13
953495 4
954100 4
954244 13
954246 16
954310 10
954370 32
954374 24
954410 7
954413 16
954416 10
954426 19
954443 4
954449 16
954462 28
954464 13
954471 1
954477 21
954491-001 25
954491-002 31
954491-003 27
954491-004 22
954498 22
955102 25
955103 18
955104 22
958111 16
958201 16
958221 10
958225 28
958261 7
958373 25
