001101 4
001102 1
001112 12
001118 22
001201 4
001202 28
001210 8
001222 2
001223 2
001224 0
001225 16
001226 0
001227 0
001228 17
001229 6
001230 31
001231 12
001234 22
001250 18
001291 10
001292 22
001310 16
001311 0
001312 13
001314 31
001320 28
001321 7
001323 0
001330 28
001341 4
001342 21
001352 19
001355 19
001361 12
001362 7
001410 19
001423 10
001440 22
001445 25
001447 16
001471 28
001472 10
002102 22
002111 19
002191 9
002192 19
002202 10
002230 22
002260 31
002302 28
002311 4
002321 25
002331 16
002362 32
002402 16
002441 19
002471 13
002472 28
003101 6
003102 6
003191 6
003202 7
003332 22
003414 7
003421 19
003436 16
003454 28
004282 27
004465 22
004470 21
004472 22
004474 24
004476 7
006103 20
006126 19
006226 19
006241 7
006253 31
006307 22
006326 16
006330 13
006349 22
006443 19
006448 16
006454 16
006475 13
008214 12
008314 28
008326 16
008402 19
008411 28
009103 26
009213 19
009234 13
009236 25
009254 18
009301 32
009344 28
009355 7
009356 19
009358 10
009363 22
009446 16
011100 22
011101 19
011151 10
011154 9
011156 21
011157 31
011251 12
011268 16
011269 8
011276 22
011277 32
011278 13
011355 0
011367 28
011457 28
011479 19
012173 28
012174 6
012200 31
012374 16
012475 13
013103 29
013110 7
013203 18
013204 1
013207 25
013208 28
013209 0
013216 6
013217 9
013301 31
013303 32
013306 18
013321 10
013335 32
013337 22
013410 16
013413 19
013428 28
013431 16
013432 28
013433 21
014211 24
014270 18
014310 28
014311 16
014323 16
014370 12
014371 19
014383 16
014401 22
014422 19
014423 22
014471 22
014481 13
014483 28
015101 32
015102 28
016101 22
016102 7
017101 32
017102 13
017111 10
017231 19
018104 18
018112 7
018114 1
018126 25
018204 16
018271 13
018323 16
018352 28
018372 19
018467 7
018471 28
019101 30
019104 22
019105 6
019106 13
019112 18
019204 13
019205 32
019206 18
019212 19
019222 6
019332 10
019351 13
019362 19
019371 31
019373 10
019441 25
020101 7
020102 16
020212 16
020231 7
020232 13
020261 19
021101 12
021102 7
021203 7
021204 7
021270 22
024752 28
025110 22
025310 16
025481 22
026101 32
026102 32
026111 24
026112 7
026201 1
029732 16
030101 7
050100 31
050103 21
050104 22
050106 5
050112 10
050113 21
051302 32
051304 6
051306 31
051310 10
051313 10
051418 4
052203 25
052310 25
052314 28
052323 28
052331 1
052350 7
052351 16
052353 10
052355 1
052400 7
052417 25
052419 22
052422 13
052442 28
052447 10
052448 19
052449 16
053713 28
054821 28
055702 13
055734 22
055739 16
055757 28
057121 27
057122 20
057123 19
057125 9
057126 15
057127 11
057128 0
057129 8
057130 0
057131 18
057132 6
057133 15
057134 32
057135 21
057136 12
057137 31
057138 19
057139 13
057213 32
057283 10
057286 22
057287 19
057290 16
057295 19
057297 7
057298 28
057301 28
057302 16
057305 7
057316 10
057366 25
057401 25
057404 28
057407 16
057411 19
057413 22
057419 13
057427 7
057428 19
059405 22
059419 7
061103 28
061106 21
061201 28
061223 7
061224 13
061306 12
061307 28
061312 31
061313 13
061403 6
061405 16
062200 22
062210 13
062320 28
062343 22
062499 19
063201 12
064204 10
064231 28
064331 4
064411 28
064412 16
064421 22
064422 16
064423 25
064424 7
064430 28
064474 22
065120 25
065121 30
065211 18
065212 10
065311 13
065320 32
065333 16
065420 32
065435 28
065436 28
065437 28
065438 7
065797 28
066222 16
066324 4
066412 10
066414 22
067201 28
067203 7
067311 10
067371 25
067433 10
067435 25
067436 28
067491 1
070200 13
070201 28
070301 22
070303 22
070305 22
070401 16
070411 28
070413 12
070414 6
070416 28
070792 28
071411 7
071412 22
071414 19
071415 7
071416 10
071418 7
071419 28
071420 28
071423 16
071426 22
073721 28
074100 22
074101 6
074414 7
076425 16
076426 22
076427 28
076430 16
076444 32
076466 13
078444 32
078454 13
079220 22
099101 6
099102 6
099103 25
100104 16
100109 19
100110 0
100111 30
100112 3
100207 13
100220 32
100222 25
100228 32
100229 16
100230 7
100231 22
100233 0
100307 16
100308 16
100309 31
100310 16
100311 22
100312 0
100313 1
100314 31
100501 0
101201 10
101202 0
101205 18
101325 28
101405 22
101490 32
103271 8
104100 25
104302 19
104310 0
104320 22
104327 28
104334 16
104340 22
104435 16
104471 28
104490 7
109100 10
109114 22
112101 19
112105 22
112106 16
112109 28
112202 7
112205 16
112303 19
112321 22
112322 28
112406 16
112424 13
115301 28
115401 28
116301 25
116302 10
126101 6
126102 28
126212 18
126213 25
126214 22
126324 15
126326 28
126328 22
126330 26
126332 7
126400 25
126431 6
126436 16
126442 28
127100 19
127101 8
127202 24
127205 27
127313 21
127329 28
127330 16
127332 10
127333 25
127359 31
127411 13
127415 22
127416 31
127424 7
127433 16
127492 25
127493 28
127716 22
127720 16
127721 13
127727 28
128100 30
128101 6
128201 21
128304 22
128305 12
128306 25
128308 24
128310 3
128401 30
128423 22
128425 7
128427 10
128434 19
128443 13
128445 28
128451 1
128471 25
128481 0
128484 16
128700 16
128714 22
128727 28
128734 13
140101 28
140102 19
140103 6
140104 16
140105 19
152211 28
152301 16
152321 25
152331 16
154100 28
154104 24
154141 3
154152 31
154153 18
154173 22
154181 13
154251 13
154262 19
154276 25
154281 18
154301 16
154330 10
154431 28
154479 28
154492 19
159100 9
159101 9
159102 11
159151 22
159202 13
159204 16
159331 18
159351 28
159411 25
159434 6
160342 16
164261 7
164341 22
168100 32
168101 31
168410 16
176100 23
176101 20
176104 19
177103 7
177104 28
177113 25
177114 12
177141 8
177142 10
177181 21
177220 24
177222 16
177227 28
177228 16
177229 21
177300 32
177321 31
177332 10
177335 22
177336 13
177341 18
177361 13
177413 1
177420 28
177425 19
177429 28
177430 1
177431 25
177433 22
177441 13
177447 16
177460 3
177464 19
177465 6
177466 22
177470 4
177483 12
177491 25
177494 16
177495 31
179404 13
179406 25
179443 7
201100 27
201110 24
201114 25
201116 27
201117 16
201190 10
202100 19
202101 0
202102 32
202147 22
202231 8
202302 16
202303 19
202305 19
202311 10
202356 13
202362 7
202371 21
202405 25
202421 28
202432 7
202446 28
202461 16
202471 16
202475 13
202476 28
202484 16
202731 28
202744 16
202749 16
202802 28
202833 22
202843 28
203100 9
203104 10
203108 22
203111 27
203113 22
203114 18
203131 21
203132 18
203151 16
203152 30
203154 16
203158 16
203159 32
203162 11
203202 18
203204 6
203206 24
203208 1
203209 11
203211 13
203222 19
203223 24
203226 19
203232 10
203236 27
203250 22
203287 25
203300 25
203304 27
203316 18
203351 28
203352 32
203404 16
203413 32
203424 10
203425 22
203435 28
203459 21
203474 25
203708 16
203715 22
203719 16
203721 22
203725 22
203734 22
203735 28
203754 28
203775 16
203812 28
203825 16
203829 28
203879 28
204100 13
204101 30
204113 22
204123 21
204202 19
204217 0
204232 13
204251 25
204306 9
204315 11
204320 32
204333 18
204355 28
204362 25
204382 28
204422 31
204423 22
204424 16
204425 6
204443 19
204456 16
204482 19
204483 28
204490 8
204725 28
204735 22
204792 16
205100 19
205103 31
205105 31
205216 12
205232 13
205244 25
205252 31
205282 22
205324 32
205344 25
205358 22
205382 28
205421 16
205441 22
205473 19
205476 28
205731 22
205742 16
205764 22
205789 16
205796 28
206100 25
206103 6
206104 31
206108 21
206111 7
206112 21
206161 30
206162 14
206171 3
206172 9
206181 7
206182 30
206191 10
206203 7
206216 12
206217 32
206253 25
206255 19
206261 0
206266 3
206267 22
206281 6
206311 7
206313 13
206321 31
206324 31
206327 9
206331 13
206336 21
206341 3
206342 25
206362 32
206364 22
206367 13
206368 19
206370 1
206428 28
206435 16
206437 19
206457 22
206476 10
206481 19
206703 22
206714 22
206724 22
206734 28
206736 16
206737 16
206774 28
207104 31
207105 32
207106 29
207108 18
207109 21
207110 22
207116 26
207117 17
207118 19
207125 22
207162 22
207172 25
207181 13
207187 26
207188 10
207191 3
207195 25
207214 10
207302 1
207305 4
207306 3
207312 28
207321 25
207402 24
207408 19
207415 12
207442 16
207448 7
207481 28
207704 22
207706 16
207708 28
207712 28
207766 28
208101 11
208140 24
208141 13
208250 28
208263 18
208264 10
208272 22
208322 26
208345 9
208346 22
208353 19
208362 13
208373 22
208423 10
208444 6
208446 0
208460 22
208738 16
208772 28
208873 28
209203 0
209204 10
209252 31
209253 1
209262 10
209263 28
209270 32
209271 12
209272 25
209322 1
209332 31
209341 1
209352 10
209370 28
209376 7
209382 25
209424 19
209452 28
209454 7
209456 32
209466 25
209486 16
209712 22
209714 16
209716 16
209772 28
209787 22
210100 0
210200 13
210207 25
210221 28
210251 4
210276 19
210315 13
210331 22
210355 25
210432 10
210435 16
210463 28
210497 28
210702 28
210717 16
210741 16
210743 22
210744 16
210748 16
211100 32
211303 0
211312 28
211315 12
211318 10
211319 2
211341 25
211342 32
211444 16
211445 22
211446 31
211448 19
211449 13
211709 16
211843 28
212712 16
212721 28
212731 22
213706 22
213707 28
213708 16
213717 28
214301 22
214310 19
214340 6
214341 32
214352 16
214403 7
214412 28
214431 32
214491 19
215205 4
215206 25
215207 25
215208 13
215303 13
215311 19
215312 25
215313 19
215314 10
215401 13
215462 28
215482 22
215495 16
215497 22
215711 28
215742 28
217705 16
217708 28
217773 22
218100 32
218234 28
218236 25
218244 13
218262 19
218352 1
218362 10
218372 25
218382 19
218474 28
218481 19
218496 22
219741 28
219753 22
219766 16
219789 28
225702 13
225704 22
225706 16
225707 28
226703 28
226704 28
226711 22
226805 28
229223 10
229351 12
251100 19
251211 6
251213 7
251216 28
251242 28
251261 13
251292 0
251312 22
251313 16
251333 19
251334 13
251342 16
251361 13
251363 6
251371 19
251372 25
251374 10
251399 22
251411 4
251417 16
251434 32
251436 25
251451 28
251455 22
251456 1
251457 7
251461 10
251476 31
251477 0
251704 7
251707 28
251713 28
251716 16
251723 7
251724 22
251746 22
251748 16
251754 13
251760 22
251763 16
251765 28
251776 7
251781 22
251784 16
252210 12
252212 21
252222 32
252235 7
252281 7
252282 12
252283 22
252285 22
252311 0
252320 4
252328 16
252331 10
252353 32
252401 7
252402 6
252403 25
252404 28
252413 1
252420 19
252421 6
252422 31
252423 18
252427 31
252428 6
252429 13
252435 28
252440 19
252442 24
252443 19
252448 13
252450 1
252456 12
252459 25
252460 21
252479 10
252489 28
252706 22
252707 13
252727 28
252785 13
252789 22
252792 16
253215 9
253318 16
253321 1
253332 7
253416 16
253417 13
253423 25
253433 19
253441 10
253443 10
253451 28
253452 28
253454 22
253716 16
253721 28
253725 13
253734 19
253735 13
253747 16
253749 25
253752 13
253754 22
253791 22
254182 22
254200 29
254205 21
254206 7
254207 22
254211 9
254215 20
254216 27
254222 12
254231 18
254232 10
254271 6
254282 22
254302 18
254325 19
254334 31
254352 9
254362 1
254371 21
254373 19
254400 7
254411 0
254412 22
254415 22
254421 18
254422 16
254423 7
254424 16
254435 32
254441 10
254443 13
254445 32
254451 25
254452 1
254453 28
254454 28
254466 16
254476 31
254477 16
254478 0
254495 13
254701 28
254702 28
254721 28
254733 13
254737 28
254791 13
254816 16
254817 22
254857 22
255201 6
255210 13
255230 32
255300 28
255301 1
255316 27
255323 13
255328 6
255337 15
255340 21
255393 10
255422 27
255425 19
255429 9
255430 30
255431 25
255432 18
255433 31
255440 13
255442 0
255444 21
255445 16
255447 22
255451 32
255455 24
255462 28
255463 1
255471 19
255492 30
255497 22
255499 28
255714 28
255735 7
255750 28
255751 13
255769 16
255772 16
255783 22
256100 6
256271 25
256317 13
256318 19
256334 7
256418 16
256419 25
256441 22
256444 13
256456 28
256473 25
256474 28
256791 28
259103 15
259104 19
259106 9
259107 17
259108 3
259193 26
259195 13
259200 22
259201 24
259203 31
259401 31
260313 13
260334 7
260416 16
260421 7
260432 28
260702 16
261102 18
261111 10
261112 15
261113 19
261205 28
261207 10
261208 6
261214 22
261215 25
261218 1
261305 18
261306 12
261332 13
261342 28
261343 19
261361 31
261421 7
261430 22
261433 10
261438 13
261444 1
261446 13
261447 19
261448 16
261449 28
261453 7
261465 28
261473 22
261479 22
261494 7
261497-002 28
261497-008 19
261497-802 28
261497-808 13
261499 28
261736 22
261738 7
261745 28
261751 7
261752 22
261755 16
261763 16
261781 16
261795 22
261891 7
263710 19
263721 28
263724 13
263745 22
263751 16
264702 7
264705 22
264709 16
264755 28
265706 7
265709 22
265710 16
266801 28
268732 28
268735 7
268741 22
269103 22
269105 19
269111 7
269130 7
269210 25
269341 7
269360 25
269370 22
269452 16
269498 28
270712 22
270721 7
305203 16
318322 22
329105 5
329106 15
330115 2
351100 13
351201 22
351302 19
351321 28
351364 10
351371 28
351425 32
351426 25
351464 12
352103 19
352311 32
352313 13
352314 6
352401 25
352412 28
352421 28
352422 8
352433 19
352441 16
353313 22
353418 16
353431 28
353441 22
353471 16
353482 19
354311 7
354312 7
355411 28
356100 10
356101 28
356102 23
356210 28
356261 32
356333 22
356361 13
356373 7
356374 19
356411 22
356414 28
356415 7
356416 10
356431 16
356432 28
356441 10
356442 10
356443 22
356444 32
356446 1
356447 16
356449 22
356451 19
356455 28
356471 25
356472 22
356474 16
356496 28
357101 12
357110 6
357210 0
357322 31
357323 19
357418 16
357421 22
357432 19
357441 22
357444 19
357446 1
359202 31
359205 22
359206 7
359302 10
359303 22
359305 10
359341 22
359350 28
359360 16
359380 13
359401 25
359403 27
359408 13
359422 16
359423 19
359452 22
359460 19
359461 18
359465 31
360100 19
360301 16
360304 25
360441 13
361210 25
361211 16
361214 22
361341 10
361413 25
361414 13
361421 28
361433 22
361442 16
361452 10
361461 19
361475 13
363210 31
363401 16
363402 16
365201 16
365211 19
365322 28
365324 22
365422 28
365425 16
365426 7
368211 16
368310 10
368412 16
368417 13
400110 31
400210 18
401281 1
401383 31
401391 1
403281 7
403383 28
406284 10
406294 25
406386 19
406396 22
408382 4
410381 0
413383 3
413391 32
415393 7
420282 19
421282 13
421292 22
421386 10
421396 25
422381 6
428281 16
428282 28
428381 16
428383 13
461170 31
461471 10
461472 31
461511 4
461523 28
461526 25
461527 1
461532 28
462130 19
462544 28
462587 16
462588 19
463201 7
463252 28
463331 28
463332 28
463342 22
463354 16
463433 31
463512 13
463513 28
463543 28
463544 0
463557 25
463559 16
463571 4
463592 1
464302 13
464312 7
464402 22
464403 7
464414 10
464442 19
464443 25
464445 16
464446 13
464500 16
464502 13
464504 28
464505 22
464506 7
464508 16
464545 1
464549 16
501201 19
501202 7
501305 7
501306 19
502313 1
502314 10
504202 28
504305 22
506202 16
508304 16
510306 28
512304 25
513113 16
513115 28
513212 19
513216 13
513217 28
513225 22
513284 16
513331 19
513343 16
513364 13
513373 28
513390 22
513411 16
513446 28
514202 7
514206 10
514222 19
514244 13
514272 25
514322 10
514336 13
514352 28
514358 16
514382 22
514384 25
514396 19
514398 7
514436 16
514462 28
514742 22
514752 16
515204 7
515205 22
515256 13
515257 16
515330 28
515337 13
515339 16
515362 22
515377 7
515378 19
515380 25
518724 28
518770 16
551461 7
552216 16
552217 28
552232 28
557433 22
558101 30
558411 16
558432 28
562101 7
562211 28
601201 32
601202 13
601231 16
601242 13
601342 1
601346 22
601351 25
601361 32
601423 28
601424 10
601431 28
601436 13
601452 7
601471 6
601472 16
601724 28
601731 22
601745 16
601769 22
601775 28
602100 26
602102 32
602103 9
602120 3
602121 9
602122 25
602301 10
602314 16
602421 6
602453 21
602454 16
602455 10
602461 28
602472 1
602741 28
602751 28
603200 28
603231 26
603321 25
603341 13
603396 7
603423 22
603496 16
603743 22
604101 22
604211 16
604311 18
604314 6
604315 9
604411 1
604415 18
604423 25
604431 16
604443 22
604454 28
605203 19
605302 6
605313 13
605315 16
605316 0
605321 28
605331 16
605340 28
605412 22
605413 22
605430 10
605476 16
605701 16
605711 16
605719 28
605742 22
606211 18
606243 25
606245 7
606264 19
606310 10
606341 19
606342 13
606344 22
606451 16
606452 28
610114 14
651210 19
651211 22
651212 28
651234 16
651306 16
651313 19
651314 13
651317 7
651319 16
651416 22
651425 28
701100 30
701181 27
701202 1
701235 13
701244 24
701283 0
701335 16
701408 16
701423 28
701496 16
702100 1
702101 6
702211 21
702312 16
702313 21
702317 6
702321 19
702331 19
702342 28
702354 22
702418 28
702443 18
702499 16
703103 22
703109 28
703202 24
703204 24
703243 22
703244 13
703309 27
703322 4
703324 7
703330 10
703331 32
703345 22
703351 7
703361 1
703413 13
703441 19
703499 16
705191 15
705211 18
705311 28
705328 3
705331 21
705332 9
705343 16
705431 19
705438 21
705440 18
705441 12
705442 16
705444 1
705447 31
705448 28
705499 25
751100 28
751101 26
751102 14
751106 13
751202 5
751209 14
751301 7
751302 0
751303 23
751305 9
751308 15
751309 26
751320 25
751326 19
751327 13
751330 21
751401 10
751403 32
751405 29
751408 2
751417 28
751418 12
751421 1
751422 16
751428 6
751440 16
751443 31
751701 19
751702 16
751703 22
751705 25
751706 16
751708 19
751716 25
751718 13
751719 13
751728 28
751734 22
751752 28
801100 21
801122 22
801134 28
801204 7
801233 22
801236 16
801241 19
801322 22
801334 28
801371 13
803122 22
803124 28
803131 7
803230 28
803232 16
803260 19
851100 23
851103 32
851104 32
851105 30
851201 32
851202 28
851204 13
851207 16
851241 22
851252 24
851253 24
851261 12
851263 0
851273 19
851305 14
851309 13
851345 28
851363 28
851366 1
851400 12
851404 19
851406 16
851407 6
851441 7
851462 0
851467 24
852100 32
951100 29
951231 16
951324 13
951344 16
951366 19
951421 22
951498-004 28
951498-007 28
951498-011 28
951498-015 28
951498-020 25
951498-021 28
953102 28
953111 14
953201 0
953202 25
953211 13
953214 10
953231 22
953232 31
953234 22
953323 1
953422 28
953494 16
954100 28
954140 28
954142 7
954143 22
954170 28
954240 16
954326 1
954340 25
954371 13
954374 28
954423 28
954462 16
954464 31
954472 1
954491-001 7
954491-002 22
954491-003 25
954498 19
955102 7
955104 25
