001101 10
001102 4
001111 0
001113 13
001201 1
001202 19
001210 4
001230 31
001231 29
001250 13
001281 0
001291 0
001293 16
001310 16
001311 0
001312 28
001318 10
001320 4
001321 7
001323 4
001330 31
001342 4
001353 1
001354 4
001361 7
001362 4
001381 18
001410 16
001425 16
001443 16
001444 7
001445 16
002101 19
002110 31
002191 13
002201 7
002211 16
002221 28
002250 19
002301 7
002333 4
002365 16
003101 28
003191 0
003201 22
003414 13
003421 7
003436 4
004282 4
004301 7
004303 25
004324 16
004432 19
004473 4
004475 19
004483 28
006103 24
006126 28
006206 31
006226 9
006241 3
006242 31
006253 19
006303 10
006331 16
006346 13
006448 16
008214 13
008303 4
008314 19
008411 0
008417 4
009103 15
009105 28
009212 4
009230 31
009231 25
009326 4
009328 16
011100 29
011152 13
011153 3
011251 30
011257 26
011259 22
011269 14
011276 24
011353 28
011356 16
011362 7
011363 13
011374 0
011461 16
011464 4
011479 19
012100 13
012173 22
012200 0
012273 13
012371 19
013103 12
013110 7
013203 7
013204 9
013207 7
013209 31
013302 28
013306 16
013307 7
013317 4
013326 7
013329 4
013330 31
013413 4
013420 16
013433 4
014210 15
014211 31
014270 28
014310 7
014322 4
014323 0
014370 28
014371 7
014381 16
014401 19
014481 16
015101 0
016101 16
016102 16
017101 13
017102 0
017111 16
017210 16
018103 31
018111 13
018113 0
018125 28
018203 31
018211 13
018213 16
018231 28
018235 7
018271 18
018321 13
018351 4
019101 12
019102 16
019103 13
019105 6
019106 16
019108 4
019111 16
019203 13
019205 4
019211 18
019221 27
019303 28
019311 0
019331 13
019361 7
019371 28
019381 4
019471 16
020101 4
020102 19
020211 18
020231 4
020341 13
020362 32
021101 22
021102 19
021203 16
025108 16
025110 16
025310 16
025480 4
026101 21
026102 9
026111 19
029701 4
029711 16
050100 22
050103 32
050104 0
050106 20
050111 7
051300 16
051306 32
051313 7
051412 24
051418 10
051421 13
052202 6
052314 16
052350 32
052352 7
052357 4
052421 22
055701 10
055704 10
055771 10
057121 28
057122 18
057123 3
057125 18
057126 3
057127 19
057128 0
057129 6
057130 25
057131 28
057132 30
057133 3
057134 6
057135 3
057136 27
057137 4
057201 28
057213 7
057215 31
057284 22
057285 31
057288 16
057293 3
057294 10
057296 13
057300 7
057305 3
057403 10
057405 16
057410 10
057420 7
057425 15
057426 4
057428 22
057450 4
059419 16
061106 22
061201 19
061223 13
061306 3
061309 25
061312 0
061317 6
061403 7
062200 4
062320 13
062341 4
062342 28
062343 19
062344 13
062346 1
062360 13
062380 7
062411 28
062452 1
062460 13
062499 7
063710 16
064201 16
064206 16
064207 19
064271 10
064272 10
064281 16
064301 31
064410 0
064423 16
064424 0
065210 32
065212 19
065310 4
065320 22
065332 16
065436 7
065799 10
066221 16
066323 19
066410 4
066414 10
066425 32
067202 16
067303 4
067311 13
067372 6
067373 13
067432 13
070100 22
070201 19
070301 28
070303 4
070304 4
070308 10
070400 19
070401 7
070404 16
070413 22
070414 4
070415 19
070416 10
070711 7
070720 4
070721 16
070727 16
070731 10
070740 10
071411 10
071412 19
071413 32
071415 9
071416 22
071419 13
071420 10
071423 1
071425 16
071426 7
071724 10
074100 31
074101 32
074414 13
076312 3
076314 9
076414 28
076427 10
076428 0
076429 22
076444 16
076466 16
077422 10
078444 22
078454 31
099101 7
099102 7
100102 6
100103 31
100104 13
100105 6
100106 4
100107 24
100108 19
100205 18
100206 22
100207 12
100208 16
100209 9
100306 10
100307 19
100308 31
100309 21
100310 24
100501 13
101100 26
101105 0
101201 13
101211 0
101400 0
101405 19
103191 4
103271 21
104200 9
104201 32
104300 13
104301 19
104325 16
104340 16
104410 10
104495 16
105304 16
109100 24
109115 28
112101 31
112102 7
112103 4
112108 16
112110 4
112201 19
112203 16
112213 31
112300 10
112314 13
112411 10
115200 19
115300 10
115301 4
115302 31
126101 24
126321 7
126330 4
126428 16
126443 10
127100 1
127101 20
127203 19
127206 24
127207 10
127303 13
127312 6
127314 7
127315 31
127316 19
127320 16
127326 16
127329 10
127413 10
127711 7
127717 4
127718 16
127719 10
128100 13
128101 7
128202 30
128203 10
128204 3
128307 7
128309 10
128352 16
128354 16
128403 19
128701 10
128710 7
128730 4
128734 16
128740 16
128762 10
140103 0
152321 10
154104 21
154141 22
154151 27
154231 19
154262 16
154281 21
154311 28
154330 16
154352 1
154371 10
154384 6
154388 22
154443 16
154455 7
154482 10
154488 10
159100 19
159101 29
159151 0
159203 19
159221 31
159301 22
159351 7
159356 10
159403 32
159411 18
159412 16
159431 4
159454 16
164200 7
164341 16
168101 16
168313 10
176100 8
176101 3
176220 9
177103 7
177214 31
177216 13
177242 19
177283 4
177285 16
177321 4
177330 19
177336 28
177341 13
177361 16
177393 22
177404 1
177425 13
177426 7
177427 13
177434 4
177446 10
177447 10
177450 16
177464 7
177465 10
177467 16
177481 10
201100 25
201110 32
201114 16
201115 12
201116 29
201117 0
202100 0
202101 27
202141 0
202143 4
202145 27
202184 27
202231 3
202260 13
202321 19
202334 16
202342 13
202353 22
202361 10
202434 10
202473 19
202495 4
202742 10
202764 10
202765 10
202773 4
202782 10
202833 16
202848 4
202873 4
203100 31
203103 4
203111 24
203116 21
203151 30
203162 21
203201 32
203203 11
203204 4
203206 24
203207 23
203208 13
203209 11
203222 10
203226 16
203231 13
203235 9
203236 13
203255 16
203315 4
203331 19
203351 19
203352 25
203475 4
203714 16
203716 7
203722 4
203732 10
203736 4
203739 16
203743 4
203753 10
203821 13
203828 10
203879 7
204100 32
204101 10
204111 22
204202 7
204219 0
204231 19
204251 4
204321 28
204325 19
204341 4
204361 22
204363 10
204365 10
204381 19
204383 10
204432 16
204435 10
204451 16
204453 32
204471 16
204712 10
204721 4
204732 16
204735 7
205100 31
205103 6
205104 10
205105 28
205235 16
205239 31
205275 18
205303 4
205337 16
205355 10
205393 19
205712 4
205735 16
205783 10
206100 16
206101 20
206103 12
206107 28
206111 15
206113 4
206161 24
206171 6
206181 21
206191 32
206203 9
206211 21
206216 0
206217 25
206261 31
206267 32
206281 10
206300 19
206321 7
206324 10
206325 3
206327 12
206331 16
206335 10
206336 28
206341 4
206355 7
206362 3
206370 13
206381 16
206436 16
206437 4
206441 10
206717 16
206720 4
206721 16
206730 10
206736 10
206753 10
207100 16
207103 27
207105 17
207107 1
207109 6
207110 22
207115 30
207117 5
207123 32
207131 5
207135 1
207171 2
207173 22
207183 19
207187 27
207203 3
207205 16
207208 13
207213 6
207308 7
207310 4
207313 22
207323 19
207348 4
207401 16
207406 10
207701 7
207703 4
207705 16
207711 10
207741 10
208101 15
208140 16
208263 25
208270 25
208271 10
208272 10
208280 22
208321 4
208329 16
208343 10
208348 13
208425 7
208737 10
209201 32
209251 7
209301 4
209302 16
209303 10
209331 13
209351 32
209358 28
209361 13
209368 7
209375 7
210201 13
210202 28
210204 19
210343 10
210351 19
210383 7
210425 16
210434 13
210703 7
210704 4
210707 16
210731 10
210733 10
210743 10
211100 17
211311 28
211315 4
211319 22
211413 13
211440 7
211442 4
211495 10
211702 4
211889 16
213706 16
213707 10
213714 4
214261 4
214312 16
214341 10
214381 7
214414 13
214415 19
214421 4
215205 17
215206 6
215207 32
215208 7
215423 1
215424 13
215431 10
215475 7
215476 4
215485 16
215486 10
215734 4
215744 16
215752 10
215762 16
215785 4
217701 4
217703 16
217707 10
217734 16
217751 10
217775 16
218100 27
218101 4
218233 16
218235 19
218321 28
218323 7
218351 10
219761 16
219789 10
220703 10
226701 7
226702 4
226704 16
226711 16
226801 10
251101 19
251211 4
251213 16
251261 13
251281 3
251312 16
251313 7
251363 4
251374 16
251384 10
251419 10
251437 16
251438 19
251439 19
251451 13
251475 7
251701 7
251702 4
251703 10
251711 16
251715 10
251745 16
251751 13
251752 7
251757 4
251758 16
251776 13
251783 7
251784 4
251785 16
251790 10
252201 18
252211 9
252232 25
252282 9
252283 7
252285 9
252286 12
252301 31
252302 13
252317 13
252322 22
252325 27
252327 13
252330 16
252342 13
252363 9
252420 4
252421 10
252427 16
252444 19
252498 10
252702 7
252726 16
252746 4
252747 16
252791 10
253303 31
253314 19
253315 16
253455 10
253481 4
253701 10
253715 1
253717 13
253731 28
253732 1
253735 7
253736 16
253748 28
253754 4
254181 28
254205 13
254206 18
254211 4
254215 21
254216 0
254222 19
254231 25
254232 16
254252 15
254282 7
254302 28
254325 7
254333 24
254372 32
254373 10
254421 1
254426 19
254435 10
254436 16
254439 31
254442 16
254444 10
254451 16
254456 22
254459 10
254461 19
254471 13
254473 10
254700 10
254702 13
254703 16
254710 4
254711 7
254734 10
254736 13
254770 13
254804 7
254873 7
254875 4
255201 18
255215 29
255251 25
255290 16
255300 10
255320 13
255321 28
255330 22
255359 0
255415 7
255431 13
255432 16
255434 16
255454 16
255455 10
255492 19
255722 7
255734 4
255738 16
255750 10
255764 10
255770 4
255771 16
255772 10
255786 7
255811 16
255820 10
256100 16
256212 19
256281 28
256316 22
256333 7
256373 16
256418 10
256441 10
259103 6
259104 0
259106 7
259107 4
259108 19
259109 12
259201 10
259203 13
260402 16
260413 10
260701 10
260702 13
260705 7
260709 4
260716 7
260718 4
260772 16
261103 22
261111 32
261200 4
261210 22
261212 28
261216 7
261217 0
261304 19
261305 1
261335 13
261336 32
261342 4
261343 16
261361 4
261405 1
261434 10
261447 13
261458 16
261461 10
261469 10
261701 16
261702 10
261706 4
261739 7
261752 4
261754 10
261769 7
261791 16
261895 16
263701 4
263702 10
263720 13
263746 7
263760 16
263770 16
263771 13
264701 13
264703 7
264706 4
264710 4
264733 16
264791 10
266702 10
268721 16
269101 7
269102 4
269111 4
269200 10
269201 22
269202 28
269340 19
269430 13
269452 7
269462 19
269470 4
269493 10
301254 13
305202 13
311352 25
318322 16
318351 28
320351 22
321251 4
324703 10
328310 16
328313 10
330110 23
330111 1
351100 32
351200 12
351201 21
351301 31
351321 16
351331 7
351441 7
351442 4
351451 10
351466 19
351489 16
352103 24
352301 31
352311 4
352321 13
352323 16
352422 10
353210 10
353301 28
353311 13
353418 16
353421 10
353431 19
353451 16
354311 10
356100 3
356101 3
356102 0
356202 4
356210 19
356212 16
356261 13
356303 16
356304 10
356411 19
356416 4
357101 14
357110 6
357210 15
357322 4
357325 4
357417 7
357441 19
357491 16
359202 31
359203 21
359204 4
359210 16
359311 10
359409 10
359421 10
359465 16
360100 22
360400 7
360403 4
360423 16
360460 10
361210 27
361214 4
361301 16
361351 22
361442 10
361453 4
361461 13
361471 7
362211 31
363210 1
365321 16
365322 19
365324 7
365421 10
368200 9
400110 3
401382 31
403382 1
406385 16
406395 19
409281 19
409292 28
411281 7
411291 16
415291 22
420281 10
421281 1
421291 31
421385 7
421395 4
423382 10
428382 13
461100 6
461435 7
461472 16
461514 4
461523 16
462130 19
462151 22
462405 16
462409 10
462445 10
462541 4
462543 16
462584 10
463251 18
463311 16
463331 13
463341 10
463353 4
463402 10
463433 22
463455 13
463491 7
463503 13
463513 7
463545 10
463556 7
463571 1
464301 19
464311 1
464341 28
464401 4
464413 19
464441 28
464443 1
464444 7
464445 16
464502 4
501301 13
501302 7
504302 1
506303 16
506361 10
508203 25
508303 4
510201 4
510202 9
512303 10
513111 24
513114 1
513223 7
513224 4
513283 10
513315 4
513324 1
513328 13
513363 7
513371 19
513411 7
513429 4
513445 16
513471 10
514211 7
514241 10
514317 10
514323 16
514341 4
514343 13
514381 1
514383 7
514451 16
515201 31
515250 4
515306 13
515310 4
515334 10
515361 7
515364 4
515370 16
515373 10
518770 10
551312 1
552216 19
552217 4
552222 16
553311 13
554312 7
556412 4
561313 16
561314 10
562101 10
562211 16
601201 18
601302 13
601341 7
601344 4
601351 16
601422 10
601452 19
601456 13
601731 4
601758 16
601765 7
601842 10
602100 22
602102 27
602103 0
602111 7
602211 28
602315 16
602321 10
602322 19
602431 4
602432 10
602441 16
602464 19
602731 16
602761 10
603211 7
603321 16
603322 10
603351 31
603421 4
603441 16
603471 10
603496 10
603711 4
603723 16
603731 10
604304 13
604305 7
604312 16
604313 32
604351 10
604352 19
604451 10
604711 16
604715 10
605201 19
605204 13
605301 7
605313 19
605314 22
605321 16
605322 10
605701 7
605713 4
605741 16
605745 10
605751 10
606231 28
606242 1
606244 19
606263 4
606310 7
606343 16
610114 10
651104 19
651105 18
651109 19
651120 21
651210 10
651311 7
651312 4
651315 16
651316 10
701100 4
701101 13
701104 16
701181 10
701183 4
701201 4
701205 32
701211 13
701243 22
701281 28
701313 31
701321 4
701331 10
701341 7
701344 16
702100 16
702101 27
702205 22
702211 27
702213 6
702312 25
702316 13
702317 7
702341 16
702351 10
703103 28
703109 16
703202 22
703243 31
703244 19
703305 16
703308 4
703309 19
703310 10
703322 19
703323 1
703330 0
703331 13
703391 16
703404 13
703412 7
703447 4
703454 1
703498 10
705191 32
705211 9
705311 21
705329 31
705331 13
705332 0
705342 19
705351 0
705431 4
705438 13
705440 13
705441 7
705442 7
705444 28
705461 10
705493 16
705499 4
751100 13
751101 27
751102 25
751106 24
751202 31
751209 28
751301 13
751302 22
751303 19
751304 16
751305 4
751308 7
751309 24
751321 10
751326 1
751330 4
751345 19
751401 16
751403 4
751405 13
751408 1
751417 7
751418 19
751419 31
751422 28
751428 0
751440 10
751441 7
751443 16
751447 0
751451 16
751701 16
751702 10
751703 4
751704 1
751705 7
751706 4
751708 1
751712 10
751716 13
751724 16
751725 7
751726 16
751727 13
751729 13
751734 7
751744 4
751752 10
801100 18
801201 22
801225 16
801235 19
801321 4
801331 10
801333 19
801336 16
801421 4
801471 16
801481 10
803121 4
803123 16
803231 19
851100 29
851104 16
851105 13
851108 4
851200 28
851201 18
851202 30
851204 19
851205 9
851273 24
851305 7
851309 22
851313 16
851343 16
851344 10
851345 10
851360 3
851362 10
851367 16
851372 16
851375 25
851400 19
851404 13
851406 6
851407 22
951100 16
951101 19
951102 15
951125 31
951203 10
951302 16
951323 7
951331 4
951344 10
951348 4
951352 16
951497 10
953103 7
953111 26
953211 19
953212 13
953233 16
953261 31
953321 31
953322 7
953331 16
953361 19
953421 10
953494 7
954100 32
954140 4
954141 16
954245 18
954246 27
954260 9
954270 22
954311 1
954312 16
954320 28
954323 10
954343 19
954370 13
954374 4
954412 10
954413 10
954462 16
954471 10
954491 19
954498 10
