001101 1
001102 28
001111 25
001113 28
001201 1
001202 7
001210 30
001230 12
001231 4
001250 10
001281 28
001291 4
001293 16
001310 16
001311 19
001312 16
001318 10
001320 22
001321 25
001323 22
001330 31
001342 28
001353 4
001354 22
001361 4
001362 16
001381 16
001410 19
001425 19
001443 19
001444 7
001445 19
002101 25
002110 10
002191 31
002201 28
002211 19
002221 7
002250 4
002301 16
002333 19
002365 22
003101 16
003191 3
003201 19
003414 10
003421 22
003436 19
004282 22
004301 4
004303 7
004324 22
004432 16
004473 7
004475 25
004483 25
006103 16
006126 3
006206 4
006226 7
006241 31
006242 19
006253 16
006303 19
006331 19
006346 16
006448 19
008214 10
008303 22
008314 19
008411 4
008417 22
009103 22
009105 31
009212 10
009230 32
009231 13
009326 19
009328 16
011100 30
011152 25
011153 18
011251 16
011257 3
011259 10
011269 27
011276 19
011353 25
011356 22
011362 7
011363 22
011374 19
011461 22
011464 4
011479 16
012100 16
012173 15
012200 25
012273 19
012371 13
013103 9
013110 16
013203 22
013204 16
013207 7
013209 10
013302 4
013306 19
013307 22
013317 7
013326 10
013329 16
013330 16
013413 4
013420 22
013433 10
014210 7
014211 3
014270 22
014310 7
014322 22
014323 25
014370 22
014371 4
014381 13
014401 9
014481 19
015101 19
016101 28
016102 16
017101 10
017102 19
017111 22
017210 19
018103 19
018111 9
018113 6
018125 27
018203 28
018211 0
018213 10
018231 16
018235 19
018271 27
018321 7
018351 22
019101 2
019102 22
019103 13
019105 19
019106 28
019108 31
019111 10
019203 18
019205 22
019211 21
019221 16
019303 31
019311 28
019331 19
019361 4
019371 19
019381 22
019471 16
020101 25
020102 10
020211 19
020231 4
020341 22
020362 7
021101 25
021102 10
021203 16
025108 10
025110 10
025310 9
025480 16
026101 9
026102 19
026111 16
029701 22
029711 16
050100 4
050103 19
050104 30
050106 8
050111 7
051300 19
051306 3
051313 22
051412 4
051418 16
051421 7
052202 24
052314 3
052350 22
052352 4
052357 16
052421 13
055701 16
055704 16
055771 16
057121 14
057122 14
057123 12
057125 15
057126 15
057127 5
057128 6
057129 30
057130 21
057131 15
057132 22
057133 10
057134 13
057135 12
057136 4
057137 28
057201 22
057213 19
057215 16
057284 10
057285 22
057288 13
057293 9
057294 19
057296 4
057300 7
057305 18
057403 22
057405 19
057410 19
057420 28
057425 4
057426 4
057428 16
057450 22
059419 0
061106 25
061201 22
061223 10
061306 0
061309 3
061312 7
061317 32
061403 9
062200 4
062320 22
062341 25
062342 13
062343 31
062344 7
062346 31
062360 7
062380 28
062411 7
062452 28
062460 4
062499 10
063710 22
064201 7
064206 16
064207 4
064271 10
064272 22
064281 10
064301 19
064410 22
064423 19
064424 10
065210 16
065212 7
065310 7
065320 4
065332 16
065436 10
065799 16
066221 22
066323 13
066410 22
066414 16
066425 7
067202 10
067303 22
067311 10
067372 4
067373 7
067432 4
070100 21
070201 10
070301 25
070303 4
070304 16
070308 22
070400 16
070401 4
070404 19
070413 19
070414 16
070415 25
070416 22
070711 19
070720 4
070721 22
070727 22
070731 16
070740 16
071411 7
071412 25
071413 32
071415 16
071416 16
071419 22
071420 16
071423 32
071425 19
071426 7
071724 16
074100 24
074101 24
074414 7
076312 10
076314 19
076414 22
076427 16
076428 10
076429 10
076444 28
076466 4
077422 10
078444 3
078454 13
099101 6
099102 28
100102 18
100103 22
100104 32
100105 32
100106 30
100107 21
100108 28
100205 13
100206 6
100207 32
100208 11
100209 19
100306 30
100307 26
100308 21
100309 18
100310 27
100501 22
101100 9
101105 25
101201 7
101211 25
101400 10
101405 16
103191 25
103271 24
104200 12
104201 4
104300 19
104301 10
104325 22
104340 16
104410 7
104495 19
105304 9
109100 31
109115 15
112101 4
112102 13
112103 25
112108 4
112110 4
112201 0
112203 10
112213 25
112300 25
112314 10
112411 16
115200 25
115300 16
115301 22
115302 31
126101 15
126321 28
126330 22
126428 16
126443 19
127100 6
127101 7
127203 15
127206 25
127207 7
127303 10
127312 22
127314 7
127315 4
127316 19
127320 16
127326 16
127329 22
127413 22
127711 19
127717 4
127718 22
127719 16
128100 9
128101 10
128202 7
128203 4
128204 16
128307 4
128309 16
128352 19
128354 19
128403 22
128701 16
128710 19
128730 4
128734 22
128740 22
128762 16
140103 22
152321 16
154104 31
154141 19
154151 7
154231 7
154262 16
154281 31
154311 4
154330 10
154352 28
154371 16
154384 3
154388 22
154443 22
154455 28
154482 16
154488 22
159100 27
159101 12
159151 27
159203 18
159221 4
159301 10
159351 16
159356 16
159403 10
159411 13
159412 19
159431 22
159454 19
164200 16
164341 19
168101 25
168313 16
176100 30
176101 16
176220 22
177103 4
177214 28
177216 10
177242 19
177283 32
177285 22
177321 28
177330 19
177336 7
177341 13
177361 22
177393 16
177404 10
177425 16
177426 7
177427 16
177434 28
177446 22
177447 6
177450 4
177464 7
177465 10
177467 22
177481 10
201100 25
201110 19
201114 13
201115 12
201116 17
201117 0
202100 24
202101 13
202141 32
202143 12
202145 32
202184 18
202231 12
202260 10
202321 10
202334 4
202342 25
202353 3
202361 16
202434 22
202473 19
202495 7
202742 22
202764 22
202765 4
202773 22
202782 22
202833 16
202848 4
202873 22
203100 21
203103 22
203111 7
203116 3
203151 4
203162 32
203201 22
203203 25
203204 24
203206 4
203207 3
203208 10
203209 7
203222 32
203226 14
203231 10
203235 18
203236 6
203255 19
203315 16
203331 22
203351 28
203352 3
203475 7
203714 22
203716 19
203722 4
203732 16
203736 4
203739 22
203743 4
203753 16
203821 19
203828 16
203879 28
204100 19
204101 4
204111 10
204202 16
204219 28
204231 19
204251 7
204321 4
204325 7
204341 10
204361 16
204363 19
204365 19
204381 22
204383 19
204432 22
204435 16
204451 22
204453 28
204471 22
204712 16
204721 4
204732 22
204735 19
205100 9
205103 31
205104 3
205105 0
205235 32
205239 25
205275 25
205303 4
205337 19
205355 16
205393 22
205712 4
205735 22
205783 16
206100 31
206101 27
206103 31
206107 7
206111 22
206113 25
206161 7
206171 25
206181 18
206191 25
206203 32
206211 32
206216 31
206217 25
206261 7
206267 16
206281 3
206300 19
206321 16
206324 10
206325 22
206327 9
206331 19
206335 4
206336 28
206341 22
206355 13
206362 15
206370 16
206381 19
206436 22
206437 9
206441 7
206717 22
206720 4
206721 22
206730 16
206736 16
206753 16
207100 24
207103 25
207105 19
207107 3
207109 3
207110 0
207115 16
207117 32
207123 19
207131 24
207135 4
207171 12
207173 11
207183 7
207187 24
207203 18
207205 22
207208 13
207213 21
207308 9
207310 16
207313 4
207323 16
207348 16
207401 19
207406 22
207701 19
207703 4
207705 22
207711 16
207741 16
208101 22
208140 22
208263 26
208270 21
208271 3
208272 19
208280 31
208321 19
208329 19
208343 19
208348 4
208425 16
208737 16
209201 16
209251 21
209301 4
209302 16
209303 19
209331 7
209351 31
209358 10
209361 7
209368 28
209375 28
210201 25
210202 7
210204 4
210343 19
210351 22
210383 10
210425 28
210434 16
210703 19
210704 4
210707 22
210731 16
210733 16
210743 16
211100 23
211311 16
211315 9
211319 4
211413 28
211440 4
211442 16
211495 19
211702 4
211889 22
213706 4
213707 16
213714 22
214261 6
214312 16
214341 22
214381 7
214414 10
214415 19
214421 4
215205 19
215206 25
215207 19
215208 10
215423 10
215424 28
215431 16
215475 19
215476 4
215485 22
215486 16
215734 22
215744 4
215752 16
215762 22
215785 22
217701 4
217703 22
217707 16
217734 22
217751 16
217775 22
218100 21
218101 21
218233 9
218235 16
218321 7
218323 4
218351 25
219761 22
219789 16
220703 16
226701 19
226702 4
226704 22
226711 22
226801 16
251101 28
251211 10
251213 25
251261 3
251281 19
251312 10
251313 19
251363 4
251374 10
251384 10
251419 16
251437 28
251438 7
251439 22
251451 19
251475 22
251701 19
251702 4
251703 16
251711 22
251715 16
251745 22
251751 28
251752 19
251757 4
251758 22
251776 28
251783 19
251784 4
251785 22
251790 16
252201 4
252211 2
252232 19
252282 19
252283 2
252285 18
252286 11
252301 7
252302 28
252317 9
252322 22
252325 10
252327 4
252330 31
252342 32
252363 25
252420 19
252421 25
252427 10
252444 4
252498 16
252702 19
252726 22
252746 4
252747 22
252791 16
253303 13
253314 25
253315 16
253455 4
253481 4
253701 16
253715 4
253717 13
253731 19
253732 4
253735 10
253736 22
253748 19
253754 28
254181 22
254205 4
254206 0
254211 16
254215 25
254216 25
254222 22
254231 23
254232 16
254252 16
254282 16
254302 19
254325 9
254333 31
254372 6
254373 19
254421 28
254426 22
254435 10
254436 7
254439 28
254442 19
254444 4
254451 19
254456 16
254459 22
254461 22
254471 4
254473 4
254700 16
254702 28
254703 4
254710 22
254711 19
254734 16
254736 28
254770 28
254804 19
254873 19
254875 22
255201 13
255215 15
255251 5
255290 11
255300 16
255320 13
255321 25
255330 0
255359 4
255415 22
255431 16
255432 19
255434 22
255454 16
255455 16
255492 22
255722 19
255734 4
255738 16
255750 22
255764 22
255770 4
255771 16
255772 22
255786 19
255811 22
255820 16
256100 28
256212 22
256281 9
256316 25
256333 16
256373 22
256418 22
256441 19
259103 28
259104 25
259106 4
259107 29
259108 21
259109 12
259201 20
259203 32
260402 4
260413 16
260701 16
260702 28
260705 19
260709 4
260716 19
260718 4
260772 22
261103 28
261111 10
261200 4
261210 19
261212 16
261216 9
261217 22
261304 19
261305 4
261335 25
261336 32
261342 28
261343 4
261361 19
261405 25
261434 22
261447 16
261458 22
261461 22
261469 31
261701 4
261702 22
261706 16
261739 19
261752 16
261754 22
261769 19
261791 4
261895 16
263701 4
263702 16
263720 19
263746 28
263760 22
263770 22
263771 19
264701 28
264703 19
264706 4
264710 4
264733 22
264791 16
266702 16
268721 16
269101 13
269102 10
269111 19
269200 19
269201 16
269202 9
269340 9
269430 7
269452 4
269462 4
269470 25
269493 16
301254 25
305202 28
311352 32
318322 22
318351 10
320351 25
321251 4
324703 16
328310 19
328313 22
330110 25
330111 7
351100 18
351200 14
351201 0
351301 4
351321 16
351331 19
351441 19
351442 22
351451 4
351466 10
351489 16
352103 4
352301 19
352311 10
352321 16
352323 22
352422 31
353210 16
353301 10
353311 22
353418 28
353421 22
353431 31
353451 16
354311 3
356100 30
356101 4
356102 31
356202 4
356210 10
356212 16
356261 22
356303 16
356304 19
356411 10
356416 19
357101 30
357110 4
357210 22
357322 22
357325 10
357417 19
357441 31
357491 10
359202 29
359203 0
359204 28
359210 16
359311 19
359409 4
359421 7
359465 22
360100 6
360400 19
360403 4
360423 22
360460 16
361210 0
361214 7
361301 22
361351 19
361442 10
361453 4
361461 16
361471 32
362211 29
363210 10
365321 7
365322 31
365324 16
365421 22
368200 31
400110 12
401382 13
403382 28
406385 22
406395 31
409281 13
409292 10
411281 19
411291 22
415291 7
420281 16
421281 28
421291 6
421385 19
421395 4
423382 16
428382 7
461100 0
461435 19
461472 22
461514 4
461523 22
462130 0
462151 25
462405 22
462409 16
462445 16
462541 4
462543 22
462584 16
463251 22
463311 22
463331 7
463341 19
463353 16
463402 28
463433 4
463455 16
463491 31
463503 7
463513 4
463545 16
463556 28
463571 19
464301 25
464311 10
464341 28
464401 7
464413 10
464441 19
464443 13
464444 31
464445 22
464502 4
501301 28
501302 4
504302 7
506303 22
506361 22
508203 32
508303 19
510201 18
510202 25
512303 16
513111 28
513114 7
513223 4
513224 22
513283 19
513315 28
513324 10
513328 7
513363 4
513371 16
513411 19
513429 4
513445 22
513471 16
514211 16
514241 19
514317 16
514323 22
514341 4
514343 28
514381 7
514383 19
514451 22
515201 10
515250 19
515306 28
515310 16
515334 19
515361 19
515364 4
515370 22
515373 16
518770 16
551312 10
552216 7
552217 25
552222 16
553311 28
554312 19
556412 4
561313 22
561314 16
562101 22
562211 19
601201 9
601302 13
601341 28
601344 4
601351 19
601422 22
601452 22
601456 7
601731 4
601758 22
601765 19
601842 16
602100 20
602102 3
602103 25
602111 25
602211 25
602315 19
602321 16
602322 22
602431 7
602432 19
602441 16
602464 22
602731 22
602761 16
603211 25
603321 16
603322 22
603351 19
603421 4
603441 22
603471 16
603496 19
603711 4
603723 22
603731 16
604304 7
604305 28
604312 19
604313 6
604351 10
604352 22
604451 16
604711 22
604715 16
605201 10
605204 15
605301 32
605313 19
605314 16
605321 7
605322 22
605701 19
605713 4
605741 22
605745 16
605751 16
606231 25
606242 9
606244 16
606263 4
606310 22
606343 19
610114 27
651104 4
651105 21
651109 22
651120 25
651210 19
651311 19
651312 4
651315 22
651316 16
701100 7
701101 10
701104 7
701181 7
701183 7
701201 10
701205 16
701211 7
701243 7
701281 19
701313 28
701321 4
701331 22
701341 19
701344 16
702100 22
702101 22
702205 4
702211 25
702213 19
702312 4
702316 10
702317 16
702341 19
702351 22
703103 13
703109 25
703202 27
703243 32
703244 32
703305 19
703308 32
703309 22
703310 16
703322 28
703323 28
703330 10
703331 7
703391 7
703404 22
703412 10
703447 28
703454 16
703498 4
705191 28
705211 6
705311 24
705329 16
705331 19
705332 4
705342 16
705351 7
705431 10
705438 6
705440 16
705441 4
705442 16
705444 28
705461 22
705493 19
705499 7
751100 10
751101 32
751102 3
751106 23
751202 4
751209 22
751301 32
751302 24
751303 28
751304 22
751305 22
751308 10
751309 10
751321 22
751326 28
751330 16
751345 19
751401 10
751403 4
751405 19
751408 25
751417 16
751418 4
751419 28
751422 25
751428 15
751440 22
751441 10
751443 16
751447 19
751451 16
751701 22
751702 16
751703 4
751704 19
751705 19
751706 4
751708 19
751712 16
751716 28
751724 22
751725 19
751726 22
751727 28
751729 28
751734 10
751744 4
751752 16
801100 18
801201 6
801225 16
801235 22
801321 4
801331 10
801333 22
801336 19
801421 4
801471 19
801481 16
803121 25
803123 10
803231 4
851100 23
851104 13
851105 10
851108 16
851200 4
851201 17
851202 21
851204 15
851205 28
851273 4
851305 7
851309 6
851313 7
851343 16
851344 19
851345 10
851360 28
851362 16
851367 19
851372 10
851375 9
851400 25
851404 16
851406 22
851407 25
951100 20
951101 28
951102 7
951125 4
951203 19
951302 19
951323 4
951331 22
951344 19
951348 22
951352 16
951497 16
953103 13
953111 31
953211 4
953212 7
953233 31
953261 10
953321 10
953322 16
953331 22
953361 22
953421 19
953494 16
954100 7
954140 10
954141 10
954245 3
954246 7
954260 0
954270 19
954311 28
954312 0
954320 13
954323 22
954343 4
954370 10
954374 16
954412 22
954413 4
954462 16
954471 22
954491 19
954498 10
