001101 16
001102 4
001111 28
001113 7
001201 1
001202 3
001210 4
001212 0
001218 30
001230 19
001231 16
001250 28
001291 15
001293 32
001310 6
001311 10
001312 28
001318 28
001320 7
001321 9
001323 0
001330 4
001342 25
001353 24
001354 6
001362 10
001381 19
001410 19
001423 28
001425 25
001443 19
001444 31
001445 0
001447 19
001461 19
002101 7
002110 25
002191 7
002192 25
002201 19
002211 28
002221 13
002250 25
002301 22
002333 13
002351 31
002361 7
002365 28
002401 10
002473 19
003101 7
003191 22
003201 25
003313 7
003320 3
003331 28
003367 25
004241 28
004282 9
004301 0
004303 6
004324 21
004432 25
004473 31
004475 13
004483 13
006103 9
006126 7
006206 28
006226 32
006242 19
006253 10
006303 24
006325 22
006326 4
006330 22
006344 13
006346 7
006355 10
006425 28
006426 28
006428 9
006443 7
006448 19
006454 10
008214 19
008303 28
008314 25
008411 7
008417 19
009103 23
009105 28
009212 25
009230 18
009231 22
009326 13
009328 3
009426 7
009431 19
009445 25
011100 12
011151 7
011152 3
011153 3
011251 12
011257 6
011259 19
011269 30
011276 25
011353 27
011356 0
011358 21
011362 3
011374 7
011461 19
011464 10
011479 7
012100 7
012173 23
012200 25
012273 25
012371 13
012475 19
013103 13
013110 10
013203 31
013204 18
013206 27
013209 25
013301 21
013302 16
013303 3
013305 30
013306 19
013307 28
013317 25
013321 0
013326 7
013329 19
013330 0
013335 28
013337 10
013413 3
013427 19
013433 7
014210 27
014211 10
014270 10
014310 22
014311 4
014322 22
014323 31
014324 28
014370 10
014371 3
014381 28
014382 19
014401 6
014471 0
014481 7
014485 25
015101 18
016101 32
017101 25
017102 7
017111 28
017112 10
017210 7
018103 0
018111 13
018113 19
018125 19
018203 31
018211 13
018213 10
018231 28
018235 7
018271 25
018301 22
018335 28
018351 19
018353 22
018433 7
018435 19
018438 10
018467 10
019101 8
019103 13
019105 15
019106 25
019108 10
019111 25
019203 7
019205 25
019206 28
019208 21
019211 32
019221 28
019303 19
019311 13
019331 4
019361 22
019371 7
019373 10
019381 7
019411 0
019442 13
019471 10
019473 19
020101 7
020102 25
020211 19
020212 10
020231 30
020311 9
020321 19
020333 32
020341 28
020362 0
020363 22
021101 32
021102 9
021203 18
021270 25
025108 19
025110 19
025310 10
025480 7
026101 31
026102 31
026111 25
026112 3
026201 28
026271 25
029701 7
029711 19
050100 19
050103 21
050104 12
050106 3
050111 3
051302 28
051304 28
051306 21
051313 16
051412 16
051418 25
052201 1
052202 30
052314 16
052350 22
052352 0
052357 19
052400 22
052419 4
052443 7
052445 31
052447 19
052725 19
055701 16
055706 10
055707 7
055771 10
055797 19
057121 26
057122 25
057123 0
057125 21
057126 24
057127 22
057128 25
057129 9
057130 11
057131 12
057132 22
057133 32
057134 32
057135 4
057137 25
057138 32
057139 6
057140 31
057201 3
057205 7
057215 31
057274 19
057279 18
057283 0
057284 1
057285 28
057288 19
057293 24
057294 7
057300 16
057302 13
057305 4
057351 10
057366 9
057403 6
057405 31
057410 22
057411 9
057420 4
057425 0
057426 25
057428 10
059419 9
061106 28
061201 7
061223 19
061306 31
061307 18
061312 19
061313 16
061317 16
061401 19
061403 28
061404 7
062342 13
062343 19
062344 13
062345 10
062346 25
062360 10
062380 28
062411 1
062452 28
062460 7
062470 13
063703 19
063813 16
064207 16
064231 13
064251 10
064281 1
064291 13
064301 10
064303 7
064410 19
064412 13
064417 10
064418 28
064424 19
064474 19
065210 6
065212 16
065310 27
065320 1
065332 6
065421 19
065434 31
065435 7
065436 28
065437 25
065797 16
065799 16
066221 7
066323 19
066410 22
066414 19
066425 16
066755 19
067202 28
067303 21
067311 19
067372 0
067373 16
067432 16
070301 1
070303 28
070304 13
070305 25
070308 7
070400 16
070401 19
070403 25
070404 10
070410 10
070411 7
070415 1
070416 16
070720 10
070721 7
070726 19
070727 19
070731 16
070792 16
071412 1
071413 7
071414 22
071420 28
071422 25
071423 7
071425 3
071712 7
071811 19
074100 6
074101 22
074414 28
076314 4
076414 0
076425 16
076427 18
076428 21
076429 28
076444 0
076466 10
078444 8
078454 7
079444 13
088708 16
091800 16
099101 21
099102 21
100102 25
100103 7
100104 28
100105 10
100109 25
100110 25
100111 10
100112 10
100206 18
100207 7
100208 7
100209 13
100210 25
100211 28
100212 12
100213 19
100218 7
100219 4
100220 22
100225 25
100226 19
100281 9
100306 3
100307 13
100308 32
100309 25
100310 15
100501 16
101100 0
101105 1
101201 25
101211 25
101400 3
101405 16
103112 7
103191 7
103271 23
104200 25
104201 10
104300 7
104301 19
104340 19
104410 28
104424 16
104495 10
105304 16
109100 6
109115 28
112101 16
112102 10
112103 19
112108 7
112201 13
112203 7
112213 31
112300 7
112411 28
112412 16
115200 19
115301 27
115302 0
116400 16
126101 14
126216 16
126321 30
126330 18
126333 16
126334 16
126428 27
126432 1
126443 21
127100 18
127101 0
127203 6
127204 32
127207 28
127303 18
127312 24
127314 10
127315 16
127316 4
127329 27
127337 0
127711 10
127717 7
127718 19
127719 16
128100 11
128101 25
128202 10
128203 16
128204 22
128307 12
128309 22
128334 0
128352 7
128354 18
128403 10
128701 10
128710 7
128730 19
128740 16
128762 16
140101 7
140102 16
140105 21
152321 16
154104 10
154141 4
154151 31
154231 7
154262 10
154281 21
154311 32
154330 4
154340 18
154351 16
154353 0
154363 16
154375 22
154377 7
154388 25
154433 16
154443 19
154488 22
159100 13
159101 3
159151 25
159203 22
159221 25
159302 31
159303 4
159305 22
159332 16
159356 19
159362 16
159403 19
159411 28
159412 19
159431 25
160341 32
164200 7
164341 19
168101 31
168410 16
176100 27
176101 5
176104 19
176220 17
177103 11
177214 18
177215 28
177216 30
177217 3
177242 19
177281 6
177283 10
177285 0
177321 28
177330 22
177336 28
177341 16
177361 4
177393 6
177404 13
177414 10
177427 10
177430 10
177434 7
177446 25
177447 13
177450 19
177465 19
177467 16
177481 10
177494 16
179403 19
201100 6
201110 7
201114 22
201115 18
201116 32
202100 24
202101 18
202141 3
202143 22
202145 25
202184 0
202231 30
202260 25
202310 19
202311 19
202332 4
202334 7
202342 32
202361 19
202371 16
202410 25
202434 10
202438 10
202443 10
202473 28
202474 10
202477 7
202495 7
202737 10
202765 7
202773 10
202776 19
202783 10
202833 19
202844 25
202848 19
203100 7
203103 7
203111 0
203116 19
203151 18
203162 30
203201 16
203203 0
203204 4
203206 15
203207 16
203208 32
203209 18
203222 31
203226 27
203231 15
203235 20
203236 28
203255 3
203300 9
203303 16
203315 25
203323 0
203324 28
203331 3
203332 4
203333 21
203351 10
203352 22
203475 10
203705 7
203709 10
203713 10
203714 7
203716 19
203723 7
203732 19
203736 10
203739 7
203743 7
203753 25
203803 25
203807 19
203821 10
203828 19
203879 28
204100 28
204101 15
204111 7
204202 32
204211 16
204216 19
204217 19
204231 19
204321 28
204325 28
204335 7
204341 4
204361 7
204363 19
204365 0
204381 18
204383 31
204432 1
204442 10
204451 21
204453 10
204471 25
204721 10
204725 19
204735 7
204764 19
204891 19
205100 31
205103 18
205104 3
205105 24
205235 19
205239 28
205275 13
205303 0
205337 25
205355 28
205393 19
205441 7
205461 19
205765 25
205805 19
206100 27
206101 31
206103 13
206107 28
206108 12
206111 21
206113 28
206161 5
206171 14
206181 13
206191 25
206203 6
206207 19
206211 31
206216 27
206217 16
206254 0
206261 15
206267 22
206281 22
206300 12
206321 19
206324 32
206325 18
206327 22
206328 4
206331 7
206335 7
206336 28
206341 32
206355 9
206362 18
206370 3
206381 22
206412 7
206432 19
206436 31
206437 19
206441 4
206457 7
206470 25
206705 7
206707 10
206713 19
206717 7
206720 7
206726 10
206738 7
206739 19
206743 7
206753 7
206785 19
207100 31
207103 19
207105 2
207106 7
207107 28
207109 6
207110 18
207115 9
207117 25
207123 24
207131 28
207135 28
207171 4
207173 31
207183 10
207187 12
207203 9
207205 19
207208 16
207213 19
207308 7
207310 4
207313 31
207323 22
207348 25
207401 22
207403 19
207406 19
207419 31
207422 7
207455 10
207458 7
207463 7
207701 25
207703 10
207705 7
207711 19
207808 19
208101 30
208140 28
208150 25
208263 29
208270 16
208271 27
208280 28
208321 7
208329 10
208343 7
208348 0
208383 25
208425 22
208439 7
208440 19
208469 19
208711 25
208760 10
208761 7
208770 19
208871 7
208872 19
209201 25
209251 28
209301 10
209302 7
209303 19
209331 28
209351 31
209358 13
209361 28
209368 22
209375 25
209451 25
209453 10
209461 7
209463 19
209483 7
209485 19
209705 13
209707 25
209771 10
209773 28
209779 7
209785 19
210201 28
210202 32
210204 25
210343 7
210351 25
210383 13
210425 7
210433 1
210434 3
210445 19
210485 19
210703 25
210704 10
210705 7
210707 19
210731 10
211100 5
211311 6
211315 3
211319 30
211440 19
211443 19
211702 19
211889 7
212701 25
212703 7
212711 19
212741 10
213706 19
213707 7
213711 19
213714 10
214100 21
214261 4
214312 10
214341 1
214381 25
214401 13
214411 25
214414 7
214415 28
214430 25
214445 10
215205 14
215206 27
215207 9
215208 6
215302 0
215381 7
215411 28
215431 22
215734 7
215744 10
215752 19
215762 10
215782 25
215785 7
216781 10
217701 10
217703 7
217707 19
217726 7
217775 19
217781 19
218100 9
218101 31
218233 25
218235 28
218321 32
218323 3
218351 28
218471 28
218474 7
218475 19
219720 19
219731 10
220703 19
226701 19
226702 19
226709 19
226710 7
229123 3
229323 16
251211 6
251213 28
251216 19
251261 16
251281 22
251312 0
251313 19
251333 13
251361 16
251363 25
251371 32
251372 22
251374 19
251384 28
251411 7
251437 7
251438 4
251439 22
251461 25
251475 10
251479 16
251701 25
251702 10
251703 16
251711 25
251714 10
251715 7
251717 19
251718 25
251745 7
251751 10
251752 7
251757 19
251758 25
251776 25
251783 10
251785 7
251790 16
252201 7
252211 9
252232 3
252282 10
252283 19
252285 0
252286 21
252301 16
252302 25
252317 21
252320 22
252322 11
252325 14
252327 4
252330 0
252342 32
252363 3
252420 10
252421 16
252425 7
252427 13
252439 19
252444 18
252450 28
252460 19
252498 22
252702 10
252708 10
252711 19
252719 10
252724 19
252725 7
252752 7
252785 7
252789 25
252791 16
253303 16
253314 21
253315 0
253432 13
253455 10
253456 19
253481 19
253701 7
253717 19
253722 16
253732 10
253734 19
253736 25
253747 7
253748 25
253752 16
253754 10
254181 3
254205 4
254206 10
254211 28
254215 28
254216 27
254222 13
254231 30
254232 6
254252 19
254282 7
254302 25
254325 16
254333 21
254372 9
254373 19
254421 4
254426 7
254436 1
254439 22
254441 0
254451 32
254456 1
254457 28
254459 4
254461 7
254471 19
254473 7
254494 25
254496 19
254700 19
254702 25
254703 16
254710 7
254734 16
254770 25
254804 10
254872 7
254875 10
255201 22
255215 13
255251 24
255290 27
255300 3
255320 23
255321 17
255330 0
255359 6
255415 25
255417 19
255420 25
255422 7
255424 19
255431 16
255432 22
255434 28
255438 25
255449 19
255454 7
255455 10
255460 19
255462 19
255471 10
255492 19
255722 7
255734 19
255750 25
255752 10
255758 16
255764 16
255766 10
255770 19
255771 7
255772-001 10
255772-801 19
255772-803 10
255772-804 16
256100 32
256212 16
256271 7
256281 28
256316 4
256333 16
256373 19
256384 25
256412 25
256418 7
256441 4
256457 19
256462 25
256473 16
256700 19
256751 16
259103 32
259104 28
259106 21
259107 28
259108 31
259109 18
259201 3
259203 25
260312 16
260701 13
260705 19
260709 16
260716 25
260718 7
260772 10
261103 25
261111 24
261200 6
261210 25
261212 0
261216 32
261217 22
261304 7
261305 22
261335 28
261336 16
261342 18
261343 21
261361 4
261405 3
261434 16
261447 19
261456 10
261457 7
261458 10
261469 25
261473 16
261497 25
261701 10
261702 7
261706 19
261739 16
261746 7
261754 16
261769 16
261781 16
261791 19
261792 16
263701 7
263702 19
263720 10
263760 16
263771 10
264701 25
264706 10
264710 19
264741 7
264789 19
264791 16
266702 16
268721 16
269101 7
269102 19
269111 16
269200 25
269201 19
269202 31
269340 1
269430 10
269462 22
269470 7
269494 28
270701 19
270702 16
270711 7
270712 16
270791 7
301254 22
305202 25
311352 4
318322 28
318351 7
320351 16
321251 16
324703 19
328310 7
328313 13
330110 12
330111 1
351100 25
351200 10
351201 16
351202 21
351301 19
351302 28
351321 25
351331 22
351410 10
351425 7
351441 10
351442 13
351451 19
351463 16
351466 25
352103 24
352301 6
352311 16
352321 31
352323 28
352421 19
352422 4
352431 21
353301 16
353311 19
353421 22
353431 25
353451 28
353452 25
354311 10
356100 32
356101 9
356102 7
356202 10
356210 22
356212 7
356261 6
356303 28
356304 0
356312 22
356361 19
356411 19
356416 25
356432 16
356477 16
357110 19
357210 7
357322 19
357325 25
357360 4
357417 22
357441 16
357491 7
359202 3
359203 31
359204 25
359206 19
359301 24
359311 21
359380 16
359405 7
359409 28
359410 19
359413 28
359421 9
359465 28
360100 12
360210 30
360301 4
360304 7
360402 19
360403 16
360423 28
360460 16
361210 7
361211 19
361301 28
361321 13
361351 25
361453 16
361471 16
362211 31
363210 21
365201 31
365211 19
365321 16
365421 10
365427 25
365428 1
365431 28
368200 19
368317 16
368431 3
400110 4
400211 6
401382 10
403382 19
406385 13
406395 25
409281 31
409292 1
411281 28
411291 13
415291 25
420281 10
421281 7
421291 19
421385 31
421395 22
423382 1
428382 28
461100 22
461170 12
461471 25
461511 10
461523 19
461526 16
461527 28
461529 16
462130 19
462151 1
462505 7
462523 19
462541 1
462586 16
462587 4
462588 7
463251 25
463311 16
463331 10
463341 1
463353 13
463402 28
463433 10
463455 19
463491 4
463503 28
463504 19
463545 19
463556 10
463558 13
464301 22
464311 7
464341 19
464401 7
464413 22
464441 16
464443 25
464444 13
464445 13
464501 10
464502 7
464503 7
464508 25
464509 25
464510 25
464541 22
464542 16
464546 25
464549 28
501301 19
501302 28
502211 13
504302 10
506303 13
506361 16
508203 6
508303 7
510201 19
510202 16
510411 10
510414 7
510415 25
510417 16
512303 25
513111 18
513114 4
513223 10
513224 7
513283 19
513315 16
513324 25
513328 10
513363 28
513371 19
513412 25
513429 10
513445 7
513451 19
513471 16
514211 19
514241 16
514317 28
514323 1
514335 13
514341 19
514343 25
514381 16
514383 31
514395 7
514397 10
514466 19
515201 16
515250 19
515307 19
515312 31
515334 1
515361 13
515364 7
515376 25
515403 7
515455 19
515490 16
551311 7
552216 19
552217 7
552222 16
553312 7
554314 19
555313 19
556311 16
558431 16
561312 16
562211 16
571115 25
601201 32
601302 7
601321 10
601341 4
601344 16
601351 25
601422 31
601452 16
601456 19
601462 16
601702 10
601731 7
601742 16
601758 16
601765 10
601767 19
602100 7
602102 25
602103 32
602111 19
602211 7
602315 16
602321 24
602322 0
602431 7
602432 19
602441 16
602464 25
602731 16
602753 19
602761 19
603211 6
603322 22
603332 7
603352 10
603371 16
603421 19
603441 16
603711 7
603723 19
603731 16
604304 7
604305 19
604312 28
604313 10
604351 4
604352 31
604412 13
604414 10
604416 19
604422 16
604451 25
604715 19
605201 28
605204 31
605301 1
605313 22
605314 16
605321 10
605322 16
605341 32
605412 13
605432 25
605444 10
605445 7
605461 16
605701 19
605702 16
605717 16
605741 7
605745 19
605751 19
606231 4
606242 3
606244 7
606263 19
606343 22
606362 10
606363 16
610114 8
651105 28
651109 16
651120 1
651210 19
651311 10
651312 19
651315 16
651316 7
701101 7
701181 7
701182 19
701183 21
701201 22
701211 3
701281 31
701295 19
701313 4
701321 18
701331 0
701341 25
701342 30
701344 19
701407 10
701425 19
701455 7
701494 28
702100 4
702101 25
702205 10
702211 25
702213 16
702312 24
702316 19
702317 7
702318 28
702341 13
702351 25
702411 13
702416 10
702431 7
703103 26
703202 6
703243 30
703244 22
703305 24
703308 3
703309 16
703310 7
703311 28
703322 27
703323 19
703324 16
703330 32
703331 28
703391 25
703404 10
703412 13
703447 28
703454 7
703498 19
705191 28
705211 17
705311 24
705328 31
705329 10
705331 16
705342 16
705351 22
705437 19
705438 4
705440 19
705441 9
705442 31
705444 3
705446 22
705447 10
705461 28
705493 25
751100 13
751101 9
751102 3
751106 9
751202 16
751209 3
751301 10
751302 23
751303 25
751305 9
751308 30
751309 13
751321 28
751326 28
751327 7
751330 28
751345 16
751401 10
751403 7
751405 19
751408 16
751417 19
751419 25
751425 28
751428 32
751441 28
751443 22
751447 16
751451 31
751701 25
751702 10
751703 13
751704 19
751705 28
751706 25
751708 10
751710 13
751712 16
751716 19
751718 7
751726 16
751734 28
751742 19
751743 7
801100 20
801201 28
801225 19
801235 31
801324 16
801331 10
801333 22
801334 19
801336 7
801421 19
801471 25
801481 16
803121 7
803123 19
803231 10
803331 7
851100 24
851104 28
851105 25
851108 7
851200 16
851201 19
851202 18
851204 16
851205 32
851243 18
851251 28
851262 24
851273 27
851305 3
851309 18
851313 23
851343 23
851344 32
851345 22
851360 0
851362 0
851367 4
851372 10
851375 7
851400 19
851404 28
851406 12
851407 25
851462 0
852101 13
852102 10
852103 19
951100 31
951102 19
951106 7
951125 6
951203 16
951302 0
951323 25
951331 19
951344 7
951348 19
951352 4
951497-020 3
951497-021 28
953103 10
953111 7
953211 19
953212 10
953233 25
953261 19
953321 22
953322 31
953331 13
953361 7
953421 19
953494 1
954100 32
954140 19
954143 16
954170 24
954246 4
954326 28
954370 31
954374 16
954410 1
954413 0
954416 3
954426 10
954443 10
954449 7
954462 25
954471 13
954477 21
954491 19
954498 16
955102 28
955103 3
955104 1
958111 22
