001101 0
001102 1
001112 28
001118 18
001201 31
001202 28
001210 24
001222 13
001223 4
001224 4
001225 4
001226 4
001227 10
001228 4
001229 0
001230 21
001231 19
001234 32
001250 22
001291 10
001292 32
001310 7
001311 16
001312 18
001314 22
001315 19
001320 25
001321 0
001323 4
001330 22
001341 7
001342 7
001352 4
001355 13
001361 31
001362 24
001391 16
001410 19
001423 28
001440 16
001445 28
001446 25
001463 7
001471 22
001472 25
002102 25
002111 28
002191 12
002202 7
002230 10
002260 22
002302 28
002311 13
002321 7
002331 25
002362 22
002402 28
002441 7
002471 22
003102 13
003191 30
003202 13
003314 13
003331 28
003332 7
003361 22
003367 28
003454 19
004282 19
004465 25
004472 22
004474 31
004476 7
006103 8
006226 22
006241 19
006253 19
006307 28
006326 22
006330 13
006349 22
006353 7
006423 19
006432 7
006443 16
006448 7
006475 13
008214 28
008314 13
008326 4
008402 31
008411 16
009103 9
009213 13
009234 22
009236 27
009254 16
009325 13
009327 19
009344 28
009355 7
009356 19
009358 25
009363 22
009446 25
011100 32
011101 12
011154 16
011156 24
011157 7
011251 9
011257 17
011268 10
011269 29
011276 6
011277 15
011278 32
011355 31
011367 22
011457 10
011479 22
012173 0
012200 25
012271 27
012272 19
013103 31
013110 7
013203 8
013204 9
013207 22
013208 0
013209 28
013216 22
013217 30
013301 15
013303 32
013306 14
013321 16
013335 30
013337 4
013410 28
013413 28
013422 13
013428 22
013431 13
013432 22
014210 25
014211 7
014270 27
014310 4
014311 27
014323 19
014370 9
014383 32
014390 7
014401 10
014410 22
014422 13
014423 25
014471 22
014481 31
015101 0
015102 19
016101 16
016102 25
017101 27
017102 19
017111 13
017112 19
017231 28
018104 7
018111 13
018112 15
018114 0
018126 4
018204 22
018271 9
018323 22
018352 22
018372 13
018468 22
019101 9
019104 32
019105 3
019106 19
019112 4
019204 10
019205 16
019206 19
019212 22
019222 25
019332 28
019351 7
019362 13
019373 24
019441 22
020101 16
020102 28
020212 10
020231 7
020232 22
020261 4
021101 9
021102 19
021203 16
021204 32
021270 10
024752 22
025110 13
025381 22
025481 22
026101 5
026102 6
026111 15
026112 19
026201 0
026202 0
050100 28
050103 30
050104 32
050106 27
050112 13
050113 7
051302 24
051304 0
051306 22
051310 22
051313 19
051412 4
051418 7
052203 22
052310 4
052323 7
052331 28
052350 13
052351 4
052353 10
052355 16
052400 19
052417 22
052420 28
052422 32
052441 7
052442 1
052445 4
052448 31
052449 19
052725 22
054821 4
054822 4
055702 22
055703 4
055711 13
055739 13
057121 2
057122 11
057123 6
057125 6
057126 15
057127 24
057128 2
057129 23
057130 21
057131 8
057132 15
057133 9
057134 18
057135 15
057136 4
057137 7
057138 28
057139 32
057213 9
057283 7
057286 25
057287 19
057290 13
057295 19
057297 13
057298 22
057301 25
057302 22
057305 7
057307 4
057316 28
057366 10
057401 7
057404 16
057407 19
057413 13
057419 22
057425 22
057427 4
057428 6
057450 19
059405 22
059413 4
059419 15
061106 16
061201 7
061205 22
061223 31
061224 6
061306 25
061312 6
061313 19
061317 22
061319 10
061401 7
061403 4
061405 13
061430 28
062342 25
062346 13
062360 19
062380 31
062411 25
062452 19
062460 13
062470 28
062499 22
063201 4
064204 7
064231 13
064232 4
064252 19
064303 25
064411 22
064412 13
064413 25
064417 22
064422 25
064423 10
064424 11
064474 4
065120 19
065121 31
065211 4
065212 32
065311 10
065320 25
065333 19
065420 31
065436 22
065437 7
065438 4
065782 13
065795 22
065797 4
065799 4
066222 22
066324 10
066412 4
066416 13
066426 28
067201 13
067203 4
067303 22
067311 31
067371 25
067433 32
067435 28
067436 28
067491 13
070200 10
070304 22
070305 4
070400 22
070401 28
070403 25
070404 4
070410 16
070411 28
070413 9
070414 3
070415 4
070416 13
070727 22
070731 4
070741 4
071411 22
071412 13
071413 1
071414 22
071415 7
071416 30
071417 4
071419 32
071420 4
071426 22
071724 4
074100 28
074101 11
076414 10
076426 7
076427 9
076428 4
076429 22
076430 1
076444 31
076466 19
078444 17
079444 19
088708 4
099101 28
099102 24
099103 22
100102 13
100104 9
100109 21
100110 28
100111 6
100112 4
100205 25
100206 25
100207 24
100208 32
100210 19
100212 15
100213 13
100214 10
100218 9
100219 9
100220 9
100222 31
100225 10
100227 22
100281 0
100306 7
100307 0
100308 16
100309 4
100310 13
100501 21
101201 4
101202 4
101205 16
101325 21
101405 4
101490 7
103271 20
104100 22
104201 22
104302 19
104310 13
104320 4
104327 7
104334 22
104435 22
104450 19
104490 28
109100 26
109114 19
112101 4
112105 13
112106 28
112109 7
112202 22
112205 4
112303 22
112321 19
112322 19
112406 4
112424 22
115300 4
116301 16
116302 22
126101 28
126102 19
126212 22
126213 16
126214 13
126324 32
126325 22
126328 31
126330 6
126331 19
126332 10
126400 13
126431 9
126434 4
126436 28
126437 16
126438 4
126442 6
127100 25
127101 9
127202 4
127205 32
127206 7
127303 24
127313 28
127320 10
127330 1
127332 25
127333 32
127336 19
127359 10
127411 28
127412 19
127413 7
127414 13
127415 7
127416 22
127424 28
127433 28
127492 4
127716 13
127720 22
127721 7
127730 4
128100 8
128101 22
128201 13
128304 32
128305 6
128306 28
128308 22
128310 32
128353 13
128401 22
128423 13
128425 7
128427 25
128429 13
128434 19
128445 4
128451 7
128462 7
128471 4
128484 28
128700 13
128712 7
128727 22
128734 4
128751 7
140101 4
140102 13
140103 10
140104 18
140105 22
152211 7
152301 13
152321 4
152331 4
154100 4
154104 7
154141 31
154152 13
154153 27
154173 22
154181 4
154251 22
154276 28
154281 30
154301 13
154330 25
154431 22
154479 4
154482 7
154492 28
159100 6
159101 12
159102 13
159151 4
159202 7
159203 10
159204 19
159331 22
159411 19
159412 13
159434 13
159462 16
160342 28
164261 13
164341 28
168101 19
168410 25
176100 17
176101 10
176104 19
177104 16
177113 28
177114 4
177141 25
177142 7
177181 13
177220 0
177222 7
177227 13
177228 28
177229 22
177300 3
177321 10
177332 0
177335 19
177341 18
177361 25
177362 7
177413 22
177420 7
177425 13
177429 7
177430 4
177431 22
177433 13
177460 16
177464 13
177465 1
177466 4
177470 4
177471 31
177483 24
177491 31
177494 28
177495 4
179402 4
179403 4
179404 13
179406 4
179443 25
201100 20
201110 29
201114 22
201116 24
201117 24
201190 13
202100 22
202101 25
202102 23
202147 17
202231 19
202303 4
202305 7
202311 28
202331 16
202356 4
202371 4
202405 13
202432 10
202442 4
202461 13
202471 19
202475 22
202476 25
202484 16
202731 22
202736 22
202749 4
202770 22
202804 4
202807 4
202833 4
202843 22
203100 3
203104 3
203108 30
203111 3
203113 12
203114 24
203131 27
203132 25
203151 4
203152 31
203154 19
203158 13
203159 22
203162 31
203202 13
203203 32
203204 31
203206 14
203207 21
203208 10
203209 5
203211 22
203222 16
203223 10
203226 25
203232 25
203236 2
203250 10
203287 15
203300 28
203304 7
203316 31
203351 27
203352 32
203413 22
203424 25
203425 4
203435 4
203459 19
203708 22
203715 4
203719 13
203721 4
203734 13
203735 22
203749 13
203754 4
203775 22
203804 4
203812 22
203825 13
203829 22
204100 19
204101 13
204113 22
204123 25
204202 7
204217 32
204232 15
204251 10
204306 6
204315 25
204320 28
204333 19
204355 4
204362 10
204382 1
204422 28
204425 19
204441 4
204443 7
204452 13
204456 22
204482 13
204483 28
204490 31
205100 11
205103 10
205105 15
205216 27
205232 13
205244 13
205252 22
205282 19
205324 7
205344 16
205358 13
205361 4
205382 22
205421 22
205473 4
206100 25
206103 31
206104 6
206108 28
206111 30
206112 18
206161 20
206162 25
206171 14
206172 14
206181 19
206182 19
206191 22
206211 1
206216 22
206217 7
206253 7
206255 7
206261 1
206266 31
206281 16
206311 19
206313 22
206321 22
206325 24
206327 16
206331 32
206336 28
206341 25
206342 16
206355 7
206357 4
206362 1
206364 13
206367 6
206368 24
206370 10
206421 7
206435 4
206437 13
206467 19
206471 25
206476 27
206481 9
206725 13
206726 22
206728 4
206729 4
206731 13
206734 22
206736 13
206737 13
206774 22
207100 7
207104 27
207105 10
207106 10
207108 22
207109 8
207110 4
207116 13
207117 16
207118 32
207125 32
207137 4
207162 27
207172 10
207181 16
207187 5
207188 7
207191 30
207195 16
207214 0
207302 19
207305 25
207306 10
207312 19
207321 4
207402 16
207408 13
207415 25
207442 28
207448 10
207449 4
207704 13
207706 22
207708 4
207712 4
207741 13
207766 4
207776 4
208101 26
208140 22
208141 10
208161 10
208250 22
208263 22
208264 31
208271 10
208272 27
208322 7
208345 19
208346 7
208353 10
208362 13
208373 4
208384 4
208423 28
208444 22
208446 4
208460 19
208738 7
208740 4
208770 13
208772 13
208774 22
208776 22
208873 4
209203 32
209204 25
209252 31
209253 24
209262 10
209263 19
209270 19
209271 22
209272 13
209322 16
209332 16
209341 4
209352 24
209370 22
209376 13
209382 19
209424 13
209452 25
209454 16
209456 10
209466 19
209486 4
209714 13
209772 4
209787 22
209789 13
210100 22
210200 32
210207 28
210221 19
210251 13
210276 10
210315 7
210331 16
210355 25
210432 28
210435 4
210448 4
210463 13
210702 4
210717 22
210734 13
210741 22
210743 13
210748 22
210787 13
211100 21
211303 22
211312 25
211315 22
211318 7
211319 13
211341 32
211342 13
211448 28
211449 4
211495 22
211709 4
212712 4
212714 22
212731 13
213708 4
213717 13
213718 22
213763 22
214301 19
214310 22
214340 28
214341 22
214352 25
214403 13
214412 4
214431 22
214442 19
214462 25
214491 4
215205 8
215206 1
215207 28
215208 10
215303 4
215312 31
215313 25
215314 7
215401 25
215462 28
215482 22
215711 22
215783 4
217705 22
217708 4
217773 7
218100 29
218234 28
218236 13
218244 19
218262 22
218352 10
218362 19
218372 22
218382 25
218481 13
218486 4
218496 22
219753 13
219781 22
226703 4
226704 22
226710 22
226805 4
229223 27
229351 7
251100 28
251211 7
251213 7
251216 15
251242 28
251261 32
251292 13
251312 19
251313 13
251333 25
251334 28
251342 21
251361 4
251363 27
251371 25
251372 7
251374 22
251399 31
251411 19
251417 22
251434 22
251436 4
251451 16
251455 1
251456 19
251457 10
251461 4
251465 7
251704 28
251707 4
251713 22
251716 7
251723 13
251724 4
251738 4
251746 7
251748 13
251754 7
251760 13
251763 22
251765 4
251773 7
251781 13
251784 4
252210 15
252212 7
252222 32
252235 13
252281 13
252282 22
252283 28
252285 16
252311 27
252320 25
252331 22
252353 7
252401 7
252402 10
252403 13
252404 22
252413 16
252420 4
252421 4
252422 22
252423 18
252427 19
252428 30
252429 13
252435 28
252440 28
252442 28
252443 4
252448 0
252450 13
252456 4
252459 10
252460 16
252479 16
252489 22
252706 22
252707 13
252714 7
252721 7
252727 13
252755 13
252765 22
252781 22
252792 4
253215 13
253318 19
253321 22
253332 4
253423 25
253433 7
253441 13
253443 19
253451 4
253452 16
253454 13
253721 4
253725 7
253731 7
253734 13
253735 13
253747 28
253749 19
253752 28
253754 22
253791 22
254182 6
254200 15
254205 18
254206 22
254207 1
254211 30
254215 27
254216 7
254222 21
254231 25
254232 25
254271 32
254282 31
254334 19
254352 6
254362 13
254371 0
254373 24
254400 16
254411 7
254412 13
254415 28
254421 1
254423 10
254424 4
254427 7
254435 4
254441 19
254443 13
254445 7
254446 22
254451 22
254452 4
254453 13
254466 16
254476 22
254477 13
254478 22
254495 28
254701 4
254721 22
254733 7
254737 13
254771 13
254816 4
254857 22
255210 18
255230 13
255300 22
255301 0
255316 15
255323 28
255328 12
255337 21
255340 10
255393 4
255422 25
255425 4
255430 4
255432 32
255433 4
255437 7
255440 13
255442 13
255445 22
255447 4
255451 22
255455 28
255463 4
255471 28
255497 22
255714 22
255735 4
255746 13
255750 7
255751 7
255769 7
255772 22
255783 28
255786 7
255791 19
255792 4
256100 9
256271 19
256281 16
256317 19
256318 16
256334 13
256415 7
256419 28
256442 4
256443 25
256456 22
256473 19
256474 28
256713 7
256741 4
256752 13
256753 22
256791 4
259103 23
259104 6
259106 4
259107 19
259108 3
259193 27
259195 28
259200 10
259201 29
259203 0
259401 16
260313 7
260334 22
260421 4
260702 7
260712 13
260719 22
260791 4
261102 4
261111 12
261112 12
261113 9
261205 13
261207 32
261208 10
261214 0
261215 30
261218 28
261305 22
261306 31
261332 13
261342 28
261343 7
261361 13
261411 19
261421 19
261430 1
261433 19
261444 16
261446 16
261447 19
261448 28
261449 4
261453 25
261465 7
261473 7
261479 16
261494 7
261497 15
261498 7
261499 19
261731 4
261736 4
261742 7
261745 28
261751 4
261752 22
261755 13
261763 7
261792 28
261796 22
261891 7
263710 7
263721 13
263724 22
263745 4
263751 4
264702 13
264703 22
264705 4
264755 7
264791 28
265706 13
265709 22
265710 4
266703 4
266801 22
268735 22
268741 4
268742 13
269103 19
269105 4
269130 16
269210 22
269341 7
269360 13
269370 22
269497 4
269498 4
270721 22
270791 22
305203 13
318322 1
329104 4
330112 1
351100 30
351201 4
351302 19
351331 13
351364 16
351371 28
351425 24
351426 22
351464 13
352103 6
352311 4
352314 10
352315 7
352323 19
352331 13
352332 22
352401 28
352412 7
352413 4
352421 19
352422 32
352433 25
352441 13
353313 4
353418 4
353431 0
353441 19
353471 7
353482 28
354311 13
354312 13
355411 22
356100 26
356101 14
356102 9
356210 10
356261 21
356306 16
356331 25
356333 28
356373 25
356375 7
356411 4
356412 22
356415 13
356416 22
356431 4
356432 16
356441 7
356442 28
356443 0
356444 32
356446 22
356447 13
356448 22
356449 4
356455 4
356472 19
356474 22
357110 31
357210 19
357322 22
357323 4
357418 22
357421 1
357432 22
357442 25
357444 7
357446 13
359202 24
359205 4
359206 4
359302 19
359305 13
359341 4
359350 7
359360 4
359401 32
359403 22
359419 28
359422 16
359452 19
359455 4
359460 28
359461 16
360100 2
360301 13
360402 7
360403 28
360411 22
360423 22
360441 19
360460 4
361210 32
361211 22
361214 4
361341 7
361414 4
361421 16
361433 19
361442 13
361461 28
361475 25
363210 31
365201 4
365211 22
365301 16
365324 19
365331 25
365422 13
365425 22
365426 4
368211 1
368310 7
368412 19
368417 24
368433 4
400110 23
400210 22
401281 25
401383 31
401391 1
403281 16
403383 28
406284 4
406294 13
406386 19
406396 4
408382 22
410381 0
413383 7
413391 13
415393 24
420282 22
421282 10
421292 19
421386 25
421396 32
422381 16
428281 28
428282 7
428381 10
428383 9
461170 26
461471 25
461472 7
461511 1
461526 19
462130 23
462531 7
462542 13
462545 22
462582 4
462587 19
462588 7
463201 16
463252 7
463331 13
463332 7
463342 22
463354 16
463512 4
463513 25
463534 19
463543 7
463544 13
463557 22
463559 28
463571 19
463592 28
464302 4
464312 28
464402 10
464403 13
464414 28
464442 22
464443 4
464445 31
464446 16
464500 7
464502 28
464504 4
464505 22
464506 13
464508 16
464544 31
464545 7
464546 7
464549 19
501201 22
501202 31
501305 16
501306 13
502313 25
502314 28
504202 16
504305 31
506202 7
508304 7
510306 4
512304 22
513113 13
513115 31
513212 16
513216 22
513217 7
513225 31
513284 13
513331 13
513343 16
513364 22
513373 28
513390 4
513411 4
513446 4
514202 28
514206 10
514222 32
514244 7
514272 25
514322 10
514336 28
514352 22
514358 25
514382 13
514384 31
514396 4
514398 7
515204 28
515205 16
515256 31
515257 22
515330 31
515337 25
515339 7
515362 16
515377 22
515378 13
515380 4
515407 7
515440 13
515441 22
515442 4
518724 4
518770 22
551311 13
552216 28
552217 16
552232 10
553312 22
554314 31
555313 22
556311 4
557433 19
558101 30
558432 13
561312 7
562101 7
562211 22
571115 22
601201 9
601202 4
601231 13
601242 4
601342 10
601346 28
601351 28
601361 13
601423 7
601424 4
601425 16
601436 4
601452 7
601471 22
601472 4
601745 22
601769 13
601775 4
602100 11
602102 15
602103 17
602120 27
602121 18
602122 4
602314 27
602421 19
602432 13
602453 28
602454 22
602455 7
602461 4
602463 22
602471 16
602741 22
602751 4
603200 21
603231 13
603321 4
603341 19
603396 22
603423 4
603496 13
603725 13
603743 22
603751 4
604101 13
604211 32
604311 1
604314 13
604315 25
604411 27
604415 4
604423 10
604431 19
604443 22
604454 4
604455 7
605203 4
605302 13
605313 25
605315 4
605316 22
605321 25
605331 4
605340 13
605412 22
605430 28
605711 22
605719 4
606211 4
606243 4
606245 19
606264 22
606310 25
606341 7
606342 13
606344 22
606451 19
606452 4
610114 15
651211 7
651212 28
651231 13
651234 13
651306 22
651313 19
651314 28
651317 4
651319 7
651416 13
651425 22
701100 16
701101 27
701181 18
701202 28
701211 22
701235 19
701243 4
701244 31
701283 15
701310 13
701335 4
701408 4
701409 4
701410 22
701496 19
702100 13
702101 6
702211 31
702213 14
702312 8
702317 32
702321 7
702331 13
702342 10
702354 4
702423 13
702443 22
702499 4
703103 32
703202 10
703204 19
703243 0
703244 28
703322 25
703324 1
703330 16
703331 22
703345 18
703351 27
703361 13
703413 4
703441 32
703444 22
703499 22
705191 27
705211 13
705311 12
705328 32
705331 19
705332 22
705343 13
705431 16
705438 10
705440 6
705441 4
705444 24
705446 10
705447 22
705461 25
705492 13
705499 25
751100 16
751101 17
751102 16
751106 19
751202 3
751209 28
751301 25
751302 25
751303 7
751305 24
751308 15
751309 0
751321 1
751326 7
751330 22
751345 16
751401 22
751403 6
751405 12
751408 19
751417 4
751418 22
751419 25
751421 28
751422 4
751424 13
751428 21
751440 10
751443 13
751447 28
751451 4
751701 19
751702 4
751703 28
751705 16
751706 4
751708 22
751710 7
751716 13
751718 13
751719 28
751727 7
751742 7
751744 13
801100 10
801122 32
801134 13
801204 4
801233 7
801236 22
801241 13
801322 22
801334 4
801371 13
803122 4
803124 13
803131 19
803230 22
803232 13
803260 22
851100 5
851103 31
851104 15
851105 25
851200 22
851201 28
851202 12
851204 28
851207 0
851241 22
851252 32
851253 30
851261 4
851263 6
851273 16
851305 10
851306 25
851309 27
851313 28
851363 13
851366 31
851375 15
851400 3
851401 1
851404 13
851406 22
851443 7
851445 32
851450 7
851462 28
851467 7
951100 21
951202 22
951231 13
951321 4
951324 7
951366 4
951421 22
951498-020 28
951498-021 19
953102 7
953104 13
953111 27
953201 25
953202 4
953214 31
953231 22
953232 28
953234 22
953323 4
953361 22
953421 19
953444 22
953494 10
953495 16
954100 4
954140 18
954142 16
954143 10
954170 28
954240 18
954244 15
954310 7
954340 13
954347 22
954371 16
954372 13
954374 25
954413 22
954421 28
954423 7
954464 25
954472 7
954491 19
954498 4
955102 13
955104 13
