001101 4
001102 1
001112 25
001118 18
001201 4
001202 25
001210 2
001212 10
001218 7
001222 7
001223 25
001224 0
001225 10
001226 0
001227 0
001228 0
001229 5
001230 22
001231 19
001234 19
001250 15
001281 4
001291 13
001292 16
001310 13
001311 9
001312 4
001314 13
001315 10
001320 16
001321 22
001323 13
001330 19
001341 22
001342 22
001352 25
001355 28
001361 16
001362 25
001391 4
001410 10
001440 4
001445 19
001463 19
001472 7
002102 19
002111 25
002191 28
002202 10
002230 32
002260 7
002302 7
002321 19
002362 4
003102 31
003191 10
003202 28
003213 19
003261 22
003454 25
004465 27
004472 16
004474 7
004476 22
006103 13
006226 13
006241 7
006253 19
006307 28
006325 22
006443 4
006448 10
008314 25
008402 25
008411 4
009103 29
009213 28
009232 19
009254 6
009301 25
009327 4
009344 4
009355 7
009358 16
009363 19
011100 24
011101 16
011153 22
011154 7
011156 16
011157 24
011251 16
011257 3
011268 32
011269 21
011276 27
011277 13
011278 4
011358 6
011367 22
011457 28
012173 15
012200 6
012271 32
012272 19
012374 16
013103 12
013110 13
013203 9
013204 6
013206 31
013207 19
013208 10
013209 12
013216 19
013301 22
013303 7
013305 18
013314 4
013337 10
013413 22
013425 7
013431 7
013432 25
013433 32
014210 25
014211 19
014270 21
014310 16
014311 16
014370 25
014371 7
014390 19
014401 4
014410 25
014423 22
014471 4
014481 21
015101 13
015102 28
016101 4
017101 16
017102 16
017111 22
017201 19
017231 25
018104 13
018111 4
018112 16
018114 16
018126 4
018204 19
018271 22
018323 28
018332 25
018352 31
018372 10
019101 3
019104 25
019105 15
019106 15
019112 4
019204 18
019205 19
019206 19
019211 28
019212 7
019221 22
019222 10
019332 22
019351 7
019362 4
019371 7
019382 28
019441 25
020101 22
020102 16
020211 28
020212 10
020231 25
020232 16
020261 19
020341 4
021101 16
021102 28
021203 4
021204 19
021270 25
024752 4
025110 25
025381 19
025481 4
026101 14
026102 13
026111 32
026112 4
026201 16
050100 25
050103 32
050104 12
050106 32
050112 11
050113 19
051300 10
051302 7
051304 7
051306 12
051310 16
051313 4
052201 10
052203 19
052310 31
052323 28
052331 13
052351 10
052353 19
052355 16
052417 19
052422 13
052442 25
052449 24
052466 10
057121 14
057122 31
057123 30
057125 31
057126 30
057127 28
057128 28
057129 7
057130 30
057131 22
057132 24
057133 27
057134 7
057135 16
057136 4
057137 4
057138 25
057205 10
057213 13
057276 31
057283 7
057286 13
057287 16
057289 31
057290 19
057295 19
057297 28
057298 4
057301 27
057302 25
057305 13
057316 18
057366 32
057404 4
057407 6
057425 28
057428 24
059405 19
059419 25
061103 28
061106 7
061201 19
061205 16
061223 4
061306 4
061312 4
061313 7
061317 25
061401 25
061403 7
061430 25
062320 22
062341 16
062342 28
062343 28
062344 10
062345 25
062346 22
062360 10
062380 7
062411 22
062452 19
062460 10
062470 19
064202 7
064204 25
064207 16
064272 25
064273 16
064303 10
064410 7
064413 22
064417 19
064418 19
064422 10
064424 10
065120 16
065121 18
065211 25
065212 19
065311 13
065333 6
065420 28
065795 22
065797 4
065799 4
066222 28
066324 32
066412 10
066416 7
066426 13
067201 7
067203 10
067311 10
067371 7
067433 28
067435 19
067436 7
067491 19
067492 25
070100 13
070200 25
070301 4
070303 31
070304 7
070305 19
070308 25
070400 4
070403 32
070404 4
070410 25
070411 7
070413 16
070414 19
070415 25
070416 10
070711 22
070726 22
070740 4
070741 4
070792 4
071412 4
071413 19
071414 25
071415 3
071417 19
074100 6
074101 16
074201 13
076312 19
076314 28
076414 28
076426 25
076427 25
076428 22
076429 10
076444 25
076466 7
078444 12
078454 16
079444 7
099101 22
099102 21
100104 15
100105 15
100106 3
100107 25
100108 25
100205 7
100206 31
100207 6
100208 18
100209 10
100211 15
100306 16
100307 28
100308 7
100309 0
100310 14
100501 4
101201 7
101202 10
101205 27
101325 21
101490 25
103112 25
103271 31
104100 7
104302 22
104310 10
104320 25
104327 25
104334 25
104450 22
104490 4
109100 21
109114 26
112101 7
112105 22
112106 10
112109 19
112202 25
112205 25
112321 10
112322 4
112406 4
112424 19
115200 28
115300 10
115301 16
116301 4
126101 3
126102 16
126212 27
126213 31
126214 4
126325 24
126326 16
126328 10
126331 32
126332 4
126431 25
126436 7
126442 19
127100 16
127101 28
127202 16
127204 10
127205 13
127303 25
127313 28
127330 25
127359 25
127411 31
127412 7
127414 10
127716 16
127720 22
127721 4
127726 13
128100 14
128101 18
128201 10
128304 28
128305 4
128306 22
128308 19
128310 25
128351 4
128355 28
128423 10
128427 10
128434 7
128443 19
128700 13
128727 16
128734 22
128751 4
140104 22
152211 4
152301 19
152331 13
154104 24
154141 25
154152 19
154153 13
154173 25
154181 32
154251 32
154276 21
154281 15
154301 25
154330 7
154340 16
154363 19
154385 4
154431 22
154457 4
154481 4
159100 6
159101 22
159102 32
159151 7
159202 19
159204 24
159231 4
159331 16
159332 22
159401 22
159411 10
159412 4
159431 4
159434 7
160242 22
164261 4
168335 25
176100 16
176101 6
176104 7
177104 19
177113 22
177114 16
177141 22
177142 10
177181 25
177215 32
177217 7
177227 27
177228 19
177229 10
177300 22
177321 25
177332 10
177335 18
177341 10
177362 31
177443 22
177460 7
177463 28
177471 25
177472 10
177483 16
177491 19
179443 4
201100 23
201110 15
201114 19
201116 15
201117 7
202100 24
202101 15
202102 12
202147 12
202231 32
202302 4
202303 28
202305 16
202356 19
202362 25
202371 22
202405 4
202421 7
202446 25
202471 22
202475 19
202476 22
202484 19
202701 4
202731 4
202736 22
202744 4
202749 4
202775 28
202776 22
202803 22
202833 4
202849 4
203100 29
203104 16
203108 10
203111 20
203113 22
203114 9
203131 15
203132 12
203151 10
203152 6
203154 12
203158 10
203159 28
203162 25
203202 21
203203 9
203204 6
203206 6
203207 18
203208 28
203209 32
203211 4
203222 22
203223 12
203226 23
203232 19
203236 27
203250 16
203287 32
203316 4
203351 19
203459 25
203715 4
203719 7
203721 19
203725 4
203726 4
203734 19
203735 7
203749 19
203752 7
203754 25
203775 7
203812 19
203825 7
203829 25
203833 25
203879 4
204100 22
204101 6
204113 6
204202 21
204211 27
204217 7
204232 21
204251 22
204306 28
204315 18
204333 31
204355 16
204362 25
204382 10
204422 31
204423 19
204424 4
204441 19
204443 13
204452 4
204482 4
204483 19
204490 7
204725 13
204728 4
204755 22
204792 16
204891 4
205100 4
205103 13
205105 22
205216 15
205232 25
205244 19
205252 4
205282 22
205324 25
205344 19
205358 10
205382 4
205731 16
205742 22
205796 4
206100 27
206101 32
206103 18
206104 19
206111 3
206112 27
206113 4
206161 23
206162 27
206171 18
206172 7
206181 7
206182 25
206191 16
206211 28
206216 19
206217 22
206253 15
206255 4
206261 0
206266 10
206267 13
206281 15
206313 22
206321 4
206324 25
206325 21
206327 24
206331 13
206336 25
206341 24
206342 22
206355 4
206362 27
206364 31
206367 4
206368 6
206370 32
206421 10
206427 7
206428 4
206435 19
206437 25
206476 16
206481 7
206703 16
206722 13
206724 16
206725 22
206731 4
206737 22
206774 4
207100 22
207104 12
207105 16
207106 12
207108 5
207109 15
207110 22
207116 3
207117 0
207118 18
207125 10
207137 3
207162 25
207172 22
207181 19
207187 2
207188 27
207191 23
207195 6
207214 31
207302 16
207305 25
207306 12
207312 25
207402 4
207448 22
207704 13
207706 16
207708 22
207712 4
207766 4
207794 4
208101 26
208140 10
208141 21
208150 25
208263 19
208264 4
208271 16
208272 13
208322 22
208345 31
208346 25
208353 4
208362 4
208373 19
208384 4
208423 7
208444 16
208446 25
208460 25
208738 16
208772 22
208774 4
209203 4
209204 25
209252 32
209253 19
209262 6
209263 28
209270 28
209271 31
209272 16
209352 10
209370 7
209376 19
209382 4
209456 7
209466 19
210200 4
210207 7
210221 16
210251 25
210276 31
210315 19
210331 22
210355 25
210432 4
210448 4
210463 7
210702 4
210705 25
210743 7
210745 7
210748 19
210789 19
211100 3
211315 7
211319 25
211341 25
211342 28
211444 25
211709 4
211889 25
213708 4
213717 28
213718 16
213763 22
214100 25
214301 19
214310 28
214340 4
214341 13
214352 25
214412 7
214491 19
215205 21
215206 12
215207 10
215208 32
215303 4
215312 30
215313 21
215401 4
215482 19
215711 22
215741 28
215742 22
215743 4
215781 4
215783 28
217705 16
217708 22
217752 4
217773 4
218100 32
218234 19
218236 4
218244 24
218262 32
218352 10
218362 7
218372 19
218382 25
226703 16
226709 4
226710 22
226789 4
229123 16
229223 25
251100 19
251211 16
251213 32
251216 16
251242 7
251261 12
251292 4
251312 25
251333 22
251334 10
251342 22
251361 4
251363 28
251371 7
251372 19
251399 10
251411 7
251434 4
251436 19
251452 10
251455 7
251456 25
251461 19
251477 25
251704 28
251707 4
251723 22
251724 4
251746 4
251748 22
251754 16
251760 4
251763 28
251765 22
251773 16
251781 28
252210 6
252212 4
252222 25
252235 16
252282 24
252283 21
252285 25
252311 19
252320 7
252331 28
252353 25
252402 7
252403 4
252404 25
252413 19
252420 25
252423 19
252427 10
252428 13
252429 32
252435 4
252440 19
252459 22
252460 25
252479 7
252489 7
252706 22
252714 16
252727 13
252755 28
252774 4
252781 16
252785 4
252789 4
252792 22
253215 24
253433 7
253441 4
253443 4
253451 19
253452 7
253454 25
253716 13
253721 22
253722 16
253725 16
253734 22
253747 4
253749 21
253752 13
253754 28
253791 28
254182 4
254200 22
254205 9
254206 31
254211 5
254215 5
254216 12
254222 18
254231 19
254232 7
254271 24
254282 16
254325 25
254334 13
254352 32
254362 16
254371 22
254373 28
254400 19
254411 19
254412 4
254415 25
254421 19
254423 7
254424 10
254435 4
254445 19
254451 25
254452 32
254453 19
254466 4
254476 16
254477 13
254478 7
254495 25
254701 25
254721 19
254733 19
254737 7
254771 4
254803 19
254817 4
254857 4
255210 32
255230 27
255301 3
255316 16
255323 16
255328 4
255337 10
255340 19
255422 25
255425 4
255427 7
255432 4
255437 19
255440 19
255447 4
255455 25
255497 25
255714 16
255735 28
255750 13
255766 22
255769 4
255772 4
255779 4
255783 13
256100 4
256271 19
256317 25
256318 13
256334 10
256382 19
256383 4
256462 7
259103 32
259104 9
259106 6
259107 22
259108 30
259193 28
259195 4
259200 19
259201 20
259203 32
259401 22
260704 25
260708 10
260712 7
260719 4
260791 19
261102 22
261111 11
261112 6
261113 13
261205 19
261207 17
261208 6
261214 32
261215 25
261218 21
261305 25
261306 19
261332 19
261342 25
261343 22
261361 22
261430 19
261433 7
261444 25
261446 4
261447 16
261448 4
261449 7
261465 4
261473 19
261494 16
261497 25
261499 22
261742 4
261745 4
261755 4
261763 22
261764 13
261793 16
261795 16
261796 22
263710 22
263721 16
263724 13
263745 13
263751 28
264702 13
264705 16
264755 22
264789 4
265706 16
265709 22
265710 4
266703 22
266801 4
268732 4
268735 22
268741 28
268742 16
269103 25
269105 16
269130 4
269210 28
269341 25
269360 31
269370 10
269421 19
269431 25
269497 19
270701 22
270702 4
305203 16
318322 7
329104 32
330112 9
351100 27
351201 16
351364 13
351371 4
351426 7
352103 19
352311 22
352314 10
352315 31
352331 10
352332 4
352401 25
352412 4
352413 16
352421 25
352422 16
352433 19
352441 25
353313 28
353431 25
353441 7
353471 10
355411 19
356100 11
356101 21
356102 10
356210 16
356261 19
356311 25
356331 32
356431 22
356432 25
356441 28
356442 19
356443 16
356449 25
356455 4
356472 19
356475 25
357101 13
357110 4
357210 9
357323 10
357360 19
357418 4
357442 7
357444 25
359202 8
359205 4
359401 4
359408 25
359431 4
359455 25
360100 28
360210 12
361210 10
361321 7
361322 10
361341 19
361421 19
361433 4
361452 25
361461 22
361475 16
362211 31
363210 28
365425 7
368211 22
368317 4
400110 15
400210 22
401281 19
401383 10
401391 4
403281 16
403383 28
406284 13
406294 31
406386 24
406396 18
408382 9
410381 22
413383 32
413391 13
415393 25
420282 28
421282 25
421292 4
421386 19
421396 7
422381 6
428281 22
428282 10
428381 16
428383 31
461170 9
461471 32
461472 25
461511 31
461521 28
461526 31
461551 13
461566 16
461584 4
462130 5
462412 28
462413 22
462414 13
462503 16
462587 4
462588 22
463201 4
463252 25
463331 10
463332 16
463342 25
463354 4
463506 25
463512 22
463513 32
463543 31
463544 10
463557 19
463559 25
463571 31
463592 4
464302 7
464312 19
464402 7
464403 19
464414 4
464442 28
464443 10
464445 25
464446 22
501201 4
501202 16
501305 21
501306 27
502313 16
502314 28
504202 19
504305 13
506202 25
508304 27
510306 22
512304 4
513113 4
513115 22
513212 19
513216 4
513217 10
513225 7
513284 25
513331 19
513343 10
513364 4
513373 7
513390 25
513446 4
514202 22
514206 31
514222 19
514244 25
514272 10
514322 19
514352 10
514358 16
514382 4
514384 25
515204 22
515205 25
515256 7
515257 4
515337 16
515362 22
515380 4
552216 19
552217 25
552232 10
554413 28
555312 13
557432 16
558101 26
558313 22
558441 4
562101 3
562211 19
601201 28
601202 28
601231 25
601242 12
601342 10
601346 4
601361 25
601423 22
601425 22
601454 7
601455 19
601724 4
601745 22
601775 4
602100 18
602102 8
602103 30
602111 7
602120 27
602121 12
602122 32
602301 25
602314 25
602421 22
602453 19
602454 4
602455 4
602461 19
602471 7
602722 22
602741 4
602751 28
603200 19
603231 4
603321 16
603396 25
603496 4
603725 16
603743 22
603751 4
604101 22
604211 10
604311 4
604314 19
604315 28
604411 19
604415 25
604423 22
604431 25
604455 7
605203 22
605302 22
605313 25
605315 10
605316 7
605331 19
605430 4
605701 22
605711 16
605719 4
605742 22
606211 19
606243 25
606245 4
606264 22
606310 16
606451 19
606452 25
610114 24
651211 10
651212 7
651231 19
651234 25
651313 25
651314 28
651317 4
651319 13
651416 16
651425 22
701100 30
701101 6
701181 7
701183 4
701202 19
701235 28
701243 4
701244 16
701283 28
701295 4
701310 25
701335 22
701341 28
701408 10
701423 7
702100 13
702101 22
702211 7
702213 16
702312 25
702317 15
702321 19
702331 7
702342 10
702354 25
702418 7
703103 16
703202 17
703204 19
703243 6
703244 16
703309 25
703311 7
703322 25
703324 22
703330 10
703331 13
703345 16
703351 19
703361 25
703413 19
703441 4
703499 7
705191 3
705211 32
705311 1
705328 10
705331 22
705332 31
705343 25
705351 7
705431 32
705438 22
705440 19
705441 19
705444 4
705446 13
705448 10
705492 28
705499 22
751100 7
751101 9
751102 25
751106 4
751202 10
751209 28
751301 3
751302 6
751303 22
751304 25
751305 4
751308 21
751309 25
751321 25
751326 19
751330 21
751345 19
751401 31
751403 7
751405 24
751408 19
751413 7
751418 25
751419 16
751421 16
751428 15
751440 22
751443 24
751701 13
751702 16
751703 22
751705 4
751706 16
751708 4
751710 21
751712 27
751716 13
751724 16
751728 27
751732 28
751734 22
751744 28
751745 28
751751 22
751752 28
801100 21
801122 19
801134 4
801201 25
801204 25
801233 19
801236 16
801241 10
801322 25
801371 4
803122 7
803124 19
803131 25
803230 10
803232 7
851100 15
851103 32
851104 9
851105 32
851200 3
851201 7
851202 27
851204 3
851205 15
851241 22
851261 30
851273 18
851305 6
851306 10
851309 22
851310 10
851341 24
851342 10
851344 25
851350 27
851363 4
851366 16
851371 31
851375 13
851400 28
851401 31
851404 25
851443 4
851445 4
851450 28
851467 19
951100 17
951106 12
951124 19
951202 19
951231 10
951321 22
951366 4
951421 7
951497 19
951498 4
953102 25
953104 19
953111 9
953201 25
953202 28
953214 16
953231 7
953232 7
953234 22
953323 7
953494 4
953495 28
954140 4
954141 3
954142 10
954240 31
954244 25
954310 10
954326 25
954340 15
954364 10
954371 16
954372 28
954373 22
954413 4
954420 19
954422 4
954423 4
954443 7
954472 25
954498 19
