001101 2
001102 1
001112 18
001118 32
001201 25
001202 7
001210 1
001212 0
001218 16
001222 28
001223 4
001224 4
001225 4
001226 4
001227 4
001228 4
001229 28
001230 12
001231 4
001234 27
001250 21
001281 9
001291 27
001292 28
001310 19
001311 25
001312 22
001314 19
001315 0
001320 22
001321 32
001323 13
001330 19
001341 13
001342 28
001352 7
001355 7
001361 13
001362 4
001391 22
001410 9
001440 22
001445 28
001463 22
001472 13
002102 19
002111 25
002191 21
002202 31
002230 0
002260 22
002302 28
002321 13
002362 4
003102 13
003191 20
003202 13
003213 19
003261 7
003454 7
004465 28
004472 7
004474 22
004476 10
006103 6
006226 10
006241 28
006253 10
006307 7
006325 19
006443 22
006448 4
008314 7
008402 7
008411 13
009103 8
009213 13
009232 10
009254 19
009301 4
009327 7
009344 7
009355 13
009358 7
009363 22
011100 32
011101 4
011153 3
011154 7
011156 32
011157 25
011251 24
011257 14
011268 28
011269 5
011276 21
011277 24
011278 6
011358 13
011367 19
011457 10
012173 25
012200 0
012271 25
012272 7
012374 32
013103 10
013110 7
013203 9
013204 13
013206 13
013207 7
013208 22
013209 0
013216 22
013301 22
013303 10
013305 10
013314 22
013337 4
013413 10
013425 7
013431 13
013432 7
013433 31
014210 13
014211 7
014270 0
014310 25
014311 7
014370 19
014371 7
014390 22
014401 13
014410 7
014423 31
014471 25
014481 4
015101 12
015102 13
016101 28
017101 0
017102 7
017111 10
017201 22
017231 4
018104 22
018111 19
018112 12
018114 28
018126 7
018204 22
018271 10
018323 10
018332 13
018352 0
018372 7
019101 12
019104 28
019105 32
019106 25
019112 13
019204 0
019205 28
019206 7
019211 31
019212 22
019221 19
019222 10
019332 4
019351 13
019362 7
019371 32
019382 31
019441 22
020101 3
020102 7
020211 19
020212 10
020231 4
020232 7
020261 22
020341 13
021101 24
021102 9
021203 4
021204 7
021270 7
024752 7
025110 13
025381 7
025481 4
026101 8
026102 30
026111 7
026112 7
026201 28
050100 32
050103 15
050104 31
050106 29
050112 3
050113 3
051300 10
051302 27
051304 3
051306 7
051310 13
051313 13
052201 19
052203 7
052310 1
052323 28
052331 7
052351 27
052353 4
052355 19
052417 4
052422 7
052442 7
052449 19
052466 21
057121 29
057122 15
057123 15
057125 30
057126 20
057127 23
057128 18
057129 23
057130 6
057131 21
057132 25
057133 27
057134 7
057135 12
057136 21
057137 22
057138 30
057205 7
057213 9
057276 24
057283 10
057286 22
057287 9
057289 28
057290 19
057295 28
057297 13
057298 1
057301 4
057302 13
057305 11
057316 3
057366 19
057404 28
057407 1
057425 4
057428 27
059405 4
059419 32
061103 1
061106 21
061201 13
061205 10
061223 32
061306 19
061312 32
061313 19
061317 13
061401 28
061403 22
061430 4
062320 4
062341 22
062342 28
062343 19
062344 28
062345 22
062346 1
062360 22
062380 10
062411 28
062452 4
062460 1
062470 7
064202 10
064204 7
064207 4
064272 22
064273 7
064303 27
064410 13
064413 19
064417 0
064418 1
064422 10
064424 13
065120 6
065121 25
065211 19
065212 22
065311 4
065333 21
065420 13
065795 13
065797 7
065799 7
066222 22
066324 12
066412 19
066416 7
066426 1
067201 10
067203 25
067311 0
067371 28
067433 10
067435 22
067436 28
067491 4
067492 7
070100 19
070200 10
070301 4
070303 19
070304 22
070305 4
070308 7
070400 4
070403 19
070404 7
070410 13
070411 7
070413 28
070414 22
070415 13
070416 31
070711 13
070726 13
070740 7
070741 7
070792 7
071412 4
071413 22
071414 7
071415 32
071417 19
074100 20
074101 18
074201 3
076312 22
076314 19
076414 28
076426 7
076427 7
076428 10
076429 7
076444 31
076466 22
078444 22
078454 22
079444 19
099101 22
099102 3
100104 7
100105 32
100106 22
100107 13
100108 13
100205 15
100206 4
100207 31
100208 0
100209 12
100211 4
100306 10
100307 28
100308 6
100309 13
100310 18
100501 13
101201 28
101202 21
101205 4
101325 7
101490 10
103112 7
103271 15
104100 10
104302 22
104310 13
104320 10
104327 4
104334 7
104450 19
104490 7
109100 21
109114 7
112101 10
112105 19
112106 4
112109 13
112202 7
112205 22
112321 0
112322 10
112406 22
112424 4
115200 31
115300 4
115301 7
116301 13
126101 13
126102 10
126212 22
126213 32
126214 15
126325 18
126326 22
126328 22
126331 13
126332 0
126431 7
126436 4
126442 13
127100 28
127101 27
127202 6
127204 18
127205 9
127303 7
127313 31
127330 7
127359 7
127411 19
127412 13
127414 22
127716 22
127720 13
127721 7
127726 10
128100 5
128101 22
128201 18
128304 19
128305 28
128306 28
128308 0
128310 7
128351 4
128355 19
128423 19
128427 22
128434 13
128443 28
128700 10
128727 22
128734 13
128751 7
140104 9
152211 22
152301 10
152331 10
154104 25
154141 22
154152 13
154153 31
154173 22
154181 19
154251 13
154276 32
154281 7
154301 22
154330 19
154340 22
154363 13
154385 4
154431 7
154457 13
154481 4
159100 27
159101 3
159102 13
159151 28
159202 25
159204 7
159231 19
159331 0
159332 13
159401 7
159411 31
159412 19
159431 7
159434 10
160242 19
164261 19
168335 4
176100 15
176101 28
176104 19
177104 4
177113 19
177114 28
177141 13
177142 13
177181 32
177215 25
177217 7
177227 28
177228 30
177229 13
177300 22
177321 19
177332 13
177335 1
177341 22
177362 10
177443 28
177460 7
177463 28
177471 7
177472 4
177483 22
177491 13
179443 22
201100 30
201110 8
201114 19
201116 24
201117 10
202100 9
202101 12
202102 11
202147 28
202231 13
202302 7
202303 13
202305 13
202356 32
202362 22
202371 3
202405 10
202421 4
202446 7
202471 4
202475 7
202476 7
202484 7
202701 7
202731 7
202736 13
202744 7
202749 7
202775 22
202776 13
202803 13
202833 7
202849 7
203100 30
203104 28
203108 19
203111 20
203113 16
203114 6
203131 6
203132 9
203151 28
203152 13
203154 13
203158 28
203159 6
203162 28
203202 22
203203 12
203204 0
203206 9
203207 18
203208 28
203209 13
203211 13
203222 1
203223 19
203226 24
203232 24
203236 31
203250 1
203287 0
203316 22
203351 32
203459 4
203715 4
203719 13
203721 4
203725 22
203726 22
203734 22
203735 13
203749 22
203752 13
203754 7
203775 13
203812 4
203825 13
203829 7
203833 7
203879 4
204100 16
204101 24
204113 28
204202 22
204211 28
204217 10
204232 22
204251 1
204306 31
204315 24
204333 7
204355 19
204362 22
204382 10
204422 0
204423 13
204424 4
204441 13
204443 4
204452 13
204482 7
204483 13
204490 28
204725 10
204728 7
204755 13
204792 22
204891 7
205100 30
205103 7
205105 30
205216 0
205232 19
205244 13
205252 19
205282 22
205324 7
205344 22
205358 13
205382 4
205731 22
205742 13
205796 7
206100 22
206101 3
206103 27
206104 6
206111 27
206112 22
206113 4
206161 22
206162 7
206171 12
206172 31
206181 10
206182 22
206191 28
206211 7
206216 19
206217 31
206253 18
206255 19
206261 30
206266 28
206267 0
206281 0
206313 28
206321 31
206324 7
206325 1
206327 13
206331 28
206336 32
206341 13
206342 7
206355 4
206362 10
206364 27
206367 22
206368 9
206370 22
206421 13
206427 22
206428 10
206435 4
206437 7
206476 7
206481 0
206703 22
206722 10
206724 22
206725 13
206731 7
206737 13
206774 7
207100 13
207104 28
207105 13
207106 13
207108 6
207109 8
207110 7
207116 16
207117 13
207118 9
207125 31
207137 16
207162 32
207172 9
207181 30
207187 4
207188 28
207191 28
207195 10
207214 32
207302 13
207305 1
207306 27
207312 7
207402 4
207448 19
207704 10
207706 22
207708 13
207712 7
207766 7
207794 7
208101 17
208140 4
208141 3
208150 7
208263 19
208264 7
208271 0
208272 0
208322 31
208345 7
208346 13
208353 0
208362 28
208373 22
208384 7
208423 4
208444 13
208446 7
208460 7
208738 22
208772 13
208774 7
209203 28
209204 22
209252 9
209253 0
209262 31
209263 19
209270 31
209271 25
209272 13
209352 31
209370 19
209376 28
209382 22
209456 19
209466 4
210200 1
210207 10
210221 13
210251 28
210276 31
210315 22
210331 7
210355 31
210432 28
210448 4
210463 4
210702 4
210705 7
210743 13
210745 13
210748 22
210789 22
211100 12
211315 10
211319 32
211341 4
211342 31
211444 7
211709 4
211889 7
213708 7
213717 22
213718 10
213763 13
214100 22
214301 28
214310 31
214340 22
214341 22
214352 22
214412 22
214491 4
215205 1
215206 19
215207 32
215208 27
215303 19
215312 0
215313 22
215401 7
215482 28
215711 13
215741 22
215742 13
215743 7
215781 7
215783 13
217705 22
217708 13
217752 7
217773 7
218100 2
218234 19
218236 1
218244 28
218262 13
218352 22
218362 4
218372 13
218382 7
226703 22
226709 7
226710 13
226789 7
229123 12
229223 1
251100 19
251211 12
251213 22
251216 7
251242 10
251261 15
251292 0
251312 22
251333 19
251334 28
251342 19
251361 1
251363 31
251371 28
251372 4
251399 13
251411 13
251434 4
251436 22
251452 28
251455 13
251456 7
251461 22
251477 7
251704 22
251707 7
251723 13
251724 7
251746 7
251748 13
251754 10
251760 7
251763 22
251765 13
251773 10
251781 22
252210 27
252212 18
252222 16
252235 32
252282 1
252283 10
252285 28
252311 6
252320 13
252331 0
252353 10
252402 7
252403 4
252404 4
252413 7
252420 22
252423 19
252427 22
252428 19
252429 1
252435 3
252440 22
252459 7
252460 7
252479 4
252489 4
252706 10
252714 13
252727 22
252755 16
252774 7
252781 13
252785 7
252789 7
252792 10
253215 28
253433 13
253441 13
253443 4
253451 7
253452 4
253454 22
253716 16
253721 13
253722 10
253725 10
253734 13
253747 7
253749 9
253752 16
253754 22
253791 22
254182 10
254200 12
254205 16
254206 22
254211 0
254215 0
254216 6
254222 22
254231 7
254232 18
254271 27
254282 7
254325 13
254334 7
254352 13
254362 0
254371 31
254373 10
254400 4
254411 7
254412 28
254415 32
254421 7
254423 13
254424 22
254435 31
254445 31
254451 13
254452 28
254453 7
254466 32
254476 22
254477 19
254478 4
254495 4
254701 7
254721 22
254733 22
254737 13
254771 4
254803 22
254817 4
254857 4
255210 12
255230 18
255301 13
255316 9
255323 7
255328 10
255337 4
255340 19
255422 7
255425 7
255427 28
255432 22
255437 4
255440 28
255447 4
255455 7
255497 13
255714 22
255735 13
255750 10
255766 7
255769 16
255772 7
255779 16
255783 10
256100 21
256271 13
256317 13
256318 28
256334 19
256382 7
256383 0
256462 4
259103 24
259104 32
259106 19
259107 22
259108 11
259193 32
259195 25
259200 4
259201 31
259203 27
259401 28
260704 7
260708 28
260712 13
260719 4
260791 22
261102 18
261111 21
261112 11
261113 3
261205 13
261207 9
261208 31
261214 19
261215 13
261218 0
261305 13
261306 4
261332 28
261342 13
261343 28
261361 10
261430 22
261433 1
261444 7
261446 22
261447 31
261448 7
261449 4
261465 7
261473 28
261494 32
261497 4
261499 10
261742 7
261745 7
261755 7
261763 13
261764 10
261793 22
261795 22
261796 13
263710 13
263721 10
263724 16
263745 16
263751 22
264702 10
264705 22
264755 13
264789 7
265706 22
265709 13
265710 7
266703 13
266801 7
268732 22
268735 7
268741 13
268742 10
269103 4
269105 19
269130 31
269210 10
269341 13
269360 4
269370 7
269421 28
269431 7
269497 19
270701 13
270702 7
305203 10
318322 28
329104 13
330112 0
351100 24
351201 13
351364 13
351371 7
351426 28
352103 31
352311 7
352314 28
352315 19
352331 7
352332 13
352401 28
352412 19
352413 22
352421 4
352422 32
352433 13
352441 7
353313 13
353431 22
353441 7
353471 22
355411 19
356100 21
356101 29
356102 11
356210 16
356261 7
356311 7
356331 28
356431 0
356432 4
356441 19
356442 7
356443 13
356449 7
356455 7
356472 4
356475 7
357101 14
357110 21
357210 6
357323 28
357360 31
357418 13
357442 1
357444 7
359202 17
359205 4
359401 4
359408 7
359431 13
359455 7
360100 25
360210 0
361210 6
361321 13
361322 28
361341 7
361421 4
361433 10
361452 22
361461 7
361475 31
362211 5
363210 7
365425 4
368211 19
368317 22
400110 3
400210 4
401281 4
401383 28
401391 10
403281 25
403383 25
406284 16
406294 7
406386 22
406396 19
408382 18
410381 31
413383 27
413391 0
415393 1
420282 22
421282 10
421292 3
421386 4
421396 13
422381 16
428281 13
428282 19
428381 32
428383 7
461170 11
461471 31
461472 13
461511 4
461521 22
461526 4
461551 16
461566 10
461584 7
462130 24
462412 22
462413 13
462414 16
462503 10
462587 7
462588 13
463201 10
463252 28
463331 7
463332 28
463342 13
463354 22
463506 13
463512 31
463513 1
463543 4
463544 28
463557 13
463559 7
463571 4
463592 22
464302 19
464312 10
464402 19
464403 7
464414 31
464442 16
464443 10
464445 1
464446 27
501201 0
501202 7
501305 9
501306 21
502313 10
502314 22
504202 31
504305 16
506202 19
508304 21
510306 13
512304 7
513113 13
513115 19
513212 22
513216 7
513217 31
513225 13
513284 10
513331 22
513343 4
513364 7
513373 19
513390 13
513446 7
514202 19
514206 22
514222 1
514244 13
514272 7
514322 4
514352 22
514358 10
514382 7
514384 13
515204 10
515205 31
515256 7
515257 1
515337 22
515362 13
515380 7
552216 22
552217 7
552232 28
554413 16
555312 10
557432 22
558101 16
558313 13
558441 7
562101 18
562211 28
601201 6
601202 25
601231 7
601242 10
601342 13
601346 22
601361 7
601423 4
601425 19
601454 28
601455 4
601724 7
601745 13
601775 7
602100 2
602102 20
602103 2
602111 27
602120 22
602121 31
602122 22
602301 7
602314 10
602421 28
602453 19
602454 7
602455 13
602461 4
602471 7
602722 22
602741 7
602751 13
603200 19
603231 22
603321 7
603396 13
603496 7
603725 22
603743 13
603751 7
604101 3
604211 28
604311 22
604314 28
604315 7
604411 4
604415 7
604423 19
604431 31
604455 22
605203 7
605302 10
605313 22
605315 13
605316 13
605331 22
605430 7
605701 13
605711 22
605719 7
605742 13
606211 7
606243 1
606245 13
606264 7
606310 10
606451 19
606452 4
610114 11
651211 22
651212 13
651231 22
651234 28
651313 25
651314 16
651317 7
651319 10
651416 22
651425 13
701100 6
701101 0
701181 27
701183 0
701202 28
701235 1
701243 7
701244 13
701283 13
701295 22
701310 13
701335 4
701341 10
701408 22
701423 7
702100 27
702101 30
702211 28
702213 27
702312 21
702317 1
702321 13
702331 25
702342 28
702354 7
702418 4
703103 26
703202 10
703204 2
703243 31
703244 10
703309 13
703311 7
703322 19
703324 16
703330 22
703331 27
703345 13
703351 19
703361 4
703413 22
703441 7
703499 7
705191 16
705211 13
705311 32
705328 27
705331 7
705332 19
705343 19
705351 31
705431 19
705438 4
705440 7
705441 4
705444 10
705446 31
705448 7
705492 7
705499 10
751100 10
751101 23
751102 7
751106 13
751202 22
751209 28
751301 15
751302 9
751303 13
751304 4
751305 4
751308 32
751309 32
751321 7
751326 19
751330 9
751345 13
751401 28
751403 4
751405 22
751408 19
751413 31
751418 22
751419 7
751421 7
751428 30
751440 28
751443 18
751701 10
751702 13
751703 7
751705 22
751706 13
751708 22
751710 7
751712 7
751716 10
751724 10
751728 9
751732 13
751734 21
751744 16
751745 16
751751 7
751752 16
801100 9
801122 22
801134 19
801201 7
801204 1
801233 7
801236 13
801241 22
801322 22
801371 7
803122 4
803124 10
803131 13
803230 22
803232 13
851100 30
851103 3
851104 28
851105 25
851200 7
851201 15
851202 18
851204 6
851205 31
851241 10
851261 5
851273 28
851305 22
851306 19
851309 9
851310 27
851341 18
851342 19
851344 4
851350 25
851363 13
851366 7
851371 7
851375 31
851400 0
851401 13
851404 22
851443 28
851445 10
851450 4
851467 22
951100 14
951106 13
951124 27
951202 13
951231 13
951321 7
951366 7
951421 22
951497 4
951498 7
953102 22
953104 28
953111 24
953201 22
953202 13
953214 10
953231 7
953232 7
953234 13
953323 31
953494 28
953495 13
954140 25
954141 10
954142 28
954240 32
954244 0
954310 22
954326 4
954340 6
954364 4
954371 13
954372 7
954373 22
954413 28
954420 4
954422 31
954423 7
954443 7
954472 28
954498 10
