001101 1
001102 32
001111 31
001113 10
001201 4
001202 1
001210 0
001212 18
001218 0
001230 32
001231 16
001250 9
001291 30
001293 25
001310 6
001311 16
001312 28
001315 32
001318 7
001320 16
001321 22
001323 22
001330 16
001342 25
001353 19
001354 4
001362 10
001410 0
001423 22
001425 13
001443 7
001444 32
001445 16
001447 19
001461 19
001464 25
002101 7
002110 25
002191 22
002192 25
002201 6
002211 19
002221 28
002250 22
002301 7
002333 10
002351 32
002365 19
002372 13
002401 16
002441 7
002473 10
003101 25
003191 17
003201 28
003314 19
003320 16
003331 22
003414 25
003421 13
003436 16
004241 10
004301 19
004303 16
004324 10
004351 16
004432 28
004473 9
004475 22
006103 9
006126 31
006206 19
006226 10
006242 16
006253 7
006303 24
006307 0
006326 13
006330 25
006331 27
006344 25
006346 6
006355 22
006425 19
006432 19
006433 22
006443 16
006448 9
008214 19
008303 16
008314 13
008326 19
008411 19
008417 31
009103 20
009105 6
009212 25
009230 7
009231 19
009326 19
009425 16
009426 19
009431 10
011100 30
011151 22
011152 4
011153 11
011251 5
011257 28
011259 32
011269 0
011276 27
011353 16
011356 22
011358 3
011362 13
011374 28
011461 7
011464 25
011751 16
012100 22
012173 26
012200 21
012271 31
012272 7
012273 10
012371 16
012475 13
013103 31
013110 29
013203 0
013204 19
013206 21
013207 12
013217 4
013301 31
013302 7
013303 3
013304 25
013305 7
013306 24
013307 19
013317 27
013326 16
013329 22
013330 9
013335 28
013338 0
013420 19
013421 7
013422 10
013427 28
013433 19
013435 16
014210 31
014270 25
014310 6
014311 19
014322 25
014323 19
014325 10
014370 16
014371 7
014382 25
014390 28
014401 21
014410 16
014421 22
015101 22
016101 9
016232 13
017101 15
017102 16
017111 19
017201 16
017210 13
018103 28
018111 24
018113 22
018125 19
018203 16
018211 22
018213 25
018231 28
018235 19
018271 3
018301 10
018335 19
018351 13
018353 22
018421 19
018433 16
018435 25
018436 16
018438 22
018451 7
018465 13
018467 13
018471 7
019101 22
019103 22
019105 10
019106 31
019108 7
019111 19
019203 16
019205 25
019206 24
019208 22
019211 19
019221 10
019303 25
019311 19
019331 28
019361 7
019373 7
019381 10
019411 19
019442 16
019471 10
019473 25
020101 20
020102 13
020211 22
020231 7
020311 25
020321 13
020333 7
020341 19
020362 10
020363 0
020412 25
020421 13
020481 16
021101 28
021102 13
021203 28
021204 28
021270 31
025108 19
025480 28
026101 28
026102 25
026111 13
026112 24
026201 31
026271 28
029701 13
029703 16
029711 19
030101 21
050100 16
050103 14
050104 27
050106 15
050111 3
051302 0
051304 4
051306 28
051310 0
051313 1
051418 32
052201 10
052202 4
052352 1
052357 19
052420 25
052441 25
052443 7
052445 13
052447 19
052466 16
053712 19
053713 13
053770 19
054810 13
054870 19
055701 4
055703 22
055704 16
055706 13
055707 19
055713 22
055733 4
055734 19
055757 13
055771 4
055797 16
057121 27
057123 15
057125 5
057126 3
057127 5
057128 30
057129 30
057130 30
057131 4
057132 25
057133 6
057134 24
057135 31
057136 6
057137 31
057138 21
057139 11
057140 22
057201 10
057205 13
057213 15
057215 13
057274 13
057284 10
057285 19
057288 4
057293 13
057294 28
057296 25
057300 22
057302 25
057305 24
057316 22
057351 28
057366 4
057403 7
057404 22
057405 16
057410 25
057411 27
057420 28
057426 19
057428 13
059413 16
059419 25
061103 4
061106 10
061201 19
061223 22
061224 7
061306 13
061307 13
061317 25
061319 13
061403 13
061404 19
061407 19
061430 19
062200 19
062210 4
062343 25
062411 19
062452 25
062460 22
062470 28
062499 19
063201 13
063702 13
063704 19
063710 16
064204 28
064232 19
064251 19
064252 19
064303 4
064331 22
064392 13
064412 4
064418 16
064423 22
064424 13
064430 25
064474 25
064490 4
065210 13
065212 25
065310 1
065311 27
065320 19
065332 7
065421 4
065435 22
065436 22
065437 25
065438 16
065797 4
066221 19
066323 25
066410 4
066416 7
066421 31
066425 13
067202 4
067303 1
067311 22
067372 28
067373 7
067432 16
069712 19
070200 4
070304 28
070305 16
070403 16
070404 4
070410 13
070411 16
070416 13
070711 13
070720 19
070721 16
070740 4
070741 4
071411 13
071412 4
071413 13
071415 4
071416 20
071418 22
071419 16
071422 19
071423 25
071425 4
071712 19
071715 13
071730 25
071736 22
071738 13
071811 13
073711 19
073721 13
073770 13
074100 20
074101 3
074414 6
076425 13
076427 4
076430 19
076444 16
076466 19
078444 29
078454 4
079169 4
079220 13
079264 19
091700 16
091800 16
099100 27
099101 32
099102 32
100102 25
100109 7
100110 32
100111 30
100112 27
100207 4
100213 4
100214 28
100220 6
100222 21
100225 10
100228 16
100229 0
100230 7
100231 10
100233 28
100281 28
100306 1
100307 4
100308 9
100309 22
100310 10
100311 9
100312 18
100313 16
100314 31
100501 0
101100 10
101105 25
101201 18
101211 22
101400 0
101405 16
103112 19
103191 4
103271 21
104200 19
104201 25
104300 19
104301 16
104325 19
104410 22
104424 25
104495 16
105304 25
109100 18
109115 10
112101 19
112102 4
112103 19
112108 16
112110 7
112201 16
112203 22
112213 25
112300 22
112314 19
112411 10
112412 16
115200 25
115300 22
115301 4
115302 19
116301 25
116302 19
116400 4
126101 24
126216 19
126321 1
126326 1
126333 21
126334 10
126428 7
126432 3
126443 32
127100 20
127101 19
127203 19
127204 25
127207 0
127303 22
127312 16
127314 31
127315 13
127316 11
127326 4
127337 7
127711 19
127717 4
127718 13
127719 16
127727 4
127728 16
128100 17
128101 32
128202 6
128203 1
128204 16
128307 19
128309 7
128334 10
128354 10
128355 16
128403 13
128701 22
128710 13
128730 16
128740 4
128762 4
140101 4
140102 16
140103 24
140104 7
140105 19
152211 25
152301 19
152321 16
154104 8
154141 16
154151 31
154231 19
154261 24
154262 16
154281 27
154311 0
154330 10
154353 28
154375 19
154377 21
154384 7
154388 24
154443 4
154455 25
154457 19
154481 22
154488 13
154493 10
154494 7
159100 23
159101 30
159151 13
159203 7
159221 0
159231 1
159301 4
159303 19
159305 13
159332 7
159356 28
159362 16
159403 28
159411 22
159431 21
159454 1
160341 6
164200 16
164341 19
168100 28
168101 3
168222 13
176100 27
176101 6
176104 27
176220 7
177103 3
177214 0
177215 10
177216 25
177217 29
177281 19
177283 13
177285 13
177321 15
177330 31
177341 25
177362 10
177393 18
177401 13
177404 19
177405 6
177414 22
177426 24
177427 1
177430 25
177434 2
177446 16
177450 7
177463 4
177464 16
177465 21
177467 9
177468 16
177481 28
177494 32
179402 4
179403 0
201100 22
201110 20
201114 23
201115 18
201116 6
201117 7
201190 4
202100 28
202101 14
202141 32
202143 10
202145 4
202184 31
202231 31
202260 7
202305 27
202311 19
202332 13
202334 10
202342 4
202361 28
202371 16
202434 31
202438 32
202443 4
202473 19
202474 22
202477 16
202481 13
202495 0
202742 4
202765 22
202776 4
202782 4
202833 13
202848 4
202873 4
203100 24
203103 16
203111 19
203116 25
203151 9
203162 30
203171 10
203201 0
203203 13
203204 10
203206 11
203207 6
203208 19
203209 18
203222 10
203226 28
203231 7
203235 19
203236 10
203255 19
203303 16
203315 19
203323 10
203324 28
203331 32
203332 0
203333 6
203351 4
203352 21
203405 22
203406 13
203414 4
203423 13
203431 16
203434 7
203458 32
203471 25
203475 25
203705 13
203709 16
203714 13
203716 22
203722 22
203743 16
203753 4
203807 22
203821 16
203828 13
203879 22
203889 22
204100 10
204101 18
204111 24
204123 13
204202 21
204211 3
204216 28
204231 27
204251 25
204321 21
204325 4
204335 25
204341 15
204361 11
204365 4
204381 7
204383 16
204432 32
204435 6
204442 13
204451 19
204452 16
204453 28
204471 4
204712 22
204721 16
204732 13
204764 4
205100 22
205103 24
205104 19
205105 31
205235 10
205239 28
205275 31
205303 21
205337 0
205355 9
205393 7
205415 7
205421 16
205461 10
205464 4
205475 16
205479 25
205483 28
205486 22
205496 13
205712 16
205735 4
205761 22
205783 13
206100 14
206101 6
206103 22
206104 9
206107 13
206108 25
206111 22
206112 9
206113 10
206161 19
206162 2
206171 22
206172 11
206181 10
206191 25
206203 10
206207 31
206211 19
206216 6
206217 21
206261 10
206267 6
206281 0
206300 10
206321 32
206324 22
206325 13
206327 21
206328 6
206331 16
206336 22
206341 24
206355 11
206362 3
206370 31
206381 13
206412 22
206436 28
206437 13
206441 9
206455 25
206707 16
206713 4
206720 13
206721 16
206730 16
206736 4
206738 22
206739 4
206743 16
206753 4
206766 25
206783 22
207100 13
207103 16
207105 22
207106 11
207107 32
207109 15
207115 28
207117 3
207123 24
207131 16
207135 16
207164 19
207171 19
207173 3
207174 16
207183 16
207187 10
207203 3
207205 0
207208 22
207213 0
207308 10
207310 16
207313 32
207323 19
207348 13
207401 1
207403 25
207406 19
207416 22
207419 7
207422 4
207436 13
207701 16
207703 22
207705 13
207711 4
207741 4
207743 16
207808 4
208101 24
208140 19
208150 31
208250 19
208251 16
208263 7
208265 25
208270 12
208271 2
208272 7
208280 6
208321 16
208329 16
208343 13
208348 0
208370 28
208383 7
208425 32
208439 4
208440 22
208469 16
208711 22
208760 13
208761 16
208770 4
208871 13
208872 4
209201 0
209251 28
209301 7
209302 1
209303 28
209331 4
209351 10
209358 13
209361 16
209368 4
209375 22
209403 22
209442 4
209451 31
209453 7
209461 16
209463 22
209471 25
209483 16
209485 28
209703 25
209705 25
209707 22
209709 7
209711 22
209713 13
209722 22
209731 13
209771 4
209773 16
209779 13
209785 7
210100 22
210201 28
210202 16
210204 31
210343 28
210351 13
210383 16
210425 10
210433 19
210434 31
210453 28
210465 22
210485 22
210703 22
210704 13
210705 16
210707 4
210723 4
210731 16
211100 10
211311 18
211315 2
211319 9
211413 13
211440 10
211442 25
211443 16
211495 4
211702 16
211889 4
212701 22
212703 13
212711 16
212721 4
212741 4
213201 13
213714 13
213763 22
213779 16
214100 22
214261 7
214312 22
214341 28
214381 31
214401 7
214411 25
214414 16
214415 13
214421 22
214430 22
214441 22
214445 4
215205 21
215206 2
215207 12
215208 7
215301 28
215302 22
215381 28
215411 13
215431 7
215471 25
215481 13
215495 3
215496 19
215497 16
215734 16
215762 4
215785 16
215794 4
217701 13
217703 16
217707 4
217734 16
217751 16
217775 4
217781 4
218100 23
218101 31
218233 7
218235 16
218321 10
218323 7
218351 16
218471 16
218475 25
218483 13
218486 4
219720 13
219731 4
225701 22
225703 13
225705 16
225720 4
226701 4
226709 16
226710 22
226801 25
226889 4
229123 25
229323 10
229352 7
229711 4
251211 0
251213 3
251261 32
251281 31
251312 19
251313 0
251333 16
251334 28
251361 9
251363 1
251371 28
251372 11
251374 7
251384 21
251411 19
251418 13
251437 10
251438 22
251451 22
251455 28
251457 4
251461 25
251475 16
251479 13
251701 22
251702 13
251703 16
251711 22
251714 13
251715 19
251717 16
251718 22
251745 19
251751 13
251752 19
251757 16
251758 22
251773 13
251783 19
251785 16
251790 4
252201 31
252211 7
252232 24
252282 16
252283 7
252285 0
252286 27
252301 32
252302 4
252317 19
252320 22
252322 16
252325 9
252327 19
252330 6
252342 19
252363 1
252420 10
252421 4
252424 24
252425 9
252426 22
252427 28
252444 10
252450 7
252455 13
252460 16
252489 25
252498 1
252702 4
252708 19
252723 16
252724 16
252741 16
252748 4
252781 22
252785 13
252789 4
252791 4
253303 19
253314 16
253315 28
253432 13
253455 16
253456 25
253481 19
253701 16
253715 4
253717 25
253722 22
253731 19
253732 4
253734 16
253735 7
253736 25
253748 7
253752 4
253754 13
254181 0
254205 13
254206 3
254211 22
254215 32
254216 6
254222 25
254231 19
254232 19
254252 7
254282 7
254302 16
254325 9
254333 31
254372 0
254421 16
254425 4
254426 1
254435 28
254436 13
254438 22
254439 22
254441 32
254442 28
254451 19
254456 25
254457 4
254458 22
254459 10
254461 1
254471 7
254473 28
254492 4
254494 4
254700 4
254702 22
254703 19
254710 13
254711 16
254734 25
254770 19
254777 16
254804 22
254875 13
255201 12
255215 18
255251 24
255290 31
255300 19
255320 29
255321 9
255330 6
255359 30
255415 31
255417 25
255420 9
255422 27
255424 13
255430 1
255432 0
255434 16
255437 32
255438 25
255439 28
255441 28
255447 32
255449 22
255454 4
255460 4
255462 3
255464 7
255471 13
255492 10
255499 24
255712 13
255722 22
255734 13
255739 19
255750 16
255764 19
255766 22
255770 4
255771 4
255772 16
255786 22
255791 16
255830 4
256100 12
256212 31
256271 3
256281 32
256316 28
256333 10
256373 1
256383 1
256412 13
256415 28
256441 22
256457 19
256462 7
256473 16
256700 13
256761 16
256762 4
259103 17
259104 13
259106 5
259107 22
259108 18
259109 15
259201 28
259203 19
260312 13
260404 13
260413 22
260424 4
260434 4
260717 16
260772 4
261103 9
261111 13
261200 24
261210 28
261212 3
261216 21
261217 16
261304 19
261305 13
261335 1
261336 9
261342 6
261343 22
261361 4
261405 0
261406 28
261434 7
261447 10
261456 31
261457 4
261458 16
261461 25
261469 25
261494 32
261497 3
261499 22
261701 16
261702 13
261706 22
261735 19
261739 16
261753 19
261754 19
261767 16
261769 16
261791 4
263701 22
263702 13
263720 25
263746 16
263760 4
263771 25
264701 13
264706 19
264707 22
264710 16
264741 16
264791 19
266703 4
268721 16
269101 16
269102 7
269200 16
269201 22
269202 19
269340 22
269430 16
269462 4
269470 28
269497 19
270701 19
270702 16
270711 16
270791 16
301254 28
305202 25
311352 13
318322 1
318351 31
320351 19
321251 19
324703 4
328310 25
328313 4
330110 16
330111 12
351100 31
351201 7
351202 13
351301 31
351321 25
351331 21
351410 10
351441 1
351442 25
351451 32
351463 16
351466 22
352301 22
352311 16
352321 7
352323 0
352332 13
352422 1
352431 4
353301 4
353421 19
353431 25
353451 28
353452 22
354311 16
356100 27
356101 6
356102 3
356202 7
356210 24
356212 1
356303 28
356304 16
356306 16
356312 19
356361 4
356412 7
356414 4
356416 4
356432 4
356441 22
356442 25
356443 19
356471 13
356496 4
357101 21
357110 17
357210 9
357322 28
357360 1
357417 22
357441 19
357491 19
359202 30
359203 3
359204 31
359206 4
359301 6
359311 19
359405 13
359409 22
359410 0
359413 28
359414 19
359421 16
359431 4
359451 16
360100 15
360210 6
360400 13
360402 25
360404 22
360407 16
360411 28
360431 32
360460 10
360470 19
361210 30
361214 16
361301 19
361321 13
361351 24
361453 28
361461 4
361471 4
363210 32
365301 19
365321 7
365331 22
365421 13
365427 19
365428 16
368200 13
368317 16
368331 24
368412 4
368433 16
368441 19
368487 31
400110 13
400211 28
401382 25
403382 16
406385 4
406395 7
409281 7
409292 25
411281 22
411291 13
415291 1
420281 16
421281 4
421291 10
421385 1
421395 10
423382 28
428382 22
461100 19
461170 30
461471 13
461472 16
461511 16
461527 13
461529 22
462130 17
462541 13
462587 22
462588 13
463251 31
463311 18
463331 25
463341 28
463353 9
463402 31
463433 19
463455 25
463491 7
463503 19
463504 24
463545 7
463556 25
463558 16
464301 1
464311 16
464341 31
464401 1
464413 16
464441 10
464443 4
464444 13
464445 7
464501 4
464502 4
464503 1
464509 13
464510 10
464541 19
464542 25
464544 7
464549 13
466141 18
501301 7
501302 19
502211 13
502311 22
503402 25
504302 0
506303 24
506361 32
507402 10
508203 13
508207 22
508303 1
509402 1
510201 1
510202 19
510307 28
510411 22
510414 24
510415 7
510416 16
510417 19
512303 13
512402 4
513111 10
513114 4
513223 22
513224 7
513283 16
513315 16
513324 7
513328 19
513363 10
513371 1
513412 7
513429 25
513445 22
513451 13
513471 16
514211 7
514241 16
514317 16
514323 28
514335 22
514341 19
514343 7
514381 10
514383 0
514395 4
514397 25
514425 22
514442 25
514451 13
514453 16
514466 10
514475 19
515201 22
515250 19
515307 7
515312 16
515334 19
515361 4
515364 25
515370 16
515376 10
515403 19
515490 4
551461 28
552216 19
552217 1
552222 19
553312 7
554314 10
555313 19
556311 1
557433 19
558411 31
558432 7
558442 10
561312 16
562211 19
571115 3
601201 11
601302 16
601321 28
601322 25
601341 4
601344 10
601351 16
601422 0
601427 4
601428 19
601452 1
601460 22
601462 16
601702 19
601731 13
601758 4
601765 19
601767 13
602100 27
602102 8
602111 16
602211 19
602315 6
602321 24
602322 0
602431 16
602432 19
602441 25
602464 13
602731 16
602761 4
603211 16
603322 13
603332 25
603352 10
603371 22
603421 28
603441 10
603453 22
603465 13
603471 4
603494 19
603495 16
603711 19
603723 16
603731 4
604304 16
604305 19
604312 22
604313 28
604351 10
604352 7
604412 16
604414 22
604416 25
604422 4
604441 13
604451 31
604711 19
604715 16
604731 4
605201 4
605204 0
605301 27
605313 7
605314 1
605321 24
605322 22
605341 19
605412 16
605432 13
605446 22
605459 19
605461 28
605476 7
605701 19
605702 16
605713 4
605751 4
606231 13
606242 22
606244 28
606263 19
606343 28
606362 13
606363 19
610114 26
651105 28
651109 19
651120 19
651210 16
651311 10
651312 16
651315 19
651316 4
701101 19
701181 6
701182 4
701183 9
701201 31
701211 0
701281 0
701313 1
701321 31
701331 9
701342 24
701344 16
701402 16
701403 0
701407 4
701409 16
701425 13
701455 13
701494 25
702101 8
702205 4
702211 20
702312 19
702313 18
702316 4
702318 31
702341 19
702351 22
702411 28
702416 0
702418 10
702423 7
702431 19
703103 31
703202 1
703204 25
703243 2
703244 16
703305 32
703308 11
703311 25
703313 22
703322 16
703324 10
703330 27
703331 28
703345 31
703352 19
703391 9
703404 1
703412 4
703435 24
703447 14
703454 19
703498 10
703499 16
704101 22
704141 10
704201 7
704345 16
705191 16
705211 6
705311 25
705329 31
705331 19
705351 10
705411 1
705437 18
705441 28
705442 32
705444 31
705492 16
705499 19
751100 25
751101 9
751102 0
751106 25
751202 19
751209 15
751301 9
751302 21
751303 9
751304 16
751305 3
751308 28
751309 28
751321 4
751326 4
751327 0
751330 14
751345 13
751401 12
751403 22
751405 16
751408 24
751413 7
751419 32
751421 25
751422 4
751424 4
751428 20
751443 32
751447 19
751451 4
751701 4
751702 16
751703 19
751704 19
751705 22
751706 4
751708 19
751712 22
751718 13
751724 16
751726 13
751751 13
801100 21
801201 19
801225 7
801235 24
801321 4
801324 1
801331 13
801333 19
801334 16
801336 7
801421 16
801471 4
801481 1
803121 28
803123 4
803231 16
803331 19
803360 16
803431 16
851100 12
851104 27
851105 19
851108 3
851200 12
851201 27
851202 19
851243 0
851251 25
851262 18
851273 1
851305 11
851306 7
851309 29
851342 4
851352 13
851354 32
851355 3
851360 6
851362 16
851375 25
851376 17
851400 2
851404 0
851407 19
851441 13
851462 7
852100 3
852101 16
852102 19
852103 4
852201 25
852202 7
852203 16
852204 4
951100 26
951102 10
951106 19
951124 31
951203 16
951302 7
951323 22
951331 25
951344 19
951348 16
951352 28
951497 16
953103 4
953111 28
953212 25
953231 4
953233 22
953261 28
953321 19
953322 31
953331 10
953361 16
953421 13
953444 4
953494 25
953495 4
954100 16
954244 16
954246 4
954310 10
954370 19
954374 16
954410 28
954413 22
954416 31
954426 1
954443 1
954449 10
954462 25
954464 6
954471 4
954477 9
954491-001 10
954491-002 3
954491-003 13
954491-004 4
954498 0
955102 31
955103 19
955104 25
958111 4
958201 19
958221 28
958225 22
958261 16
958373 7
