001101 1
001102 31
001111 19
001113 3
001201 4
001202 25
001210 0
001230 31
001231 2
001250 6
001281 10
001291 31
001293 7
001310 10
001311 16
001312 28
001318 31
001320 22
001321 4
001323 7
001330 19
001342 16
001353 13
001354 25
001361 25
001362 7
001381 7
001410 10
001425 7
001443 22
001444 22
001445 10
002101 25
002110 22
002191 25
002201 10
002211 13
002221 22
002250 7
002301 10
002333 22
002365 7
003101 28
003191 25
003201 22
003414 25
003421 16
003436 7
004282 0
004301 22
004303 7
004324 31
004432 10
004473 0
004475 7
004483 24
006103 19
006126 32
006206 19
006226 28
006241 7
006242 16
006253 22
006303 16
006331 16
006346 10
006448 10
008214 0
008303 25
008314 28
008411 22
008417 22
009103 25
009105 13
009212 25
009230 32
009231 7
009326 22
009328 7
011100 26
011152 19
011153 9
011251 24
011257 30
011259 22
011269 27
011276 13
011353 16
011356 7
011362 7
011363 9
011374 28
011461 22
011464 25
011479 19
012100 19
012173 9
012200 28
012273 32
012371 25
013103 14
013110 19
013203 25
013204 19
013207 7
013209 0
013302 25
013306 22
013307 10
013317 25
013326 10
013329 22
013330 22
013413 7
013420 7
013433 7
014210 16
014211 9
014270 19
014310 31
014322 22
014323 22
014370 7
014371 7
014381 28
014401 22
014481 7
015101 19
016101 22
016102 22
017101 28
017102 7
017111 22
017210 22
018103 22
018111 15
018113 10
018125 19
018203 31
018211 22
018213 7
018231 25
018235 19
018271 13
018321 7
018351 22
019101 20
019102 22
019103 13
019105 13
019106 7
019108 19
019111 25
019203 7
019205 10
019211 19
019221 13
019303 19
019311 28
019331 25
019361 22
019371 7
019381 7
019471 22
020101 3
020102 16
020211 19
020231 28
020341 7
020362 7
021101 25
021102 25
021203 10
025108 25
025110 25
025310 7
025480 7
026101 20
026102 22
026111 10
029701 22
029711 7
050100 7
050103 22
050104 31
050106 11
050111 10
051300 22
051306 0
051313 10
051412 28
051418 7
051421 10
052202 10
052314 16
052350 32
052352 28
052357 13
052421 32
055701 7
055704 7
055771 7
057121 18
057122 29
057123 3
057125 18
057126 27
057127 18
057128 30
057129 27
057130 15
057131 15
057132 30
057133 27
057134 7
057135 15
057136 31
057137 28
057201 13
057213 19
057215 25
057284 22
057285 13
057288 25
057293 19
057294 7
057296 7
057300 15
057305 15
057403 1
057405 22
057410 7
057420 10
057425 32
057426 7
057428 16
057450 4
059419 19
061106 28
061201 7
061223 19
061306 9
061309 25
061312 32
061317 3
061403 18
062200 9
062320 31
062341 7
062342 22
062343 19
062344 10
062346 13
062360 10
062380 28
062411 13
062452 1
062460 25
062499 16
063710 22
064201 22
064206 25
064207 16
064271 16
064272 28
064281 28
064301 28
064410 19
064423 28
064424 31
065210 24
065212 10
065310 16
065320 31
065332 13
065436 22
065799 7
066221 22
066323 7
066410 31
066414 7
066425 24
067202 13
067303 10
067311 7
067372 3
067373 31
067432 7
070100 16
070201 28
070301 25
070303 7
070304 10
070308 25
070400 4
070401 28
070404 22
070413 16
070414 19
070415 7
070416 7
070711 16
070720 10
070721 22
070727 22
070731 7
070740 7
071411 22
071412 22
071413 19
071415 19
071416 12
071419 16
071420 7
071423 16
071425 22
071426 7
071724 7
074100 16
074101 30
074414 16
076312 25
076314 19
076414 7
076427 7
076428 13
076429 16
076444 4
076466 22
077422 22
078444 7
078454 16
099101 7
099102 15
100102 0
100103 7
100104 16
100105 3
100106 9
100107 24
100108 5
100205 0
100206 22
100207 11
100208 19
100209 13
100306 0
100307 9
100308 25
100309 21
100310 7
100501 28
101100 14
101105 28
101201 10
101211 9
101400 22
101405 7
103191 7
103271 21
104200 13
104201 19
104300 16
104301 7
104325 10
104340 7
104410 4
104495 10
105304 13
109100 12
109115 12
112101 7
112102 19
112103 7
112108 25
112110 10
112201 0
112203 22
112213 25
112300 7
112314 16
112411 25
115200 25
115300 7
115301 16
115302 22
126101 29
126321 16
126330 10
126428 22
126443 7
127100 4
127101 10
127203 6
127206 25
127207 21
127303 10
127312 1
127314 1
127315 19
127316 7
127320 16
127326 28
127329 7
127413 25
127711 16
127717 10
127718 22
127719 7
128100 17
128101 13
128202 7
128203 10
128204 0
128307 16
128309 10
128352 25
128354 22
128403 7
128701 7
128710 16
128730 10
128734 22
128740 22
128762 7
140103 19
152321 7
154104 24
154141 9
154151 32
154231 25
154262 7
154281 9
154311 10
154330 28
154352 13
154371 25
154384 25
154388 22
154443 22
154455 7
154482 25
154488 10
159100 32
159101 17
159151 28
159203 1
159221 7
159301 9
159351 16
159356 10
159403 22
159411 28
159412 22
159431 22
159454 7
164200 25
164341 7
168101 16
168313 10
176100 5
176101 19
176220 7
177103 11
177214 19
177216 1
177242 7
177283 28
177285 10
177321 22
177330 7
177336 3
177341 32
177361 22
177393 10
177404 1
177425 7
177426 25
177427 1
177434 16
177446 22
177447 13
177450 10
177464 10
177465 7
177467 22
177481 7
201100 28
201110 22
201114 16
201115 6
201116 17
201117 9
202100 32
202101 16
202141 28
202143 29
202145 22
202184 3
202231 32
202260 22
202321 25
202334 7
202342 4
202353 1
202361 16
202434 16
202473 10
202495 22
202742 22
202764 22
202765 22
202773 25
202782 25
202833 7
202848 22
202873 10
203100 24
203103 7
203111 10
203116 22
203151 10
203162 7
203201 6
203203 6
203204 22
203206 7
203207 9
203208 0
203209 10
203222 16
203226 1
203231 25
203235 1
203236 16
203255 1
203315 4
203331 7
203351 28
203352 13
203475 19
203714 22
203716 16
203722 10
203732 7
203736 10
203739 22
203743 10
203753 7
203821 25
203828 7
203879 16
204100 22
204101 1
204111 13
204202 7
204219 16
204231 12
204251 0
204321 9
204325 22
204341 7
204361 25
204363 10
204365 22
204381 7
204383 1
204432 16
204435 7
204451 19
204453 4
204471 7
204712 7
204721 10
204732 22
204735 16
205100 15
205103 32
205104 22
205105 19
205235 16
205239 24
205275 32
205303 1
205337 10
205355 7
205393 22
205712 10
205735 22
205783 7
206100 26
206101 21
206103 20
206107 3
206111 25
206113 7
206161 10
206171 28
206181 25
206191 6
206203 21
206211 12
206216 19
206217 22
206261 10
206267 25
206281 6
206300 7
206321 7
206324 4
206325 21
206327 24
206331 16
206335 22
206336 10
206341 1
206355 19
206362 3
206370 7
206381 10
206436 25
206437 1
206441 28
206717 22
206720 10
206721 22
206730 7
206736 7
206753 7
207100 27
207103 30
207105 22
207107 6
207109 32
207110 7
207115 19
207117 3
207123 14
207131 28
207135 6
207171 32
207173 32
207183 10
207187 14
207203 16
207205 10
207208 31
207213 19
207308 7
207310 25
207313 10
207323 10
207348 4
207401 16
207406 22
207701 16
207703 10
207705 22
207711 7
207741 7
208101 25
208140 7
208263 29
208270 9
208271 1
208272 7
208280 25
208321 31
208329 1
208343 16
208348 16
208425 22
208737 7
209201 22
209251 19
209301 19
209302 22
209303 25
209331 1
209351 13
209358 28
209361 1
209368 16
209375 16
210201 22
210202 13
210204 7
210343 10
210351 7
210383 16
210425 22
210434 25
210703 16
210704 10
210707 22
210731 7
210733 7
210743 7
211100 12
211311 10
211315 22
211319 7
211413 16
211440 10
211442 22
211495 7
211702 10
211889 22
213706 22
213707 7
213714 10
214261 1
214312 10
214341 19
214381 28
214414 0
214415 25
214421 10
215205 22
215206 28
215207 19
215208 13
215423 1
215424 25
215431 22
215475 16
215476 10
215485 22
215486 7
215734 4
215744 22
215752 7
215762 22
215785 10
217701 10
217703 22
217707 7
217734 22
217751 7
217775 22
218100 18
218101 19
218233 16
218235 7
218321 16
218323 10
218351 7
219761 22
219789 7
220703 7
226701 16
226702 10
226704 22
226711 22
226801 7
251101 32
251211 1
251213 7
251261 19
251281 13
251312 7
251313 25
251363 10
251374 16
251384 22
251419 7
251437 16
251438 22
251439 10
251451 25
251475 22
251701 16
251702 10
251703 7
251711 22
251715 7
251745 22
251751 25
251752 16
251757 10
251758 22
251776 25
251783 16
251784 10
251785 22
251790 7
252201 22
252211 29
252232 0
252282 22
252283 32
252285 13
252286 28
252301 10
252302 22
252317 6
252322 24
252325 3
252327 22
252330 16
252342 22
252363 13
252420 10
252421 7
252427 25
252444 7
252498 10
252702 16
252726 22
252746 10
252747 22
252791 7
253303 10
253314 4
253315 7
253455 22
253481 10
253701 7
253715 10
253717 28
253731 16
253732 10
253735 1
253736 22
253748 16
253754 25
254181 28
254205 24
254206 0
254211 22
254215 7
254216 1
254222 32
254231 25
254232 25
254252 21
254282 28
254302 10
254325 22
254333 19
254372 16
254373 7
254421 16
254426 25
254435 16
254436 19
254439 7
254442 10
254444 7
254451 10
254456 31
254459 7
254461 28
254471 4
254473 7
254700 7
254702 25
254703 10
254710 22
254711 16
254734 7
254736 25
254770 25
254804 16
254873 16
254875 22
255201 14
255215 8
255251 28
255290 26
255300 7
255320 13
255321 25
255330 3
255359 7
255415 10
255431 10
255432 22
255434 22
255454 7
255455 7
255492 19
255722 16
255734 10
255738 7
255750 22
255764 22
255770 10
255771 7
255772 22
255786 16
255811 22
255820 7
256100 10
256212 25
256281 7
256316 28
256333 16
256373 10
256418 22
256441 22
259103 31
259104 28
259106 4
259107 1
259108 16
259109 24
259201 12
259203 6
260402 22
260413 7
260701 7
260702 25
260705 16
260709 10
260716 16
260718 10
260772 22
261103 7
261111 21
261200 1
261210 22
261212 19
261216 7
261217 31
261304 22
261305 19
261335 25
261336 32
261342 28
261343 1
261361 10
261405 7
261434 25
261447 19
261458 22
261461 16
261469 16
261701 10
261702 22
261706 7
261739 16
261752 7
261754 22
261769 16
261791 10
261895 7
263701 10
263702 7
263720 16
263746 25
263760 22
263770 22
263771 16
264701 25
264703 16
264706 10
264710 10
264733 22
264791 7
266702 7
268721 7
269101 25
269102 4
269111 7
269200 19
269201 22
269202 7
269340 7
269430 10
269452 16
269462 25
269470 1
269493 7
301254 1
305202 25
311352 31
318322 22
318351 28
320351 4
321251 10
324703 7
328310 10
328313 4
330110 10
330111 4
351100 25
351200 20
351201 21
351301 19
351321 22
351331 7
351441 1
351442 25
351451 16
351466 7
351489 25
352103 25
352301 16
352311 25
352321 19
352323 22
352422 28
353210 22
353301 19
353311 4
353418 16
353421 10
353431 22
353451 1
354311 16
356100 27
356101 25
356102 0
356202 19
356210 13
356212 1
356261 31
356303 19
356304 10
356411 28
356416 22
357101 18
357110 28
357210 16
357322 25
357325 7
357417 22
357441 1
357491 7
359202 23
359203 16
359204 25
359210 1
359311 22
359409 7
359421 10
359465 10
360100 15
360400 16
360403 10
360423 22
360460 7
361210 0
361214 10
361301 25
361351 22
361442 1
361453 10
361461 28
361471 19
362211 31
363210 21
365321 16
365322 16
365324 25
365421 7
368200 7
400110 24
401382 19
403382 25
406385 22
406395 13
409281 13
409292 28
411281 16
411291 22
415291 4
420281 7
421281 25
421291 19
421385 16
421395 10
423382 7
428382 1
461100 28
461435 16
461472 7
461514 10
461523 7
462130 12
462151 7
462405 22
462409 7
462445 22
462541 10
462543 22
462584 7
463251 31
463311 22
463331 19
463341 13
463353 7
463402 25
463433 0
463455 21
463491 16
463503 25
463513 16
463545 22
463556 16
463571 7
464301 1
464311 25
464341 28
464401 10
464413 7
464441 19
464443 13
464444 31
464445 13
464502 10
501301 28
501302 25
504302 1
506303 22
506361 22
508203 10
508303 19
510201 1
510202 31
512303 7
513111 12
513114 6
513223 1
513224 13
513283 22
513315 25
513324 1
513328 16
513363 22
513371 7
513411 16
513429 10
513445 22
513471 7
514211 10
514241 1
514317 4
514323 7
514341 22
514343 25
514381 16
514383 10
514451 7
515201 1
515250 10
515306 25
515310 10
515334 7
515361 16
515364 10
515370 22
515373 7
518770 7
551312 1
552216 7
552217 31
552222 7
553311 25
554312 16
556412 10
561313 22
561314 7
562101 1
562211 19
601201 15
601302 13
601341 25
601344 16
601351 22
601422 7
601452 7
601456 1
601731 10
601758 22
601765 16
601842 7
602100 0
602102 6
602103 13
602111 7
602211 22
602315 25
602321 1
602322 16
602431 22
602432 16
602441 10
602464 7
602731 22
602761 7
603211 24
603321 16
603322 10
603351 3
603421 10
603441 22
603471 7
603496 7
603711 10
603723 22
603731 7
604304 28
604305 10
604312 28
604313 1
604351 19
604352 16
604451 22
604711 22
604715 7
605201 13
605204 32
605301 28
605313 1
605314 25
605321 25
605322 10
605701 16
605713 10
605741 22
605745 7
605751 7
606231 31
606242 10
606244 13
606263 28
606310 22
606343 7
610114 20
651104 10
651105 12
651109 7
651120 6
651210 13
651311 16
651312 10
651315 22
651316 7
701100 10
701101 13
701104 22
701181 10
701183 1
701201 13
701205 22
701211 1
701243 22
701281 9
701313 28
701321 22
701331 10
701341 25
701344 7
702100 10
702101 2
702205 10
702211 30
702213 24
702312 10
702316 16
702317 10
702341 22
702351 7
703103 16
703109 16
703202 22
703243 29
703244 16
703305 7
703308 13
703309 25
703310 16
703322 31
703323 22
703330 32
703331 10
703391 1
703404 7
703412 28
703447 16
703454 1
703498 10
705191 24
705211 3
705311 22
705329 28
705331 10
705332 25
705342 22
705351 3
705431 7
705438 16
705440 7
705441 10
705442 28
705444 4
705461 16
705493 25
705499 16
751100 13
751101 32
751102 9
751106 5
751202 22
751209 25
751301 7
751302 13
751303 25
751304 7
751305 7
751308 32
751309 12
751321 7
751326 22
751330 19
751345 16
751401 10
751403 1
751405 19
751408 16
751417 22
751418 25
751419 22
751422 22
751428 3
751440 7
751441 10
751443 10
751447 16
751451 28
751701 22
751702 7
751703 10
751704 16
751705 16
751706 10
751708 16
751712 7
751716 25
751724 22
751725 16
751726 22
751727 25
751729 25
751734 1
751744 10
751752 7
801100 15
801201 1
801225 22
801235 12
801321 25
801331 7
801333 13
801336 22
801421 25
801471 22
801481 7
803121 7
803123 4
803231 10
851100 17
851104 19
851105 13
851108 22
851200 19
851201 18
851202 10
851204 12
851205 6
851273 24
851305 2
851309 19
851313 1
851343 7
851344 7
851345 22
851360 7
851362 22
851367 7
851372 7
851375 13
851400 28
851404 25
851406 10
851407 28
951100 23
951101 31
951102 10
951125 25
951203 22
951302 22
951323 16
951331 10
951344 7
951348 22
951352 25
951497 7
953103 25
953111 8
953211 19
953212 25
953233 31
953261 13
953321 16
953322 25
953331 22
953361 22
953421 7
953494 25
954100 25
954140 10
954141 7
954245 25
954246 10
954260 0
954270 22
954311 16
954312 31
954320 7
954323 22
954343 22
954370 4
954374 10
954412 7
954413 7
954462 25
954471 22
954491 22
954498 10
