001101 26
001102 1
001111 19
001113 7
001201 1
001202 16
001210 4
001230 31
001231 6
001250 27
001281 0
001291 16
001293 7
001310 28
001311 3
001312 15
001318 4
001320 22
001321 4
001323 28
001330 16
001342 13
001353 12
001354 28
001361 19
001362 22
001381 13
001410 19
001425 28
001443 28
001444 22
001445 4
002101 22
002110 7
002191 28
002201 3
002211 16
002221 22
002250 10
002301 16
002333 19
002365 7
003101 4
003191 25
003201 28
003414 4
003421 7
003436 22
004282 7
004301 16
004303 24
004324 13
004432 7
004473 4
004475 7
004483 32
006103 4
006126 0
006206 19
006226 28
006241 10
006242 16
006253 22
006303 18
006331 16
006346 22
006448 28
008214 22
008303 16
008314 28
008411 13
008417 22
009103 18
009105 28
009212 22
009230 19
009231 16
009326 22
009328 28
011100 6
011152 28
011153 21
011251 3
011257 25
011259 0
011269 30
011276 28
011353 25
011356 22
011362 16
011363 7
011374 22
011461 7
011464 28
011479 13
012100 10
012173 21
012200 28
012273 7
012371 25
013103 25
013110 4
013203 10
013204 16
013207 22
013209 16
013302 16
013306 3
013307 7
013317 4
013326 7
013329 28
013330 28
013413 28
013420 22
013433 4
014210 3
014211 16
014270 25
014310 31
014322 28
014323 22
014370 24
014371 22
014381 0
014401 10
014481 22
015101 10
016101 7
016102 22
017101 7
017102 22
017111 22
017210 22
018103 21
018111 7
018113 0
018125 6
018203 7
018211 28
018213 16
018231 19
018235 22
018271 12
018321 7
018351 22
019101 28
019102 19
019103 13
019105 28
019106 22
019108 28
019111 22
019203 7
019205 22
019211 22
019221 28
019303 10
019311 4
019331 19
019361 13
019371 19
019381 7
019471 19
020101 19
020102 25
020211 7
020231 25
020341 22
020362 22
021101 19
021102 7
021203 28
025108 28
025110 28
025310 22
025480 28
026101 17
026102 10
026111 16
029701 13
029711 28
050100 16
050103 0
050104 0
050106 6
050111 4
051300 22
051306 25
051313 7
051412 28
051418 25
051421 25
052202 32
052314 22
052350 25
052352 9
052357 16
052421 31
055701 28
055704 28
055771 28
057121 22
057122 14
057123 27
057125 22
057126 27
057127 13
057128 0
057129 24
057130 21
057131 27
057132 21
057133 27
057134 25
057135 7
057136 16
057137 7
057201 10
057213 19
057215 7
057284 31
057285 4
057288 7
057293 0
057294 22
057296 22
057300 25
057305 0
057403 16
057405 7
057410 7
057420 13
057425 16
057426 22
057428 28
057450 16
059419 25
061106 16
061201 22
061223 28
061306 13
061309 25
061312 31
061317 0
061403 19
062200 4
062320 27
062341 22
062342 21
062343 19
062344 13
062346 10
062360 16
062380 19
062411 3
062452 13
062460 16
062499 4
063710 13
064201 22
064206 28
064207 13
064271 13
064272 22
064281 31
064301 4
064410 0
064423 16
064424 25
065210 19
065212 7
065310 31
065320 0
065332 28
065436 22
065799 28
066221 19
066323 18
066410 16
066414 28
066425 10
067202 28
067303 15
067311 10
067372 31
067373 25
067432 18
070100 24
070201 19
070301 13
070303 4
070304 7
070308 13
070400 7
070401 10
070404 28
070413 19
070414 28
070415 16
070416 22
070711 10
070720 22
070721 13
070727 13
070731 28
070740 28
071411 28
071412 13
071413 10
071415 10
071416 15
071419 27
071420 28
071423 13
071425 22
071426 28
071724 28
074100 27
074101 30
074414 10
076312 0
076314 31
076414 25
076427 28
076428 25
076429 4
076444 3
076466 22
077422 22
078444 28
078454 25
099101 22
099102 9
100102 25
100103 25
100104 10
100105 22
100106 0
100107 3
100108 25
100205 3
100206 16
100207 24
100208 28
100209 7
100306 7
100307 13
100308 3
100309 22
100310 18
100501 7
101100 28
101105 31
101201 7
101211 25
101400 0
101405 22
103191 22
103271 17
104200 31
104201 28
104300 7
104301 19
104325 13
104340 22
104410 28
104495 22
105304 22
109100 18
109115 24
112101 22
112102 16
112103 7
112108 19
112110 13
112201 25
112203 10
112213 19
112300 22
112314 7
112411 16
115200 22
115300 7
115301 28
115302 4
126101 22
126321 16
126330 19
126428 22
126443 7
127100 22
127101 8
127203 22
127206 31
127207 27
127303 4
127312 15
127314 19
127315 13
127316 28
127320 22
127326 22
127329 22
127413 7
127711 10
127717 22
127718 13
127719 28
128100 19
128101 24
128202 6
128203 16
128204 27
128307 19
128309 22
128352 4
128354 7
128403 28
128701 28
128710 10
128730 22
128734 13
128740 13
128762 28
140103 28
152321 28
154104 3
154141 16
154151 32
154231 19
154262 16
154281 19
154311 19
154330 22
154352 4
154371 7
154384 0
154388 28
154443 22
154455 13
154482 7
154488 28
159100 12
159101 12
159151 19
159203 24
159221 22
159301 7
159351 13
159356 22
159403 10
159411 10
159412 22
159431 28
159454 22
164200 4
164341 28
168101 22
168313 28
176100 5
176101 28
176220 12
177103 16
177214 19
177216 10
177242 7
177283 13
177285 22
177321 16
177330 7
177336 22
177341 0
177361 16
177393 10
177404 4
177425 7
177426 19
177427 16
177434 13
177446 28
177447 4
177450 22
177464 4
177465 7
177467 7
177481 28
201100 19
201110 18
201114 10
201115 31
201116 20
201117 25
202100 13
202101 2
202141 16
202143 15
202145 21
202184 15
202231 18
202260 10
202321 22
202334 13
202342 19
202353 10
202361 7
202434 28
202473 22
202495 4
202742 22
202764 22
202765 7
202773 22
202782 7
202833 28
202848 22
202873 22
203100 30
203103 4
203111 8
203116 28
203151 32
203162 3
203201 27
203203 32
203204 18
203206 32
203207 10
203208 7
203209 12
203222 6
203226 8
203231 10
203235 15
203236 10
203255 13
203315 22
203331 16
203351 16
203352 19
203475 19
203714 7
203716 28
203722 13
203732 22
203736 7
203739 28
203743 7
203753 22
203821 19
203828 22
203879 28
204100 31
204101 31
204111 16
204202 16
204219 25
204231 24
204251 3
204321 28
204325 13
204341 10
204361 0
204363 28
204365 7
204381 7
204383 7
204432 22
204435 22
204451 22
204453 16
204471 22
204712 28
204721 22
204732 13
204735 10
205100 25
205103 10
205104 25
205105 4
205235 27
205239 19
205275 12
205303 13
205337 4
205355 16
205393 22
205712 22
205735 13
205783 28
206100 10
206101 29
206103 28
206107 22
206111 23
206113 16
206161 24
206171 15
206181 18
206191 22
206203 16
206211 32
206216 25
206217 16
206261 26
206267 4
206281 30
206300 13
206321 4
206324 28
206325 10
206327 15
206331 22
206335 16
206336 28
206341 13
206355 25
206362 27
206370 7
206381 22
206436 4
206437 22
206441 3
206717 13
206720 22
206721 13
206730 28
206736 28
206753 28
207100 24
207103 15
207105 0
207107 28
207109 6
207110 25
207115 21
207117 9
207123 19
207131 9
207135 13
207171 21
207173 16
207183 22
207187 30
207203 25
207205 28
207208 28
207213 10
207308 15
207310 7
207313 10
207323 13
207348 4
207401 13
207406 22
207701 10
207703 22
207705 13
207711 28
207741 28
208101 11
208140 22
208263 19
208270 32
208271 6
208272 22
208280 4
208321 24
208329 16
208343 28
208348 4
208425 19
208737 28
209201 13
209251 27
209301 28
209302 7
209303 22
209331 19
209351 13
209358 10
209361 19
209368 0
209375 13
210201 7
210202 22
210204 10
210343 7
210351 22
210383 28
210425 13
210434 16
210703 10
210704 22
210707 13
210731 22
210733 28
210743 28
211100 27
211311 7
211315 12
211319 0
211413 28
211440 19
211442 22
211495 7
211702 7
211889 28
213706 7
213707 28
213714 22
214261 10
214312 28
214341 7
214381 16
214414 4
214415 22
214421 7
215205 26
215206 15
215207 21
215208 4
215423 12
215424 16
215431 28
215475 10
215476 22
215485 13
215486 28
215734 22
215744 7
215752 28
215762 22
215785 22
217701 22
217703 13
217707 28
217734 13
217751 28
217775 13
218100 13
218101 13
218233 28
218235 16
218321 28
218323 16
218351 7
219761 13
219789 28
220703 22
226701 10
226702 22
226704 13
226711 13
226801 28
251101 25
251211 32
251213 22
251261 7
251281 30
251312 28
251313 4
251363 7
251374 19
251384 22
251419 22
251437 19
251438 28
251439 13
251451 13
251475 28
251701 16
251702 13
251703 28
251711 13
251715 28
251745 28
251751 10
251752 16
251757 13
251758 28
251776 10
251783 16
251784 13
251785 28
251790 22
252201 21
252211 31
252232 6
252282 4
252283 10
252285 13
252286 7
252301 10
252302 22
252317 18
252322 7
252325 28
252327 7
252330 16
252342 13
252363 0
252420 28
252421 13
252427 22
252444 22
252498 19
252702 10
252726 13
252746 22
252747 13
252791 28
253303 4
253314 4
253315 13
253455 22
253481 7
253701 28
253715 21
253717 16
253731 12
253732 21
253735 10
253736 13
253748 15
253754 22
254181 22
254205 4
254206 3
254211 19
254215 32
254216 6
254222 10
254231 28
254232 28
254252 21
254282 0
254302 24
254325 19
254333 0
254372 16
254373 13
254421 13
254426 13
254435 4
254436 22
254439 7
254442 16
254444 22
254451 28
254456 28
254459 28
254461 7
254471 22
254473 13
254700 22
254702 19
254703 28
254710 7
254711 13
254734 28
254736 19
254770 19
254804 13
254873 13
254875 7
255201 18
255215 13
255251 6
255290 28
255300 28
255320 16
255321 22
255330 7
255359 0
255415 28
255431 16
255432 13
255434 28
255454 28
255455 22
255492 13
255722 10
255734 22
255738 13
255750 28
255764 28
255770 22
255771 13
255772 28
255786 10
255811 13
255820 28
256100 22
256212 18
256281 10
256316 16
256333 7
256373 22
256418 28
256441 22
259103 9
259104 13
259106 19
259107 32
259108 15
259109 10
259201 22
259203 28
260402 22
260413 28
260701 28
260702 16
260705 10
260709 22
260716 10
260718 22
260772 13
261103 10
261111 23
261200 15
261210 22
261212 0
261216 19
261217 4
261304 22
261305 22
261335 25
261336 10
261342 4
261343 7
261361 4
261405 13
261434 13
261447 28
261458 7
261461 16
261469 19
261701 13
261702 28
261706 22
261739 10
261752 22
261754 28
261769 10
261791 13
261895 13
263701 22
263702 28
263720 16
263746 10
263760 13
263770 13
263771 16
264701 10
264703 16
264706 13
264710 13
264733 28
264791 22
266702 28
268721 13
269101 22
269102 28
269111 13
269200 22
269201 7
269202 28
269340 3
269430 19
269452 22
269462 22
269470 4
269493 28
301254 1
305202 28
311352 18
318322 22
318351 16
320351 3
321251 7
324703 28
328310 22
328313 7
330110 32
330111 9
351100 32
351200 6
351201 3
351301 22
351321 7
351331 4
351441 4
351442 13
351451 28
351466 22
351489 10
352103 12
352301 19
352311 22
352321 10
352323 7
352422 28
353210 22
353301 28
353311 4
353418 22
353421 28
353431 22
353451 7
354311 16
356100 28
356101 13
356102 25
356202 16
356210 23
356212 19
356261 28
356303 16
356304 7
356411 22
356416 7
357101 28
357110 13
357210 13
357322 7
357325 7
357417 13
357441 28
357491 22
359202 25
359203 3
359204 0
359210 19
359311 22
359409 13
359421 16
359465 28
360100 16
360400 10
360403 22
360423 13
360460 28
361210 19
361214 28
361301 16
361351 10
361442 22
361453 16
361461 7
361471 4
362211 20
363210 12
365321 19
365322 13
365324 28
365421 22
368200 16
400110 30
401382 1
403382 4
406385 28
406395 10
409281 10
409292 16
411281 13
411291 28
415291 6
420281 22
421281 4
421291 18
421385 13
421395 7
423382 22
428382 19
461100 20
461435 10
461472 22
461514 7
461523 28
462130 13
462151 0
462405 13
462409 28
462445 22
462541 22
462543 13
462584 28
463251 25
463311 3
463331 16
463341 7
463353 13
463402 4
463433 7
463455 13
463491 16
463503 4
463513 13
463545 7
463556 19
463571 28
464301 28
464311 22
464341 18
464401 19
464413 28
464441 22
464443 10
464444 16
464445 10
464502 13
501301 13
501302 7
504302 4
506303 22
506361 22
508203 32
508303 19
510201 10
510202 15
512303 28
513111 15
513114 6
513223 16
513224 19
513283 22
513315 19
513324 16
513328 4
513363 28
513371 13
513411 10
513429 22
513445 13
513471 28
514211 19
514241 7
514317 28
514323 22
514341 7
514343 19
514381 4
514383 13
514451 22
515201 10
515250 32
515306 16
515310 7
515334 28
515361 10
515364 22
515370 13
515373 28
518770 28
551312 12
552216 22
552217 19
552222 7
553311 16
554312 10
556412 22
561313 13
561314 28
562101 7
562211 22
601201 0
601302 18
601341 10
601344 16
601351 22
601422 19
601452 22
601456 28
601731 22
601758 13
601765 10
601842 28
602100 9
602102 29
602103 10
602111 28
602211 16
602315 7
602321 16
602322 28
602431 16
602432 19
602441 7
602464 22
602731 13
602761 28
603211 10
603321 16
603322 7
603351 22
603421 22
603441 13
603471 28
603496 7
603711 22
603723 13
603731 28
604304 13
604305 22
604312 4
604313 21
604351 22
604352 7
604451 28
604711 13
604715 28
605201 22
605204 25
605301 3
605313 4
605314 10
605321 13
605322 22
605701 10
605713 22
605741 13
605745 28
605751 28
606231 7
606242 4
606244 22
606263 19
606310 13
606343 22
610114 28
651104 13
651105 24
651109 22
651120 18
651210 7
651311 10
651312 22
651315 13
651316 28
701100 7
701101 7
701104 22
701181 28
701183 22
701201 7
701205 10
701211 28
701243 10
701281 7
701313 28
701321 13
701331 16
701341 22
701344 19
702100 10
702101 19
702205 16
702211 15
702213 0
702312 3
702316 16
702317 7
702341 28
702351 22
703103 22
703109 22
703202 18
703243 6
703244 7
703305 22
703308 28
703309 7
703310 16
703322 32
703323 4
703330 10
703331 19
703391 22
703404 7
703412 4
703447 19
703454 13
703498 28
705191 22
705211 15
705311 32
705329 7
705331 16
705332 0
705342 19
705351 0
705431 4
705438 28
705440 7
705441 22
705442 10
705444 22
705461 28
705493 7
705499 28
751100 7
751101 13
751102 12
751106 2
751202 10
751209 24
751301 16
751302 16
751303 13
751304 22
751305 22
751308 3
751309 13
751321 22
751326 7
751330 28
751345 22
751401 4
751403 19
751405 10
751408 7
751417 28
751418 28
751419 28
751422 7
751428 0
751440 22
751441 13
751443 28
751447 28
751451 4
751701 28
751702 22
751703 13
751704 15
751705 16
751706 13
751708 21
751712 22
751716 10
751724 28
751725 10
751726 28
751727 10
751729 10
751734 16
751744 13
751752 28
801100 25
801201 10
801225 16
801235 22
801321 28
801331 7
801333 22
801336 19
801421 28
801471 13
801481 7
803121 7
803123 28
803231 7
851100 28
851104 22
851105 10
851108 28
851200 22
851201 27
851202 22
851204 9
851205 25
851273 18
851305 32
851309 4
851313 13
851343 16
851344 22
851345 16
851360 24
851362 7
851367 22
851372 28
851375 19
851400 28
851404 13
851406 10
851407 7
951100 10
951101 19
951102 6
951125 32
951203 28
951302 7
951323 16
951331 19
951344 22
951348 7
951352 28
951497 22
953103 19
953111 5
953211 22
953212 19
953233 7
953261 28
953321 28
953322 7
953331 22
953361 22
953421 28
953494 4
954100 7
954140 32
954141 22
954245 18
954246 6
954260 32
954270 10
954311 16
954312 4
954320 7
954323 13
954343 13
954370 22
954374 28
954412 22
954413 7
954462 22
954471 13
954491 13
954498 28
