001101 1
001102 5
001111 25
001113 21
001201 4
001202 19
001210 2
001212 0
001218 15
001230 24
001231 32
001250 12
001291 21
001293 0
001310 16
001311 30
001312 18
001318 21
001320 10
001321 25
001323 28
001330 1
001342 22
001353 31
001354 24
001362 25
001381 16
001410 10
001423 28
001425 19
001443 16
001444 10
001445 28
001447 10
001461 10
002101 28
002110 22
002191 28
002192 10
002201 28
002211 10
002221 25
002250 22
002301 10
002333 25
002351 13
002361 0
002365 19
002401 16
002473 10
003101 18
003191 31
003201 10
003313 28
003320 0
003331 13
003367 10
004241 0
004282 25
004301 10
004303 16
004324 32
004432 32
004473 28
004475 13
004483 24
006103 26
006126 32
006206 21
006226 16
006242 28
006253 13
006303 13
006325 25
006326 22
006330 19
006344 19
006346 16
006355 28
006425 19
006426 10
006428 32
006443 10
006448 16
006454 28
008214 28
008303 22
008314 32
008411 25
008417 10
009103 19
009105 32
009212 16
009230 25
009231 32
009326 10
009328 0
009426 28
009431 16
009445 22
011100 15
011151 24
011152 24
011153 25
011251 3
011257 28
011259 3
011269 30
011276 3
011353 28
011356 25
011358 0
011362 19
011374 13
011461 16
011464 10
011479 22
012100 13
012173 21
012200 16
012273 16
012371 18
012475 16
013103 29
013110 13
013203 12
013204 24
013206 31
013209 22
013301 18
013302 10
013303 10
013305 10
013306 22
013307 21
013317 32
013321 25
013326 16
013329 10
013330 24
013335 10
013337 16
013413 25
013427 28
013433 28
014210 25
014211 13
014270 13
014310 13
014311 31
014322 25
014323 21
014324 10
014370 28
014371 19
014381 10
014382 10
014401 12
014471 0
014481 16
014485 28
015101 12
016101 32
017101 18
017102 19
017111 31
017112 10
017210 16
018103 31
018111 6
018113 12
018125 16
018203 16
018211 13
018213 22
018231 10
018235 25
018271 16
018301 19
018335 28
018351 10
018353 19
018433 10
018435 16
018438 28
018467 28
019101 8
019103 28
019105 27
019106 15
019108 13
019111 22
019203 13
019205 3
019206 10
019208 16
019211 28
019221 22
019303 0
019311 22
019331 13
019361 16
019371 22
019373 28
019381 10
019411 25
019442 19
019471 28
019473 10
020101 24
020102 28
020211 22
020212 28
020231 13
020311 13
020321 10
020333 19
020341 28
020362 10
020363 16
021101 3
021102 18
021203 22
021270 4
025108 10
025110 10
025310 10
025480 10
026101 8
026102 31
026111 3
026112 16
026201 31
026271 22
029701 16
029711 10
050100 7
050103 28
050104 12
050106 27
050111 10
051302 16
051304 32
051306 12
051313 10
051412 28
051418 4
052201 4
052202 19
052314 13
052350 16
052352 25
052357 10
052400 19
052419 25
052443 22
052445 13
052447 10
052725 16
055701 10
055706 22
055707 28
055771 22
055797 16
057121 9
057122 9
057123 23
057125 17
057126 14
057127 20
057128 14
057129 7
057130 18
057131 15
057132 20
057133 15
057134 13
057135 27
057137 24
057138 19
057139 31
057140 31
057201 13
057205 25
057215 31
057274 16
057279 24
057283 21
057284 4
057285 13
057288 10
057293 28
057294 10
057300 10
057302 25
057305 3
057351 16
057366 27
057403 1
057405 3
057410 19
057411 12
057420 25
057425 25
057426 13
057428 31
059419 18
061106 19
061201 28
061223 3
061306 16
061307 22
061312 25
061313 28
061317 10
061401 25
061403 19
061404 10
062342 1
062343 13
062344 25
062345 16
062346 13
062360 16
062380 28
062411 1
062452 22
062460 19
062470 16
063703 16
063813 10
064207 19
064231 10
064251 13
064281 4
064291 10
064301 13
064303 22
064410 10
064412 28
064417 10
064418 13
064424 27
064474 28
065210 10
065212 32
065310 12
065320 4
065332 16
065421 22
065434 10
065435 16
065436 19
065437 16
065797 10
065799 10
066221 10
066323 12
066410 1
066414 16
066425 4
066755 16
067202 10
067303 1
067311 10
067372 28
067373 16
067432 10
070301 22
070303 19
070304 25
070305 10
070308 28
070400 10
070401 10
070403 13
070404 16
070410 19
070411 28
070415 22
070416 28
070720 22
070721 28
070726 16
070727 16
070731 10
070792 10
071412 10
071413 28
071414 28
071420 16
071422 19
071423 4
071425 10
071712 28
071811 16
074100 21
074101 29
074414 28
076314 16
076414 31
076425 16
076427 28
076428 10
076429 22
076444 1
076466 4
078444 6
078454 28
079444 9
088708 10
091800 10
099101 16
099102 16
100102 28
100103 16
100104 15
100105 16
100109 19
100110 32
100111 22
100112 25
100206 28
100207 1
100208 24
100209 10
100210 28
100211 12
100212 0
100213 22
100218 25
100219 19
100220 16
100225 3
100226 16
100281 22
100306 0
100307 32
100308 22
100309 13
100310 19
100501 0
101100 18
101105 28
101201 22
101211 10
101400 22
101405 1
103112 22
103191 10
103271 17
104200 28
104201 10
104300 25
104301 13
104340 10
104410 28
104424 10
104495 13
105304 10
109100 23
109115 18
112101 22
112102 10
112103 28
112108 22
112201 16
112203 10
112213 28
112300 1
112411 28
112412 10
115200 10
115301 16
115302 13
116400 10
126101 22
126216 0
126321 1
126330 32
126333 10
126334 10
126428 19
126432 28
126443 22
127100 13
127101 10
127203 22
127204 16
127207 10
127303 19
127312 27
127314 0
127315 10
127316 28
127329 1
127337 9
127711 22
127717 28
127718 16
127719 10
128100 18
128101 19
128202 25
128203 21
128204 19
128307 19
128309 0
128334 22
128352 13
128354 16
128403 28
128701 22
128710 28
128730 16
128740 10
128762 10
140101 25
140102 10
140105 13
152321 10
154104 13
154141 28
154151 31
154231 21
154262 28
154281 24
154311 28
154330 32
154340 10
154351 22
154353 25
154363 10
154375 1
154377 25
154388 10
154433 10
154443 22
154488 28
159100 22
159101 25
159151 28
159203 21
159221 16
159302 25
159303 16
159305 28
159332 10
159356 16
159362 13
159403 10
159411 22
159412 16
159431 4
160341 31
164200 1
164341 3
168101 16
168410 25
176100 12
176101 13
176104 16
176220 10
177103 5
177214 19
177215 0
177216 25
177217 7
177242 28
177281 31
177283 4
177285 22
177321 10
177330 31
177336 13
177341 25
177361 16
177393 1
177404 0
177414 10
177427 16
177430 22
177434 10
177446 28
177447 10
177450 18
177465 31
177467 25
177481 22
177494 16
179403 22
201100 20
201110 8
201114 17
201115 6
201116 8
202100 15
202101 16
202141 15
202143 15
202145 19
202184 6
202231 1
202260 31
202310 10
202311 0
202332 28
202334 25
202342 16
202361 10
202371 22
202410 19
202434 4
202438 10
202443 16
202473 25
202474 13
202477 10
202495 22
202737 16
202765 16
202773 28
202776 10
202783 28
202833 10
202844 28
202848 10
203100 21
203103 12
203111 10
203116 19
203151 31
203162 15
203201 0
203203 16
203204 31
203206 10
203207 25
203208 24
203209 24
203222 16
203226 2
203231 19
203235 1
203236 3
203255 28
203300 10
203303 0
203315 28
203323 32
203324 16
203331 25
203332 21
203333 10
203351 25
203352 31
203475 13
203705 16
203709 22
203713 22
203714 28
203716 16
203723 28
203732 16
203736 22
203739 28
203743 28
203753 10
203803 25
203807 28
203821 22
203828 16
203879 10
204100 31
204101 0
204111 22
204202 19
204211 19
204216 19
204217 10
204231 10
204321 13
204325 4
204335 28
204341 0
204361 10
204363 10
204365 4
204381 10
204383 31
204432 22
204442 16
204451 25
204453 22
204471 19
204721 28
204725 10
204735 16
204764 10
204891 10
205100 11
205103 13
205104 31
205105 0
205235 16
205239 0
205275 0
205303 25
205337 28
205355 0
205393 10
205441 16
205461 10
205765 22
205805 10
206100 26
206101 12
206103 28
206107 25
206108 19
206111 28
206113 31
206161 10
206171 25
206181 21
206191 25
206203 0
206207 18
206211 24
206216 13
206217 31
206254 19
206261 22
206267 1
206281 1
206300 31
206321 18
206324 19
206325 21
206327 10
206328 28
206331 28
206335 22
206336 19
206341 16
206355 25
206362 32
206370 22
206381 3
206412 16
206432 28
206436 10
206437 28
206441 4
206457 28
206470 10
206705 16
206707 28
206713 10
206717 16
206720 16
206726 28
206738 16
206739 10
206743 16
206753 16
206785 10
207100 16
207103 16
207105 19
207106 22
207107 31
207109 23
207110 24
207115 4
207117 31
207123 21
207131 25
207135 16
207171 16
207173 31
207183 13
207187 21
207203 25
207205 19
207208 28
207213 10
207308 32
207310 3
207313 16
207323 31
207348 25
207401 19
207403 10
207406 0
207419 10
207422 28
207455 22
207458 10
207463 10
207701 22
207703 28
207705 16
207711 10
207808 10
208101 27
208140 22
208150 13
208263 32
208270 19
208271 0
208280 31
208321 25
208329 25
208343 22
208348 13
208383 25
208425 16
208439 16
208440 10
208469 10
208711 22
208760 28
208761 16
208770 10
208871 16
208872 10
209201 21
209251 18
209301 13
209302 10
209303 0
209331 16
209351 31
209358 22
209361 19
209368 16
209375 19
209451 22
209453 28
209461 16
209463 10
209483 16
209485 10
209705 19
209707 22
209771 28
209773 25
209779 10
209785 16
210201 31
210202 25
210204 22
210343 10
210351 22
210383 28
210425 10
210433 16
210434 4
210445 10
210485 10
210703 22
210704 28
210705 16
210707 10
210731 22
211100 26
211311 0
211315 23
211319 25
211440 10
211443 10
211702 10
211889 16
212701 22
212703 16
212711 10
212741 28
213706 10
213707 16
213711 10
213714 28
214100 10
214261 21
214312 32
214341 10
214381 16
214401 16
214411 16
214414 28
214415 13
214430 19
214445 10
215205 31
215206 0
215207 31
215208 22
215302 10
215381 19
215411 32
215431 0
215734 28
215744 19
215752 10
215762 28
215782 28
215785 16
216781 28
217701 28
217703 16
217707 10
217726 16
217775 10
217781 10
218100 32
218101 25
218233 16
218235 22
218321 32
218323 19
218351 10
218471 25
218474 16
218475 10
219720 10
219731 28
220703 10
226701 10
226702 10
226709 10
226710 16
229123 16
229323 31
251211 28
251213 10
251216 28
251261 1
251281 16
251312 25
251313 19
251333 22
251361 0
251363 13
251371 18
251372 28
251374 10
251384 16
251411 10
251437 16
251438 16
251439 13
251461 28
251475 16
251479 10
251701 25
251702 22
251703 10
251711 25
251714 22
251715 28
251717 16
251718 25
251745 28
251751 22
251752 28
251757 16
251758 25
251776 25
251783 22
251785 28
251790 10
252201 28
252211 32
252232 25
252282 30
252283 29
252285 1
252286 3
252301 16
252302 13
252317 0
252320 19
252322 10
252325 32
252327 19
252330 1
252342 31
252363 25
252420 22
252421 16
252425 10
252427 25
252439 22
252444 3
252450 25
252460 13
252498 28
252702 28
252708 28
252711 16
252719 22
252724 16
252725 28
252752 25
252785 22
252789 22
252791 10
253303 28
253314 31
253315 25
253432 25
253455 19
253456 10
253481 16
253701 28
253717 16
253722 10
253732 22
253734 16
253736 25
253747 28
253748 25
253752 10
253754 22
254181 16
254205 27
254206 25
254211 21
254215 10
254216 16
254222 21
254231 18
254232 28
254252 15
254282 21
254302 19
254325 31
254333 0
254372 12
254373 10
254421 19
254426 3
254436 13
254439 25
254441 1
254451 22
254456 28
254457 16
254459 22
254461 4
254471 10
254473 28
254494 19
254496 28
254700 28
254702 25
254703 10
254710 16
254734 10
254770 25
254804 22
254872 16
254875 22
255201 13
255215 25
255251 16
255290 18
255300 28
255320 32
255321 25
255330 0
255359 19
255415 28
255417 19
255420 16
255422 19
255424 28
255431 10
255432 16
255434 1
255438 28
255449 4
255454 16
255455 16
255460 28
255462 10
255471 25
255492 16
255722 22
255734 10
255750 25
255752 28
255758 10
255764 25
255766 28
255770 16
255771 16
255772-001 28
255772-801 16
255772-803 22
255772-804 28
256100 30
256212 16
256271 28
256281 19
256316 25
256333 16
256373 10
256384 22
256412 13
256418 19
256441 28
256457 25
256462 10
256473 16
256700 16
256751 10
259103 30
259104 25
259106 28
259107 24
259108 7
259109 6
259201 20
259203 10
260312 16
260701 19
260705 16
260709 10
260716 25
260718 28
260772 22
261103 16
261111 27
261200 19
261210 25
261212 28
261216 13
261217 1
261304 12
261305 4
261335 0
261336 24
261342 16
261343 21
261361 16
261405 19
261434 25
261447 28
261456 25
261457 10
261458 28
261469 28
261473 16
261497 22
261701 28
261702 16
261706 10
261739 10
261746 16
261754 22
261769 16
261781 22
261791 10
261792 16
263701 28
263702 16
263720 22
263760 10
263771 22
264701 25
264706 22
264710 16
264741 28
264789 16
264791 10
266702 10
268721 10
269101 16
269102 22
269111 13
269200 10
269201 31
269202 22
269340 28
269430 28
269462 22
269470 13
269494 19
270701 16
270702 10
270711 28
270712 16
270791 28
301254 1
305202 28
311352 7
318322 1
318351 28
320351 10
321251 10
324703 10
328310 31
328313 19
330110 15
330111 25
351100 31
351200 16
351201 1
351202 16
351301 22
351302 13
351321 0
351331 10
351410 28
351425 25
351441 19
351442 22
351451 16
351463 28
351466 10
352103 12
352301 31
352311 28
352321 21
352323 25
352421 28
352422 22
352431 13
353301 16
353311 22
353421 16
353431 31
353451 28
353452 28
354311 0
356100 3
356101 11
356102 8
356202 19
356210 22
356212 28
356261 31
356303 0
356304 22
356312 16
356361 28
356411 19
356416 16
356432 28
356477 19
357110 3
357210 28
357322 16
357325 22
357360 25
357417 22
357441 13
357491 19
359202 14
359203 4
359204 25
359206 22
359301 22
359311 1
359380 10
359405 28
359409 10
359410 32
359413 16
359421 19
359465 28
360100 30
360210 28
360301 25
360304 19
360402 10
360403 10
360423 28
360460 13
361210 18
361211 28
361301 19
361321 16
361351 25
361453 16
361471 10
362211 32
363210 18
365201 16
365211 25
365321 19
365421 28
365427 10
365428 22
365431 10
368200 16
368317 10
368431 16
400110 27
400211 12
401382 22
403382 16
406385 19
406395 25
409281 31
409292 4
411281 13
411291 19
415291 25
420281 22
421281 28
421291 16
421385 31
421395 1
423382 4
428382 13
461100 19
461170 14
461471 28
461511 22
461523 16
461526 10
461527 16
461529 10
462130 18
462151 19
462505 22
462523 28
462541 25
462586 10
462587 25
462588 28
463251 0
463311 1
463331 19
463341 24
463353 16
463402 25
463433 19
463455 16
463491 1
463503 13
463504 28
463545 16
463556 0
463558 19
464301 31
464311 22
464341 13
464401 13
464413 22
464441 31
464443 1
464444 28
464445 28
464501 13
464502 22
464503 31
464508 10
464509 10
464510 10
464541 1
464542 22
464546 10
464549 16
501301 10
501302 19
502211 19
504302 28
506303 25
506361 13
508203 24
508303 16
510201 32
510202 1
510411 28
510414 16
510415 25
510417 22
512303 22
513111 32
513114 16
513223 13
513224 31
513283 1
513315 1
513324 25
513328 16
513363 22
513371 28
513412 25
513429 22
513445 28
513451 16
513471 10
514211 19
514241 28
514317 25
514323 19
514335 1
514341 10
514343 22
514381 16
514383 31
514395 28
514397 13
514466 10
515201 0
515250 28
515307 22
515312 12
515334 25
515361 28
515364 19
515376 31
515403 28
515455 16
515490 10
551311 13
552216 0
552217 22
552222 22
553312 28
554314 16
555313 1
556311 22
558431 10
561312 10
562211 1
571115 19
601201 31
601302 25
601321 16
601341 28
601344 25
601351 22
601422 12
601452 10
601456 10
601462 28
601702 22
601731 28
601742 10
601758 10
601765 22
601767 16
602100 3
602102 9
602103 19
602111 25
602211 25
602315 16
602321 0
602322 13
602431 28
602432 10
602441 16
602464 28
602731 10
602753 16
602761 16
603211 13
603322 25
603332 16
603352 28
603371 13
603421 22
603441 10
603711 28
603723 16
603731 10
604304 1
604305 10
604312 13
604313 1
604351 28
604352 15
604412 19
604414 28
604416 16
604422 10
604451 22
604715 16
605201 13
605204 0
605301 31
605313 4
605314 22
605321 12
605322 19
605341 10
605412 25
605432 22
605444 28
605445 16
605461 10
605701 16
605702 10
605717 10
605741 28
605745 16
605751 16
606231 19
606242 25
606244 13
606263 10
606343 13
606362 19
606363 10
610114 6
651105 16
651109 25
651120 19
651210 22
651311 19
651312 28
651315 25
651316 22
701101 7
701181 12
701182 22
701183 1
701201 31
701211 0
701281 25
701295 10
701313 12
701321 32
701331 19
701341 13
701342 10
701344 16
701407 25
701425 16
701455 22
701494 10
702100 3
702101 27
702205 10
702211 27
702213 7
702312 28
702316 22
702317 24
702318 25
702341 28
702351 13
702411 28
702416 16
702431 10
703103 16
703202 21
703243 21
703244 1
703305 19
703308 32
703309 25
703310 16
703311 0
703322 19
703323 10
703324 19
703330 15
703331 21
703391 1
703404 19
703412 10
703447 28
703454 22
703498 16
705191 16
705211 16
705311 30
705328 18
705329 13
705331 1
705342 16
705351 10
705437 25
705438 32
705440 10
705441 10
705442 7
705444 12
705446 3
705447 28
705461 22
705493 28
751100 22
751101 32
751102 7
751106 22
751202 21
751209 32
751301 28
751302 1
751303 28
751305 12
751308 15
751309 25
751321 31
751326 10
751327 28
751330 1
751345 19
751401 22
751403 10
751405 16
751408 13
751417 16
751419 31
751425 10
751428 25
751441 10
751443 10
751447 10
751451 19
751701 16
751702 10
751703 28
751704 22
751705 22
751706 16
751708 10
751710 22
751712 25
751716 28
751718 13
751726 28
751734 28
751742 19
751743 25
801100 11
801201 25
801225 19
801235 1
801324 13
801331 21
801333 16
801334 10
801336 28
801421 0
801471 32
801481 22
803121 22
803123 10
803231 10
803331 16
851100 17
851104 3
851105 19
851108 31
851200 22
851201 10
851202 24
851204 22
851205 18
851243 19
851251 31
851262 25
851273 1
851305 15
851309 19
851313 25
851343 15
851344 32
851345 10
851360 28
851362 28
851367 25
851372 10
851375 0
851400 9
851404 4
851406 13
851407 28
851462 1
852101 13
852102 10
852103 22
951100 29
951102 21
951106 15
951125 19
951203 1
951302 19
951323 22
951331 28
951344 16
951348 0
951352 10
951497-020 16
951497-021 25
953103 13
953111 8
953211 10
953212 28
953233 16
953261 10
953321 0
953322 22
953331 10
953361 19
953421 10
953494 25
954100 15
954140 10
954143 16
954170 21
954246 1
954326 10
954370 24
954374 21
954410 10
954413 32
954416 19
954426 13
954443 19
954449 16
954462 28
954471 31
954477 1
954491 0
954498 10
955102 31
955103 19
955104 25
958111 28
