001101 1
001102 1
001112 28
001118 25
001201 1
001202 25
001210 5
001222 0
001223 7
001224 8
001225 4
001226 27
001227 17
001228 1
001229 19
001230 17
001231 31
001234 31
001250 27
001291 10
001292 13
001310 16
001311 29
001312 6
001314 13
001320 25
001321 22
001323 12
001330 19
001341 13
001342 27
001352 28
001355 18
001361 7
001362 28
001410 13
001423 4
001440 10
001445 21
001447 3
001471 22
001472 25
002102 25
002111 10
002191 21
002192 25
002202 19
002230 4
002260 16
002302 25
002311 27
002321 19
002331 10
002362 21
002402 25
002441 32
002471 22
002472 19
003101 25
003102 19
003191 15
003202 22
003332 10
003414 13
003421 22
003436 19
003454 25
004282 0
004465 21
004470 4
004472 25
004474 4
004476 13
006103 15
006126 31
006226 13
006241 25
006253 22
006307 32
006326 13
006330 28
006349 31
006443 27
006448 19
006454 18
006475 22
008214 25
008314 22
008326 25
008402 19
008411 25
009103 21
009213 13
009234 25
009236 0
009254 16
009301 13
009344 19
009355 22
009356 27
009358 4
009363 10
009446 25
011100 3
011101 18
011151 16
011154 13
011156 6
011157 19
011251 15
011268 13
011269 21
011276 26
011277 19
011278 16
011355 12
011367 13
011457 4
011479 10
012173 31
012174 22
012200 12
012374 13
012475 16
013103 15
013110 13
013203 32
013204 13
013207 25
013208 10
013209 0
013216 9
013217 30
013301 19
013303 3
013306 27
013321 30
013335 32
013337 4
013410 19
013413 22
013428 10
013431 25
013432 10
013433 31
014211 25
014270 13
014310 22
014311 25
014323 32
014370 10
014371 4
014383 25
014401 27
014422 22
014423 27
014471 4
014481 21
014483 10
015101 27
015102 19
016101 10
016102 13
017101 10
017102 19
017111 19
017231 28
018104 31
018112 22
018114 9
018126 19
018204 13
018271 3
018323 25
018352 19
018372 10
018467 25
018471 10
019101 18
019104 25
019105 13
019106 10
019112 19
019204 21
019205 4
019206 22
019212 25
019222 28
019332 4
019351 13
019362 10
019371 32
019373 10
019441 22
020101 6
020102 10
020212 13
020231 19
020232 16
020261 4
021101 22
021102 28
021203 25
021204 28
021270 13
024752 25
025110 13
025310 13
025481 10
026101 29
026102 19
026111 12
026112 30
026201 21
029732 13
030101 18
050100 23
050103 32
050104 30
050106 26
050112 10
050113 32
051302 18
051304 19
051306 28
051310 31
051313 25
051418 32
052203 13
052310 10
052314 28
052323 16
052331 4
052350 7
052351 25
052353 19
052355 21
052400 32
052417 31
052419 13
052422 13
052442 21
052447 19
052448 4
052449 25
053713 25
054821 25
055702 7
055734 10
055739 13
055757 25
057121 26
057122 14
057123 4
057125 21
057126 5
057127 11
057128 26
057129 22
057130 20
057131 6
057132 15
057133 19
057134 13
057135 9
057136 23
057137 31
057138 22
057139 32
057213 4
057283 31
057286 19
057287 4
057290 25
057295 28
057297 16
057298 13
057301 13
057302 9
057305 31
057316 19
057366 16
057401 19
057404 13
057407 25
057411 22
057413 28
057419 22
057427 4
057428 0
059405 32
059419 7
061103 7
061106 31
061201 13
061223 18
061224 22
061306 4
061307 25
061312 10
061313 28
061403 12
061405 19
062200 19
062210 25
062320 25
062343 13
062499 10
063201 32
064204 28
064231 13
064331 22
064411 10
064412 10
064421 19
064422 13
064423 28
064424 28
064430 21
064474 4
065120 18
065121 31
065211 13
065212 19
065311 25
065320 4
065333 19
065420 13
065435 10
065436 19
065437 25
065438 22
065797 25
066222 10
066324 25
066412 4
066414 19
067201 13
067203 19
067311 28
067371 16
067433 19
067435 19
067436 28
067491 4
070200 3
070201 13
070301 19
070303 19
070305 19
070401 13
070411 25
070413 6
070414 16
070416 25
070792 25
071411 7
071412 25
071414 22
071415 31
071416 11
071418 13
071419 13
071420 13
071423 10
071426 25
073721 25
074100 30
074101 27
074414 25
076425 19
076426 25
076427 22
076430 10
076444 31
076466 7
078444 2
078454 25
079220 13
099101 3
099102 22
099103 13
100104 10
100109 25
100110 8
100111 10
100112 22
100207 0
100220 4
100222 4
100228 25
100229 10
100230 13
100231 0
100233 19
100307 22
100308 18
100309 10
100310 22
100311 32
100312 9
100313 12
100314 5
100501 9
101201 13
101202 9
101205 3
101325 7
101405 16
101490 25
103271 9
104100 25
104302 19
104310 28
104320 16
104327 19
104334 7
104340 25
104435 13
104471 10
104490 13
109100 14
109114 32
112101 13
112105 4
112106 25
112109 16
112202 7
112205 13
112303 22
112321 10
112322 25
112406 13
112424 25
115301 22
115401 7
116301 22
116302 31
126101 9
126102 0
126212 25
126213 31
126214 7
126324 6
126326 13
126328 19
126330 4
126332 6
126400 28
126431 9
126436 31
126442 25
127100 24
127101 12
127202 25
127205 0
127313 3
127329 31
127330 7
127332 4
127333 22
127359 28
127411 13
127415 10
127416 21
127424 25
127433 25
127492 28
127493 4
127716 10
127720 13
127721 7
127727 25
128100 12
128101 30
128201 13
128304 6
128305 0
128306 21
128308 4
128310 10
128401 25
128423 7
128425 28
128427 10
128434 19
128443 18
128445 31
128451 22
128471 21
128481 31
128484 10
128700 13
128714 10
128727 25
128734 7
140101 10
140102 22
140103 21
140104 4
140105 0
152211 13
152301 25
152321 16
152331 25
154100 25
154104 12
154141 12
154152 19
154153 27
154173 7
154181 16
154251 16
154262 10
154276 7
154281 27
154301 13
154330 25
154431 10
154479 25
154492 25
159100 32
159101 15
159102 25
159151 22
159202 16
159204 25
159331 4
159351 13
159411 28
159434 10
160342 19
164261 7
164341 13
168100 19
168101 32
168410 13
176100 5
176101 16
176104 31
177103 7
177104 16
177113 31
177114 26
177141 25
177142 18
177181 13
177220 7
177222 0
177227 32
177228 19
177229 3
177300 10
177321 19
177332 12
177335 13
177336 25
177341 16
177361 4
177413 18
177420 21
177425 32
177429 21
177430 30
177431 22
177433 31
177441 10
177447 3
177460 15
177464 22
177465 25
177466 13
177470 18
177483 7
177491 22
177494 9
177495 25
179404 10
179406 25
179443 28
201100 31
201110 10
201114 28
201116 2
201117 4
201190 4
202100 24
202101 9
202102 32
202147 3
202231 3
202302 13
202303 19
202305 16
202311 3
202356 10
202362 13
202371 27
202405 12
202421 25
202432 13
202446 22
202461 25
202471 22
202475 10
202476 25
202484 25
202731 19
202744 25
202749 25
202802 25
202833 10
202843 19
203100 27
203104 15
203108 10
203111 15
203113 15
203114 17
203131 12
203132 19
203151 16
203152 16
203154 25
203158 7
203159 4
203162 26
203202 25
203204 22
203206 6
203208 12
203209 27
203211 7
203222 21
203223 28
203226 0
203232 10
203236 16
203250 31
203287 16
203300 21
203304 0
203316 15
203351 13
203352 22
203404 25
203413 25
203424 10
203425 3
203435 13
203459 19
203474 19
203708 13
203715 10
203719 19
203721 10
203725 10
203734 10
203735 25
203754 25
203775 13
203812 25
203825 13
203829 25
203879 25
204100 7
204101 28
204113 3
204123 22
204202 22
204217 10
204232 28
204251 0
204306 10
204315 10
204320 19
204333 25
204355 19
204362 28
204382 25
204422 4
204423 18
204424 22
204425 22
204443 30
204456 3
204482 22
204483 25
204490 27
204725 25
204735 19
204792 10
205100 0
205103 22
205105 27
205216 28
205232 7
205244 22
205252 0
205282 32
205324 13
205344 22
205358 19
205382 10
205421 19
205441 25
205473 13
205476 22
205731 10
205742 13
205764 10
205789 13
205796 25
206100 28
206103 32
206104 7
206108 13
206111 21
206112 19
206161 22
206162 22
206171 6
206172 6
206181 10
206182 7
206191 25
206203 28
206216 25
206217 32
206253 25
206255 25
206261 0
206266 10
206267 19
206281 16
206311 32
206313 13
206321 28
206324 3
206327 10
206331 21
206336 22
206341 30
206342 10
206362 25
206364 25
206367 0
206368 9
206370 27
206428 7
206435 22
206437 3
206457 31
206476 31
206481 16
206703 10
206714 10
206724 10
206734 25
206736 13
206737 13
206774 25
207104 32
207105 3
207106 19
207108 25
207109 20
207110 13
207116 16
207117 9
207118 19
207125 19
207162 4
207172 22
207181 16
207187 13
207188 3
207191 21
207195 31
207214 7
207302 30
207305 16
207306 22
207312 25
207321 13
207402 19
207408 10
207415 12
207442 22
207448 3
207481 25
207704 10
207706 13
207708 25
207712 25
207766 25
208101 11
208140 25
208141 7
208250 13
208263 25
208264 16
208272 32
208322 0
208345 13
208346 13
208353 32
208362 9
208373 10
208423 13
208444 27
208446 28
208460 31
208738 13
208772 25
208873 25
209203 3
209204 25
209252 31
209253 28
209262 25
209263 13
209270 10
209271 22
209272 9
209322 3
209332 3
209341 25
209352 25
209370 19
209376 22
209382 31
209424 25
209452 30
209454 19
209456 31
209466 28
209486 28
209712 10
209714 13
209716 13
209772 25
209787 10
210100 12
210200 10
210207 32
210221 31
210251 22
210276 28
210315 13
210331 19
210355 3
210432 10
210435 13
210463 32
210497 25
210702 25
210717 13
210741 13
210743 10
210744 13
210748 13
211100 24
211303 18
211312 31
211315 25
211318 10
211319 6
211341 3
211342 22
211444 25
211445 13
211446 21
211448 25
211449 7
211709 13
211843 25
212712 10
212721 25
212731 19
213706 10
213707 19
213708 25
213717 25
214301 22
214310 16
214340 30
214341 18
214352 13
214403 13
214412 25
214431 31
214491 19
215205 9
215206 7
215207 19
215208 13
215303 10
215311 22
215312 28
215313 25
215314 19
215401 22
215462 10
215482 31
215495 25
215497 13
215711 25
215742 25
217705 13
217708 25
217773 10
218100 10
218234 19
218236 25
218244 12
218262 10
218352 19
218362 10
218372 13
218382 25
218474 22
218481 25
218496 19
219741 25
219753 19
219766 10
219789 25
225702 7
225704 10
225706 13
225707 25
226703 25
226704 25
226711 10
226805 25
229223 16
229351 13
251100 10
251211 21
251213 21
251216 32
251242 13
251261 15
251292 13
251312 27
251313 31
251333 9
251334 22
251342 19
251361 10
251363 28
251371 25
251372 22
251374 10
251399 25
251411 27
251417 19
251434 4
251436 28
251451 31
251455 13
251456 21
251457 27
251461 13
251476 25
251477 12
251704 22
251707 25
251713 25
251716 10
251723 22
251724 19
251746 19
251748 10
251754 7
251760 10
251763 13
251765 25
251776 22
251781 19
251784 10
252210 15
252212 25
252222 32
252235 10
252281 13
252282 3
252283 30
252285 15
252311 0
252320 7
252328 22
252331 13
252353 25
252401 10
252402 22
252403 13
252404 12
252413 28
252420 13
252421 12
252422 27
252423 19
252427 21
252428 9
252429 24
252435 31
252440 19
252442 13
252443 30
252448 21
252450 9
252456 3
252459 32
252460 18
252479 28
252489 25
252706 10
252707 7
252727 25
252785 7
252789 10
252792 13
253215 6
253318 31
253321 22
253332 32
253416 25
253417 22
253423 25
253433 13
253441 3
253443 19
253451 31
253452 19
253454 10
253716 10
253721 25
253725 7
253734 22
253735 7
253747 10
253749 19
253752 7
253754 13
253791 13
254182 25
254200 32
254205 16
254206 27
254207 25
254211 25
254215 9
254216 3
254222 19
254231 22
254232 10
254271 13
254282 10
254302 22
254325 10
254334 27
254352 16
254362 29
254371 24
254373 12
254400 10
254411 3
254412 25
254415 19
254421 6
254422 4
254423 9
254424 25
254435 13
254441 19
254443 25
254445 4
254451 28
254452 31
254453 31
254454 10
254466 10
254476 22
254477 32
254478 3
254495 10
254701 25
254702 25
254721 25
254733 7
254737 25
254791 7
254816 13
254817 10
254857 10
255201 32
255210 12
255230 16
255300 10
255301 18
255316 31
255323 10
255328 9
255337 3
255340 15
255393 19
255422 25
255425 18
255429 27
255430 12
255431 25
255432 19
255433 32
255440 13
255442 31
255444 21
255445 4
255447 24
255451 3
255455 24
255462 12
255463 32
255471 21
255492 22
255497 16
255499 28
255714 25
255735 10
255750 25
255751 13
255769 22
255772 22
255783 19
256100 18
256271 25
256317 19
256318 30
256334 12
256418 25
256419 10
256441 19
256444 4
256456 13
256473 22
256474 25
256791 25
259103 12
259104 6
259106 5
259107 29
259108 30
259193 27
259195 18
259200 13
259201 8
259203 32
259401 10
260313 19
260334 22
260416 10
260421 13
260432 31
260702 10
261102 10
261111 10
261112 24
261113 4
261205 10
261207 30
261208 9
261214 16
261215 32
261218 7
261305 25
261306 0
261332 25
261342 25
261343 10
261361 18
261421 13
261430 12
261433 28
261438 10
261444 21
261446 19
261447 25
261448 10
261449 3
261453 13
261465 19
261473 32
261479 10
261494 13
261497-002 19
261497-008 13
261497-802 25
261497-808 19
261499 31
261736 19
261738 22
261745 25
261751 22
261752 19
261755 10
261763 10
261781 22
261795 10
261891 22
263710 22
263721 25
263724 7
263745 10
263751 13
264702 22
264705 19
264709 10
264755 25
265706 22
265709 19
265710 10
266801 25
268732 25
268735 19
268741 10
269103 13
269105 25
269111 0
269130 7
269210 19
269341 10
269360 4
269370 31
269452 28
269498 13
270712 10
270721 19
305203 22
318322 31
329105 25
329106 0
330115 7
351100 27
351201 22
351302 4
351321 22
351364 31
351371 19
351425 18
351426 32
351464 22
352103 18
352311 28
352313 28
352314 16
352401 0
352412 4
352421 25
352422 22
352433 25
352441 13
353313 10
353418 32
353431 13
353441 25
353471 25
353482 22
354311 16
354312 19
355411 31
356100 10
356101 20
356102 14
356210 25
356261 10
356333 22
356361 13
356373 25
356374 19
356411 0
356414 4
356415 4
356416 7
356431 25
356432 32
356441 22
356442 28
356443 25
356444 13
356446 19
356447 25
356449 28
356451 10
356455 13
356471 13
356472 13
356474 22
356496 10
357101 23
357110 28
357210 31
357322 7
357323 25
357418 28
357421 22
357432 25
357441 25
357444 4
357446 19
359202 17
359205 10
359206 19
359302 10
359303 25
359305 7
359341 28
359350 25
359360 10
359380 13
359401 0
359403 25
359408 19
359422 3
359423 25
359452 21
359460 19
359461 22
359465 4
360100 29
360301 25
360304 13
360441 27
361210 32
361211 7
361214 13
361341 16
361413 22
361414 10
361421 25
361433 19
361442 25
361452 28
361461 13
361475 13
363210 25
363401 10
363402 13
365201 25
365211 13
365322 25
365324 19
365422 7
365425 25
365426 10
368211 13
368310 28
368412 16
368417 13
400110 11
400210 19
401281 31
401383 3
401391 7
403281 4
403383 25
406284 28
406294 19
406386 28
406396 19
408382 27
410381 21
413383 32
413391 9
415393 22
420282 22
421282 7
421292 10
421386 31
421396 4
422381 18
428281 13
428282 25
428381 10
428383 13
461170 22
461471 27
461472 19
461511 18
461523 25
461526 19
461527 31
461532 19
462130 24
462544 25
462587 22
462588 28
463201 25
463252 10
463331 10
463332 21
463342 25
463354 4
463433 3
463512 13
463513 3
463543 22
463544 19
463557 3
463559 25
463571 18
463592 4
464302 13
464312 19
464402 10
464403 28
464414 7
464442 13
464443 19
464445 22
464446 25
464500 22
464502 13
464504 25
464505 10
464506 19
464508 22
464545 31
464549 22
501201 4
501202 13
501305 4
501306 13
502313 25
502314 28
504202 22
504305 19
506202 10
508304 10
510306 22
512304 31
513113 4
513115 10
513212 22
513216 25
513217 10
513225 0
513284 13
513331 22
513343 13
513364 7
513373 25
513390 10
513411 13
513446 25
514202 4
514206 32
514222 19
514244 10
514272 13
514322 31
514336 19
514352 25
514358 28
514382 13
514384 4
514396 22
514398 10
514436 10
514462 25
514742 10
514752 13
515204 19
515205 25
515256 13
515257 22
515330 22
515337 28
515339 10
515362 25
515377 13
515378 19
515380 4
518724 25
518770 13
551461 22
552216 19
552217 10
552232 10
557433 19
558101 19
558411 10
558432 25
562101 13
562211 25
601201 0
601202 13
601231 4
601242 31
601342 19
601346 10
601351 19
601361 0
601423 28
601424 13
601431 25
601436 13
601452 22
601471 21
601472 9
601724 25
601731 10
601745 13
601769 10
601775 25
602100 5
602102 3
602103 2
602120 22
602121 19
602122 25
602301 19
602314 32
602421 7
602453 19
602454 25
602455 3
602461 13
602472 31
602741 25
602751 25
603200 10
603231 7
603321 31
603341 4
603396 25
603423 10
603496 13
603743 10
604101 25
604211 22
604311 16
604314 25
604315 0
604411 27
604415 9
604423 4
604431 32
604443 19
604454 13
605203 31
605302 6
605313 16
605315 4
605316 19
605321 22
605331 4
605340 31
605412 25
605413 19
605430 0
605476 25
605701 25
605711 22
605719 10
605742 25
606211 0
606243 25
606245 13
606264 4
606310 10
606341 22
606342 7
606344 10
606451 13
606452 25
610114 22
651210 10
651211 25
651212 13
651234 19
651306 0
651313 28
651314 13
651317 22
651319 10
651416 19
651425 25
701100 20
701181 8
701202 19
701235 25
701244 16
701283 15
701335 10
701408 13
701423 25
701496 25
702100 24
702101 2
702211 8
702312 20
702313 22
702317 19
702321 13
702331 32
702342 25
702354 32
702418 10
702443 9
702499 25
703103 32
703109 13
703202 15
703204 19
703243 6
703244 3
703309 31
703322 22
703324 0
703330 13
703331 13
703345 4
703351 12
703361 10
703413 19
703441 25
703499 32
705191 18
705211 19
705311 31
705328 9
705331 28
705332 25
705343 13
705431 24
705438 16
705440 18
705441 25
705442 32
705444 12
705447 16
705448 21
705499 22
751100 31
751101 21
751102 19
751106 7
751202 13
751209 22
751301 0
751302 29
751303 21
751305 10
751308 3
751309 3
751320 28
751326 25
751327 19
751330 25
751401 4
751403 30
751405 13
751408 8
751417 31
751418 18
751421 20
751422 25
751428 19
751440 18
751443 26
751701 13
751702 25
751703 10
751705 28
751706 25
751708 13
751716 22
751718 22
751719 19
751728 7
751734 10
751752 13
801100 18
801122 10
801134 16
801204 22
801233 0
801236 10
801241 25
801322 19
801334 22
801371 25
803122 22
803124 10
803131 13
803230 4
803232 13
803260 19
851100 20
851103 30
851104 12
851105 32
851201 4
851202 31
851204 16
851207 4
851241 13
851252 22
851253 22
851261 25
851263 14
851273 16
851305 19
851309 6
851345 22
851363 10
851366 9
851400 25
851404 24
851406 13
851407 0
851441 12
851462 27
851467 10
852100 0
951100 30
951231 22
951324 13
951344 13
951366 13
951421 25
951498-004 25
951498-007 25
951498-011 25
951498-015 25
951498-020 10
951498-021 28
953102 13
953111 17
953201 10
953202 10
953211 25
953214 31
953231 22
953232 22
953234 19
953323 3
953422 22
953494 13
954100 10
954140 26
954142 16
954143 9
954170 32
954240 4
954326 28
954340 9
954371 13
954374 0
954423 28
954462 10
954464 16
954472 32
954491-001 10
954491-002 22
954491-003 28
954498 25
955102 13
955104 13
