001101 4
001102 1
001112 13
001118 15
001201 1
001202 28
001210 6
001222 24
001223 4
001224 4
001225 4
001226 4
001227 4
001228 0
001229 0
001230 19
001231 28
001234 25
001250 7
001291 13
001292 7
001310 0
001311 28
001312 22
001314 6
001315 9
001320 7
001321 7
001323 12
001330 10
001341 22
001342 6
001352 18
001355 20
001361 25
001362 13
001391 7
001410 7
001423 19
001440 7
001445 16
001446 4
001463 28
001471 22
001472 0
002102 18
002111 30
002191 10
002202 9
002230 25
002260 16
002302 10
002311 0
002321 19
002331 13
002362 16
002402 16
002441 25
002471 22
003102 7
003191 12
003202 28
003314 7
003331 22
003332 10
003361 16
003367 25
003454 28
004282 7
004465 12
004472 31
004474 10
004476 24
006103 0
006226 18
006241 28
006253 28
006307 10
006326 13
006330 15
006349 22
006353 16
006423 25
006432 13
006443 16
006448 25
006475 19
008214 7
008314 16
008326 16
008402 4
008411 28
009103 28
009213 28
009234 10
009236 25
009254 30
009325 13
009327 10
009344 25
009355 16
009356 19
009358 28
009363 31
009446 28
011100 6
011101 19
011154 22
011156 7
011157 12
011251 0
011257 0
011268 28
011269 28
011276 31
011277 28
011278 14
011355 0
011367 22
011457 15
011479 19
012173 7
012200 30
012271 9
012272 28
013103 31
013110 10
013203 16
013204 22
013207 6
013208 24
013209 12
013216 22
013217 6
013301 0
013303 7
013306 1
013321 22
013335 25
013337 10
013410 10
013413 16
013422 19
013428 16
013431 19
013432 25
014210 16
014211 13
014270 12
014310 16
014311 13
014323 22
014370 4
014383 4
014390 22
014401 12
014410 10
014422 22
014423 7
014471 10
014481 28
015101 17
015102 16
016101 13
016102 25
017101 22
017102 28
017111 16
017112 22
017231 22
018104 4
018111 25
018112 21
018114 1
018126 10
018204 28
018271 28
018323 16
018352 10
018372 19
018468 22
019101 28
019104 28
019105 9
019106 0
019112 22
019204 12
019205 7
019206 28
019212 16
019222 10
019332 22
019351 25
019362 19
019373 13
019441 16
020101 12
020102 0
020212 25
020231 12
020232 10
020261 22
021101 28
021102 0
021203 13
021204 28
021270 28
024752 25
025110 25
025381 22
025481 25
026101 9
026102 0
026111 7
026112 28
026201 13
026202 22
050100 13
050103 9
050104 12
050106 15
050112 27
050113 10
051302 7
051304 0
051306 19
051310 1
051313 7
051412 28
051418 22
052203 3
052310 16
052323 19
052331 16
052350 25
052351 13
052353 7
052355 4
052400 10
052417 4
052420 12
052422 31
052441 19
052442 0
052445 28
052448 16
052449 10
052725 28
054821 25
054822 25
055702 28
055703 25
055711 16
055739 16
057121 29
057122 20
057123 24
057125 7
057126 21
057127 19
057128 21
057129 26
057130 19
057131 7
057132 25
057133 27
057134 13
057135 22
057136 25
057137 12
057138 28
057139 31
057213 28
057283 25
057286 19
057287 22
057290 28
057295 10
057297 16
057298 25
057301 4
057302 28
057305 32
057307 28
057316 22
057366 31
057401 4
057404 16
057407 25
057413 7
057419 16
057425 16
057427 19
057428 10
057450 28
059405 3
059413 16
059419 24
061106 7
061201 22
061205 28
061223 7
061224 7
061306 18
061312 10
061313 22
061317 16
061319 4
061401 28
061403 16
061405 19
061430 22
062342 10
062346 25
062360 19
062380 10
062411 19
062452 25
062460 22
062470 16
062499 16
063201 19
064204 12
064231 28
064232 16
064252 13
064303 22
064411 7
064412 22
064413 3
064417 16
064422 16
064423 4
064424 15
064474 13
065120 19
065121 22
065211 15
065212 4
065311 10
065320 12
065333 22
065420 31
065436 25
065437 7
065438 28
065782 16
065795 28
065797 25
065799 25
066222 13
066324 16
066412 19
066416 4
066426 3
067201 19
067203 16
067303 25
067311 31
067371 4
067433 32
067435 16
067436 25
067491 16
070200 10
070304 16
070305 25
070400 22
070401 25
070403 28
070404 4
070410 13
070411 13
070413 12
070414 9
070415 7
070416 19
070727 28
070731 25
070741 25
071411 7
071412 25
071413 16
071414 28
071415 22
071416 10
071417 22
071419 16
071420 22
071426 4
071724 25
074100 12
074101 6
076414 10
076426 19
076427 12
076428 22
076429 16
076430 1
076444 10
076466 28
078444 12
079444 12
088708 25
099101 13
099102 25
099103 1
100102 22
100104 9
100109 28
100110 31
100111 32
100112 13
100205 28
100206 28
100207 28
100208 7
100210 31
100212 0
100213 22
100214 16
100218 28
100219 12
100220 9
100222 7
100225 7
100227 28
100281 19
100306 19
100307 0
100308 6
100309 27
100310 13
100501 22
101201 19
101202 0
101205 7
101325 27
101405 28
101490 10
103271 22
104100 22
104201 22
104302 25
104310 16
104320 0
104327 10
104334 22
104435 16
104450 28
104490 28
109100 32
109114 3
112101 28
112105 22
112106 19
112109 16
112202 25
112205 22
112303 28
112321 28
112322 28
112406 28
112424 25
115300 10
116301 7
116302 28
126101 13
126102 28
126212 13
126213 16
126214 4
126324 18
126325 25
126328 6
126330 27
126331 19
126332 7
126400 28
126431 24
126434 19
126436 16
126437 28
126438 13
126442 27
127100 22
127101 19
127202 7
127205 0
127206 10
127303 21
127313 30
127320 16
127330 25
127332 9
127333 27
127336 4
127359 15
127411 18
127412 28
127413 25
127414 22
127415 16
127416 9
127424 25
127433 19
127492 22
127716 16
127720 28
127721 19
127730 25
128100 30
128101 7
128201 16
128304 18
128305 27
128306 24
128308 30
128310 12
128353 22
128401 13
128423 10
128425 16
128427 10
128429 28
128434 22
128445 21
128451 28
128462 16
128471 22
128484 25
128700 16
128712 19
128727 28
128734 25
128751 19
140101 22
140102 28
140103 6
140104 25
140105 31
152211 22
152301 28
152321 22
152331 22
154100 7
154104 10
154141 9
154152 22
154153 22
154173 16
154181 19
154251 13
154276 0
154281 18
154301 25
154330 16
154431 7
154479 1
154482 19
154492 16
159100 18
159101 18
159102 28
159151 28
159202 18
159203 6
159204 25
159331 13
159411 31
159412 22
159434 1
159462 28
160342 28
164261 28
164341 22
168101 25
168410 16
176100 12
176101 20
176104 7
177104 32
177113 21
177114 13
177141 25
177142 16
177181 10
177220 25
177222 19
177227 19
177228 25
177229 22
177300 0
177321 13
177332 16
177335 10
177341 7
177361 9
177362 3
177413 22
177420 28
177425 1
177429 7
177430 1
177431 22
177433 13
177460 25
177464 25
177465 6
177466 28
177470 19
177471 4
177483 28
177491 31
177494 7
177495 19
179402 28
179403 22
179404 25
179406 25
179443 12
201100 23
201110 3
201114 16
201116 25
201117 0
201190 28
202100 6
202101 30
202102 32
202147 32
202231 28
202303 16
202305 13
202311 6
202331 28
202356 22
202371 28
202405 10
202432 19
202442 22
202461 16
202471 19
202475 16
202476 19
202484 28
202731 28
202736 28
202749 25
202770 16
202804 25
202807 25
202833 25
202843 28
203100 11
203104 9
203108 6
203111 9
203113 12
203114 20
203131 6
203132 3
203151 32
203152 27
203154 3
203158 22
203159 9
203162 3
203202 27
203203 22
203204 25
203206 9
203207 30
203208 6
203209 14
203211 24
203222 22
203223 25
203226 15
203232 16
203236 27
203250 1
203287 31
203300 28
203304 19
203316 25
203351 7
203352 30
203413 16
203424 22
203425 22
203435 25
203459 6
203708 28
203715 25
203719 16
203721 25
203734 16
203735 28
203749 16
203754 25
203775 28
203804 25
203812 28
203825 16
203829 28
204100 25
204101 31
204113 28
204123 13
204202 7
204217 25
204232 32
204251 24
204306 1
204315 25
204320 19
204333 7
204355 16
204362 27
204382 13
204422 22
204425 16
204441 10
204443 0
204452 28
204456 7
204482 25
204483 19
204490 31
205100 21
205103 16
205105 21
205216 22
205232 28
205244 9
205252 28
205282 25
205324 7
205344 10
205358 28
205361 22
205382 19
205421 25
205473 22
206100 18
206103 18
206104 31
206108 31
206111 18
206112 17
206161 24
206162 13
206171 24
206172 17
206181 28
206182 13
206191 7
206211 0
206216 28
206217 12
206253 13
206255 28
206261 0
206266 14
206281 19
206311 25
206313 13
206321 24
206325 28
206327 19
206331 6
206336 28
206341 1
206342 22
206355 7
206357 25
206362 20
206364 25
206367 12
206368 0
206370 25
206421 19
206435 28
206437 16
206467 0
206471 25
206476 13
206481 21
206725 16
206726 28
206728 25
206729 25
206731 16
206734 28
206736 16
206737 16
206774 28
207100 12
207104 15
207105 31
207106 32
207108 27
207109 9
207110 22
207116 5
207117 16
207118 3
207125 16
207137 4
207162 25
207172 13
207181 24
207187 5
207188 10
207191 10
207195 19
207214 32
207302 10
207305 28
207306 24
207312 0
207321 25
207402 16
207408 28
207415 0
207442 10
207448 22
207449 22
207704 19
207706 16
207708 28
207712 25
207741 25
207766 25
207776 25
208101 32
208140 6
208141 19
208161 22
208250 22
208263 16
208264 19
208271 21
208272 15
208322 15
208345 10
208346 19
208353 6
208362 32
208373 13
208384 19
208423 7
208444 25
208446 0
208460 22
208738 19
208740 25
208770 28
208772 28
208774 16
208776 28
208873 25
209203 25
209204 30
209252 9
209253 25
209262 19
209263 16
209270 16
209271 7
209272 0
209322 13
209332 13
209341 10
209352 10
209370 22
209376 25
209382 16
209424 28
209452 3
209454 22
209456 13
209466 16
209486 25
209714 16
209772 25
209787 28
209789 16
210100 12
210200 25
210207 13
210221 19
210251 28
210276 0
210315 7
210331 22
210355 25
210432 19
210435 16
210448 22
210463 13
210702 25
210717 28
210734 16
210741 28
210743 16
210748 28
210787 16
211100 24
211303 16
211312 0
211315 16
211318 19
211319 0
211341 22
211342 6
211448 28
211449 13
211495 7
211709 25
212712 25
212714 28
212731 16
213708 25
213717 28
213718 28
213763 16
214301 25
214310 16
214340 7
214341 25
214352 25
214403 7
214412 22
214431 22
214442 19
214462 10
214491 16
215205 27
215206 30
215207 16
215208 22
215303 22
215312 15
215313 1
215314 3
215401 28
215462 10
215482 16
215711 28
215783 25
217705 16
217708 28
217773 25
218100 17
218234 19
218236 0
218244 16
218262 13
218352 19
218362 22
218372 16
218382 28
218481 25
218486 22
218496 22
219753 16
219781 28
226703 25
226704 28
226710 28
226805 25
229223 22
229351 22
251100 15
251211 19
251213 19
251216 28
251242 13
251261 0
251292 6
251312 19
251313 16
251333 13
251334 9
251342 25
251361 7
251363 22
251371 31
251372 10
251374 31
251399 1
251411 22
251417 28
251434 10
251436 28
251451 22
251455 4
251456 19
251457 22
251461 7
251465 25
251704 10
251707 25
251713 25
251716 19
251723 16
251724 28
251738 25
251746 19
251748 16
251754 19
251760 16
251763 25
251765 28
251773 19
251781 16
251784 28
252210 21
252212 25
252222 31
252235 15
252281 10
252282 32
252283 0
252285 7
252311 12
252320 7
252331 10
252353 25
252401 25
252402 0
252403 22
252404 16
252413 7
252420 7
252421 22
252422 25
252423 13
252427 10
252428 9
252429 3
252435 16
252440 13
252442 10
252443 22
252448 1
252450 1
252456 25
252459 28
252460 7
252479 22
252489 16
252706 28
252707 16
252714 19
252721 19
252727 16
252755 16
252765 28
252781 28
252792 25
253215 28
253318 1
253321 13
253332 25
253423 10
253433 25
253441 28
253443 25
253451 28
253452 16
253454 22
253721 25
253725 19
253731 19
253734 16
253735 16
253747 10
253749 13
253752 10
253754 28
253791 28
254182 12
254200 16
254205 6
254206 25
254207 16
254211 18
254215 21
254216 10
254222 27
254231 13
254232 24
254271 31
254282 1
254334 25
254352 19
254362 6
254371 9
254373 14
254400 28
254411 13
254412 19
254415 7
254421 1
254423 28
254424 22
254427 28
254435 22
254441 13
254443 25
254445 7
254446 16
254451 16
254452 22
254453 28
254466 10
254476 16
254477 7
254478 16
254495 10
254701 25
254721 28
254733 19
254737 16
254771 16
254816 25
254857 28
255210 11
255230 25
255300 7
255301 9
255316 30
255323 28
255328 27
255337 26
255340 15
255393 1
255422 13
255425 22
255430 7
255432 12
255433 22
255437 25
255440 28
255442 28
255445 28
255447 22
255451 22
255455 1
255463 16
255471 16
255497 16
255714 10
255735 16
255746 25
255750 19
255751 19
255769 28
255772 28
255783 19
255786 28
255791 13
255792 28
256100 6
256271 16
256281 25
256317 16
256318 25
256334 7
256415 28
256419 22
256442 22
256443 0
256456 25
256473 16
256474 13
256713 19
256741 25
256752 16
256753 28
256791 25
259103 11
259104 29
259106 16
259107 18
259108 22
259193 31
259195 30
259200 28
259201 23
259203 22
259401 10
260313 22
260334 28
260421 22
260702 19
260712 16
260719 28
260791 25
261102 10
261111 27
261112 6
261113 12
261205 7
261207 9
261208 16
261214 31
261215 27
261218 21
261305 22
261306 1
261332 18
261342 7
261343 28
261361 12
261411 16
261421 28
261430 19
261433 16
261444 19
261446 10
261447 16
261448 28
261449 25
261453 25
261465 7
261473 7
261479 28
261494 13
261497 6
261498 7
261499 10
261731 25
261736 25
261742 10
261745 19
261751 25
261752 16
261755 28
261763 19
261792 10
261796 16
261891 19
263710 19
263721 16
263724 28
263745 25
263751 25
264702 16
264703 28
264705 25
264755 19
264791 10
265706 16
265709 28
265710 25
266703 25
266801 28
268735 19
268741 16
268742 25
269103 19
269105 22
269130 28
269210 19
269341 7
269360 22
269370 19
269497 25
269498 28
270721 16
270791 16
305203 28
318322 13
329104 0
330112 16
351100 28
351201 13
351302 0
351331 15
351364 19
351371 10
351425 32
351426 22
351464 28
352103 22
352311 16
352314 25
352315 25
352323 28
352331 10
352332 22
352401 16
352412 22
352413 7
352421 28
352422 13
352433 13
352441 10
353313 22
353418 16
353431 7
353441 25
353471 13
353482 19
354311 25
354312 28
355411 16
356100 32
356101 14
356102 28
356210 3
356261 0
356306 3
356331 19
356333 7
356373 10
356375 22
356411 16
356412 16
356415 25
356416 16
356431 28
356432 13
356441 22
356442 7
356443 10
356444 25
356446 16
356447 28
356448 16
356449 22
356455 25
356472 13
356474 25
357110 6
357210 27
357322 19
357323 16
357418 10
357421 16
357432 19
357442 28
357444 13
357446 7
359202 19
359205 25
359206 28
359302 28
359305 16
359341 16
359350 7
359360 12
359401 22
359403 16
359419 28
359422 3
359452 28
359455 25
359460 4
359461 1
360100 12
360301 13
360402 25
360403 13
360411 10
360423 19
360441 0
360460 22
361210 0
361211 16
361214 13
361341 25
361414 22
361421 10
361433 22
361442 28
361461 19
361475 19
363210 21
365201 19
365211 16
365301 0
365324 13
365331 10
365422 22
365425 16
365426 28
368211 6
368310 7
368412 31
368417 22
368433 22
400110 12
400210 16
401281 7
401383 10
401391 19
403281 13
403383 25
406284 25
406294 4
406386 3
406396 21
408382 22
410381 31
413383 1
413391 4
415393 7
420282 22
421282 10
421292 19
421386 16
421396 13
422381 32
428281 16
428282 28
428381 28
428383 0
461170 7
461471 19
461472 25
461511 25
461526 25
462130 26
462531 19
462542 16
462545 28
462582 25
462587 19
462588 28
463201 16
463252 22
463331 25
463332 0
463342 19
463354 28
463512 28
463513 10
463534 4
463543 16
463544 25
463557 22
463559 19
463571 10
463592 28
464302 16
464312 13
464402 1
464403 22
464414 19
464442 7
464443 16
464445 25
464446 13
464500 28
464502 25
464504 7
464505 19
464506 22
464508 28
464544 16
464545 28
464546 28
464549 10
501201 16
501202 25
501305 25
501306 28
502313 7
502314 13
504202 19
504305 19
506202 22
508304 16
510306 10
512304 22
513113 19
513115 16
513212 25
513216 22
513217 19
513225 16
513284 28
513331 28
513343 25
513364 22
513373 19
513390 16
513411 22
513446 25
514202 16
514206 7
514222 25
514244 19
514272 10
514322 7
514336 13
514352 28
514358 22
514382 19
514384 25
514396 16
514398 10
515204 19
515205 16
515256 28
515257 22
515330 28
515337 13
515339 10
515362 19
515377 25
515378 22
515380 16
515407 19
515440 16
515441 28
515442 25
518724 25
518770 28
551311 16
552216 25
552217 22
552232 25
553312 28
554314 25
555313 28
556311 25
557433 19
558101 32
558432 16
561312 22
562101 10
562211 28
571115 22
601201 28
601202 28
601231 7
601242 13
601342 1
601346 22
601351 10
601361 10
601423 28
601424 13
601425 25
601436 13
601452 19
601471 16
601472 25
601745 28
601769 16
601775 25
602100 11
602102 31
602103 21
602120 16
602121 23
602122 22
602314 25
602421 28
602432 19
602453 13
602454 22
602455 10
602461 16
602463 25
602471 0
602741 28
602751 25
603200 19
603231 13
603321 7
603341 10
603396 16
603423 25
603496 22
603725 16
603743 28
603751 25
604101 3
604211 10
604311 21
604314 6
604315 4
604411 3
604415 16
604423 24
604431 25
604443 22
604454 25
604455 28
605203 28
605302 22
605313 22
605315 0
605316 16
605321 28
605331 3
605340 25
605412 22
605430 25
605711 28
605719 25
606211 28
606243 28
606245 10
606264 16
606310 7
606341 19
606342 16
606344 28
606451 13
606452 25
610114 31
651211 28
651212 25
651231 22
651234 22
651306 25
651313 13
651314 10
651317 25
651319 19
651416 16
651425 28
701100 29
701101 31
701181 29
701202 25
701211 7
701235 16
701243 22
701244 3
701283 18
701310 16
701335 25
701408 22
701409 22
701410 28
701496 25
702100 21
702101 8
702211 22
702213 10
702312 12
702317 13
702321 10
702331 13
702342 31
702354 22
702423 28
702443 25
702499 22
703103 22
703202 27
703204 4
703243 9
703244 25
703322 13
703324 20
703330 19
703331 12
703345 13
703351 7
703361 1
703413 28
703441 16
703444 25
703499 16
705191 19
705211 8
705311 13
705328 21
705331 9
705332 16
705343 25
705431 7
705438 1
705440 27
705441 14
705444 19
705446 3
705447 28
705461 18
705492 22
705499 16
751100 7
751101 3
751102 19
751106 16
751202 7
751209 25
751301 11
751302 27
751303 7
751305 21
751308 9
751309 4
751321 28
751326 22
751330 10
751345 22
751401 7
751403 24
751405 22
751408 9
751417 7
751418 16
751419 10
751421 1
751422 22
751424 28
751428 25
751440 19
751443 28
751447 1
751451 12
751701 13
751702 25
751703 10
751705 7
751706 25
751708 28
751710 16
751716 19
751718 19
751719 10
751727 19
751742 16
751744 16
801100 3
801122 28
801134 22
801204 19
801233 16
801236 13
801241 10
801322 22
801334 25
801371 22
803122 25
803124 28
803131 22
803230 28
803232 7
803260 28
851100 21
851103 0
851104 28
851105 7
851200 3
851201 12
851202 12
851204 13
851207 20
851241 28
851252 25
851253 22
851261 15
851263 25
851273 30
851305 7
851306 21
851309 15
851313 16
851363 13
851366 6
851375 1
851400 25
851401 32
851404 10
851406 28
851443 28
851445 28
851450 0
851462 16
851467 12
951100 24
951202 4
951231 13
951321 16
951324 28
951366 28
951421 16
951498-020 22
951498-021 25
953102 10
953104 7
953111 15
953201 19
953202 28
953214 10
953231 16
953232 13
953234 16
953323 13
953361 16
953421 25
953444 28
953494 28
953495 22
954100 7
954140 31
954142 4
954143 28
954170 13
954240 4
954244 10
954310 22
954340 31
954347 16
954371 7
954372 22
954374 25
954413 22
954421 4
954423 28
954464 10
954472 10
954491 19
954498 13
955102 25
955104 22
