001101 7
001102 1
001112 19
001118 22
001201 19
001202 28
001210 20
001222 32
001223 7
001224 4
001225 4
001226 4
001227 22
001228 7
001229 3
001230 1
001231 13
001234 13
001250 6
001291 21
001292 4
001310 10
001311 25
001312 7
001314 10
001320 19
001321 31
001323 19
001330 28
001341 22
001342 16
001352 4
001355 4
001361 9
001362 32
001410 10
001423 16
001440 7
001445 13
001447 9
001471 4
001472 0
002102 28
002111 19
002191 32
002192 31
002202 28
002230 4
002260 10
002302 28
002311 22
002321 16
002331 4
002362 10
002402 28
002441 22
002471 19
002472 16
003101 6
003102 0
003191 8
003202 19
003332 28
003414 22
003421 19
003436 16
003454 4
004282 18
004465 16
004470 4
004472 16
004474 28
004476 13
006103 28
006126 13
006226 10
006241 13
006253 19
006307 24
006326 10
006330 18
006349 16
006443 4
006448 22
006454 28
006475 19
008214 10
008314 22
008326 22
008402 19
008411 28
009103 9
009213 19
009234 10
009236 28
009254 4
009301 22
009344 4
009355 32
009356 31
009358 19
009363 16
009446 10
011100 12
011101 6
011151 16
011154 16
011156 10
011157 31
011251 32
011268 16
011269 30
011276 14
011277 12
011278 28
011355 4
011367 28
011457 6
011479 4
012173 2
012174 25
012200 21
012374 19
012475 0
013103 12
013110 16
013203 22
013204 28
013207 10
013208 32
013209 4
013216 16
013217 24
013301 12
013303 6
013306 21
013321 19
013335 10
013337 13
013410 16
013413 10
013428 4
013431 19
013432 4
013433 0
014211 10
014270 21
014310 25
014311 10
014323 13
014370 10
014371 4
014383 9
014401 0
014422 16
014423 4
014471 0
014481 16
014483 28
015101 27
015102 4
016101 28
016102 19
017101 16
017102 22
017111 28
017231 16
018104 28
018112 0
018114 28
018126 4
018204 4
018271 31
018323 16
018352 16
018372 16
018467 16
018471 4
019101 5
019104 31
019105 6
019106 15
019112 28
019204 25
019205 28
019206 0
019212 19
019222 10
019332 28
019351 4
019362 7
019371 25
019373 25
019441 16
020101 24
020102 0
020212 4
020231 28
020232 16
020261 4
021101 0
021102 28
021203 28
021204 25
021270 19
024752 16
025110 19
025310 4
025481 16
026101 16
026102 22
026111 13
026112 28
026201 21
029732 4
030101 9
050100 29
050103 14
050104 12
050106 20
050112 9
050113 12
051302 13
051304 22
051306 22
051310 26
051313 25
051418 28
052203 19
052310 7
052314 22
052323 25
052331 4
052350 10
052351 22
052353 13
052355 10
052400 1
052417 22
052419 16
052422 25
052442 25
052447 13
052448 28
052449 28
053713 16
054821 16
055702 22
055734 28
055739 4
055757 16
057121 20
057122 2
057123 6
057125 23
057126 23
057127 24
057128 21
057129 3
057130 21
057131 1
057132 3
057133 32
057134 1
057135 20
057136 14
057137 19
057138 12
057139 31
057213 32
057283 16
057286 25
057287 4
057290 13
057295 25
057297 0
057298 4
057301 28
057302 19
057305 15
057316 10
057366 16
057401 0
057404 28
057407 25
057411 19
057413 16
057419 10
057427 7
057428 32
059405 22
059419 17
061103 19
061106 25
061201 4
061223 19
061224 31
061306 25
061307 16
061312 13
061313 32
061403 28
061405 28
062200 22
062210 28
062320 22
062343 28
062499 22
063201 19
064204 4
064231 28
064331 28
064411 22
064412 4
064421 16
064422 28
064423 22
064424 19
064430 28
064474 7
065120 6
065121 25
065211 4
065212 28
065311 4
065320 9
065333 28
065420 28
065435 16
065436 16
065437 16
065438 22
065797 16
066222 28
066324 19
066412 25
066414 28
067201 25
067203 19
067311 7
067371 7
067433 28
067435 28
067436 1
067491 28
070200 25
070201 10
070301 22
070303 22
070305 22
070401 28
070411 16
070413 6
070414 31
070416 16
070792 16
071411 22
071412 22
071414 4
071415 28
071416 3
071418 16
071419 16
071420 10
071423 28
071426 10
073721 16
074100 6
074101 0
074414 4
076425 22
076426 28
076427 16
076430 4
076444 13
076466 0
078444 23
078454 16
079220 28
099101 19
099102 15
099103 19
100104 10
100109 28
100110 17
100111 15
100112 19
100207 0
100220 3
100222 16
100228 22
100229 12
100230 9
100231 6
100233 0
100307 4
100308 13
100309 7
100310 19
100311 24
100312 12
100313 22
100314 4
100501 4
101201 16
101202 4
101205 22
101325 10
101405 10
101490 16
103271 15
104100 16
104302 10
104310 28
104320 22
104327 19
104334 28
104340 16
104435 4
104471 28
104490 4
109100 13
109114 31
112101 19
112105 16
112106 28
112109 4
112202 25
112205 4
112303 7
112321 13
112322 16
112406 28
112424 22
115301 22
115401 28
116301 28
116302 25
126101 15
126102 25
126212 22
126213 31
126214 10
126324 22
126326 12
126328 18
126330 7
126332 28
126400 10
126431 7
126436 19
126442 16
127100 6
127101 23
127202 9
127205 32
127313 25
127329 19
127330 9
127332 25
127333 18
127359 12
127411 7
127415 13
127416 19
127424 25
127433 4
127492 16
127493 4
127716 28
127720 4
127721 22
127727 16
128100 5
128101 6
128201 19
128304 18
128305 12
128306 26
128308 25
128310 14
128401 1
128423 25
128425 10
128427 16
128434 4
128443 10
128445 22
128451 31
128471 7
128481 28
128484 28
128700 4
128714 28
128727 16
128734 22
140101 16
140102 22
140103 15
140104 4
140105 15
152211 19
152301 16
152321 19
152331 16
154100 19
154104 0
154141 31
154152 22
154153 24
154173 19
154181 10
154251 19
154262 22
154276 10
154281 6
154301 16
154330 10
154431 7
154479 16
154492 28
159100 31
159101 19
159102 22
159151 18
159202 18
159204 25
159331 9
159351 16
159411 7
159434 0
160342 16
164261 16
164341 28
168100 1
168101 24
168410 16
176100 3
176101 25
176104 18
177103 28
177104 25
177113 10
177114 32
177141 14
177142 28
177181 19
177220 28
177222 24
177227 4
177228 28
177229 19
177300 9
177321 16
177332 1
177335 6
177336 28
177341 31
177361 22
177413 4
177420 0
177425 15
177429 18
177430 7
177431 25
177433 16
177441 28
177447 6
177460 32
177464 7
177465 13
177466 25
177470 10
177483 28
177491 25
177494 32
177495 13
179404 22
179406 16
179443 12
201100 17
201110 9
201114 26
201116 18
201117 4
201190 4
202100 18
202101 21
202102 28
202147 22
202231 31
202302 16
202303 16
202305 32
202311 19
202356 7
202362 16
202371 28
202405 25
202421 28
202432 16
202446 28
202461 4
202471 10
202475 13
202476 28
202484 16
202731 16
202744 28
202749 4
202802 4
202833 16
202843 4
203100 31
203104 10
203108 25
203111 18
203113 32
203114 22
203131 9
203132 32
203151 4
203152 22
203154 24
203158 4
203159 22
203162 24
203202 13
203204 25
203206 11
203208 28
203209 24
203211 18
203222 19
203223 22
203226 0
203232 10
203236 28
203250 25
203287 7
203300 1
203304 12
203316 32
203351 16
203352 28
203404 16
203413 28
203424 16
203425 25
203435 7
203459 0
203474 4
203708 4
203715 28
203719 4
203721 28
203725 28
203734 4
203735 16
203754 16
203775 4
203812 16
203825 4
203829 16
203879 16
204100 10
204101 24
204113 32
204123 16
204202 10
204217 19
204232 28
204251 13
204306 21
204315 10
204320 22
204333 0
204355 28
204362 18
204382 25
204422 4
204423 16
204424 7
204425 32
204443 28
204456 7
204482 7
204483 22
204490 9
204725 16
204735 28
204792 4
205100 17
205103 16
205105 15
205216 28
205232 9
205244 7
205252 0
205282 25
205324 7
205344 28
205358 16
205382 13
205421 4
205441 28
205473 4
205476 16
205731 28
205742 4
205764 28
205789 4
205796 16
206100 26
206103 21
206104 6
206108 10
206111 25
206112 22
206161 28
206162 28
206171 20
206172 8
206181 13
206182 10
206191 13
206203 28
206216 13
206217 7
206253 31
206255 13
206261 2
206266 32
206267 19
206281 7
206311 22
206313 7
206321 21
206324 26
206327 25
206331 9
206336 1
206341 10
206342 10
206362 19
206364 16
206367 25
206368 13
206370 18
206428 16
206435 4
206437 19
206457 28
206476 25
206481 7
206703 28
206714 28
206724 28
206734 16
206736 4
206737 4
206774 16
207104 6
207105 22
207106 22
207108 12
207109 6
207110 22
207116 19
207117 12
207118 13
207125 7
207162 19
207172 25
207181 25
207187 15
207188 22
207191 28
207195 13
207214 9
207302 10
207305 22
207306 32
207312 28
207321 4
207402 22
207408 1
207415 7
207442 28
207448 16
207481 16
207704 28
207706 4
207708 16
207712 16
207766 16
208101 32
208140 18
208141 10
208250 25
208263 31
208264 19
208272 2
208322 9
208345 31
208346 16
208353 32
208362 10
208373 4
208423 19
208444 25
208446 16
208460 28
208738 4
208772 16
208873 16
209203 10
209204 28
209252 0
209253 10
209262 28
209263 16
209270 7
209271 13
209272 1
209322 19
209332 22
209341 10
209352 28
209370 25
209376 28
209382 1
209424 22
209452 4
209454 22
209456 32
209466 1
209486 4
209712 28
209714 4
209716 4
209772 16
209787 28
210100 32
210200 10
210207 19
210221 28
210251 13
210276 7
210315 28
210331 22
210355 16
210432 7
210435 4
210463 1
210497 16
210702 16
210717 4
210741 4
210743 28
210744 4
210748 4
211100 0
211303 4
211312 13
211315 7
211318 7
211319 18
211341 1
211342 28
211444 10
211445 16
211446 1
211448 10
211449 19
211709 4
211843 16
212712 16
212721 28
212731 4
213706 28
213707 4
213708 16
213717 16
214301 28
214310 31
214340 22
214341 6
214352 16
214403 16
214412 28
214431 4
214491 1
215205 19
215206 10
215207 32
215208 25
215303 19
215311 16
215312 1
215313 7
215314 7
215401 19
215462 10
215482 4
215495 28
215497 4
215711 16
215742 16
217705 4
217708 16
217773 28
218100 13
218234 19
218236 22
218244 10
218262 28
218352 28
218362 19
218372 16
218382 1
218474 4
218481 22
218496 28
219741 4
219753 28
219766 16
219789 4
225702 22
225704 28
225706 4
225707 16
226703 16
226704 16
226711 28
226805 16
229223 0
229351 19
251100 13
251211 0
251213 22
251216 25
251242 28
251261 10
251292 19
251312 7
251313 7
251333 18
251334 13
251342 28
251361 10
251363 4
251371 16
251372 19
251374 10
251399 16
251411 25
251417 19
251434 22
251436 7
251451 4
251455 31
251456 28
251457 16
251461 0
251476 1
251477 10
251704 22
251707 16
251713 16
251716 4
251723 22
251724 28
251746 28
251748 4
251754 22
251760 28
251763 4
251765 16
251776 22
251781 28
251784 4
252210 21
252212 25
252222 18
252235 13
252281 25
252282 19
252283 10
252285 21
252311 0
252320 28
252328 13
252331 7
252353 22
252401 25
252402 16
252403 10
252404 7
252413 25
252420 28
252421 18
252422 31
252423 9
252427 16
252428 0
252429 32
252435 25
252440 28
252442 28
252443 32
252448 9
252450 7
252456 4
252459 1
252460 19
252479 19
252489 22
252706 28
252707 22
252727 16
252785 22
252789 28
252792 4
253215 25
253318 28
253321 22
253332 22
253416 19
253417 10
253423 0
253433 16
253441 7
253443 7
253451 28
253452 19
253454 13
253716 28
253721 16
253725 22
253734 19
253735 22
253747 28
253749 7
253752 22
253754 4
253791 4
254182 16
254200 22
254205 16
254206 9
254207 22
254211 12
254215 18
254216 7
254222 27
254231 0
254232 13
254271 25
254282 13
254302 1
254325 28
254334 18
254352 31
254362 12
254371 7
254373 28
254400 7
254411 32
254412 16
254415 7
254421 22
254422 4
254423 0
254424 28
254435 16
254441 13
254443 19
254445 4
254451 25
254452 22
254453 25
254454 7
254466 22
254476 10
254477 22
254478 32
254495 4
254701 16
254702 16
254721 16
254733 22
254737 16
254791 22
254816 4
254817 28
254857 28
255201 31
255210 25
255230 20
255300 12
255301 0
255316 24
255323 7
255328 15
255337 7
255340 18
255393 10
255422 12
255425 25
255429 21
255430 7
255431 28
255432 22
255433 10
255440 16
255442 0
255444 28
255445 4
255447 13
255451 19
255455 6
255462 13
255463 1
255471 25
255492 31
255497 24
255499 32
255714 16
255735 4
255750 22
255751 19
255769 22
255772 22
255783 28
256100 27
256271 32
256317 7
256318 10
256334 16
256418 28
256419 25
256441 4
256444 19
256456 10
256473 16
256474 4
256791 16
259103 8
259104 30
259106 5
259107 11
259108 6
259193 9
259195 10
259200 28
259201 32
259203 22
259401 24
260313 22
260334 16
260416 28
260421 16
260432 4
260702 4
261102 13
261111 13
261112 29
261113 4
261205 16
261207 10
261208 12
261214 22
261215 7
261218 0
261305 19
261306 9
261332 32
261342 22
261343 16
261361 25
261421 16
261430 7
261433 7
261438 32
261444 16
261446 10
261447 16
261448 4
261449 25
261453 16
261465 16
261473 7
261479 28
261494 13
261497-002 10
261497-008 28
261497-802 16
261497-808 10
261499 1
261736 28
261738 22
261745 16
261751 22
261752 28
261755 4
261763 4
261781 22
261795 4
261891 22
263710 19
263721 16
263724 22
263745 28
263751 4
264702 28
264705 4
264709 16
264755 22
265706 28
265709 4
265710 16
266801 16
268732 16
268735 28
268741 4
269103 10
269105 19
269111 0
269130 22
269210 19
269341 25
269360 7
269370 19
269452 4
269498 22
270712 4
270721 28
305203 7
318322 22
329105 2
329106 7
330115 9
351100 31
351201 4
351302 16
351321 22
351364 0
351371 25
351425 32
351426 19
351464 10
352103 12
352311 12
352313 7
352314 25
352401 16
352412 28
352421 28
352422 6
352433 10
352441 4
353313 13
353418 16
353431 28
353441 10
353471 16
353482 19
354311 16
354312 28
355411 25
356100 13
356101 23
356102 0
356210 15
356261 16
356333 19
356361 4
356373 16
356374 4
356411 13
356414 28
356415 22
356416 16
356431 16
356432 25
356441 4
356442 4
356443 25
356444 28
356446 16
356447 10
356449 4
356451 13
356455 28
356471 10
356472 28
356474 16
356496 16
357101 29
357110 26
357210 19
357322 0
357323 16
357418 28
357421 28
357432 28
357441 0
357444 19
357446 31
359202 27
359205 22
359206 19
359302 1
359303 16
359305 13
359341 4
359350 7
359360 19
359380 4
359401 9
359403 25
359408 4
359422 28
359423 19
359452 22
359460 13
359461 7
359465 31
360100 18
360301 4
360304 4
360441 7
361210 16
361211 16
361214 4
361341 25
361413 28
361414 10
361421 16
361433 22
361442 16
361452 22
361461 4
361475 4
363210 16
363401 28
363402 28
365201 19
365211 4
365322 28
365324 4
365422 28
365425 16
365426 22
368211 28
368310 10
368412 13
368417 28
400110 5
400210 32
401281 13
401383 31
401391 13
403281 10
403383 16
406284 25
406294 7
406386 7
406396 28
408382 1
410381 32
413383 9
413391 0
415393 22
420282 19
421282 22
421292 28
421386 10
421396 25
422381 12
428281 4
428282 16
428381 4
428383 19
461170 9
461471 0
461472 28
461511 31
461523 4
461526 28
461527 16
461532 4
462130 30
462544 16
462587 16
462588 28
463201 16
463252 25
463331 16
463332 4
463342 22
463354 10
463433 31
463512 22
463513 4
463543 4
463544 9
463557 7
463559 16
463571 1
463592 10
464302 19
464312 25
464402 13
464403 19
464414 9
464442 22
464443 7
464445 16
464446 25
464500 4
464502 13
464504 7
464505 22
464506 19
464508 16
464545 28
464549 16
501201 25
501202 7
501305 9
501306 25
502313 16
502314 31
504202 19
504305 7
506202 13
508304 13
510306 19
512304 22
513113 16
513115 22
513212 16
513216 25
513217 19
513225 10
513284 22
513331 19
513343 4
513364 22
513373 16
513390 28
513411 4
513446 16
514202 16
514206 1
514222 19
514244 10
514272 13
514322 28
514336 16
514352 25
514358 9
514382 7
514384 22
514396 4
514398 19
514436 4
514462 10
514742 28
514752 4
515204 16
515205 10
515256 22
515257 7
515330 19
515337 10
515339 22
515362 7
515377 16
515378 31
515380 25
518724 16
518770 4
551461 19
552216 10
552217 7
552232 19
557433 22
558101 3
558411 28
558432 16
562101 16
562211 13
601201 31
601202 16
601231 4
601242 18
601342 25
601346 10
601351 7
601361 7
601423 16
601424 4
601431 28
601436 4
601452 22
601471 24
601472 16
601724 16
601731 28
601745 4
601769 28
601775 16
602100 9
602102 3
602103 8
602120 32
602121 10
602122 10
602301 7
602314 7
602421 10
602453 24
602454 4
602455 1
602461 16
602472 7
602741 16
602751 16
603200 13
603231 18
603321 6
603341 16
603396 10
603423 7
603496 4
603743 28
604101 19
604211 25
604311 12
604314 25
604315 4
604411 12
604415 0
604423 7
604431 28
604443 4
604454 16
605203 16
605302 4
605313 32
605315 6
605316 13
605321 28
605331 25
605340 4
605412 28
605413 22
605430 22
605476 28
605701 16
605711 22
605719 28
605742 16
606211 28
606243 7
606245 4
606264 16
606310 28
606341 19
606342 22
606344 28
606451 4
606452 16
610114 21
651210 19
651211 7
651212 10
651234 19
651306 31
651313 31
651314 7
651317 4
651319 19
651416 10
651425 16
701100 21
701181 6
701202 4
701235 19
701244 28
701283 22
701335 4
701408 4
701423 16
701496 28
702100 1
702101 8
702211 11
702312 31
702313 23
702317 22
702321 25
702331 28
702342 10
702354 9
702418 16
702443 19
702499 22
703103 14
703109 16
703202 19
703204 32
703243 9
703244 5
703309 1
703322 22
703324 16
703330 13
703331 10
703345 31
703351 25
703361 28
703413 19
703441 4
703499 7
705191 23
705211 22
705311 6
705328 28
705331 22
705332 10
705343 4
705431 18
705438 15
705440 32
705441 28
705442 2
705444 1
705447 25
705448 4
705499 12
751100 17
751101 21
751102 10
751106 12
751202 28
751209 18
751301 11
751302 14
751303 13
751305 25
751308 32
751309 31
751320 19
751326 16
751327 19
751330 29
751401 4
751403 24
751405 3
751408 12
751417 7
751418 9
751421 22
751422 28
751428 28
751440 10
751443 0
751701 4
751702 16
751703 28
751705 19
751706 16
751708 4
751716 19
751718 7
751719 7
751728 22
751734 28
751752 4
801100 27
801122 19
801134 22
801204 19
801233 31
801236 7
801241 25
801322 4
801334 13
801371 4
803122 28
803124 16
803131 19
803230 16
803232 4
803260 28
851100 23
851103 27
851104 0
851105 24
851201 28
851202 15
851204 10
851207 4
851241 22
851252 10
851253 24
851261 28
851263 24
851273 25
851305 22
851309 18
851345 1
851363 19
851366 19
851400 16
851404 9
851406 28
851407 3
851441 21
851462 31
851467 16
852100 16
951100 12
951231 16
951324 4
951344 7
951366 4
951421 28
951498-004 16
951498-007 16
951498-011 16
951498-015 16
951498-020 19
951498-021 10
953102 19
953111 9
953201 7
953202 16
953211 32
953214 28
953231 10
953232 16
953234 10
953323 16
953422 28
953494 4
954100 4
954140 16
954142 25
954143 16
954170 22
954240 25
954326 16
954340 21
954371 22
954374 18
954423 16
954462 28
954464 7
954472 10
954491-001 28
954491-002 10
954491-003 13
954498 4
955102 22
955104 13
