001101 1
001102 1
001112 10
001118 6
001201 1
001202 16
001210 6
001222 16
001223 4
001224 4
001225 4
001226 4
001227 10
001228 4
001229 10
001230 30
001231 7
001234 4
001250 19
001291 21
001292 25
001310 21
001311 16
001312 31
001314 10
001315 25
001320 28
001321 28
001323 22
001330 22
001341 16
001342 0
001352 0
001355 9
001361 4
001362 19
001391 25
001410 9
001423 34
001440 41
001445 37
001446 40
001463 37
001471 31
001472 31
002102 6
002111 10
002191 41
002202 16
002230 37
002260 0
002302 10
002311 25
002321 34
002331 40
002362 0
002402 4
002441 37
002471 7
003102 31
003191 15
003202 4
003314 40
003331 31
003332 37
003361 0
003367 7
003454 31
004282 28
004465 3
004472 25
004474 0
004476 12
006103 15
006226 0
006241 25
006253 31
006307 10
006326 25
006330 16
006349 28
006353 34
006423 37
006432 16
006443 31
006448 40
006475 13
008214 7
008314 10
008326 7
008402 0
008411 7
009103 38
009213 16
009234 16
009236 9
009254 0
009325 25
009327 7
009344 10
009355 12
009356 7
009358 0
009363 37
009446 34
011100 37
011101 28
011154 27
011156 33
011157 37
011251 12
011257 36
011268 12
011269 41
011276 0
011277 37
011278 36
011355 16
011367 34
011457 25
011479 34
012173 41
012200 40
012271 34
012272 37
013103 12
013110 7
013203 34
013204 28
013207 7
013208 16
013209 7
013216 7
013217 30
013301 33
013303 31
013306 18
013321 31
013335 37
013337 34
013410 13
013413 37
013422 25
013428 10
013431 25
013432 22
014210 13
014211 7
014270 10
014310 16
014311 12
014323 22
014370 0
014383 34
014390 31
014401 19
014410 9
014422 0
014423 31
014471 37
014481 4
015101 40
015102 28
016101 37
016102 37
017101 34
017102 16
017111 37
017112 31
017231 31
018104 31
018111 28
018112 24
018114 18
018126 7
018204 10
018271 3
018323 7
018352 0
018372 37
018468 31
019101 21
019104 10
019105 24
019106 28
019112 13
019204 34
019205 16
019206 19
019212 22
019222 37
019332 10
019351 0
019362 28
019373 21
019441 34
020101 12
020102 10
020212 7
020231 22
020232 22
020261 7
021101 33
021102 22
021203 16
021204 28
021270 19
024752 31
025110 22
025381 22
025481 7
026101 36
026102 28
026111 18
026112 16
026201 36
026202 19
050100 28
050103 12
050104 41
050106 29
050112 38
050113 41
051302 33
051304 21
051306 28
051310 28
051313 37
051412 4
051418 31
052203 22
052310 16
052323 9
052331 34
052350 31
052351 28
052353 10
052355 21
052400 4
052417 22
052420 28
052422 19
052441 25
052442 34
052445 7
052448 9
052449 4
052725 7
054821 31
054822 31
055702 7
055703 31
055711 37
055739 37
057121 30
057122 27
057123 35
057125 27
057126 18
057127 26
057128 36
057129 3
057130 27
057131 25
057132 27
057133 15
057134 18
057135 3
057136 7
057137 19
057138 7
057139 40
057213 16
057283 31
057286 13
057287 25
057290 37
057295 37
057297 18
057298 25
057301 19
057302 31
057305 12
057307 16
057316 4
057366 28
057401 22
057404 16
057407 34
057413 0
057419 25
057425 31
057427 16
057428 10
057450 31
059405 22
059413 4
059419 30
061106 19
061201 10
061205 31
061223 25
061224 31
061306 28
061312 40
061313 25
061317 37
061319 34
061401 28
061403 31
061405 16
061430 37
062342 19
062346 1
062360 37
062380 1
062411 19
062452 37
062460 10
062470 10
062499 25
063201 25
064204 16
064231 16
064232 31
064252 37
064303 37
064411 13
064412 37
064413 28
064417 37
064422 4
064423 4
064424 33
064474 34
065120 22
065121 19
065211 25
065212 6
065311 10
065320 31
065333 4
065420 31
065436 31
065437 7
065438 28
065782 37
065795 7
065797 31
065799 31
066222 25
066324 37
066412 25
066416 16
066426 28
067201 28
067203 22
067303 25
067311 34
067371 9
067433 33
067435 4
067436 1
067491 25
070200 7
070304 25
070305 31
070400 25
070401 1
070403 6
070404 40
070410 31
070411 40
070413 40
070414 3
070415 16
070416 31
070727 7
070731 31
070741 31
071411 22
071412 1
071413 13
071414 22
071415 0
071416 41
071417 31
071419 6
071420 25
071426 4
071724 31
074100 33
074101 18
076414 37
076426 7
076427 25
076428 37
076429 16
076430 19
076444 1
076466 4
078444 15
079444 33
088708 31
099101 34
099102 7
099103 6
100102 37
100104 34
100109 37
100110 10
100111 12
100112 28
100205 28
100206 34
100207 41
100208 19
100210 37
100212 0
100213 13
100214 34
100218 4
100219 10
100220 40
100222 31
100225 31
100227 37
100281 21
100306 24
100307 30
100308 7
100309 16
100310 13
100501 37
101201 13
101202 31
101205 10
101325 13
101405 22
101490 7
103271 37
104100 22
104201 37
104302 28
104310 34
104320 13
104327 25
104334 37
104435 22
104450 34
104490 37
109100 39
109114 30
112101 34
112105 13
112106 28
112109 25
112202 22
112205 25
112303 7
112321 37
112322 37
112406 13
112424 34
115300 40
116301 10
116302 37
126101 15
126102 37
126212 28
126213 16
126214 22
126324 0
126325 31
126328 1
126330 10
126331 31
126332 13
126400 4
126431 28
126434 37
126436 7
126437 19
126438 40
126442 34
127100 40
127101 3
127202 13
127205 16
127206 12
127303 25
127313 7
127320 16
127330 37
127332 31
127333 24
127336 7
127359 10
127411 0
127412 34
127413 37
127414 31
127415 7
127416 22
127424 37
127433 34
127492 31
127716 37
127720 7
127721 4
127730 31
128100 40
128101 34
128201 28
128304 10
128305 0
128306 0
128308 7
128310 7
128353 31
128401 31
128423 40
128425 25
128427 37
128429 31
128434 37
128445 22
128451 37
128462 37
128471 34
128484 16
128700 37
128712 4
128727 7
128734 31
128751 4
140101 37
140102 4
140103 9
140104 5
140105 10
152211 16
152301 37
152321 31
152331 37
154100 37
154104 40
154141 25
154152 40
154153 41
154173 22
154181 28
154251 34
154276 22
154281 9
154301 7
154330 16
154431 31
154479 25
154482 13
154492 37
159100 25
159101 7
159102 25
159151 13
159202 6
159203 19
159204 0
159331 9
159411 19
159412 28
159434 22
159462 34
160342 37
164261 40
164341 31
168101 31
168410 31
176100 26
176101 10
176104 9
177104 16
177113 10
177114 4
177141 22
177142 28
177181 22
177220 10
177222 31
177227 10
177228 16
177229 28
177300 2
177321 7
177332 22
177335 19
177341 25
177361 12
177362 31
177413 31
177420 37
177425 34
177429 1
177430 4
177431 37
177433 40
177460 16
177464 7
177465 34
177466 37
177470 4
177471 25
177483 37
177491 34
177494 9
177495 28
179402 37
179403 37
179404 31
179406 4
179443 13
201100 34
201110 18
201114 22
201116 19
201117 30
201190 37
202100 22
202101 9
202102 9
202147 12
202231 14
202303 40
202305 37
202311 1
202331 31
202356 37
202371 28
202405 22
202432 34
202442 31
202461 37
202471 34
202475 7
202476 10
202484 34
202731 7
202736 7
202749 31
202770 7
202804 31
202807 31
202833 31
202843 7
203100 9
203104 31
203108 21
203111 21
203113 13
203114 7
203131 6
203132 31
203151 10
203152 34
203154 25
203158 13
203159 9
203162 31
203202 13
203203 31
203204 25
203206 31
203207 10
203208 0
203209 19
203211 10
203222 16
203223 31
203226 14
203232 22
203236 34
203250 25
203287 0
203300 10
203304 34
203316 1
203351 18
203352 19
203413 31
203424 37
203425 31
203435 31
203459 25
203708 7
203715 31
203719 37
203721 31
203734 37
203735 7
203749 37
203754 31
203775 7
203804 31
203812 7
203825 37
203829 7
204100 19
204101 25
204113 10
204123 41
204202 31
204217 10
204232 15
204251 0
204306 12
204315 10
204320 34
204333 37
204355 31
204362 10
204382 19
204422 16
204425 31
204441 40
204443 34
204452 25
204456 37
204482 4
204483 31
204490 1
205100 27
205103 31
205105 24
205216 37
205232 16
205244 34
205252 10
205282 31
205324 22
205344 37
205358 28
205361 31
205382 25
205421 7
205473 31
206100 25
206103 7
206104 7
206108 25
206111 24
206112 31
206161 40
206162 25
206171 6
206172 7
206181 31
206182 4
206191 7
206211 21
206216 22
206217 19
206253 37
206255 7
206261 25
206266 10
206281 25
206311 4
206313 31
206321 12
206325 28
206327 19
206331 30
206336 37
206341 1
206342 34
206355 7
206357 31
206362 10
206364 31
206367 25
206368 0
206370 34
206421 37
206435 7
206437 0
206467 28
206471 16
206476 10
206481 25
206725 37
206726 7
206728 31
206729 31
206731 37
206734 7
206736 37
206737 37
206774 7
207100 9
207104 41
207105 10
207106 10
207108 34
207109 36
207110 37
207116 13
207117 16
207118 21
207125 34
207137 34
207162 6
207172 37
207181 34
207187 7
207188 28
207191 7
207195 31
207214 19
207302 28
207305 6
207306 31
207312 31
207321 31
207402 19
207408 37
207415 1
207442 10
207448 22
207449 7
207704 37
207706 7
207708 31
207712 31
207741 37
207766 31
207776 31
208101 20
208140 22
208141 31
208161 16
208250 22
208263 22
208264 12
208271 28
208272 29
208322 37
208345 7
208346 37
208353 0
208362 4
208373 22
208384 7
208423 25
208444 10
208446 37
208460 31
208738 4
208740 31
208770 37
208772 37
208774 7
208776 7
208873 31
209203 10
209204 34
209252 34
209253 22
209262 10
209263 19
209270 22
209271 7
209272 1
209322 7
209332 7
209341 1
209352 28
209370 31
209376 25
209382 16
209424 37
209452 22
209454 34
209456 19
209466 25
209486 7
209714 37
209772 31
209787 7
209789 37
210100 7
210200 19
210207 7
210221 28
210251 34
210276 1
210315 10
210331 37
210355 25
210432 31
210435 31
210448 31
210463 1
210702 31
210717 7
210734 37
210741 7
210743 37
210748 7
210787 37
211100 33
211303 22
211312 19
211315 22
211318 28
211319 6
211341 6
211342 37
211448 10
211449 13
211495 31
211709 31
212712 31
212714 7
212731 37
213708 31
213717 37
213718 7
213763 7
214301 1
214310 25
214340 30
214341 12
214352 4
214403 31
214412 28
214431 31
214442 34
214462 4
214491 7
215205 34
215206 10
215207 7
215208 30
215303 31
215312 1
215313 12
215314 7
215401 37
215462 16
215482 10
215711 7
215783 31
217705 7
217708 31
217773 4
218100 23
218234 31
218236 7
218244 28
218262 22
218352 31
218362 34
218372 22
218382 1
218481 7
218486 31
218496 31
219753 37
219781 7
226703 31
226704 7
226710 7
226805 31
229223 33
229351 25
251100 6
251211 13
251213 7
251216 9
251242 37
251261 0
251292 25
251312 28
251313 10
251333 1
251334 34
251342 25
251361 34
251363 37
251371 31
251372 0
251374 22
251399 13
251411 37
251417 4
251434 34
251436 7
251451 31
251455 40
251456 37
251457 31
251461 7
251465 4
251704 34
251707 31
251713 7
251716 4
251723 37
251724 31
251738 31
251746 4
251748 37
251754 4
251760 37
251763 7
251765 31
251773 4
251781 37
251784 31
252210 37
252212 12
252222 7
252235 22
252281 7
252282 22
252283 13
252285 9
252311 25
252320 16
252331 10
252353 13
252401 4
252402 22
252403 1
252404 10
252413 28
252420 28
252421 1
252422 31
252423 7
252427 4
252428 0
252429 22
252435 34
252440 31
252442 37
252443 7
252448 40
252450 13
252456 31
252459 16
252460 31
252479 4
252489 34
252706 7
252707 37
252714 4
252721 4
252727 37
252755 37
252765 7
252781 7
252792 31
253215 37
253318 10
253321 22
253332 7
253423 25
253433 37
253441 28
253443 37
253451 7
253452 16
253454 31
253721 31
253725 4
253731 4
253734 37
253735 37
253747 34
253749 16
253752 34
253754 7
253791 7
254182 19
254200 22
254205 14
254206 28
254207 31
254211 0
254215 40
254216 7
254222 27
254231 31
254232 1
254271 37
254282 0
254334 19
254352 32
254362 41
254371 6
254373 34
254400 10
254411 12
254412 31
254415 28
254421 1
254423 31
254424 37
254427 7
254435 31
254441 28
254443 31
254445 25
254446 7
254451 37
254452 1
254453 37
254466 16
254476 16
254477 28
254478 7
254495 37
254701 31
254721 7
254733 4
254737 37
254771 37
254816 31
254857 7
255210 12
255230 27
255300 0
255301 32
255316 13
255323 13
255328 24
255337 21
255340 34
255393 4
255422 1
255425 31
255430 7
255432 37
255433 31
255437 37
255440 4
255442 37
255445 7
255447 31
255451 31
255455 40
255463 7
255471 7
255497 31
255714 7
255735 31
255746 37
255750 4
255751 4
255769 4
255772 7
255783 34
255786 4
255791 16
255792 31
256100 36
256271 28
256281 34
256317 1
256318 25
256334 34
256415 31
256419 7
256442 7
256443 6
256456 28
256473 16
256474 37
256713 4
256741 31
256752 37
256753 7
256791 31
259103 28
259104 6
259106 4
259107 19
259108 15
259192 23
259193 10
259194 31
259195 14
259200 16
259201 34
259203 40
259401 31
260313 16
260334 37
260421 31
260702 4
260712 37
260719 7
260791 31
261102 31
261111 14
261112 40
261113 6
261205 28
261207 12
261208 22
261214 37
261215 15
261218 34
261305 1
261306 13
261332 28
261342 0
261343 28
261361 9
261411 19
261421 28
261430 16
261433 34
261444 40
261446 37
261447 22
261448 28
261449 7
261453 34
261465 7
261473 7
261479 19
261494 7
261497 41
261498 34
261499 25
261731 31
261736 31
261742 4
261745 34
261751 31
261752 7
261755 37
261763 4
261792 34
261796 7
261891 4
263710 4
263721 37
263724 7
263745 31
263751 31
264702 37
264703 7
264705 31
264755 4
264791 34
265706 37
265709 7
265710 31
266703 31
266801 7
268735 7
268741 31
268742 37
269103 31
269105 16
269130 9
269210 31
269341 13
269360 10
269370 16
269497 25
269498 7
270721 7
270791 7
305203 7
318322 0
329104 4
330112 22
351100 37
351201 0
351302 25
351331 16
351364 34
351371 13
351425 16
351426 31
351464 37
352103 33
352311 4
352314 31
352315 7
352323 31
352331 22
352332 37
352401 33
352412 7
352413 16
352421 31
352422 41
352433 4
352441 19
353313 22
353418 28
353431 34
353441 31
353471 25
353482 7
354311 40
354312 16
355411 37
356100 20
356101 15
356102 36
356210 15
356261 16
356306 40
356331 25
356333 28
356373 34
356375 37
356411 37
356412 7
356415 4
356416 7
356431 13
356432 4
356441 37
356442 28
356443 34
356444 16
356446 31
356447 37
356448 31
356449 7
356455 31
356472 16
356474 31
357110 37
357210 6
357322 37
357323 16
357418 41
357421 40
357432 37
357442 31
357444 7
357446 1
359202 33
359205 25
359206 22
359302 10
359305 28
359341 37
359350 22
359360 16
359401 0
359403 7
359419 31
359422 37
359452 19
359455 31
359460 34
359461 37
360100 3
360301 31
360402 37
360403 37
360411 16
360423 37
360441 4
360460 7
361210 27
361211 28
361214 16
361341 34
361414 31
361421 28
361433 7
361442 37
361461 28
361475 13
363210 3
365201 4
365211 28
365301 34
365324 0
365331 37
365422 10
365425 28
365426 40
368211 4
368310 0
368412 37
368417 25
368433 31
400110 3
400210 10
401281 13
401383 25
401391 22
403281 28
403383 34
406284 31
406294 37
406386 16
406396 31
408382 7
410381 1
413383 4
413391 37
415393 10
420282 7
421282 19
421292 16
421386 13
421396 40
422381 28
428281 34
428282 4
428381 19
428383 12
461170 3
461471 34
461472 25
461511 28
461526 34
462130 18
462531 4
462542 37
462545 7
462582 31
462587 31
462588 37
463201 16
463252 7
463331 1
463332 7
463342 3
463354 37
463512 22
463513 1
463534 40
463543 28
463544 7
463557 34
463559 37
463571 1
463592 22
464302 16
464312 25
464402 10
464403 4
464414 13
464442 37
464443 31
464445 34
464446 16
464500 37
464502 22
464504 34
464505 25
464506 1
464508 37
464544 13
464545 40
464546 31
464549 31
501201 10
501202 7
501305 13
501306 10
502313 7
502314 28
504202 34
504305 1
506202 25
508304 34
510306 22
512304 25
513113 7
513115 13
513212 0
513216 13
513217 7
513225 22
513284 25
513331 1
513343 22
513364 25
513373 13
513390 31
513411 31
513446 31
514202 13
514206 28
514222 34
514244 16
514272 37
514322 10
514336 13
514352 37
514358 28
514382 34
514384 16
514396 22
514398 7
515204 31
515205 22
515256 7
515257 13
515330 13
515337 40
515339 7
515362 22
515377 34
515378 1
515380 25
515407 4
515440 37
515441 7
515442 31
518724 31
518770 7
551311 37
552216 16
552217 22
552232 16
553312 25
554314 10
555313 7
556311 31
557433 1
558101 21
558432 37
561312 7
562101 19
562211 10
571115 22
601201 18
601202 0
601231 13
601242 28
601342 12
601346 16
601351 34
601361 1
601423 37
601424 31
601425 25
601436 31
601452 4
601471 37
601472 7
601745 7
601769 37
601775 31
602100 39
602102 17
602103 39
602120 4
602121 9
602122 31
602314 6
602421 10
602432 7
602453 34
602454 31
602455 12
602461 16
602463 31
602471 19
602741 7
602751 31
603200 6
603231 0
603321 28
603341 28
603396 16
603423 4
603496 37
603725 37
603743 7
603751 31
604101 34
604211 28
604311 25
604314 10
604315 12
604411 0
604415 21
604423 28
604431 4
604443 31
604454 37
604455 7
605203 10
605302 28
605313 28
605315 0
605316 22
605321 4
605331 19
605340 31
605412 37
605430 34
605711 7
605719 31
606211 16
606243 16
606245 34
606264 1
606310 7
606341 4
606342 37
606344 7
606451 16
606452 31
610114 39
651211 37
651212 1
651231 22
651234 13
651306 31
651313 16
651314 34
651317 31
651319 4
651416 37
651425 7
701100 16
701101 41
701181 12
701202 10
701211 7
701235 13
701243 37
701244 19
701283 34
701310 4
701335 31
701408 31
701409 31
701410 37
701496 7
702100 39
702101 41
702211 31
702213 6
702312 27
702317 12
702321 37
702331 7
702342 31
702354 28
702423 37
702443 7
702499 31
703103 37
703202 10
703204 28
703243 31
703244 10
703322 22
703324 1
703330 28
703331 25
703345 22
703351 12
703361 6
703413 37
703441 10
703444 1
703499 31
705191 24
705211 13
705311 13
705328 22
705331 31
705332 6
705343 16
705431 9
705438 19
705440 27
705441 22
705444 28
705446 37
705447 6
705461 40
705492 34
705499 19
751100 16
751101 31
751102 34
751106 22
751202 24
751209 40
751301 32
751302 21
751303 15
751305 7
751308 41
751309 25
751321 16
751326 34
751330 22
751345 40
751401 0
751403 31
751405 33
751408 37
751417 16
751418 7
751419 34
751421 4
751422 37
751424 34
751428 21
751440 7
751443 19
751447 18
751451 37
751701 16
751702 31
751703 34
751705 19
751706 31
751708 7
751710 4
751716 37
751718 37
751719 34
751727 4
751742 4
751744 37
801100 3
801122 13
801134 25
801204 31
801233 4
801236 7
801241 10
801322 37
801334 22
801371 10
803122 37
803124 34
803131 22
803230 34
803232 16
803260 7
851100 30
851103 12
851104 31
851105 6
851200 7
851201 33
851202 18
851204 7
851207 16
851241 22
851252 37
851253 19
851261 4
851263 0
851273 9
851305 26
851306 25
851309 40
851313 28
851363 10
851366 33
851375 31
851400 0
851401 10
851404 13
851406 7
851443 28
851445 34
851450 4
851462 22
851467 12
951100 35
951202 37
951231 22
951321 22
951324 28
951366 34
951421 31
951498-020 16
951498-021 37
953102 22
953104 13
953111 33
953201 22
953202 34
953214 25
953231 25
953232 37
953234 16
953323 4
953361 31
953421 1
953444 37
953494 34
953495 10
954100 10
954140 2
954142 16
954143 37
954170 9
954240 0
954244 24
954310 13
954340 34
954347 28
954371 13
954372 34
954374 37
954413 34
954421 25
954423 4
954464 16
954472 37
954491 28
954498 31
955102 10
955104 24
