001101 13
001102 1
001111 41
001113 34
001201 1
001202 28
001210 7
001212 25
001218 0
001230 14
001231 30
001250 16
001291 37
001293 10
001310 0
001311 22
001312 25
001318 10
001320 19
001321 40
001323 16
001330 22
001342 4
001353 28
001354 15
001362 7
001381 25
001410 19
001423 10
001425 22
001443 25
001444 0
001445 16
001447 19
001461 19
002101 40
002110 10
002191 34
002192 10
002201 31
002211 25
002221 28
002250 40
002301 10
002333 25
002351 28
002361 12
002365 0
002401 7
002473 22
003101 7
003191 27
003201 22
003313 25
003320 28
003331 40
003367 19
004241 16
004282 27
004301 41
004303 10
004324 33
004432 19
004473 12
004475 40
004483 6
006103 33
006126 16
006206 34
006226 25
006242 12
006253 40
006303 12
006325 19
006326 7
006330 28
006344 22
006346 16
006355 25
006425 40
006426 19
006428 10
006443 22
006448 10
006454 25
008214 10
008303 19
008314 3
008411 22
008417 25
009103 35
009105 7
009212 25
009230 21
009231 19
009326 25
009328 34
009426 25
009431 19
009445 19
011100 16
011151 19
011152 31
011153 21
011251 37
011257 17
011259 34
011269 23
011276 12
011353 25
011356 4
011358 16
011362 28
011374 31
011461 19
011464 7
011479 12
012100 22
012173 3
012200 10
012273 19
012371 34
012475 19
013103 10
013110 7
013203 9
013204 25
013206 36
013209 40
013301 30
013302 4
013303 19
013305 40
013306 7
013307 40
013317 31
013321 33
013326 22
013329 19
013330 7
013335 19
013337 7
013413 19
013427 19
013433 22
014210 4
014211 28
014270 40
014310 37
014311 40
014322 19
014323 34
014324 22
014370 19
014371 25
014381 15
014382 16
014401 34
014471 36
014481 0
014485 19
015101 27
016101 12
017101 31
017102 25
017111 10
017112 19
017210 22
018103 40
018111 10
018113 31
018125 25
018203 10
018211 19
018213 40
018231 16
018235 25
018271 27
018301 19
018335 7
018351 28
018353 19
018433 19
018435 22
018438 25
018467 25
019101 32
019103 7
019105 12
019106 31
019108 25
019111 22
019203 25
019205 31
019206 25
019208 40
019211 16
019221 31
019303 7
019311 16
019331 28
019361 10
019371 4
019373 19
019381 40
019411 16
019442 40
019471 7
019473 19
020101 40
020102 22
020211 16
020212 19
020231 41
020311 28
020321 40
020333 34
020341 19
020362 37
020363 7
021101 9
021102 34
021203 16
021270 19
025108 19
025110 19
025310 19
025480 19
026101 4
026102 10
026111 9
026112 25
026201 22
026271 22
029701 22
029711 19
050100 16
050103 34
050104 0
050106 23
050111 18
051302 31
051304 22
051306 30
051313 25
051412 25
051418 19
052201 28
052202 4
052314 31
052350 22
052352 7
052357 25
052400 28
052419 40
052443 25
052445 13
052447 19
052725 22
055701 19
055706 7
055707 25
055771 7
055797 22
057121 37
057122 22
057123 0
057125 38
057126 30
057127 19
057128 33
057129 33
057130 6
057131 36
057132 36
057133 7
057134 22
057135 16
057137 31
057138 19
057139 28
057140 16
057201 34
057205 34
057215 40
057274 16
057279 18
057283 4
057284 22
057285 25
057288 19
057293 7
057294 19
057300 40
057302 7
057305 40
057351 22
057366 28
057403 31
057405 37
057410 40
057411 33
057420 13
057425 33
057426 22
057428 30
059419 27
061106 16
061201 19
061223 37
061306 7
061307 41
061312 28
061313 19
061317 25
061401 10
061403 19
061404 0
062342 13
062343 25
062344 40
062345 7
062346 16
062360 7
062380 25
062411 34
062452 16
062460 22
062470 16
063703 22
063813 19
064207 19
064231 13
064251 7
064281 22
064291 19
064301 19
064303 13
064410 40
064412 7
064417 19
064418 25
064424 12
064474 19
065210 28
065212 33
065310 4
065320 19
065332 34
065421 1
065434 16
065435 22
065436 25
065437 19
065797 19
065799 19
066221 4
066323 3
066410 19
066414 34
066425 16
066755 22
067202 19
067303 28
067311 7
067372 25
067373 10
067432 13
070301 34
070303 25
070304 13
070305 19
070308 22
070400 19
070401 19
070403 22
070404 10
070410 25
070411 22
070415 34
070416 7
070720 7
070721 25
070726 22
070727 22
070731 19
070792 19
071412 19
071413 19
071414 13
071420 25
071422 34
071423 22
071425 41
071712 25
071811 22
074100 27
074101 28
074414 16
076314 34
076414 28
076425 19
076427 30
076428 7
076429 19
076444 12
076466 1
078444 3
078454 16
079444 12
088708 19
091800 19
099101 19
099102 34
100102 22
100103 19
100104 25
100105 25
100109 10
100110 40
100111 31
100112 1
100206 7
100207 19
100208 0
100209 19
100210 10
100211 25
100212 18
100213 37
100218 16
100219 22
100220 27
100225 10
100226 22
100281 37
100306 37
100307 10
100308 31
100309 21
100310 13
100501 8
101100 40
101105 41
101201 10
101211 22
101400 10
101405 7
103112 22
103191 19
103271 9
104200 40
104201 7
104300 12
104301 22
104340 19
104410 22
104424 19
104495 7
105304 25
109100 9
109115 24
112101 25
112102 22
112103 31
112108 19
112201 22
112203 19
112213 34
112300 40
112411 25
112412 19
115200 25
115301 19
115302 25
116400 25
126101 41
126216 41
126321 30
126330 28
126333 7
126334 7
126428 25
126432 19
126443 16
127100 34
127101 18
127203 22
127204 31
127207 25
127303 28
127312 9
127314 0
127315 19
127316 39
127329 3
127337 13
127711 7
127717 25
127718 22
127719 19
128100 30
128101 31
128202 19
128203 13
128204 22
128307 13
128309 16
128334 22
128352 1
128354 34
128403 28
128701 7
128710 25
128730 22
128740 19
128762 19
140101 40
140102 19
140105 7
152321 19
154104 8
154141 22
154151 3
154231 16
154262 25
154281 30
154311 40
154330 7
154340 36
154351 19
154353 13
154363 19
154375 31
154377 13
154388 10
154433 19
154443 22
154488 7
159100 17
159101 22
159151 22
159203 21
159221 10
159302 19
159303 7
159305 31
159332 19
159356 25
159362 40
159403 10
159411 25
159412 22
159431 22
160341 19
164200 24
164341 16
168101 34
168410 22
176100 25
176101 3
176104 31
176220 21
177103 37
177214 3
177215 40
177216 25
177217 16
177242 22
177281 19
177283 37
177285 13
177321 19
177330 25
177336 10
177341 40
177361 7
177393 19
177404 28
177414 22
177427 19
177430 16
177434 31
177446 22
177447 37
177450 34
177465 13
177467 19
177481 13
177494 19
179403 22
201100 31
201110 0
201114 19
201115 27
201116 3
202100 30
202101 34
202141 16
202143 0
202145 34
202184 0
202231 31
202260 33
202310 19
202311 7
202332 16
202334 40
202342 4
202361 22
202371 31
202410 16
202434 34
202438 16
202443 19
202473 25
202474 10
202477 19
202495 31
202737 25
202765 22
202773 25
202776 19
202783 25
202833 19
202844 7
202848 19
203100 25
203103 6
203111 41
203116 16
203151 3
203162 16
203201 41
203203 41
203204 40
203206 41
203207 15
203208 4
203209 14
203222 3
203226 24
203231 13
203235 12
203236 25
203255 19
203300 34
203303 25
203315 30
203323 37
203324 28
203331 25
203332 41
203333 7
203351 19
203352 21
203475 7
203705 22
203709 25
203713 25
203714 22
203716 19
203723 22
203732 19
203736 25
203739 22
203743 22
203753 7
203803 7
203807 19
203821 25
203828 19
203879 16
204100 25
204101 31
204111 19
204202 40
204211 25
204216 19
204217 19
204231 13
204321 3
204325 22
204335 7
204341 41
204361 0
204363 19
204365 10
204381 3
204383 19
204432 19
204442 25
204451 21
204453 16
204471 34
204721 25
204725 19
204735 22
204764 19
204891 19
205100 28
205103 7
205104 25
205105 6
205235 12
205239 31
205275 10
205303 0
205337 22
205355 28
205393 16
205441 22
205461 19
205765 7
205805 19
206100 20
206101 24
206103 10
206107 41
206108 18
206111 29
206113 7
206161 30
206171 39
206181 9
206191 19
206203 37
206207 1
206211 22
206216 34
206217 7
206254 19
206261 14
206267 28
206281 16
206300 28
206321 7
206324 25
206325 41
206327 16
206328 40
206331 13
206335 22
206336 25
206341 30
206355 40
206362 19
206370 19
206381 28
206412 19
206432 34
206436 4
206437 19
206441 31
206457 19
206470 22
206705 22
206707 25
206713 19
206717 22
206720 22
206726 25
206738 22
206739 19
206743 22
206753 22
206785 19
207100 12
207103 25
207105 37
207106 19
207107 16
207109 34
207110 31
207115 18
207117 34
207123 3
207131 41
207135 19
207171 6
207173 21
207183 19
207187 16
207203 16
207205 16
207208 27
207213 13
207308 6
207310 37
207313 19
207323 34
207348 4
207401 22
207403 10
207406 13
207419 12
207422 7
207455 7
207458 25
207463 19
207701 7
207703 25
207705 22
207711 19
207808 19
208101 29
208140 19
208150 25
208263 31
208270 13
208271 5
208280 7
208321 13
208329 40
208343 7
208348 31
208383 7
208425 12
208439 22
208440 19
208469 19
208711 7
208760 25
208761 22
208770 19
208871 22
208872 19
209201 31
209251 25
209301 22
209302 16
209303 19
209331 10
209351 4
209358 10
209361 40
209368 7
209375 7
209451 16
209453 7
209461 22
209463 19
209483 22
209485 19
209705 16
209707 7
209771 25
209773 10
209779 22
209785 19
210201 40
210202 25
210204 19
210343 10
210351 19
210383 22
210425 25
210433 25
210434 40
210445 19
210485 19
210703 7
210704 25
210705 22
210707 19
210731 25
211100 21
211311 37
211315 15
211319 40
211440 22
211443 19
211702 19
211889 22
212701 7
212703 22
212711 19
212741 25
213706 19
213707 22
213711 19
213714 25
214100 31
214261 34
214312 10
214341 28
214381 19
214401 22
214411 16
214414 0
214415 25
214430 19
214445 10
215205 9
215206 34
215207 34
215208 16
215302 31
215381 12
215411 25
215431 19
215734 22
215744 25
215752 19
215762 25
215782 7
215785 22
216781 25
217701 25
217703 22
217707 19
217726 22
217775 19
217781 19
218100 7
218101 34
218233 10
218235 22
218321 22
218323 25
218351 19
218471 25
218474 22
218475 19
219720 19
219731 25
220703 19
226701 19
226702 19
226709 19
226710 22
229123 4
229323 19
251211 28
251213 4
251216 7
251261 41
251281 22
251312 4
251313 16
251333 10
251361 25
251363 31
251371 40
251372 22
251374 19
251384 31
251411 7
251437 19
251438 19
251439 22
251461 16
251475 19
251479 25
251701 16
251702 7
251703 19
251711 16
251714 7
251715 25
251717 22
251718 16
251745 25
251751 7
251752 25
251757 22
251758 16
251776 16
251783 7
251785 25
251790 19
252201 4
252211 28
252232 36
252282 33
252283 10
252285 31
252286 18
252301 31
252302 19
252317 30
252320 1
252322 13
252325 41
252327 34
252330 27
252342 33
252363 10
252420 28
252421 16
252425 22
252427 40
252439 19
252444 25
252450 19
252460 19
252498 7
252702 7
252708 7
252711 22
252719 7
252724 22
252725 25
252752 25
252785 25
252789 16
252791 19
253303 13
253314 37
253315 13
253432 25
253455 22
253456 19
253481 7
253701 25
253717 22
253722 19
253732 7
253734 22
253736 16
253747 25
253748 16
253752 19
253754 7
254181 19
254205 3
254206 10
254211 36
254215 7
254216 22
254222 10
254231 37
254232 25
254252 16
254282 7
254302 13
254325 6
254333 41
254372 32
254373 10
254421 19
254426 28
254436 0
254439 16
254441 25
254451 1
254456 31
254457 22
254459 19
254461 25
254471 34
254473 19
254494 31
254496 13
254700 22
254702 16
254703 19
254710 25
254734 19
254770 16
254804 7
254872 25
254875 7
255201 7
255215 37
255251 19
255290 3
255300 0
255320 15
255321 18
255330 41
255359 28
255415 16
255417 19
255420 16
255422 7
255424 7
255431 19
255432 25
255434 31
255438 19
255449 16
255454 22
255455 22
255460 7
255462 22
255471 22
255492 7
255722 25
255734 22
255750 16
255752 7
255758 19
255764 19
255766 7
255770 22
255771 25
255772-001 7
255772-801 22
255772-803 7
255772-804 19
256100 6
256212 37
256271 22
256281 10
256316 25
256333 19
256373 16
256384 22
256412 7
256418 7
256441 34
256457 25
256462 22
256473 7
256700 22
256751 19
259103 40
259104 24
259106 4
259107 24
259108 34
259109 21
259191 0
259192 7
259194 13
259201 39
259203 19
260312 22
260701 10
260705 22
260709 19
260716 16
260718 25
260772 7
261103 22
261111 11
261200 31
261210 16
261212 22
261216 41
261217 34
261304 18
261305 1
261335 40
261336 25
261342 37
261343 3
261361 13
261405 7
261434 19
261447 22
261456 25
261457 19
261458 16
261469 22
261473 10
261497 22
261701 7
261702 25
261706 22
261739 19
261746 25
261754 19
261769 19
261781 19
261791 22
261792 19
263701 25
263702 22
263720 7
263760 19
263771 7
264701 16
264706 7
264710 22
264741 25
264789 22
264791 19
266702 19
268721 19
269101 22
269102 19
269111 16
269200 19
269201 16
269202 34
269340 28
269430 22
269462 16
269470 25
269494 40
270701 22
270702 19
270711 25
270712 22
270791 25
301254 28
305202 16
311352 4
318322 16
318351 25
320351 19
321251 19
324703 19
328310 25
328313 13
330110 27
330111 15
351100 0
351200 19
351201 25
351202 27
351301 25
351302 16
351321 34
351331 28
351410 19
351425 25
351441 22
351442 40
351451 7
351463 13
351466 19
352103 31
352301 37
352311 25
352321 3
352323 19
352421 19
352422 10
352431 13
353301 7
353311 19
353421 25
353431 10
353451 31
353452 19
354311 16
356100 38
356101 27
356102 4
356202 7
356210 22
356212 25
356261 10
356303 31
356304 34
356312 25
356361 19
356411 4
356416 22
356432 25
356477 34
357110 31
357210 0
357322 7
357325 22
357360 28
357417 34
357441 19
357491 22
359202 26
359203 31
359204 13
359206 19
359301 13
359311 4
359380 22
359405 34
359409 25
359410 10
359413 25
359421 19
359465 22
360100 36
360210 21
360301 4
360304 13
360402 19
360403 7
360423 25
360460 31
361210 7
361211 7
361301 22
361321 10
361351 19
361453 22
361471 19
362211 36
363210 1
365201 13
365211 19
365321 16
365421 7
365427 19
365428 40
365431 22
368200 10
368317 13
368431 19
400110 11
400211 25
401382 7
403382 22
406385 10
406395 16
409281 40
409292 34
411281 13
411291 10
415291 16
420281 7
421281 25
421291 22
421385 40
421395 28
423382 34
428382 13
461100 16
461170 27
461471 22
461511 7
461523 25
461526 19
461527 40
461529 19
462130 16
462151 31
462505 25
462523 22
462541 40
462586 19
462587 40
462588 22
463251 22
463311 19
463331 25
463341 40
463353 13
463402 25
463433 40
463455 10
463491 34
463503 16
463504 13
463545 40
463556 25
463558 10
464301 16
464311 7
464341 10
464401 7
464413 16
464441 19
464443 22
464444 13
464445 13
464501 7
464502 7
464503 25
464508 19
464509 19
464510 19
464541 22
464542 16
464546 19
464549 34
501301 19
501302 10
502211 10
504302 25
506303 16
506361 7
508203 39
508303 22
510201 7
510202 13
510411 25
510414 22
510415 16
510417 7
512303 7
513111 27
513114 41
513223 7
513224 25
513283 22
513315 19
513324 10
513328 16
513363 7
513371 22
513412 16
513429 7
513445 25
513451 22
513471 19
514211 25
514241 22
514317 40
514323 13
514335 10
514341 22
514343 19
514381 7
514383 34
514395 25
514397 16
514466 19
515201 28
515250 41
515307 19
515312 40
515334 13
515361 10
515364 22
515376 25
515403 25
515455 22
515490 19
551311 25
552216 19
552217 22
552222 19
553312 25
554314 22
555313 22
556311 19
558431 19
561312 19
562211 19
571115 28
601201 7
601302 31
601321 7
601341 40
601344 19
601351 13
601422 34
601452 22
601456 10
601462 19
601702 7
601731 25
601742 19
601758 19
601765 7
601767 22
602100 5
602102 22
602103 7
602111 19
602211 18
602315 7
602321 21
602322 4
602431 16
602432 7
602441 19
602464 22
602731 19
602753 22
602761 22
603211 37
603322 13
603332 25
603352 10
603371 16
603421 19
603441 19
603711 25
603723 22
603731 19
604304 28
604305 13
604312 34
604313 25
604351 10
604352 13
604412 16
604414 7
604416 25
604422 22
604451 19
604715 22
605201 19
605204 31
605301 1
605313 31
605314 4
605321 13
605322 19
605341 7
605412 10
605432 7
605444 25
605445 22
605461 19
605701 22
605702 19
605717 19
605741 25
605745 22
605751 22
606231 7
606242 28
606244 37
606263 13
606343 25
606362 40
606363 19
610114 34
651105 10
651109 19
651120 34
651210 22
651311 7
651312 25
651315 19
651316 22
701101 25
701181 22
701182 22
701183 15
701201 19
701211 3
701281 40
701295 22
701313 16
701321 0
701331 19
701341 16
701342 36
701344 10
701407 22
701425 16
701455 7
701494 19
702100 7
702101 22
702205 40
702211 33
702213 4
702312 30
702316 25
702317 31
702318 13
702341 13
702351 22
702411 10
702416 16
702431 19
703103 6
703202 12
703243 13
703244 12
703305 40
703308 16
703309 25
703310 22
703311 3
703322 10
703323 19
703324 25
703330 9
703331 28
703391 10
703404 16
703412 22
703447 7
703454 25
703498 19
705191 25
705211 34
705311 36
705328 34
705329 18
705331 7
705342 16
705351 10
705437 25
705438 19
705440 19
705441 9
705442 41
705444 31
705446 3
705447 19
705461 10
705493 19
751100 10
751101 33
751102 15
751106 33
751202 22
751209 13
751301 36
751302 39
751303 28
751305 15
751308 9
751309 6
751321 25
751326 22
751327 19
751330 19
751345 10
751401 41
751403 22
751405 25
751408 3
751417 22
751419 31
751425 25
751428 31
751441 22
751443 37
751447 19
751451 10
751701 16
751702 7
751703 10
751704 22
751705 13
751706 16
751708 7
751710 10
751712 19
751716 22
751718 25
751726 19
751734 13
751742 22
751743 25
801100 40
801201 31
801225 25
801235 40
801324 19
801331 16
801333 22
801334 25
801336 40
801421 19
801471 22
801481 13
803121 7
803123 25
803231 25
803331 19
851100 5
851104 25
851105 22
851108 7
851200 24
851201 10
851202 40
851204 34
851205 0
851243 37
851251 38
851262 41
851273 27
851305 10
851309 12
851313 28
851343 21
851344 7
851345 34
851360 4
851362 7
851367 22
851372 22
851375 16
851400 3
851404 1
851406 41
851407 19
851462 21
852101 7
852102 25
852103 19
951100 28
951102 22
951106 40
951125 25
951203 7
951302 40
951323 22
951331 13
951344 22
951348 13
951352 16
951497-020 34
951497-021 25
953103 25
953111 21
953211 22
953212 19
953233 25
953261 22
953321 40
953322 10
953331 7
953361 40
953421 22
953494 13
954100 16
954140 19
954143 16
954170 13
954246 41
954326 28
954370 7
954374 13
954410 28
954413 40
954416 10
954426 25
954443 25
954449 16
954462 22
954471 34
954477 3
954491 19
954498 22
955102 24
955103 34
955104 19
958111 19
