001101 1
001102 31
001111 16
001113 25
001201 1
001202 25
001210 3
001230 31
001231 6
001250 10
001281 19
001291 25
001293 25
001310 25
001311 19
001312 28
001318 16
001320 13
001321 34
001323 4
001330 7
001342 4
001353 13
001354 4
001361 13
001362 25
001381 9
001410 37
001425 25
001443 13
001444 19
001445 37
002101 28
002110 16
002191 21
002201 40
002211 21
002221 13
002250 28
002301 19
002333 37
002365 25
003101 16
003191 34
003201 7
003414 7
003421 37
003436 13
004282 37
004301 7
004303 34
004324 16
004432 37
004473 13
004475 28
004483 25
006103 16
006126 28
006206 7
006226 34
006241 13
006242 19
006253 4
006303 19
006331 25
006346 25
006448 25
008214 28
008303 13
008314 19
008411 16
008417 4
009103 22
009105 31
009212 16
009230 13
009231 25
009326 13
009328 25
011100 38
011152 37
011153 32
011251 2
011257 23
011259 4
011269 11
011276 28
011353 16
011356 37
011362 13
011363 37
011374 25
011461 25
011464 37
011479 19
012100 16
012173 9
012200 37
012273 28
012371 4
013103 11
013110 16
013203 9
013204 16
013207 13
013209 7
013302 4
013306 4
013307 34
013317 13
013326 37
013329 13
013330 25
013413 25
013420 25
013433 37
014210 22
014211 7
014270 16
014310 22
014322 13
014323 25
014370 34
014371 4
014381 7
014401 15
014481 7
015101 13
016101 37
016102 25
017101 28
017102 19
017111 25
017210 25
018103 16
018111 18
018113 10
018125 30
018203 37
018211 31
018213 28
018231 13
018235 25
018271 4
018321 13
018351 37
019101 37
019102 18
019103 31
019105 37
019106 13
019108 37
019111 28
019203 19
019205 4
019211 33
019221 28
019303 10
019311 34
019331 37
019361 19
019371 25
019381 4
019471 25
020101 28
020102 10
020211 25
020231 19
020341 4
020362 9
021101 25
021102 16
021203 25
025108 31
025110 37
025310 25
025480 13
026101 6
026102 7
026111 25
029701 4
029711 25
050100 4
050103 20
050104 12
050106 40
050111 7
051300 34
051306 16
051313 25
051412 25
051418 19
051421 19
052202 36
052314 9
052350 34
052352 7
052357 25
052421 10
055701 25
055704 25
055771 25
057121 12
057122 5
057123 18
057125 41
057126 21
057127 41
057128 40
057129 15
057130 33
057131 11
057132 2
057133 10
057134 13
057135 9
057136 31
057137 40
057201 13
057213 16
057215 4
057284 4
057285 25
057288 7
057293 7
057294 19
057296 31
057300 28
057305 18
057403 16
057405 4
057410 4
057420 13
057425 9
057426 25
057428 19
057450 16
059419 6
061106 37
061201 19
061223 25
061306 9
061309 37
061312 19
061317 22
061403 6
062200 7
062320 22
062341 25
062342 10
062343 10
062344 22
062346 34
062360 7
062380 13
062411 34
062452 16
062460 19
062499 7
063710 4
064201 7
064206 25
064207 4
064271 10
064272 19
064281 25
064301 4
064410 37
064423 37
064424 15
065210 25
065212 16
065310 16
065320 22
065332 4
065436 13
065799 25
066221 13
066323 7
066410 4
066414 25
066425 25
067202 10
067303 4
067311 22
067372 36
067373 22
067432 37
070100 37
070201 37
070301 31
070303 4
070304 37
070308 37
070400 25
070401 37
070404 13
070413 25
070414 13
070415 28
070416 25
070711 19
070720 13
070721 4
070727 4
070731 25
070740 25
071411 16
071412 25
071413 25
071415 16
071416 3
071419 7
071420 25
071423 10
071425 4
071426 13
071724 25
074100 27
074101 30
074414 37
076312 9
076314 19
076414 10
076427 25
076428 37
076429 37
076444 16
076466 37
077422 25
078444 38
078454 0
099101 4
099102 27
100102 30
100103 4
100104 15
100105 31
100106 34
100107 7
100108 37
100205 40
100206 2
100207 15
100208 30
100209 19
100306 41
100307 39
100308 33
100309 18
100310 13
100501 7
101100 28
101105 10
101201 7
101211 4
101400 4
101405 19
103191 31
103271 27
104200 25
104201 16
104300 10
104301 4
104325 16
104340 25
104410 13
104495 13
105304 10
109100 9
109115 21
112101 37
112102 4
112103 37
112108 31
112110 37
112201 24
112203 0
112213 3
112300 28
112314 22
112411 4
115200 25
115300 25
115301 37
115302 4
126101 13
126321 13
126330 4
126428 37
126443 25
127100 13
127101 7
127203 7
127206 10
127207 40
127303 19
127312 15
127314 4
127315 34
127316 25
127320 13
127326 13
127329 25
127413 7
127711 19
127717 13
127718 4
127719 25
128100 37
128101 10
128202 16
128203 4
128204 13
128307 34
128309 25
128352 19
128354 19
128403 7
128701 25
128710 19
128730 13
128734 4
128740 4
128762 25
140103 27
152321 25
154104 16
154141 6
154151 24
154231 16
154262 25
154281 18
154311 10
154330 34
154352 16
154371 25
154384 33
154388 7
154443 4
154455 4
154482 25
154488 7
159100 41
159101 37
159151 25
159203 6
159221 18
159301 13
159351 25
159356 25
159403 19
159411 34
159412 13
159431 37
159454 4
164200 25
164341 37
168101 28
168313 4
176100 36
176101 16
176220 28
177103 4
177214 7
177216 25
177242 13
177283 16
177285 37
177321 37
177330 4
177336 25
177341 19
177361 37
177393 13
177404 7
177425 4
177426 37
177427 6
177434 13
177446 19
177447 10
177450 25
177464 34
177465 25
177467 28
177481 7
201100 25
201110 19
201114 13
201115 14
201116 38
201117 28
202100 28
202101 13
202141 27
202143 7
202145 4
202184 19
202231 12
202260 28
202321 28
202334 22
202342 25
202353 37
202361 19
202434 7
202473 13
202495 28
202742 4
202764 4
202765 13
202773 4
202782 4
202833 25
202848 13
202873 4
203100 35
203103 31
203111 7
203116 25
203151 4
203162 35
203201 25
203203 7
203204 28
203206 4
203207 33
203208 37
203209 7
203222 7
203226 30
203231 28
203235 3
203236 22
203255 19
203315 25
203331 25
203351 37
203352 10
203475 25
203714 4
203716 19
203722 13
203732 25
203736 13
203739 4
203743 13
203753 25
203821 19
203828 25
203879 37
204100 19
204101 34
204111 25
204202 25
204219 33
204231 7
204251 19
204321 37
204325 19
204341 16
204361 25
204363 25
204365 7
204381 13
204383 13
204432 4
204435 25
204451 4
204453 13
204471 25
204712 25
204721 13
204732 4
204735 19
205100 30
205103 4
205104 25
205105 7
205235 19
205239 27
205275 19
205303 4
205337 7
205355 25
205393 13
205712 13
205735 4
205783 25
206100 34
206101 25
206103 37
206107 25
206111 22
206113 37
206161 7
206171 25
206181 37
206191 28
206203 40
206211 15
206216 9
206217 37
206261 7
206267 7
206281 13
206300 7
206321 37
206324 10
206325 25
206327 28
206331 13
206335 25
206336 34
206341 4
206355 37
206362 7
206370 7
206381 37
206436 4
206437 13
206441 16
206717 4
206720 13
206721 4
206730 25
206736 25
206753 25
207100 24
207103 13
207105 19
207107 25
207109 37
207110 25
207115 16
207117 25
207123 19
207131 7
207135 7
207171 28
207173 28
207183 6
207187 37
207203 13
207205 34
207208 16
207213 19
207308 25
207310 19
207313 4
207323 4
207348 4
207401 37
207406 13
207701 19
207703 13
207705 4
207711 25
207741 25
208101 22
208140 25
208263 40
208270 33
208271 41
208272 25
208280 19
208321 16
208329 4
208343 37
208348 19
208425 37
208737 25
209201 25
209251 28
209301 13
209302 4
209303 37
209331 7
209351 10
209358 34
209361 7
209368 19
209375 19
210201 28
210202 10
210204 25
210343 19
210351 4
210383 13
210425 37
210434 7
210703 19
210704 13
210707 4
210731 25
210733 25
210743 25
211100 32
211311 13
211315 16
211319 7
211413 13
211440 4
211442 37
211495 25
211702 13
211889 4
213706 13
213707 25
213714 4
214261 28
214312 22
214341 13
214381 4
214414 34
214415 25
214421 13
215205 25
215206 19
215207 25
215208 19
215423 7
215424 37
215431 4
215475 19
215476 13
215485 4
215486 25
215734 4
215744 13
215752 25
215762 4
215785 4
217701 13
217703 4
217707 25
217734 4
217751 25
217775 4
218100 24
218101 13
218233 28
218235 25
218321 19
218323 25
218351 28
219761 4
219789 25
220703 25
226701 19
226702 13
226704 4
226711 4
226801 25
251101 16
251211 10
251213 19
251261 25
251281 19
251312 7
251313 10
251363 16
251374 34
251384 28
251419 19
251437 25
251438 28
251439 28
251451 13
251475 4
251701 19
251702 13
251703 25
251711 4
251715 25
251745 4
251751 37
251752 19
251757 13
251758 4
251776 37
251783 19
251784 13
251785 4
251790 25
252201 19
252211 26
252232 9
252282 16
252283 19
252285 9
252286 41
252301 13
252302 19
252317 41
252322 28
252325 37
252327 22
252330 10
252342 19
252363 25
252420 4
252421 28
252427 37
252444 37
252498 25
252702 19
252726 4
252746 13
252747 4
252791 25
253303 22
253314 4
253315 19
253455 28
253481 19
253701 25
253715 13
253717 34
253731 19
253732 13
253735 7
253736 4
253748 19
253754 37
254181 25
254205 37
254206 25
254211 28
254215 2
254216 19
254222 15
254231 33
254232 10
254252 16
254282 41
254302 4
254325 28
254333 21
254372 13
254373 13
254421 13
254426 25
254435 13
254436 16
254439 34
254442 4
254444 4
254451 4
254456 19
254459 16
254461 25
254471 37
254473 4
254700 25
254702 37
254703 13
254710 4
254711 19
254734 25
254736 37
254770 37
254804 19
254873 19
254875 4
255201 13
255215 37
255251 40
255290 4
255300 25
255320 13
255321 37
255330 0
255359 25
255415 4
255431 7
255432 37
255434 13
255454 37
255455 25
255492 7
255722 19
255734 13
255738 25
255750 4
255764 4
255770 13
255771 25
255772 4
255786 19
255811 4
255820 25
256100 13
256212 34
256281 13
256316 34
256333 19
256373 25
256418 25
256441 4
259103 31
259104 25
259106 4
259107 21
259108 23
259109 14
259191 28
259194 37
259201 24
259203 12
260402 28
260413 25
260701 25
260702 37
260705 19
260709 13
260716 19
260718 13
260772 4
261103 31
261111 10
261200 4
261210 12
261212 19
261216 34
261217 15
261304 25
261305 7
261335 22
261336 37
261342 16
261343 28
261361 25
261405 25
261434 4
261447 22
261458 4
261461 18
261469 34
261701 13
261702 4
261706 25
261739 19
261752 25
261754 4
261769 19
261791 13
261895 25
263701 13
263702 25
263720 19
263746 37
263760 4
263770 4
263771 19
264701 37
264703 19
264706 13
264710 13
264733 4
264791 25
266702 25
268721 25
269101 37
269102 31
269111 4
269200 19
269201 28
269202 16
269340 13
269430 25
269452 16
269462 37
269470 22
269493 28
301254 7
305202 19
311352 28
318322 25
318351 34
320351 16
321251 13
324703 25
328310 25
328313 13
330110 25
330111 7
351100 19
351200 28
351201 4
351301 25
351321 16
351331 4
351441 19
351442 37
351451 28
351466 25
351489 19
352103 31
352301 13
352311 16
352321 25
352323 28
352422 37
353210 25
353301 16
353311 13
353418 4
353421 13
353431 25
353451 28
354311 10
356100 37
356101 16
356102 34
356202 4
356210 10
356212 37
356261 13
356303 28
356304 19
356411 25
356416 16
357101 33
357110 25
357210 13
357322 37
357325 25
357417 19
357441 15
357491 28
359202 23
359203 28
359204 15
359210 6
359311 13
359409 37
359421 7
359465 19
360100 12
360400 19
360403 13
360423 4
360460 25
361210 15
361214 16
361301 19
361351 13
361442 37
361453 25
361461 7
361471 34
362211 23
363210 28
365321 19
365322 25
365324 7
365421 4
368200 16
400110 39
401382 22
403382 37
406385 4
406395 10
409281 10
409292 34
411281 19
411291 4
415291 16
420281 25
421281 37
421291 22
421385 19
421395 13
423382 25
428382 7
461100 26
461435 19
461472 4
461514 13
461523 4
462130 29
462151 7
462405 4
462409 25
462445 25
462541 13
462543 4
462584 25
463251 9
463311 19
463331 34
463341 7
463353 25
463402 10
463433 16
463455 25
463491 34
463503 7
463513 4
463545 25
463556 37
463571 13
464301 36
464311 13
464341 22
464401 7
464413 37
464441 13
464443 34
464444 4
464445 19
464502 19
501301 19
501302 13
504302 7
506303 37
506361 4
508203 3
508303 4
510201 28
510202 6
512303 25
513111 25
513114 7
513223 13
513224 4
513283 25
513315 19
513324 34
513328 7
513363 37
513371 4
513411 19
513429 13
513445 4
513471 25
514211 37
514241 13
514317 4
514323 25
514341 13
514343 37
514381 7
514383 19
514451 25
515201 10
515250 13
515306 37
515310 37
515334 13
515361 19
515364 13
515370 4
515373 25
518770 25
551312 7
552216 7
552217 16
552222 37
553311 37
554312 19
556412 13
561313 4
561314 25
562101 25
562211 13
601201 15
601302 9
601341 19
601344 4
601351 25
601422 37
601452 4
601456 7
601731 13
601758 4
601765 19
601842 25
602100 38
602102 29
602103 28
602111 16
602211 28
602315 19
602321 37
602322 13
602431 19
602432 25
602441 16
602464 4
602731 4
602761 25
603211 34
603321 4
603322 25
603351 13
603421 13
603441 4
603471 25
603496 25
603711 13
603723 4
603731 25
604304 4
604305 25
604312 13
604313 19
604351 18
604352 37
604451 25
604711 4
604715 25
605201 16
605204 25
605301 34
605313 25
605314 16
605321 4
605322 13
605701 19
605713 13
605741 4
605745 25
605751 25
606231 22
606242 7
606244 28
606263 25
606310 4
606343 13
610114 39
651104 37
651105 25
651109 28
651120 7
651210 25
651311 19
651312 13
651315 4
651316 25
701100 25
701101 10
701104 7
701181 7
701183 31
701201 19
701205 7
701211 33
701243 34
701281 22
701313 7
701321 13
701331 37
701341 4
701344 25
702100 4
702101 3
702205 4
702211 25
702213 21
702312 37
702316 7
702317 37
702341 13
702351 25
703103 13
703109 25
703202 6
703243 41
703244 19
703305 13
703308 4
703309 37
703310 19
703322 10
703323 34
703330 4
703331 7
703391 13
703404 13
703412 34
703447 19
703454 25
703498 4
705191 10
705211 15
705311 36
705329 19
705331 25
705332 13
705342 19
705351 22
705431 4
705438 7
705440 34
705441 25
705442 4
705444 37
705461 7
705493 13
705499 7
751100 10
751101 28
751102 28
751106 31
751202 25
751209 38
751301 4
751302 10
751303 4
751304 37
751305 7
751308 31
751309 34
751321 19
751326 19
751330 16
751345 13
751401 13
751403 16
751405 28
751408 10
751417 19
751418 16
751419 19
751422 34
751428 21
751440 25
751441 37
751443 37
751447 13
751451 13
751701 4
751702 25
751703 13
751704 19
751705 19
751706 13
751708 19
751712 25
751716 37
751724 4
751725 19
751726 4
751727 37
751729 37
751734 7
751744 13
751752 25
801100 18
801201 25
801225 34
801235 13
801321 4
801331 37
801333 19
801336 13
801421 4
801471 7
801481 37
803121 31
803123 37
803231 4
851100 37
851104 13
851105 10
851108 16
851200 16
851201 33
851202 7
851204 36
851205 12
851273 4
851305 30
851309 16
851313 34
851343 10
851344 25
851345 25
851360 16
851362 25
851367 19
851372 34
851375 18
851400 27
851404 28
851406 7
851407 37
951100 34
951101 7
951102 27
951125 19
951203 9
951302 37
951323 13
951331 4
951344 4
951348 13
951352 25
951497 25
953103 7
953111 28
953211 31
953212 27
953233 34
953261 10
953321 16
953322 37
953331 25
953361 25
953421 4
953494 37
954100 7
954140 28
954141 13
954245 37
954246 2
954260 6
954270 34
954311 4
954312 31
954320 7
954323 25
954343 16
954370 37
954374 19
954412 25
954413 25
954462 19
954471 25
954491 16
954498 13
