001101 1
001102 1
001112 37
001118 7
001201 1
001202 31
001210 11
001222 4
001223 7
001224 29
001225 4
001226 19
001227 23
001228 2
001229 3
001230 14
001231 34
001234 39
001250 28
001291 19
001292 13
001310 21
001311 8
001312 7
001314 10
001320 19
001321 19
001323 24
001330 25
001341 19
001342 31
001352 7
001355 41
001361 15
001362 37
001410 34
001423 4
001440 16
001445 36
001447 25
001471 31
001472 13
002102 16
002111 31
002191 16
002192 31
002202 18
002230 31
002260 16
002302 13
002311 25
002321 4
002331 31
002362 16
002402 31
002441 25
002471 4
002472 16
003101 34
003102 9
003191 34
003202 37
003332 13
003414 34
003421 16
003436 4
003454 31
004282 10
004465 18
004470 12
004472 31
004474 4
004476 25
006103 40
006126 10
006226 13
006241 13
006253 25
006307 34
006326 13
006330 19
006349 25
006443 16
006448 0
006454 31
006475 34
008214 19
008314 31
008326 16
008402 25
008411 31
009103 30
009213 19
009234 13
009236 34
009254 25
009301 25
009344 10
009355 31
009356 16
009358 18
009363 6
009446 16
011100 33
011101 36
011151 28
011154 36
011156 13
011157 28
011251 3
011268 31
011269 41
011276 18
011277 30
011278 12
011355 15
011367 10
011457 16
011479 10
012173 37
012174 34
012200 12
012374 13
012475 7
013103 15
013110 13
013203 6
013204 36
013207 15
013208 31
013209 0
013216 25
013217 19
013301 4
013303 40
013306 40
013321 16
013335 10
013337 34
013410 4
013413 19
013428 31
013431 31
013432 13
013433 37
014211 25
014270 37
014310 19
014311 25
014323 34
014370 9
014371 31
014383 34
014401 10
014422 18
014423 10
014471 25
014481 6
014483 31
015101 41
015102 16
016101 4
016102 37
017101 28
017102 31
017111 31
017231 19
018104 37
018112 13
018114 37
018126 16
018204 10
018271 28
018323 31
018352 31
018372 19
018467 31
018471 16
019101 0
019104 36
019105 15
019106 19
019112 25
019204 16
019205 13
019206 31
019212 31
019222 34
019332 34
019351 13
019362 31
019371 12
019373 37
019441 4
020101 41
020102 31
020212 16
020231 19
020232 25
020261 25
021101 28
021102 31
021203 13
021204 10
021270 37
024752 31
025110 13
025310 13
025481 10
026101 40
026102 0
026111 40
026112 13
026201 39
029732 4
030101 36
050100 26
050103 39
050104 9
050106 24
050112 9
050113 41
051302 0
051304 31
051306 31
051310 10
051313 37
051418 19
052203 7
052310 31
052314 40
052323 37
052331 25
052350 16
052351 31
052353 34
052355 37
052400 6
052417 34
052419 16
052422 25
052442 18
052447 13
052448 25
052449 4
053713 31
054821 31
055702 13
055734 34
055739 4
055757 31
057121 18
057122 35
057123 19
057125 33
057126 27
057127 21
057128 29
057129 30
057130 17
057131 39
057132 40
057133 36
057134 6
057135 24
057136 12
057137 34
057138 40
057139 41
057213 4
057283 28
057286 7
057287 25
057290 19
057295 7
057297 34
057298 16
057301 13
057302 4
057305 41
057316 10
057366 31
057401 7
057404 13
057407 34
057411 0
057413 25
057419 31
057427 16
057428 40
059405 16
059419 7
061103 31
061106 0
061201 34
061223 31
061224 34
061306 31
061307 31
061312 34
061313 19
061403 9
061405 13
062200 34
062210 19
062320 19
062343 13
062499 31
063201 37
064204 40
064231 13
064331 19
064411 19
064412 31
064421 4
064422 31
064423 4
064424 9
064430 25
064474 13
065120 16
065121 37
065211 13
065212 16
065311 37
065320 34
065333 4
065420 34
065435 31
065436 31
065437 31
065438 31
065797 31
066222 4
066324 9
066412 16
066414 13
067201 25
067203 13
067311 16
067371 7
067433 25
067435 7
067436 4
067491 13
070200 34
070201 13
070301 19
070303 19
070305 37
070401 19
070411 37
070413 28
070414 9
070416 10
070792 31
071411 31
071412 31
071414 16
071415 13
071416 9
071418 19
071419 34
071420 13
071423 4
071426 25
073721 31
074100 41
074101 27
074414 4
076425 19
076426 34
076427 37
076430 4
076444 34
076466 16
078444 30
078454 31
079220 13
099101 0
099102 19
099103 16
100104 10
100109 34
100110 41
100111 10
100112 30
100207 7
100220 34
100222 31
100228 13
100229 4
100230 16
100231 10
100233 31
100307 4
100308 40
100309 31
100310 19
100311 18
100312 15
100313 12
100314 37
100501 4
101201 13
101202 34
101205 22
101325 7
101405 16
101490 25
103271 11
104100 19
104302 6
104310 34
104320 16
104327 31
104334 31
104340 13
104435 13
104471 31
104490 13
109100 24
109114 6
112101 13
112105 7
112106 25
112109 19
112202 16
112205 13
112303 6
112321 16
112322 34
112406 16
112424 25
115301 16
115401 31
116301 34
116302 4
126101 19
126102 13
126212 9
126213 37
126214 7
126324 4
126326 9
126328 25
126330 36
126332 33
126400 6
126431 34
126436 31
126442 4
127100 33
127101 33
127202 19
127205 34
127313 3
127329 31
127330 25
127332 36
127333 10
127359 28
127411 13
127415 4
127416 31
127424 41
127433 37
127492 19
127493 16
127716 34
127720 4
127721 13
127727 31
128100 12
128101 40
128201 37
128304 3
128305 13
128306 30
128308 28
128310 9
128401 25
128423 10
128425 41
128427 10
128434 31
128443 33
128445 25
128451 34
128471 16
128481 7
128484 13
128700 4
128714 34
128727 31
128734 13
140101 4
140102 37
140103 0
140104 4
140105 16
152211 19
152301 31
152321 10
152331 31
154100 25
154104 12
154141 24
154152 25
154153 31
154173 7
154181 16
154251 3
154262 25
154276 16
154281 6
154301 13
154330 34
154431 19
154479 31
154492 34
159100 29
159101 15
159102 25
159151 12
159202 16
159204 13
159331 33
159351 19
159411 9
159434 31
160342 4
164261 31
164341 19
168100 34
168101 39
168410 13
176100 27
176101 16
176104 10
177103 19
177104 16
177113 34
177114 21
177141 19
177142 19
177181 7
177220 22
177222 2
177227 34
177228 16
177229 12
177300 25
177321 16
177332 39
177335 31
177336 37
177341 4
177361 13
177413 9
177420 37
177425 3
177429 6
177430 41
177431 18
177433 31
177441 13
177447 34
177460 10
177464 10
177465 19
177466 31
177470 9
177483 34
177491 40
177494 15
177495 10
179404 13
179406 19
179443 36
201100 10
201110 31
201114 31
201116 15
201117 4
201190 31
202100 33
202101 10
202102 36
202147 34
202231 6
202302 37
202303 31
202305 3
202311 31
202356 13
202362 19
202371 34
202405 16
202421 31
202432 40
202446 37
202461 31
202471 34
202475 31
202476 25
202484 34
202731 34
202744 31
202749 31
202802 31
202833 4
202843 34
203100 28
203104 40
203108 10
203111 15
203113 22
203114 22
203131 10
203132 16
203151 37
203152 37
203154 4
203158 31
203159 7
203162 29
203202 7
203204 36
203206 19
203208 31
203209 8
203211 25
203222 19
203223 0
203226 25
203232 16
203236 16
203250 13
203287 37
203300 33
203304 3
203316 6
203351 13
203352 31
203404 19
203413 16
203424 19
203425 13
203435 7
203459 37
203474 31
203708 4
203715 4
203719 34
203721 34
203725 4
203734 4
203735 31
203754 31
203775 4
203812 31
203825 4
203829 31
203879 31
204100 7
204101 25
204113 37
204123 36
204202 10
204217 31
204232 31
204251 10
204306 33
204315 7
204320 37
204333 16
204355 37
204362 15
204382 19
204422 4
204423 25
204424 31
204425 31
204443 10
204456 13
204482 13
204483 25
204490 39
204725 31
204735 34
204792 4
205100 6
205103 25
205105 24
205216 6
205232 6
205244 16
205252 37
205282 0
205324 37
205344 13
205358 25
205382 15
205421 25
205441 31
205473 16
205476 37
205731 34
205742 4
205764 34
205789 4
205796 31
206100 41
206103 6
206104 6
206108 16
206111 33
206112 19
206161 25
206162 25
206171 20
206172 19
206181 28
206182 6
206191 16
206203 40
206216 28
206217 37
206253 7
206255 16
206261 24
206266 0
206267 34
206281 25
206311 40
206313 13
206321 7
206324 18
206327 31
206331 25
206336 6
206341 9
206342 31
206362 6
206364 16
206367 10
206368 33
206370 19
206428 16
206435 4
206437 25
206457 19
206476 36
206481 25
206703 34
206714 34
206724 34
206734 31
206736 4
206737 4
206774 31
207104 37
207105 19
207106 19
207108 25
207109 36
207110 34
207116 16
207117 11
207118 40
207125 19
207162 25
207172 10
207181 3
207187 13
207188 34
207191 34
207195 31
207214 19
207302 31
207305 7
207306 16
207312 31
207321 16
207402 19
207408 40
207415 7
207442 6
207448 25
207481 4
207704 34
207706 4
207708 31
207712 31
207766 31
208101 23
208140 3
208141 7
208250 25
208263 28
208264 37
208272 24
208322 10
208345 25
208346 16
208353 6
208362 34
208373 25
208423 36
208444 9
208446 31
208460 16
208738 4
208772 31
208873 31
209203 10
209204 16
209252 34
209253 10
209262 16
209263 13
209270 25
209271 31
209272 7
209322 40
209332 40
209341 10
209352 13
209370 13
209376 37
209382 31
209424 19
209452 34
209454 7
209456 40
209466 37
209486 25
209712 34
209714 4
209716 4
209772 31
209787 34
210100 41
210200 31
210207 25
210221 37
210251 16
210276 34
210315 13
210331 34
210355 16
210432 37
210435 40
210463 10
210497 31
210702 31
210717 4
210741 4
210743 34
210744 4
210748 4
211100 39
211303 40
211312 10
211315 9
211318 37
211319 25
211341 15
211342 31
211444 34
211445 13
211446 16
211448 34
211449 25
211709 4
211843 31
212712 4
212721 31
212731 34
213706 4
213707 34
213708 31
213717 31
214301 37
214310 19
214340 18
214341 12
214352 13
214403 13
214412 4
214431 16
214491 25
215205 7
215206 16
215207 9
215208 13
215303 31
215311 4
215312 34
215313 25
215314 34
215401 16
215462 37
215482 10
215495 7
215497 10
215711 31
215742 31
217705 4
217708 31
217773 34
218100 10
218234 31
218236 34
218244 25
218262 16
218352 16
218362 25
218372 13
218382 31
218474 7
218481 31
218496 16
219741 4
219753 34
219766 31
219789 4
225702 13
225704 34
225706 4
225707 31
226703 31
226704 31
226711 34
226805 31
229223 16
229351 40
251100 12
251211 18
251213 19
251216 31
251242 34
251261 6
251292 16
251312 37
251313 25
251333 34
251334 10
251342 36
251361 19
251363 6
251371 10
251372 4
251374 15
251399 31
251411 37
251417 31
251434 13
251436 9
251451 4
251455 31
251456 25
251457 19
251461 16
251476 7
251477 15
251704 37
251707 31
251713 31
251716 4
251723 37
251724 34
251746 34
251748 4
251754 13
251760 34
251763 4
251765 31
251776 37
251781 34
251784 4
252210 15
252212 18
252222 6
252235 13
252281 28
252282 3
252283 37
252285 18
252311 25
252320 31
252328 15
252331 28
252353 16
252401 18
252402 40
252403 13
252404 34
252413 25
252420 25
252421 6
252422 19
252423 34
252427 19
252428 25
252429 40
252435 12
252440 31
252442 25
252443 37
252448 7
252450 16
252456 4
252459 31
252460 10
252479 10
252489 34
252706 34
252707 13
252727 31
252785 13
252789 34
252792 4
253215 27
253318 25
253321 10
253332 10
253416 31
253417 16
253423 37
253433 19
253441 31
253443 13
253451 25
253452 40
253454 34
253716 34
253721 31
253725 13
253734 19
253735 13
253747 34
253749 25
253752 13
253754 4
253791 4
254182 13
254200 10
254205 13
254206 28
254207 25
254211 18
254215 37
254216 3
254222 21
254231 30
254232 19
254271 16
254282 31
254302 18
254325 25
254334 37
254352 9
254362 26
254371 12
254373 15
254400 34
254411 19
254412 16
254415 34
254421 25
254422 4
254423 13
254424 25
254435 6
254441 37
254443 41
254445 4
254451 16
254452 25
254453 16
254454 16
254466 25
254476 7
254477 16
254478 19
254495 19
254701 31
254702 31
254721 31
254733 13
254737 31
254791 13
254816 4
254817 34
254857 34
255201 0
255210 16
255230 6
255300 34
255301 36
255316 9
255323 25
255328 19
255337 30
255340 15
255393 25
255422 18
255425 3
255429 41
255430 10
255431 28
255432 31
255433 16
255440 13
255442 25
255444 18
255445 4
255447 6
255451 6
255455 25
255462 34
255463 16
255471 36
255492 40
255497 37
255499 0
255714 31
255735 4
255750 31
255751 13
255769 37
255772 37
255783 34
256100 0
256271 16
256317 7
256318 10
256334 13
256418 25
256419 34
256441 31
256444 16
256456 37
256473 19
256474 31
256791 31
259103 8
259104 35
259106 5
259107 37
259108 33
259192 22
259193 41
259194 16
259195 7
259200 25
259201 40
259203 9
259401 10
260313 10
260334 16
260416 37
260421 16
260432 31
260702 4
261102 3
261111 10
261112 37
261113 19
261205 13
261207 10
261208 33
261214 6
261215 19
261218 31
261305 9
261306 25
261332 0
261342 13
261343 31
261361 28
261421 13
261430 37
261433 19
261438 40
261444 18
261446 37
261447 18
261448 19
261449 16
261453 13
261465 13
261473 34
261479 19
261494 13
261497-002 10
261497-008 31
261497-802 16
261497-808 34
261499 34
261736 34
261738 37
261745 31
261751 37
261752 34
261755 4
261763 4
261781 37
261795 4
261891 37
263710 19
263721 31
263724 13
263745 34
263751 4
264702 37
264705 34
264709 4
264755 31
265706 37
265709 34
265710 4
266801 31
268732 31
268735 34
268741 4
269103 16
269105 31
269111 19
269130 34
269210 16
269341 10
269360 19
269370 34
269452 31
269498 19
270712 4
270721 34
305203 10
318322 34
329105 34
329106 7
330115 25
351100 25
351201 13
351302 31
351321 4
351364 7
351371 13
351425 6
351426 10
351464 16
352103 37
352311 25
352313 19
352314 13
352401 0
352412 34
352421 31
352422 7
352433 31
352441 25
353313 28
353418 37
353431 31
353441 4
353471 4
353482 19
354311 4
354312 31
355411 37
356100 9
356101 0
356102 27
356210 31
356261 22
356333 37
356361 19
356373 13
356374 31
356411 10
356414 0
356415 34
356416 16
356431 31
356432 19
356441 37
356442 7
356443 10
356444 13
356446 31
356447 16
356449 37
356451 31
356455 37
356471 19
356472 34
356474 16
356496 31
357101 21
357110 36
357210 12
357322 25
357323 31
357418 34
357421 16
357432 10
357441 31
357444 25
357446 34
359202 14
359205 16
359206 34
359302 16
359303 31
359305 37
359341 19
359350 25
359360 10
359380 31
359401 0
359403 6
359408 15
359422 18
359423 37
359452 13
359460 37
359461 31
359465 34
360100 27
360301 13
360304 19
360441 7
361210 4
361211 25
361214 16
361341 40
361413 34
361414 13
361421 31
361433 4
361442 31
361452 19
361461 10
361475 13
363210 3
363401 34
363402 16
365201 31
365211 13
365322 31
365324 19
365422 25
365425 31
365426 34
368211 34
368310 16
368412 37
368417 34
400110 36
400210 22
401281 10
401383 7
401391 40
403281 7
403383 31
406284 16
406294 25
406386 19
406396 34
408382 10
410381 28
413383 41
413391 22
415393 37
420282 19
421282 13
421292 34
421386 16
421396 25
422381 36
428281 4
428282 31
428381 4
428383 13
461170 27
461471 6
461472 37
461511 41
461523 31
461526 34
461527 34
461532 34
462130 32
462544 31
462587 4
462588 19
463201 31
463252 4
463331 16
463332 40
463342 31
463354 4
463433 37
463512 13
463513 34
463543 31
463544 37
463557 34
463559 4
463571 41
463592 4
464302 34
464312 37
464402 25
464403 19
464414 16
464442 31
464443 7
464445 16
464446 13
464500 4
464502 13
464504 31
464505 34
464506 37
464508 4
464545 34
464549 4
501201 40
501202 25
501305 25
501306 6
502313 31
502314 40
504202 4
504305 34
506202 6
508304 19
510306 4
512304 16
513113 15
513115 25
513212 4
513216 31
513217 25
513225 13
513284 16
513331 19
513343 4
513364 13
513373 31
513390 34
513411 4
513446 31
514202 4
514206 37
514222 25
514244 31
514272 13
514322 25
514336 4
514352 16
514358 34
514382 13
514384 19
514396 37
514398 31
514436 31
514462 34
514742 34
514752 4
515204 16
515205 4
515256 37
515257 34
515330 37
515337 10
515339 31
515362 25
515377 34
515378 16
515380 4
518724 31
518770 4
551461 37
552216 34
552217 4
552232 31
557433 34
558101 40
558411 4
558432 31
562101 13
562211 31
601201 28
601202 13
601231 34
601242 3
601342 40
601346 37
601351 25
601361 25
601423 16
601424 31
601431 13
601436 19
601452 7
601471 16
601472 4
601724 31
601731 34
601745 4
601769 34
601775 31
602100 30
602102 39
602103 36
602120 22
602121 37
602122 19
602301 16
602314 0
602421 24
602453 36
602454 25
602455 34
602461 31
602472 19
602741 31
602751 31
603200 10
603231 34
603321 3
603341 7
603396 34
603423 31
603496 13
603743 34
604101 13
604211 31
604311 16
604314 25
604315 0
604411 4
604415 16
604423 18
604431 6
604443 25
604454 31
605203 37
605302 0
605313 16
605315 19
605316 10
605321 7
605331 31
605340 7
605412 16
605413 31
605430 25
605476 16
605701 4
605711 34
605719 31
605742 4
606211 31
606243 34
606245 13
606264 31
606310 16
606341 19
606342 13
606344 34
606451 4
606452 31
610114 20
651210 25
651211 16
651212 31
651234 34
651306 25
651313 13
651314 37
651317 34
651319 10
651416 4
651425 31
701100 22
701181 15
701202 34
701235 25
701244 16
701283 4
701335 25
701408 4
701423 31
701496 25
702100 3
702101 14
702211 22
702312 31
702313 30
702317 39
702321 4
702331 6
702342 25
702354 19
702418 31
702443 25
702499 41
703103 38
703109 31
703202 40
703204 16
703243 7
703244 34
703309 37
703322 19
703324 13
703330 10
703331 9
703345 15
703351 12
703361 19
703413 31
703441 25
703499 34
705191 41
705211 19
705311 37
705328 19
705331 40
705332 25
705343 24
705431 18
705438 40
705440 6
705441 25
705442 19
705444 29
705447 3
705448 34
705499 16
751100 34
751101 28
751102 6
751106 7
751202 13
751209 34
751301 40
751302 29
751303 33
751305 16
751308 18
751309 3
751320 34
751326 37
751327 25
751330 37
751401 4
751403 27
751405 15
751408 18
751417 16
751418 13
751421 31
751422 31
751428 40
751440 10
751443 41
751701 4
751702 31
751703 34
751705 16
751706 31
751708 4
751716 19
751718 19
751719 25
751728 13
751734 34
751752 4
801100 36
801122 25
801134 13
801204 19
801233 0
801236 16
801241 4
801322 31
801334 37
801371 31
803122 16
803124 31
803131 13
803230 34
803232 13
803260 25
851100 38
851103 9
851104 40
851105 0
851201 4
851202 37
851204 6
851207 4
851241 25
851252 25
851253 39
851261 18
851263 25
851273 12
851305 36
851309 34
851345 34
851363 16
851366 18
851400 25
851404 30
851406 31
851407 16
851441 24
851462 9
851467 12
852100 34
951100 18
951231 37
951324 16
951344 31
951366 25
951421 31
951498-004 31
951498-007 31
951498-011 31
951498-015 31
951498-020 10
951498-021 34
953102 13
953111 17
953201 25
953202 31
953211 19
953214 34
953231 37
953232 40
953234 7
953323 37
953422 18
953494 4
954100 13
954140 37
954142 25
954143 22
954170 13
954240 34
954326 10
954340 6
954371 4
954374 15
954423 10
954462 7
954464 13
954472 6
954491-001 16
954491-002 31
954491-003 16
954498 25
955102 25
955104 31
