001101 2
001102 1
001111 19
001113 4
001201 1
001202 16
001210 7
001212 22
001218 9
001230 13
001231 36
001250 41
001291 34
001293 31
001310 28
001311 39
001312 37
001318 6
001320 25
001321 12
001323 22
001330 10
001342 19
001353 30
001354 38
001362 7
001381 40
001410 22
001423 31
001425 13
001443 16
001444 10
001445 31
001447 31
001461 31
002101 19
002110 34
002191 31
002192 31
002201 25
002211 7
002221 28
002250 22
002301 16
002333 33
002351 13
002361 25
002365 10
002401 22
002473 31
003101 31
003191 16
003201 31
003313 16
003320 25
003331 22
003367 37
004241 37
004282 16
004301 25
004303 6
004324 9
004432 19
004473 25
004475 33
004483 10
006103 18
006126 10
006206 37
006226 31
006242 13
006253 28
006303 22
006325 34
006326 16
006330 37
006344 7
006346 34
006355 37
006425 22
006426 31
006428 25
006443 10
006448 31
006454 37
008214 13
008303 16
008314 25
008411 22
008417 22
009103 40
009105 16
009212 37
009230 21
009231 37
009326 31
009328 13
009426 34
009431 22
009445 22
011100 14
011151 37
011152 4
011153 41
011251 29
011257 5
011259 13
011269 18
011276 34
011353 33
011356 22
011358 10
011362 37
011374 7
011461 16
011464 22
011479 19
012100 7
012173 6
012200 31
012273 34
012371 19
012475 31
013103 10
013110 7
013203 12
013204 25
013206 36
013209 37
013301 10
013302 12
013303 34
013305 9
013306 16
013307 0
013317 28
013321 4
013326 22
013329 31
013330 25
013335 16
013337 34
013413 22
013427 19
013433 31
014210 37
014211 13
014270 31
014310 16
014311 16
014322 24
014323 7
014324 31
014370 18
014371 37
014381 0
014382 31
014401 7
014471 22
014481 4
014485 40
015101 12
016101 34
017101 25
017102 22
017111 31
017112 31
017210 10
018103 31
018111 10
018113 34
018125 34
018203 31
018211 16
018213 28
018231 37
018235 22
018271 31
018301 16
018335 25
018351 31
018353 16
018433 22
018435 31
018438 16
018467 16
019101 34
019103 34
019105 27
019106 34
019108 16
019111 31
019203 31
019205 9
019206 10
019208 28
019211 22
019221 37
019303 13
019311 22
019331 7
019361 16
019371 37
019373 34
019381 31
019411 36
019442 34
019471 16
019473 7
020101 25
020102 31
020211 3
020212 34
020231 13
020311 7
020321 31
020333 16
020341 22
020362 7
020363 37
021101 38
021102 19
021203 31
021270 19
025108 16
025110 31
025310 22
025480 22
026101 4
026102 13
026111 7
026112 31
026201 19
026271 22
029701 22
029711 31
050100 13
050103 30
050104 31
050106 35
050111 0
051302 28
051304 31
051306 10
051313 22
051412 16
051418 7
052201 10
052202 31
052314 16
052350 22
052352 36
052357 40
052400 7
052419 25
052443 22
052445 16
052447 37
052725 22
055701 31
055706 10
055707 34
055771 10
055797 22
057121 34
057122 19
057123 0
057125 21
057126 0
057127 16
057128 19
057129 18
057130 39
057131 16
057132 34
057133 40
057134 37
057135 34
057137 37
057138 34
057139 7
057140 13
057201 25
057205 31
057215 28
057274 10
057279 9
057283 28
057284 19
057285 10
057288 22
057293 40
057294 16
057300 13
057302 22
057305 10
057351 31
057366 25
057403 40
057405 19
057410 22
057411 10
057420 7
057425 0
057426 37
057428 15
059419 10
061106 13
061201 31
061223 19
061306 34
061307 18
061312 40
061313 31
061317 22
061401 16
061403 37
061404 37
062342 13
062343 22
062344 13
062345 16
062346 19
062360 10
062380 22
062411 25
062452 13
062460 19
062470 10
063703 22
063813 31
064207 31
064231 37
064251 16
064281 19
064291 22
064301 19
064303 13
064410 13
064412 19
064417 31
064418 18
064424 19
064474 31
065210 25
065212 37
065310 7
065320 16
065332 25
065421 7
065434 13
065435 22
065436 10
065437 19
065797 31
065799 31
066221 22
066323 16
066410 4
066414 16
066425 25
066755 22
067202 31
067303 25
067311 37
067372 22
067373 31
067432 22
070301 37
070303 34
070304 37
070305 31
070308 22
070400 31
070401 31
070403 19
070404 16
070410 13
070411 22
070415 37
070416 10
070720 10
070721 34
070726 22
070727 22
070731 31
070792 31
071412 31
071413 10
071414 10
071420 22
071422 37
071423 22
071425 7
071712 34
071811 22
074100 12
074101 24
074414 13
076314 22
076414 7
076425 37
076427 13
076428 7
076429 37
076444 40
076466 25
078444 31
078454 34
079444 19
088708 31
091800 31
099101 31
099102 31
100102 22
100103 22
100104 4
100105 31
100109 25
100110 37
100111 34
100112 7
100206 0
100207 22
100208 10
100209 22
100210 7
100211 10
100212 34
100213 13
100218 28
100219 19
100220 25
100225 7
100226 16
100281 9
100306 34
100307 27
100308 37
100309 19
100310 6
100501 34
101100 40
101105 7
101201 10
101211 22
101400 6
101405 7
103112 37
103191 22
103271 24
104200 28
104201 31
104300 13
104301 7
104340 22
104410 28
104424 31
104495 37
105304 22
109100 31
109115 14
112101 22
112102 34
112103 31
112108 22
112201 37
112203 31
112213 16
112300 37
112411 22
112412 16
115200 22
115301 31
115302 41
116400 37
126101 16
126216 28
126321 25
126330 37
126333 18
126334 7
126428 22
126432 4
126443 0
127100 7
127101 19
127203 37
127204 18
127207 28
127303 25
127312 9
127314 16
127315 31
127316 40
127329 19
127337 19
127711 10
127717 34
127718 22
127719 31
128100 41
128101 34
128202 37
128203 16
128204 7
128307 18
128309 16
128334 25
128352 31
128354 41
128403 0
128701 10
128710 34
128730 22
128740 31
128762 31
140101 16
140102 31
140105 7
152321 34
154104 8
154141 16
154151 3
154231 25
154262 7
154281 36
154311 25
154330 28
154340 40
154351 37
154353 31
154363 31
154375 7
154377 10
154388 19
154433 22
154443 13
154488 34
159100 14
159101 39
159151 37
159203 25
159221 41
159302 31
159303 16
159305 22
159332 22
159356 31
159362 25
159403 34
159411 18
159412 22
159431 34
160341 28
164200 37
164341 31
168101 34
168410 16
176100 22
176101 3
176104 34
176220 3
177103 31
177214 3
177215 13
177216 37
177217 41
177242 31
177281 16
177283 34
177285 25
177321 10
177330 16
177336 37
177341 13
177361 7
177393 27
177404 19
177414 31
177427 34
177430 25
177434 31
177446 10
177447 22
177450 22
177465 13
177467 13
177481 34
177494 16
179403 31
201100 28
201110 4
201114 16
201115 38
201116 32
202100 28
202101 27
202141 25
202143 3
202145 34
202184 36
202231 30
202260 40
202310 31
202311 34
202332 19
202334 34
202342 37
202361 31
202371 0
202410 34
202434 22
202438 31
202443 31
202473 10
202474 22
202477 16
202495 25
202737 34
202765 31
202773 34
202776 22
202783 34
202833 22
202844 31
202848 31
203100 29
203103 31
203111 9
203116 31
203151 21
203162 13
203201 22
203203 3
203204 37
203206 38
203207 15
203208 22
203209 26
203222 34
203226 23
203231 16
203235 25
203236 10
203255 37
203300 28
203303 22
203315 31
203323 28
203324 25
203331 31
203332 34
203333 37
203351 40
203352 40
203475 16
203705 34
203709 10
203713 10
203714 34
203716 31
203723 34
203732 31
203736 10
203739 34
203743 34
203753 10
203803 19
203807 31
203821 10
203828 31
203879 22
204100 22
204101 4
204111 37
204202 6
204211 18
204216 22
204217 22
204231 34
204321 3
204325 37
204335 19
204341 7
204361 0
204363 25
204365 22
204381 25
204383 16
204432 31
204442 22
204451 41
204453 16
204471 33
204721 34
204725 31
204735 22
204764 31
204891 31
205100 33
205103 22
205104 28
205105 18
205235 22
205239 37
205275 9
205303 0
205337 19
205355 37
205393 40
205441 22
205461 31
205765 10
205805 31
206100 17
206101 24
206103 15
206107 36
206108 3
206111 32
206113 34
206161 25
206171 11
206181 3
206191 28
206203 15
206207 19
206211 37
206216 31
206217 21
206254 7
206261 24
206267 33
206281 16
206300 15
206321 4
206324 28
206325 18
206327 13
206328 36
206331 40
206335 22
206336 0
206341 13
206355 31
206362 7
206370 16
206381 16
206412 16
206432 15
206436 4
206437 16
206441 19
206457 34
206470 25
206705 22
206707 34
206713 31
206717 22
206720 22
206726 34
206738 22
206739 31
206743 22
206753 22
206785 31
207100 33
207103 22
207105 3
207106 31
207107 7
207109 21
207110 28
207115 33
207117 19
207123 3
207131 12
207135 16
207171 15
207173 18
207183 16
207187 13
207203 25
207205 13
207208 22
207213 13
207308 41
207310 13
207313 16
207323 25
207348 4
207401 19
207403 31
207406 34
207419 22
207422 10
207455 25
207458 31
207463 22
207701 10
207703 34
207705 22
207711 31
207808 31
208101 26
208140 22
208150 16
208263 28
208270 18
208271 30
208280 40
208321 37
208329 31
208343 34
208348 16
208383 31
208425 40
208439 22
208440 22
208469 31
208711 10
208760 34
208761 22
208770 31
208871 22
208872 31
209201 28
209251 18
209301 13
209302 37
209303 16
209331 25
209351 4
209358 7
209361 19
209368 34
209375 28
209451 19
209453 10
209461 34
209463 22
209483 16
209485 31
209705 19
209707 10
209771 22
209773 16
209779 31
209785 34
210201 7
210202 37
210204 25
210343 31
210351 25
210383 22
210425 31
210433 10
210434 19
210445 16
210485 16
210703 10
210704 34
210705 22
210707 31
210731 22
211100 29
211311 33
211315 36
211319 15
211440 13
211443 31
211702 22
211889 31
212701 10
212703 22
212711 31
212741 34
213706 31
213707 22
213711 31
213714 34
214100 31
214261 3
214312 7
214341 25
214381 16
214401 10
214411 31
214414 13
214415 22
214430 31
214445 16
215205 28
215206 21
215207 7
215208 10
215302 28
215381 22
215411 40
215431 34
215734 31
215744 34
215752 22
215762 34
215782 10
215785 31
216781 34
217701 34
217703 22
217707 31
217726 22
217775 31
217781 31
218100 31
218101 28
218233 37
218235 31
218321 19
218323 37
218351 16
218471 16
218474 37
218475 22
219720 31
219731 34
220703 31
226701 31
226702 31
226709 31
226710 22
229123 22
229323 37
251211 37
251213 37
251216 34
251261 22
251281 15
251312 37
251313 19
251333 34
251361 28
251363 22
251371 34
251372 25
251374 31
251384 16
251411 10
251437 10
251438 16
251439 31
251461 16
251475 22
251479 22
251701 19
251702 10
251703 31
251711 19
251714 10
251715 34
251717 22
251718 19
251745 34
251751 10
251752 34
251757 22
251758 19
251776 19
251783 10
251785 34
251790 31
252201 4
252211 33
252232 41
252282 7
252283 3
252285 9
252286 13
252301 0
252302 7
252317 12
252320 16
252322 36
252325 28
252327 31
252330 9
252342 25
252363 21
252420 34
252421 22
252425 10
252427 19
252439 13
252444 27
252450 13
252460 34
252498 16
252702 10
252708 10
252711 22
252719 10
252724 22
252725 34
252752 34
252785 34
252789 19
252791 31
253303 22
253314 6
253315 12
253432 10
253455 13
253456 34
253481 28
253701 34
253717 22
253722 31
253732 10
253734 22
253736 19
253747 34
253748 19
253752 31
253754 10
254181 16
254205 30
254206 36
254211 41
254215 28
254216 19
254222 37
254231 6
254232 0
254252 3
254282 4
254302 21
254325 12
254333 15
254372 41
254373 10
254421 28
254426 37
254436 4
254439 34
254441 36
254451 10
254456 25
254457 16
254459 31
254461 33
254471 31
254473 22
254494 10
254496 25
254700 22
254702 19
254703 31
254710 34
254734 31
254770 19
254804 10
254872 34
254875 10
255201 15
255215 10
255251 12
255290 22
255300 36
255320 6
255321 33
255330 27
255359 9
255415 16
255417 22
255420 16
255422 22
255424 22
255431 13
255432 31
255434 37
255438 16
255449 31
255454 31
255455 22
255460 10
255462 22
255471 22
255492 31
255722 34
255734 22
255750 19
255752 10
255758 31
255764 31
255766 10
255770 22
255771 34
255772-001 10
255772-801 22
255772-803 10
255772-804 31
256100 12
256212 28
256271 31
256281 10
256316 28
256333 22
256373 31
256384 34
256412 34
256418 16
256441 31
256457 37
256462 25
256473 34
256700 22
256751 31
259103 40
259104 28
259106 0
259107 37
259108 31
259109 16
259191 18
259192 10
259194 40
259201 34
259203 4
260312 31
260701 16
260705 22
260709 31
260716 19
260718 34
260772 10
261103 15
261111 11
261200 28
261210 13
261212 19
261216 7
261217 31
261304 15
261305 12
261335 37
261336 41
261342 22
261343 27
261361 16
261405 10
261434 4
261447 34
261456 31
261457 22
261458 13
261469 31
261473 16
261497 34
261701 10
261702 34
261706 22
261739 31
261746 34
261754 31
261769 31
261781 31
261791 22
261792 31
263701 34
263702 22
263720 10
263760 31
263771 10
264701 19
264706 10
264710 22
264741 34
264789 22
264791 31
266702 31
268721 31
269101 22
269102 31
269111 7
269200 22
269201 13
269202 31
269340 18
269430 34
269462 31
269470 19
269494 22
270701 22
270702 31
270711 34
270712 22
270791 34
301254 4
305202 7
311352 7
318322 16
318351 34
320351 31
321251 31
324703 31
328310 34
328313 19
330110 28
330111 12
351100 37
351200 16
351201 31
351202 30
351301 19
351302 25
351321 22
351331 37
351410 31
351425 31
351441 16
351442 7
351451 22
351463 34
351466 37
352103 16
352301 40
352311 34
352321 0
352323 16
352421 22
352422 18
352431 25
353301 31
353311 13
353421 37
353431 22
353451 34
353452 22
354311 28
356100 40
356101 34
356102 4
356202 31
356210 19
356212 16
356261 10
356303 13
356304 28
356312 22
356361 31
356411 40
356416 19
356432 22
356477 7
357110 28
357210 37
357322 31
357325 22
357360 19
357417 22
357441 7
357491 16
359202 5
359203 16
359204 37
359206 22
359301 28
359311 25
359380 31
359405 34
359409 7
359410 10
359413 31
359421 22
359465 31
360100 41
360210 15
360301 34
360304 7
360402 22
360403 31
360423 16
360460 4
361210 31
361211 22
361301 31
361321 7
361351 16
361453 31
361471 31
362211 0
363210 30
365201 7
365211 16
365321 25
365421 31
365427 34
365428 19
365431 22
368200 34
368317 37
368431 16
400110 20
400211 12
401382 10
403382 22
406385 16
406395 19
409281 25
409292 37
411281 13
411291 16
415291 19
420281 10
421281 34
421291 22
421385 25
421395 4
423382 37
428382 13
461100 37
461170 33
461471 13
461511 34
461523 22
461526 31
461527 37
461529 19
462130 13
462151 18
462505 34
462523 22
462541 37
462586 31
462587 37
462588 31
463251 31
463311 16
463331 22
463341 25
463353 19
463402 22
463433 25
463455 10
463491 18
463503 16
463504 13
463545 10
463556 22
463558 16
464301 34
464311 13
464341 10
464401 16
464413 31
464441 34
464443 19
464444 13
464445 13
464501 19
464502 34
464503 10
464508 31
464509 31
464510 31
464541 34
464542 22
464546 31
464549 25
501301 31
501302 16
502211 16
504302 34
506303 19
506361 7
508203 41
508303 22
510201 27
510202 37
510411 34
510414 22
510415 19
510417 10
512303 10
513111 25
513114 36
513223 31
513224 16
513283 37
513315 16
513324 13
513328 10
513363 22
513371 31
513412 19
513429 10
513445 34
513451 22
513471 31
514211 31
514241 37
514317 31
514323 13
514335 19
514341 16
514343 37
514381 34
514383 25
514395 22
514397 10
514466 31
515201 31
515250 22
515307 31
515312 10
515334 13
515361 4
515364 34
515376 37
515403 34
515455 22
515490 31
551311 16
552216 22
552217 37
552222 22
553312 34
554314 22
555313 37
556311 22
558431 31
561312 31
562211 22
571115 25
601201 19
601302 28
601321 22
601341 40
601344 25
601351 19
601422 7
601452 16
601456 12
601462 31
601702 10
601731 34
601742 31
601758 31
601765 10
601767 22
602100 22
602102 19
602103 16
602111 16
602211 31
602315 13
602321 0
602322 18
602431 22
602432 31
602441 16
602464 31
602731 31
602753 22
602761 22
603211 7
603322 34
603332 25
603352 40
603371 7
603421 22
603441 31
603711 34
603723 22
603731 31
604304 22
604305 34
604312 7
604313 34
604351 22
604352 40
604412 19
604414 10
604416 34
604422 22
604451 31
604715 22
605201 16
605204 28
605301 18
605313 4
605314 10
605321 22
605322 34
605341 25
605412 10
605432 19
605444 34
605445 16
605461 31
605701 22
605702 31
605717 31
605741 34
605745 22
605751 22
606231 7
606242 40
606244 28
606263 10
606343 25
606362 28
606363 7
610114 31
651105 34
651109 22
651120 31
651210 37
651311 10
651312 34
651315 22
651316 31
701101 28
701181 4
701182 31
701183 27
701201 34
701211 22
701281 25
701295 16
701313 25
701321 27
701331 0
701341 22
701342 12
701344 41
701407 10
701425 31
701455 34
701494 16
702100 7
702101 19
702205 31
702211 19
702213 33
702312 36
702316 31
702317 34
702318 10
702341 22
702351 19
702411 34
702416 16
702431 22
703103 33
703202 29
703243 12
703244 16
703305 21
703308 37
703309 19
703310 34
703311 25
703322 10
703323 31
703324 25
703330 9
703331 4
703391 33
703404 34
703412 31
703447 16
703454 10
703498 22
705191 13
705211 31
705311 9
705328 15
705329 15
705331 7
705342 22
705351 31
705437 12
705438 7
705440 31
705441 21
705442 31
705444 13
705446 16
705447 22
705461 28
705493 37
751100 10
751101 21
751102 27
751106 15
751202 34
751209 21
751301 9
751302 12
751303 37
751305 25
751308 6
751309 31
751321 10
751326 19
751327 10
751330 40
751345 28
751401 22
751403 16
751405 0
751408 13
751417 16
751419 37
751425 31
751428 18
751441 34
751443 12
751447 34
751451 28
751701 19
751702 10
751703 16
751704 22
751705 13
751706 19
751708 10
751710 16
751712 31
751716 22
751718 34
751726 31
751734 13
751742 22
751743 34
801100 37
801201 37
801225 31
801235 7
801324 37
801331 16
801333 25
801334 37
801336 7
801421 28
801471 19
801481 31
803121 31
803123 34
803231 22
803331 22
851100 40
851104 37
851105 22
851108 31
851200 36
851201 34
851202 12
851204 22
851205 15
851243 40
851251 15
851262 3
851273 25
851305 34
851309 18
851313 4
851343 0
851344 10
851345 31
851360 10
851362 7
851367 0
851372 3
851375 41
851400 31
851404 34
851406 24
851407 22
851462 28
852101 22
852102 16
852103 31
951100 25
951102 13
951106 34
951125 22
951203 31
951302 25
951323 37
951331 31
951344 37
951348 31
951352 22
951497-020 28
951497-021 7
953103 31
953111 33
953211 16
953212 37
953233 22
953261 25
953321 31
953322 19
953331 25
953361 31
953421 25
953494 34
954100 25
954140 22
954143 13
954170 37
954246 6
954326 22
954370 31
954374 25
954410 22
954413 28
954416 33
954426 7
954443 31
954449 19
954462 10
954471 16
954477 36
954491 37
954498 22
955102 4
955103 6
955104 16
958111 16
