001101 1
001102 1
001112 28
001118 10
001201 1
001202 25
001210 31
001222 19
001223 10
001224 28
001225 13
001226 19
001227 23
001228 10
001229 19
001230 0
001231 34
001234 3
001250 19
001291 7
001292 28
001310 13
001311 25
001312 10
001314 13
001320 4
001321 28
001323 9
001330 40
001341 13
001342 16
001352 28
001355 19
001361 7
001362 13
001410 37
001423 16
001440 28
001445 22
001447 4
001471 22
001472 31
002102 25
002111 19
002191 33
002192 31
002202 28
002230 13
002260 16
002302 22
002311 37
002321 28
002331 4
002362 16
002402 31
002441 22
002471 10
002472 13
003101 22
003102 22
003191 16
003202 13
003332 25
003414 28
003421 31
003436 10
003454 22
004282 41
004465 19
004470 31
004472 22
004474 22
004476 16
006103 36
006126 16
006226 25
006241 7
006253 34
006307 22
006326 40
006330 31
006349 19
006443 16
006448 37
006454 22
006475 13
008214 7
008314 16
008326 22
008402 13
008411 22
009103 40
009213 19
009234 41
009236 22
009254 13
009301 7
009344 25
009355 16
009356 19
009358 37
009363 40
009446 28
011100 37
011101 9
011151 37
011154 4
011156 18
011157 9
011251 24
011268 22
011269 31
011276 19
011277 15
011278 24
011355 16
011367 25
011457 37
011479 7
012173 41
012174 31
012200 21
012374 13
012475 10
013103 41
013110 4
013203 3
013204 16
013207 19
013208 3
013209 22
013216 40
013217 0
013301 25
013303 4
013306 33
013321 28
013335 13
013337 10
013410 28
013413 22
013428 31
013431 31
013432 28
013433 34
014211 40
014270 0
014310 40
014311 13
014323 28
014370 10
014371 7
014383 16
014401 25
014422 19
014423 31
014471 3
014481 19
014483 22
015101 31
015102 22
016101 28
016102 28
017101 16
017102 19
017111 13
017231 25
018104 22
018112 34
018114 4
018126 19
018204 28
018271 28
018323 22
018352 25
018372 31
018467 22
018471 25
019101 25
019104 31
019105 41
019106 25
019112 19
019204 16
019205 36
019206 40
019212 13
019222 22
019332 16
019351 13
019362 28
019371 3
019373 25
019441 22
020101 9
020102 13
020212 22
020231 13
020232 19
020261 28
021101 21
021102 7
021203 25
021204 25
021270 13
024752 25
025110 25
025310 25
025481 19
026101 36
026102 25
026111 16
026112 34
026201 0
029732 22
030101 4
050100 28
050103 13
050104 31
050106 39
050112 7
050113 28
051302 19
051304 4
051306 7
051310 25
051313 13
051418 31
052203 19
052310 7
052314 25
052323 10
052331 37
052350 22
052351 25
052353 28
052355 4
052400 37
052417 4
052419 22
052422 4
052442 16
052447 13
052448 28
052449 16
053713 25
054821 25
055702 10
055734 31
055739 22
055757 25
057121 7
057122 34
057123 16
057125 37
057126 12
057127 40
057128 6
057129 31
057130 23
057131 18
057132 37
057133 30
057134 25
057135 28
057136 11
057137 19
057138 10
057139 31
057213 34
057283 22
057286 13
057287 31
057290 19
057295 10
057297 37
057298 25
057301 13
057302 4
057305 13
057316 37
057366 10
057401 10
057404 28
057407 16
057411 25
057413 31
057419 22
057427 25
057428 34
059405 28
059419 40
061103 22
061106 16
061201 13
061223 25
061224 10
061306 24
061307 25
061312 34
061313 19
061403 37
061405 31
062200 31
062210 25
062320 22
062343 28
062499 22
063201 7
064204 16
064231 25
064331 37
064411 25
064412 22
064421 31
064422 25
064423 37
064424 34
064430 25
064474 28
065120 22
065121 41
065211 37
065212 4
065311 10
065320 37
065333 40
065420 37
065435 22
065436 28
065437 25
065438 28
065797 25
066222 10
066324 25
066412 19
066414 28
067201 31
067203 28
067311 22
067371 37
067433 10
067435 41
067436 10
067491 22
070200 37
070201 22
070301 31
070303 31
070305 28
070401 10
070411 10
070413 24
070414 31
070416 31
070792 25
071411 28
071412 22
071414 13
071415 28
071416 0
071418 13
071419 25
071420 22
071423 25
071426 19
073721 25
074100 32
074101 4
074414 10
076425 10
076426 13
076427 31
076430 25
076444 24
076466 22
078444 36
078454 25
079220 25
099101 12
099102 13
099103 3
100104 31
100109 16
100110 15
100111 25
100112 9
100207 41
100220 28
100222 12
100228 16
100229 31
100230 22
100231 34
100233 4
100307 31
100308 31
100309 25
100310 31
100311 27
100312 3
100313 31
100314 0
100501 0
101201 28
101202 31
101205 12
101325 15
101405 28
101490 4
103271 31
104100 22
104302 13
104310 16
104320 25
104327 31
104334 25
104340 22
104435 40
104471 22
104490 25
109100 7
109114 30
112101 28
112105 25
112106 13
112109 22
112202 31
112205 28
112303 31
112321 31
112322 25
112406 25
112424 31
115301 22
115401 31
116301 28
116302 37
126101 30
126102 10
126212 40
126213 18
126214 3
126324 40
126326 31
126328 19
126330 10
126332 12
126400 22
126431 25
126436 16
126442 25
127100 12
127101 27
127202 33
127205 3
127313 37
127329 41
127330 34
127332 16
127333 18
127359 37
127411 25
127415 31
127416 15
127424 13
127433 25
127492 22
127493 28
127716 31
127720 22
127721 10
127727 25
128100 35
128101 37
128201 4
128304 37
128305 3
128306 19
128308 39
128310 30
128401 15
128423 37
128425 12
128427 31
128434 22
128443 13
128445 37
128451 41
128471 19
128481 28
128484 31
128700 22
128714 31
128727 25
128734 10
140101 25
140102 10
140103 37
140104 13
140105 21
152211 25
152301 22
152321 22
152331 13
154100 41
154104 3
154141 39
154152 19
154153 18
154173 31
154181 28
154251 10
154262 16
154276 22
154281 39
154301 4
154330 25
154431 16
154479 25
154492 13
159100 16
159101 18
159102 40
159151 34
159202 15
159204 19
159331 10
159351 25
159411 31
159434 6
160342 22
164261 25
164341 22
168100 25
168101 31
168410 31
176100 36
176101 26
176104 19
177103 31
177104 28
177113 22
177114 25
177141 13
177142 7
177181 33
177220 3
177222 15
177227 28
177228 22
177229 3
177300 7
177321 18
177332 9
177335 12
177336 25
177341 10
177361 40
177413 28
177420 22
177425 31
177429 22
177430 40
177431 4
177433 24
177441 25
177447 10
177460 19
177464 31
177465 13
177466 37
177470 37
177483 25
177491 4
177494 19
177495 13
179404 10
179406 10
179443 16
201100 8
201110 34
201114 22
201116 27
201117 16
201190 22
202100 41
202101 39
202102 36
202147 41
202231 9
202302 28
202303 22
202305 18
202311 16
202356 13
202362 28
202371 30
202405 7
202421 22
202432 37
202446 25
202461 22
202471 31
202475 13
202476 25
202484 22
202731 25
202744 22
202749 22
202802 25
202833 31
202843 25
203100 18
203104 30
203108 36
203111 33
203113 33
203114 10
203131 33
203132 3
203151 19
203152 19
203154 13
203158 10
203159 34
203162 3
203202 10
203204 22
203206 3
203208 6
203209 19
203211 22
203222 16
203223 18
203226 0
203232 37
203236 11
203250 28
203287 15
203300 15
203304 33
203316 19
203351 25
203352 24
203404 25
203413 31
203424 4
203425 25
203435 10
203459 22
203474 13
203708 22
203715 31
203719 22
203721 31
203725 31
203734 31
203735 25
203754 25
203775 22
203812 25
203825 22
203829 25
203879 25
204100 10
204101 19
204113 19
204123 30
204202 13
204217 15
204232 15
204251 3
204306 31
204315 10
204320 37
204333 22
204355 22
204362 41
204382 22
204422 3
204423 7
204424 28
204425 28
204443 25
204456 16
204482 31
204483 22
204490 19
204725 25
204735 31
204792 22
205100 25
205103 16
205105 25
205216 28
205232 40
205244 22
205252 40
205282 19
205324 3
205344 22
205358 28
205382 31
205421 22
205441 31
205473 22
205476 10
205731 31
205742 22
205764 31
205789 22
205796 25
206100 22
206103 26
206104 10
206108 31
206111 6
206112 30
206161 28
206162 27
206171 21
206172 20
206181 31
206182 9
206191 31
206203 10
206216 25
206217 18
206253 16
206255 28
206261 35
206266 25
206267 22
206281 18
206311 7
206313 31
206321 6
206324 7
206327 41
206331 19
206336 16
206341 10
206342 28
206362 4
206364 10
206367 31
206368 10
206370 28
206428 15
206435 25
206437 19
206457 13
206476 13
206481 19
206703 31
206714 31
206724 31
206734 25
206736 22
206737 22
206774 25
207104 24
207105 18
207106 18
207108 19
207109 9
207110 25
207116 12
207117 3
207118 31
207125 22
207162 28
207172 22
207181 6
207187 24
207188 25
207191 40
207195 10
207214 7
207302 28
207305 37
207306 16
207312 25
207321 22
207402 16
207408 18
207415 24
207442 16
207448 6
207481 22
207704 31
207706 22
207708 25
207712 25
207766 25
208101 15
208140 15
208141 15
208250 25
208263 17
208264 37
208272 18
208322 10
208345 4
208346 31
208353 33
208362 12
208373 31
208423 28
208444 21
208446 16
208460 19
208738 22
208772 25
208873 25
209203 22
209204 10
209252 4
209253 31
209262 10
209263 22
209270 28
209271 7
209272 19
209322 37
209332 4
209341 37
209352 10
209370 22
209376 28
209382 10
209424 19
209452 13
209454 28
209456 37
209466 19
209486 25
209712 31
209714 22
209716 22
209772 25
209787 31
210100 7
210200 31
210207 25
210221 19
210251 22
210276 10
210315 37
210331 10
210355 40
210432 4
210435 31
210463 19
210497 25
210702 25
210717 22
210741 22
210743 31
210744 22
210748 22
211100 36
211303 13
211312 25
211315 21
211318 37
211319 39
211341 10
211342 16
211444 22
211445 28
211446 10
211448 31
211449 40
211709 22
211843 25
212712 31
212721 25
212731 22
213706 31
213707 25
213708 22
213717 25
214301 37
214310 31
214340 19
214341 41
214352 28
214403 25
214412 22
214431 25
214491 10
215205 16
215206 10
215207 16
215208 25
215303 25
215311 10
215312 16
215313 22
215314 7
215401 28
215462 22
215482 31
215495 13
215497 28
215711 25
215742 25
217705 22
217708 25
217773 31
218100 25
218234 25
218236 31
218244 22
218262 28
218352 22
218362 28
218372 25
218382 10
218474 31
218481 10
218496 28
219741 25
219753 31
219766 22
219789 25
225702 10
225704 31
225706 22
225707 25
226703 25
226704 25
226711 31
226805 25
229223 21
229351 24
251100 40
251211 10
251213 10
251216 28
251242 25
251261 37
251292 31
251312 13
251313 13
251333 3
251334 7
251342 25
251361 37
251363 22
251371 10
251372 4
251374 10
251399 22
251411 16
251417 7
251434 19
251436 13
251451 34
251455 31
251456 25
251457 16
251461 31
251476 40
251477 22
251704 10
251707 25
251713 25
251716 22
251723 10
251724 31
251746 31
251748 22
251754 10
251760 31
251763 22
251765 25
251776 10
251781 31
251784 22
252210 36
252212 16
252222 10
252235 7
252281 15
252282 19
252283 6
252285 24
252311 3
252320 21
252328 7
252331 18
252353 10
252401 9
252402 22
252403 4
252404 28
252413 41
252420 4
252421 22
252422 13
252423 25
252427 12
252428 30
252429 15
252435 28
252440 25
252442 4
252443 41
252448 37
252450 6
252456 16
252459 19
252460 31
252479 31
252489 25
252706 31
252707 10
252727 25
252785 10
252789 31
252792 22
253215 3
253318 13
253321 16
253332 10
253416 10
253417 37
253423 10
253433 31
253441 19
253443 25
253451 19
253452 25
253454 4
253716 22
253721 25
253725 10
253734 28
253735 10
253747 22
253749 13
253752 10
253754 31
253791 31
254182 7
254200 12
254205 9
254206 6
254207 10
254211 28
254215 28
254216 37
254222 19
254231 40
254232 39
254271 31
254282 28
254302 24
254325 19
254334 33
254352 16
254362 30
254371 28
254373 9
254400 28
254411 10
254412 22
254415 19
254421 6
254422 13
254423 10
254424 22
254435 22
254441 18
254443 31
254445 13
254451 25
254452 16
254453 25
254454 31
254466 6
254476 37
254477 28
254478 41
254495 13
254701 25
254702 25
254721 25
254733 10
254737 25
254791 10
254816 22
254817 31
254857 31
255201 37
255210 30
255230 10
255300 6
255301 24
255316 21
255323 25
255328 31
255337 36
255340 16
255393 3
255422 33
255425 25
255429 22
255430 12
255431 39
255432 0
255433 31
255440 4
255442 34
255444 19
255445 13
255447 25
255451 21
255455 3
255462 7
255463 18
255471 41
255492 15
255497 37
255499 16
255714 25
255735 10
255750 25
255751 28
255769 22
255772 22
255783 31
256100 31
256271 3
256317 7
256318 16
256334 31
256418 22
256419 37
256441 13
256444 10
256456 25
256473 4
256474 28
256791 25
259103 33
259104 9
259106 39
259107 6
259108 41
259192 29
259193 33
259194 0
259195 21
259200 25
259201 15
259203 22
259401 3
260313 10
260334 25
260416 22
260421 25
260432 13
260702 22
261102 24
261111 7
261112 14
261113 25
261205 22
261207 3
261208 41
261214 22
261215 18
261218 7
261305 34
261306 31
261332 34
261342 10
261343 22
261361 16
261421 10
261430 19
261433 31
261438 10
261444 37
261446 25
261447 13
261448 13
261449 3
261453 25
261465 22
261473 22
261479 10
261494 25
261497-002 4
261497-008 25
261497-802 22
261497-808 25
261499 6
261736 31
261738 10
261745 25
261751 10
261752 31
261755 22
261763 22
261781 22
261795 31
261891 10
263710 28
263721 25
263724 10
263745 31
263751 22
264702 10
264705 31
264709 22
264755 25
265706 10
265709 31
265710 22
266801 25
268732 25
268735 10
268741 31
269103 25
269105 10
269111 31
269130 31
269210 25
269341 31
269360 4
269370 37
269452 19
269498 16
270712 31
270721 10
305203 22
318322 31
329105 8
329106 37
330115 28
351100 31
351201 19
351302 28
351321 37
351364 25
351371 41
351425 25
351426 16
351464 19
352103 16
352311 4
352313 30
352314 13
352401 40
352412 22
352421 28
352422 25
352433 10
352441 37
353313 16
353418 16
353431 13
353441 25
353471 22
353482 28
354311 13
354312 10
355411 16
356100 7
356101 25
356102 34
356210 27
356261 15
356333 10
356361 31
356373 22
356374 13
356411 37
356414 25
356415 37
356416 28
356431 25
356432 10
356441 13
356442 10
356443 37
356444 31
356446 13
356447 19
356449 22
356451 16
356455 25
356471 31
356472 25
356474 16
356496 25
357101 38
357110 23
357210 34
357322 24
357323 28
357418 25
357421 31
357432 31
357441 19
357444 13
357446 15
359202 30
359205 22
359206 25
359302 31
359303 25
359305 13
359341 16
359350 37
359360 25
359380 31
359401 22
359403 37
359408 15
359422 25
359423 10
359452 31
359460 28
359461 9
359465 40
360100 9
360301 28
360304 4
360441 37
361210 3
361211 28
361214 31
361341 16
361413 10
361414 22
361421 37
361433 25
361442 28
361452 13
361461 31
361475 31
363210 25
363401 25
363402 22
365201 13
365211 25
365322 25
365324 10
365422 22
365425 25
365426 31
368211 13
368310 28
368412 10
368417 13
400110 24
400210 15
401281 19
401383 19
401391 16
403281 16
403383 25
406284 37
406294 13
406386 13
406396 31
408382 7
410381 40
413383 34
413391 1
415393 10
420282 28
421282 10
421292 31
421386 4
421396 37
422381 3
428281 22
428282 25
428381 22
428383 28
461170 27
461471 28
461472 37
461511 7
461523 22
461526 22
461527 28
461532 22
462130 16
462544 25
462587 28
462588 25
463201 25
463252 22
463331 22
463332 13
463342 25
463354 28
463433 28
463512 16
463513 28
463543 4
463544 37
463557 22
463559 13
463571 7
463592 3
464302 10
464312 31
464402 10
464403 31
464414 19
464442 25
464443 22
464445 19
464446 16
464500 28
464502 25
464504 22
464505 31
464506 10
464508 28
464545 37
464549 28
501201 37
501202 13
501305 13
501306 28
502313 16
502314 4
504202 25
504305 22
506202 22
508304 31
510306 25
512304 37
513113 28
513115 13
513212 28
513216 22
513217 31
513225 10
513284 25
513331 28
513343 22
513364 10
513373 25
513390 31
513411 22
513446 25
514202 13
514206 4
514222 25
514244 10
514272 37
514322 4
514336 10
514352 28
514358 22
514382 31
514384 37
514396 13
514398 25
514436 25
514462 22
514742 31
514752 22
515204 31
515205 10
515256 28
515257 22
515330 28
515337 10
515339 22
515362 31
515377 13
515378 25
515380 37
518724 25
518770 22
551461 10
552216 31
552217 22
552232 25
557433 31
558101 37
558411 22
558432 25
562101 12
562211 25
601201 37
601202 4
601231 19
601242 6
601342 19
601346 4
601351 13
601361 28
601423 37
601424 25
601431 10
601436 22
601452 13
601471 16
601472 31
601724 25
601731 31
601745 22
601769 31
601775 25
602100 9
602102 37
602103 12
602120 40
602121 15
602122 10
602301 22
602314 13
602421 40
602453 7
602454 28
602455 3
602461 22
602472 10
602741 25
602751 25
603200 30
603231 30
603321 33
603341 28
603396 13
603423 31
603496 25
603743 31
604101 6
604211 13
604311 31
604314 22
604315 15
604411 28
604415 13
604423 18
604431 6
604443 22
604454 28
605203 22
605302 28
605313 24
605315 6
605316 7
605321 31
605331 10
605340 28
605412 25
605413 25
605430 40
605476 37
605701 22
605711 10
605719 25
605742 31
606211 25
606243 13
606245 31
606264 25
606310 4
606341 28
606342 10
606344 31
606451 22
606452 25
610114 20
651210 28
651211 10
651212 22
651234 25
651306 19
651313 13
651314 28
651317 10
651319 25
651416 31
651425 22
701100 37
701181 40
701202 40
701235 13
701244 37
701283 18
701335 25
701408 22
701423 25
701496 22
702100 10
702101 5
702211 6
702312 22
702313 30
702317 34
702321 31
702331 13
702342 16
702354 37
702418 25
702443 28
702499 13
703103 19
703109 25
703202 33
703204 31
703243 28
703244 41
703309 39
703322 15
703324 13
703330 7
703331 28
703345 4
703351 16
703361 28
703413 37
703441 33
703499 13
705191 29
705211 20
705311 0
705328 37
705331 9
705332 21
705343 40
705431 15
705438 28
705440 25
705441 3
705442 36
705444 23
705447 33
705448 16
705499 13
751100 25
751101 33
751102 30
751106 10
751202 15
751209 21
751301 6
751302 34
751303 24
751305 18
751308 4
751309 4
751320 31
751326 13
751327 22
751330 19
751401 7
751403 1
751405 12
751408 27
751417 13
751418 3
751421 28
751422 25
751428 9
751440 4
751443 36
751701 28
751702 22
751703 31
751705 13
751706 22
751708 28
751716 13
751718 10
751719 10
751728 25
751734 31
751752 25
801100 32
801122 22
801134 25
801204 4
801233 13
801236 28
801241 22
801322 31
801334 25
801371 22
803122 22
803124 25
803131 28
803230 37
803232 16
803260 19
851100 37
851103 27
851104 36
851105 34
851201 25
851202 6
851204 25
851207 3
851241 28
851252 40
851253 6
851261 30
851263 34
851273 13
851305 39
851309 24
851345 16
851363 25
851366 25
851400 18
851404 27
851406 22
851407 12
851441 31
851462 6
851467 19
852100 25
951100 38
951231 13
951324 25
951344 10
951366 31
951421 16
951498-004 25
951498-007 22
951498-011 25
951498-015 25
951498-020 37
951498-021 28
953102 37
953111 41
953201 16
953202 10
953211 22
953214 4
953231 25
953232 19
953234 25
953323 7
953422 37
953494 31
954100 25
954140 0
954142 31
954143 4
954170 25
954240 13
954326 4
954340 28
954371 31
954374 25
954423 4
954462 13
954464 10
954472 28
954491-001 25
954491-002 37
954491-003 3
954498 16
955102 28
955104 19
