001101 1
001102 1
001112 18
001118 3
001201 1
001202 4
001210 28
001222 0
001223 4
001224 14
001225 4
001226 18
001227 2
001228 30
001229 0
001230 9
001231 25
001234 7
001250 37
001291 31
001292 19
001310 31
001311 0
001312 0
001314 28
001315 4
001320 16
001321 4
001323 28
001330 7
001341 37
001342 34
001352 13
001355 13
001361 31
001362 25
001391 31
001410 19
001423 0
001440 22
001445 16
001446 10
001463 37
001471 37
001472 40
002102 12
002111 30
002191 22
002202 16
002230 13
002260 22
002302 16
002311 37
002321 40
002331 28
002362 19
002402 7
002441 19
002471 10
003102 25
003191 34
003202 19
003314 19
003331 37
003332 13
003361 7
003367 25
003454 37
004282 22
004465 25
004472 37
004474 16
004476 24
006103 31
006226 40
006241 28
006253 25
006307 22
006326 16
006330 7
006349 7
006353 28
006423 19
006432 13
006443 37
006448 13
006475 16
008214 10
008314 22
008326 13
008402 37
008411 10
009103 28
009213 13
009234 16
009236 40
009254 37
009325 19
009327 10
009344 40
009355 37
009356 7
009358 13
009363 31
009446 25
011100 29
011101 0
011154 37
011156 39
011157 22
011251 22
011257 22
011268 25
011269 28
011276 40
011277 13
011278 27
011355 7
011367 22
011457 16
011479 28
012173 24
012200 18
012271 4
012272 19
013103 21
013110 10
013203 24
013204 33
013207 10
013208 21
013209 13
013216 37
013217 10
013301 31
013303 28
013306 41
013321 37
013335 25
013337 22
013410 28
013413 37
013422 13
013428 37
013431 16
013432 13
014210 31
014211 13
014270 18
014310 4
014311 7
014323 19
014370 13
014383 7
014390 37
014401 9
014410 22
014422 16
014423 10
014471 0
014481 27
015101 9
015102 13
016101 31
016102 10
017101 27
017102 37
017111 22
017112 10
017231 37
018104 40
018111 19
018112 35
018114 25
018126 10
018204 37
018271 19
018323 37
018352 37
018372 22
018468 25
019101 8
019104 16
019105 25
019106 0
019112 22
019204 25
019205 41
019206 4
019212 28
019222 37
019332 7
019351 22
019362 13
019373 10
019441 10
020101 37
020102 25
020212 25
020231 37
020232 37
020261 41
021101 30
021102 41
021203 24
021204 10
021270 19
024752 37
025110 10
025381 37
025481 37
026101 23
026102 10
026111 0
026112 19
026201 25
026202 25
050100 13
050103 37
050104 9
050106 41
050112 8
050113 9
051302 24
051304 19
051306 40
051310 7
051313 10
051412 25
051418 37
052203 16
052310 22
052323 40
052331 28
052350 13
052351 4
052353 25
052355 34
052400 22
052417 19
052420 0
052422 13
052441 10
052442 7
052445 37
052448 16
052449 37
052725 25
054821 37
054822 37
055702 25
055703 37
055711 10
055739 10
057121 41
057122 34
057123 27
057125 18
057126 36
057127 19
057128 38
057129 18
057130 41
057131 7
057132 28
057133 40
057134 24
057135 37
057136 25
057137 7
057138 12
057139 21
057213 36
057283 10
057286 19
057287 25
057290 28
057295 16
057297 7
057298 25
057301 25
057302 28
057305 30
057307 19
057316 19
057366 4
057401 40
057404 37
057407 13
057413 22
057419 13
057425 10
057427 37
057428 36
057450 10
059405 25
059413 10
059419 22
061106 31
061201 22
061205 19
061223 7
061224 40
061306 27
061312 10
061313 37
061317 13
061319 13
061401 4
061403 16
061405 22
061430 37
062342 28
062346 25
062360 22
062380 28
062411 22
062452 7
062460 19
062470 7
062499 13
063201 13
064204 4
064231 37
064232 19
064252 25
064303 37
064411 10
064412 25
064413 19
064417 16
064422 13
064423 37
064424 21
064474 13
065120 16
065121 25
065211 34
065212 31
065311 24
065320 18
065333 37
065420 34
065436 25
065437 19
065438 10
065782 10
065795 25
065797 37
065799 37
066222 16
066324 16
066412 13
066416 28
066426 34
067201 10
067203 37
067303 13
067311 16
067371 16
067433 19
067435 25
067436 16
067491 25
070200 13
070304 25
070305 37
070400 19
070401 28
070403 19
070404 37
070410 10
070411 10
070413 9
070414 19
070415 37
070416 7
070727 25
070731 37
070741 37
071411 37
071412 13
071413 16
071414 4
071415 19
071416 39
071417 22
071419 27
071420 37
071426 25
071724 37
074100 22
074101 8
076414 37
076426 15
076427 7
076428 25
076429 22
076430 13
076444 37
076466 16
078444 35
079444 28
088708 37
099101 0
099102 31
099103 1
100102 37
100104 25
100109 21
100110 13
100111 28
100112 4
100205 10
100206 10
100207 4
100208 19
100210 25
100212 28
100213 37
100214 19
100218 16
100219 21
100220 21
100222 10
100225 0
100227 19
100281 41
100306 30
100307 10
100308 40
100309 22
100310 28
100501 18
101201 13
101202 41
101205 18
101325 4
101405 37
101490 7
103271 4
104100 10
104201 37
104302 4
104310 37
104320 19
104327 7
104334 10
104435 10
104450 37
104490 37
109100 37
109114 9
112101 37
112105 25
112106 7
112109 19
112202 10
112205 37
112303 37
112321 25
112322 25
112406 28
112424 37
115300 25
116301 16
116302 25
126101 41
126102 16
126212 30
126213 12
126214 4
126324 6
126325 37
126328 13
126330 3
126331 28
126332 22
126400 25
126431 4
126434 37
126436 10
126437 25
126438 16
126442 7
127100 10
127101 28
127202 28
127205 19
127206 4
127303 1
127313 24
127320 7
127330 0
127332 40
127333 36
127336 7
127359 18
127411 21
127412 19
127413 10
127414 25
127415 25
127416 19
127424 10
127433 7
127492 37
127716 10
127720 25
127721 19
127730 37
128100 5
128101 37
128201 16
128304 4
128305 27
128306 27
128308 37
128310 37
128353 25
128401 10
128423 22
128425 7
128427 22
128429 19
128434 10
128445 22
128451 10
128462 13
128471 37
128484 25
128700 10
128712 19
128727 25
128734 37
128751 19
140101 37
140102 31
140103 3
140104 18
140105 30
152211 25
152301 37
152321 37
152331 37
154100 37
154104 10
154141 4
154152 22
154153 9
154173 13
154181 16
154251 4
154276 16
154281 33
154301 10
154330 19
154431 37
154479 25
154482 19
154492 7
159100 15
159101 19
159102 28
159151 25
159202 22
159203 7
159204 40
159331 25
159411 7
159412 37
159434 28
159462 16
160342 19
164261 37
164341 10
168101 10
168410 19
176100 20
176101 40
176104 10
177104 33
177113 16
177114 22
177141 40
177142 28
177181 7
177220 16
177222 4
177227 10
177228 40
177229 19
177300 7
177321 37
177332 13
177335 28
177341 25
177361 27
177362 4
177413 10
177420 19
177425 25
177429 40
177430 22
177431 25
177433 16
177460 30
177464 37
177465 1
177466 1
177470 25
177471 7
177483 18
177491 1
177494 16
177495 10
179402 25
179403 25
179404 37
179406 7
179443 25
201100 19
201110 10
201114 16
201116 17
201117 30
201190 37
202100 22
202101 21
202102 39
202147 34
202231 41
202303 16
202305 28
202311 37
202331 19
202356 37
202371 7
202405 25
202432 10
202442 19
202461 10
202471 13
202475 37
202476 7
202484 10
202731 25
202736 25
202749 37
202770 10
202804 37
202807 37
202833 37
202843 25
203100 3
203104 36
203108 29
203111 15
203113 24
203114 36
203131 31
203132 21
203151 4
203152 40
203154 16
203158 12
203159 28
203162 36
203202 24
203203 25
203204 27
203206 38
203207 40
203208 25
203209 25
203211 12
203222 28
203223 30
203226 23
203232 0
203236 41
203250 30
203287 27
203300 13
203304 16
203316 1
203351 7
203352 16
203413 37
203424 25
203425 37
203435 10
203459 28
203708 25
203715 37
203719 10
203721 37
203734 10
203735 25
203749 10
203754 37
203775 25
203804 37
203812 25
203825 10
203829 25
204100 25
204101 28
204113 28
204123 10
204202 13
204217 34
204232 6
204251 0
204306 13
204315 24
204320 10
204333 7
204355 19
204362 40
204382 37
204422 10
204425 37
204441 19
204443 22
204452 28
204456 25
204482 7
204483 31
204490 1
205100 6
205103 28
205105 28
205216 28
205232 25
205244 37
205252 16
205282 25
205324 7
205344 25
205358 37
205361 25
205382 10
205421 10
205473 25
206100 31
206103 12
206104 31
206108 4
206111 32
206112 30
206161 39
206162 19
206171 32
206172 6
206181 10
206182 10
206191 37
206211 3
206216 12
206217 3
206253 16
206255 7
206261 24
206266 31
206281 27
206311 37
206313 7
206321 12
206325 15
206327 41
206331 9
206336 13
206341 1
206342 37
206355 31
206357 37
206362 24
206364 25
206367 12
206368 0
206370 37
206421 25
206435 37
206437 22
206467 0
206471 16
206476 7
206481 19
206725 10
206726 25
206728 37
206729 37
206731 10
206734 25
206736 10
206737 10
206774 25
207100 4
207104 9
207105 25
207106 12
207108 19
207109 31
207110 25
207116 21
207117 16
207118 34
207125 33
207137 33
207162 25
207172 22
207181 30
207187 6
207188 10
207191 28
207195 37
207214 22
207302 25
207305 18
207306 24
207312 25
207321 37
207402 16
207408 19
207415 22
207442 37
207448 10
207449 37
207704 19
207706 10
207708 25
207712 37
207741 37
207766 37
207776 37
208101 12
208140 37
208141 30
208161 10
208250 10
208263 16
208264 19
208271 40
208272 41
208322 15
208345 0
208346 16
208353 37
208362 25
208373 4
208384 10
208423 7
208444 16
208446 4
208460 37
208738 19
208740 37
208770 25
208772 25
208774 10
208776 25
208873 37
209203 22
209204 25
209252 25
209253 16
209262 37
209263 19
209270 16
209271 7
209272 1
209322 22
209332 22
209341 7
209352 13
209370 19
209376 25
209382 10
209424 25
209452 25
209454 28
209456 19
209466 10
209486 37
209714 10
209772 37
209787 25
209789 10
210100 22
210200 1
210207 28
210221 40
210251 19
210276 13
210315 7
210331 22
210355 37
210432 19
210435 10
210448 37
210463 28
210702 37
210717 25
210734 10
210741 25
210743 10
210748 25
210787 10
211100 27
211303 7
211312 40
211315 19
211318 1
211319 21
211341 31
211342 37
211448 13
211449 22
211495 37
211709 37
212712 37
212714 25
212731 10
213708 37
213717 25
213718 25
213763 10
214301 16
214310 31
214340 19
214341 16
214352 25
214403 19
214412 13
214431 10
214442 10
214462 25
214491 37
215205 33
215206 0
215207 31
215208 40
215303 37
215312 25
215313 1
215314 7
215401 25
215462 13
215482 22
215711 25
215783 37
217705 10
217708 25
217773 37
218100 21
218234 13
218236 28
218244 10
218262 37
218352 7
218362 13
218372 37
218382 16
218481 25
218486 37
218496 37
219753 10
219781 25
226703 37
226704 25
226710 25
226805 37
229223 40
229351 28
251100 31
251211 9
251213 10
251216 37
251242 28
251261 22
251292 19
251312 34
251313 37
251333 31
251334 16
251342 1
251361 25
251363 19
251371 31
251372 10
251374 21
251399 40
251411 19
251417 37
251434 22
251436 7
251451 37
251455 7
251456 28
251457 25
251461 16
251465 25
251704 7
251707 37
251713 37
251716 19
251723 10
251724 25
251738 37
251746 19
251748 10
251754 19
251760 10
251763 37
251765 25
251773 19
251781 10
251784 25
252210 34
252212 41
252222 37
252235 0
252281 28
252282 21
252283 41
252285 7
252311 22
252320 7
252331 10
252353 31
252401 40
252402 40
252403 1
252404 10
252413 7
252420 22
252421 4
252422 25
252423 37
252427 25
252428 21
252429 16
252435 40
252440 25
252442 25
252443 37
252448 16
252450 22
252456 7
252459 28
252460 7
252479 25
252489 10
252706 25
252707 10
252714 19
252721 19
252727 10
252755 10
252765 25
252781 25
252792 37
253215 1
253318 37
253321 22
253332 25
253423 10
253433 7
253441 28
253443 7
253451 25
253452 13
253454 19
253721 37
253725 19
253731 19
253734 10
253735 10
253747 7
253749 22
253752 7
253754 25
253791 25
254182 19
254200 31
254205 0
254206 16
254207 25
254211 39
254215 41
254216 37
254222 21
254231 19
254232 9
254271 6
254282 7
254334 19
254352 40
254362 12
254371 37
254373 33
254400 7
254411 7
254412 37
254415 1
254421 25
254423 25
254424 25
254427 37
254435 10
254441 28
254443 37
254445 31
254446 19
254451 16
254452 10
254453 0
254466 10
254476 16
254477 22
254478 37
254495 25
254701 37
254721 25
254733 19
254737 10
254771 10
254816 37
254857 25
255210 6
255230 18
255300 19
255301 0
255316 5
255323 37
255328 27
255337 14
255340 9
255393 16
255422 19
255425 25
255430 10
255432 37
255433 37
255437 37
255440 7
255442 28
255445 19
255447 25
255451 19
255455 22
255463 10
255471 10
255497 37
255714 7
255735 10
255746 37
255750 19
255751 19
255769 25
255772 25
255783 19
255786 25
255791 22
255792 25
256100 19
256271 40
256281 13
256317 1
256318 13
256334 19
256415 10
256419 7
256442 37
256443 16
256456 25
256473 37
256474 7
256713 19
256741 37
256752 10
256753 25
256791 37
259103 34
259104 30
259106 4
259107 15
259108 25
259192 13
259193 31
259194 0
259195 0
259200 27
259201 27
259203 37
259401 25
260313 19
260334 10
260421 10
260702 19
260712 10
260719 25
260791 37
261102 4
261111 24
261112 19
261113 28
261205 28
261207 9
261208 25
261214 40
261215 37
261218 27
261305 18
261306 6
261332 22
261342 37
261343 7
261361 22
261411 13
261421 10
261430 28
261433 10
261444 16
261446 22
261447 10
261448 37
261449 25
261453 28
261465 16
261473 16
261479 13
261494 16
261497 31
261498 16
261499 10
261731 37
261736 37
261742 7
261745 19
261751 37
261752 10
261755 25
261763 19
261792 7
261796 10
261891 19
263710 19
263721 10
263724 25
263745 37
263751 37
264702 10
264703 25
264705 37
264755 19
264791 7
265706 10
265709 25
265710 37
266703 37
266801 25
268735 19
268741 10
268742 37
269103 22
269105 7
269130 13
269210 16
269341 7
269360 25
269370 13
269497 19
269498 19
270721 10
270791 10
305203 10
318322 7
329104 33
330112 16
351100 31
351201 10
351302 22
351331 7
351364 28
351371 37
351425 34
351426 25
351464 19
352103 22
352311 13
352314 37
352315 22
352323 25
352331 7
352332 37
352401 28
352412 7
352413 19
352421 25
352422 13
352433 25
352441 13
353313 19
353418 19
353431 22
353441 37
353471 28
353482 25
354311 25
354312 10
355411 13
356100 37
356101 40
356102 28
356210 4
356261 12
356306 13
356331 25
356333 7
356373 37
356375 25
356411 22
356412 10
356415 19
356416 10
356431 4
356432 13
356441 28
356442 37
356443 16
356444 22
356446 19
356447 37
356448 7
356449 25
356455 37
356472 28
356474 10
357110 40
357210 30
357322 22
357323 19
357418 7
357421 28
357432 22
357442 4
357444 13
357446 10
359202 41
359205 25
359206 28
359302 7
359305 7
359341 37
359350 13
359360 22
359401 28
359403 19
359419 37
359422 16
359452 37
359455 37
359460 40
359461 10
360100 33
360301 25
360402 10
360403 40
360411 37
360423 37
360441 7
360460 25
361210 27
361211 22
361214 25
361341 19
361414 37
361421 40
361433 10
361442 37
361461 25
361475 28
363210 12
365201 19
365211 10
365301 22
365324 7
365331 10
365422 37
365425 25
365426 19
368211 22
368310 19
368412 25
368417 10
368433 25
400110 3
400210 21
401281 16
401383 22
401391 7
403281 28
403383 25
406284 25
406294 13
406386 31
406396 34
408382 37
410381 1
413383 16
413391 13
415393 40
420282 37
421282 22
421292 7
421386 19
421396 28
422381 4
428281 19
428282 10
428381 10
428383 41
461170 19
461471 1
461472 7
461511 40
461526 28
462130 7
462531 19
462542 10
462545 25
462582 37
462587 28
462588 22
463201 25
463252 37
463331 19
463332 7
463342 25
463354 37
463512 7
463513 28
463534 40
463543 22
463544 25
463557 37
463559 10
463571 28
463592 13
464302 10
464312 13
464402 25
464403 37
464414 16
464442 19
464443 22
464445 40
464446 10
464500 22
464502 7
464504 19
464505 10
464506 25
464508 22
464544 37
464545 13
464546 13
464549 28
501201 10
501202 25
501305 25
501306 37
502313 40
502314 28
504202 28
504305 19
506202 37
508304 10
510306 22
512304 7
513113 25
513115 22
513212 10
513216 25
513217 22
513225 7
513284 37
513331 37
513343 10
513364 25
513373 7
513390 19
513411 25
513446 37
514202 13
514206 40
514222 22
514244 25
514272 28
514322 40
514336 28
514352 37
514358 10
514382 7
514384 25
514396 19
514398 22
515204 13
515205 37
515256 7
515257 25
515330 10
515337 28
515339 19
515362 25
515377 22
515378 7
515380 37
515407 19
515440 10
515441 25
515442 37
518724 37
518770 25
551311 10
552216 25
552217 37
552232 10
553312 10
554314 25
555313 25
556311 37
557433 22
558101 12
558432 7
561312 37
562101 40
562211 37
571115 37
601201 33
601202 19
601231 10
601242 7
601342 31
601346 22
601351 7
601361 10
601423 19
601424 37
601425 37
601436 7
601452 19
601471 25
601472 37
601745 25
601769 10
601775 37
602100 34
602102 31
602103 11
602120 4
602121 41
602122 19
602314 28
602421 22
602432 10
602453 19
602454 37
602455 13
602461 25
602463 37
602471 7
602741 25
602751 37
603200 25
603231 33
603321 0
603341 25
603396 10
603423 37
603496 19
603725 10
603743 25
603751 37
604101 10
604211 24
604311 27
604314 25
604315 0
604411 15
604415 4
604423 9
604431 34
604443 10
604454 19
604455 37
605203 13
605302 25
605313 10
605315 4
605316 16
605321 7
605331 22
605340 37
605412 10
605430 13
605711 25
605719 37
606211 19
606243 28
606245 7
606264 13
606310 25
606341 19
606342 10
606344 25
606451 22
606452 37
610114 34
651211 10
651212 25
651231 22
651234 37
651306 10
651313 22
651314 7
651317 37
651319 19
651416 10
651425 25
701100 17
701101 7
701181 18
701202 7
701211 25
701235 13
701243 37
701244 16
701283 13
701310 37
701335 37
701408 25
701409 10
701410 19
701496 7
702100 10
702101 37
702211 27
702213 25
702312 40
702317 27
702321 1
702331 22
702342 10
702354 4
702423 10
702443 25
702499 37
703103 22
703202 12
703204 4
703243 0
703244 25
703322 37
703324 19
703330 28
703331 0
703345 16
703351 33
703361 7
703413 19
703441 4
703444 25
703499 37
705191 9
705211 21
705311 19
705328 16
705331 34
705332 34
705343 28
705431 1
705438 9
705440 40
705441 4
705444 25
705446 25
705447 7
705461 24
705492 10
705499 37
751100 7
751101 35
751102 35
751106 25
751202 38
751209 25
751301 3
751302 0
751303 24
751305 22
751308 12
751309 13
751321 19
751326 19
751330 28
751345 19
751401 10
751403 7
751405 1
751408 36
751417 13
751418 19
751419 13
751421 16
751422 37
751424 7
751428 18
751440 10
751443 21
751447 15
751451 37
751701 22
751702 37
751703 7
751705 28
751706 37
751708 25
751710 10
751716 19
751718 19
751719 7
751727 19
751742 10
751744 10
801100 39
801122 25
801134 19
801204 19
801233 22
801236 13
801241 16
801322 10
801334 37
801371 19
803122 10
803124 25
803131 7
803230 25
803232 37
803260 25
851100 35
851103 21
851104 12
851105 30
851200 10
851201 18
851202 24
851204 7
851207 7
851241 16
851252 27
851253 13
851261 31
851263 31
851273 34
851305 25
851306 13
851309 0
851313 19
851363 37
851366 30
851375 37
851400 22
851401 27
851404 7
851406 10
851443 16
851445 40
851450 41
851462 19
851467 16
951100 26
951202 25
951231 25
951321 22
951324 22
951366 13
951421 37
951498-020 7
951498-021 28
953102 19
953104 13
953111 37
953201 22
953202 37
953214 28
953231 10
953232 19
953234 10
953323 19
953361 10
953421 37
953444 10
953494 37
953495 13
954100 37
954140 4
954142 7
954143 22
954170 25
954240 12
954244 10
954310 4
954340 22
954347 7
954371 4
954372 37
954374 10
954413 37
954421 13
954423 28
954464 19
954472 10
954491 40
954498 25
955102 16
955104 13
