001101 2
001102 1
001112 4
001118 13
001201 1
001202 28
001210 11
001212 40
001218 28
001222 10
001223 4
001224 4
001225 4
001226 4
001227 4
001228 4
001229 4
001230 34
001231 34
001234 0
001250 10
001281 15
001291 13
001292 3
001310 7
001311 37
001312 0
001314 19
001315 34
001320 7
001321 10
001323 10
001330 25
001341 34
001342 37
001352 4
001355 25
001361 10
001362 19
001391 0
001410 31
001440 13
001445 0
001463 16
001472 10
002102 25
002111 4
002191 31
002202 19
002230 25
002260 13
002302 25
002321 10
002362 16
003102 34
003191 21
003202 19
003213 0
003261 25
003454 34
004465 16
004472 25
004474 10
004476 13
006103 37
006226 25
006241 31
006253 34
006307 7
006325 16
006443 10
006448 25
008314 0
008402 34
008411 34
009103 35
009213 25
009232 7
009254 24
009301 34
009327 34
009344 34
009355 10
009358 0
009363 16
011100 18
011101 31
011153 21
011154 25
011156 7
011157 3
011251 33
011257 3
011268 0
011269 15
011276 13
011277 31
011278 24
011358 27
011367 19
011457 10
012173 36
012200 12
012271 7
012272 16
012374 34
013103 10
013110 7
013203 16
013204 13
013206 10
013207 19
013208 19
013209 22
013216 25
013301 0
013303 37
013305 6
013314 0
013337 25
013413 10
013425 16
013431 16
013432 34
013433 31
014210 25
014211 10
014270 28
014310 34
014311 37
014370 22
014371 10
014390 7
014401 28
014410 34
014423 16
014471 19
014481 25
015101 18
015102 37
016101 25
017101 22
017102 34
017111 37
017201 16
017231 37
018104 19
018111 16
018112 34
018114 37
018126 3
018204 0
018271 10
018323 19
018332 25
018352 4
018372 10
019101 36
019104 3
019105 31
019106 34
019112 19
019204 10
019205 37
019206 16
019211 31
019212 0
019221 25
019222 22
019332 25
019351 10
019362 0
019371 6
019382 16
019441 34
020101 13
020102 3
020211 37
020212 25
020231 16
020232 19
020261 22
020341 34
021101 37
021102 31
021203 16
021204 34
021270 34
024752 34
025110 10
025381 10
025481 16
026101 37
026102 28
026111 31
026112 34
026201 16
050100 31
050103 27
050104 21
050106 26
050112 41
050113 9
051300 41
051302 28
051304 15
051306 16
051310 13
051313 34
052201 19
052203 22
052310 4
052323 34
052331 19
052351 13
052353 37
052355 0
052417 16
052422 16
052442 4
052449 19
052466 31
057121 24
057122 24
057123 39
057125 12
057126 9
057127 23
057128 39
057129 30
057130 25
057131 6
057132 36
057133 24
057134 25
057135 34
057136 16
057137 34
057138 12
057205 19
057213 21
057276 37
057283 34
057286 28
057287 16
057289 34
057290 13
057295 19
057297 13
057298 1
057301 25
057302 34
057305 7
057316 16
057366 37
057404 34
057407 4
057425 25
057428 0
059405 4
059419 37
061103 1
061106 6
061201 4
061205 10
061223 15
061306 16
061312 13
061313 7
061317 4
061401 16
061403 19
061430 13
062320 0
062341 4
062342 13
062343 13
062344 1
062345 13
062346 1
062360 37
062380 25
062411 1
062452 19
062460 37
062470 19
064202 19
064204 31
064207 28
064272 16
064273 28
064303 19
064410 16
064413 1
064417 31
064418 10
064422 4
064424 13
065120 13
065121 37
065211 19
065212 13
065311 28
065333 24
065420 13
065795 34
065797 4
065799 4
066222 19
066324 28
066412 34
066416 4
066426 16
067201 10
067203 37
067311 10
067371 1
067433 13
067435 4
067436 10
067491 16
067492 4
070100 28
070200 3
070301 19
070303 13
070304 25
070305 4
070308 19
070400 34
070403 31
070404 34
070410 4
070411 10
070413 7
070414 21
070415 10
070416 25
070711 34
070726 34
070740 4
070741 4
070792 4
071412 34
071413 19
071414 4
071415 0
071417 19
074100 18
074101 30
074201 4
076312 28
076314 19
076414 34
076426 34
076427 4
076428 15
076429 37
076444 34
076466 16
078444 8
078454 25
079444 28
099101 6
099102 22
100104 22
100105 31
100106 4
100107 4
100108 30
100205 34
100206 4
100207 15
100208 25
100209 38
100211 40
100306 3
100307 34
100308 13
100309 40
100310 9
100501 34
101201 10
101202 25
101205 4
101325 7
101490 13
103112 4
103271 33
104100 10
104302 22
104310 25
104320 3
104327 4
104334 34
104450 10
104490 34
109100 21
109114 18
112101 13
112105 31
112106 25
112109 10
112202 4
112205 22
112321 34
112322 25
112406 4
112424 16
115200 7
115300 37
115301 25
116301 34
126101 36
126102 34
126212 9
126213 3
126214 34
126325 25
126326 34
126328 25
126331 28
126332 1
126431 4
126436 4
126442 16
127100 33
127101 34
127202 30
127204 6
127205 1
127303 34
127313 41
127330 0
127359 25
127411 10
127412 16
127414 34
127716 16
127720 34
127721 4
127726 10
128100 33
128101 13
128201 13
128304 1
128305 19
128306 37
128308 25
128310 34
128351 4
128355 10
128423 10
128427 25
128434 16
128443 16
128700 10
128727 16
128734 34
128751 4
140104 28
152211 10
152301 34
152331 10
154104 30
154141 13
154152 13
154153 34
154173 25
154181 37
154251 13
154276 25
154281 27
154301 34
154330 34
154340 16
154363 7
154385 4
154431 16
154457 10
154481 4
159100 6
159101 30
159102 34
159151 10
159202 0
159204 19
159231 25
159331 34
159332 34
159401 10
159411 37
159412 16
159431 4
159434 0
160242 25
164261 25
168335 4
176100 33
176101 25
176104 16
177104 4
177113 7
177114 13
177141 37
177142 28
177181 20
177215 25
177217 40
177227 13
177228 19
177229 10
177300 1
177321 25
177332 10
177335 28
177341 10
177362 22
177443 10
177460 34
177463 10
177471 34
177472 16
177483 34
177491 34
179443 4
201100 28
201110 26
201114 19
201116 27
201117 10
202100 18
202101 27
202102 22
202147 10
202231 11
202302 4
202303 34
202305 25
202356 7
202362 16
202371 18
202405 28
202421 34
202446 34
202471 1
202475 10
202476 4
202484 4
202701 4
202731 4
202736 34
202744 4
202749 4
202775 16
202776 34
202803 34
202833 4
202849 4
203100 12
203104 35
203108 4
203111 37
203113 16
203114 23
203131 3
203132 21
203151 37
203152 37
203154 9
203158 28
203159 13
203162 25
203202 22
203203 34
203204 30
203206 41
203207 22
203208 0
203209 13
203211 13
203222 0
203223 7
203226 16
203232 16
203236 28
203250 10
203287 33
203316 19
203351 25
203459 25
203715 34
203719 10
203721 34
203725 16
203726 16
203734 16
203735 10
203749 16
203752 10
203754 4
203775 10
203812 34
203825 10
203829 4
203833 4
203879 34
204100 16
204101 18
204113 6
204202 10
204211 0
204217 10
204232 21
204251 31
204306 37
204315 28
204333 28
204355 34
204362 0
204382 34
204422 10
204423 19
204424 4
204441 34
204443 4
204452 34
204482 16
204483 10
204490 25
204725 10
204728 4
204755 34
204792 16
204891 4
205100 33
205103 7
205105 16
205216 13
205232 19
205244 19
205252 1
205282 22
205324 4
205344 25
205358 10
205382 16
205731 16
205742 34
205796 4
206100 22
206101 34
206103 32
206104 32
206111 19
206112 40
206113 34
206161 21
206162 7
206171 8
206172 40
206181 25
206182 6
206191 4
206211 37
206216 19
206217 6
206253 25
206255 10
206261 24
206266 10
206267 37
206281 15
206313 13
206321 1
206324 4
206325 31
206327 28
206331 10
206336 16
206341 28
206342 10
206355 34
206362 8
206364 0
206367 1
206368 28
206370 7
206421 37
206427 25
206428 10
206435 34
206437 4
206476 4
206481 34
206703 16
206722 10
206724 16
206725 34
206731 4
206737 34
206774 4
207100 19
207104 13
207105 34
207106 13
207108 33
207109 28
207110 4
207116 16
207117 13
207118 21
207125 16
207137 3
207162 6
207172 13
207181 13
207187 4
207188 25
207191 19
207195 22
207214 16
207302 16
207305 22
207306 24
207312 10
207402 4
207448 25
207704 10
207706 16
207708 34
207712 4
207766 4
207794 4
208101 40
208140 34
208141 40
208150 4
208263 19
208264 22
208271 21
208272 2
208322 0
208345 16
208346 16
208353 7
208362 25
208373 34
208384 4
208423 16
208444 34
208446 4
208460 16
208738 16
208772 34
208774 4
209203 25
209204 31
209252 28
209253 18
209262 6
209263 34
209270 6
209271 22
209272 13
209352 37
209370 37
209376 25
209382 10
209456 10
209466 4
210200 1
210207 34
210221 13
210251 10
210276 25
210315 25
210331 7
210355 10
210432 37
210448 4
210463 4
210702 34
210705 4
210743 10
210745 10
210748 16
210789 16
211100 18
211315 31
211319 15
211341 4
211342 13
211444 34
211709 34
211889 4
213708 4
213717 16
213718 10
213763 34
214100 34
214301 16
214310 31
214340 1
214341 4
214352 4
214412 10
214491 16
215205 12
215206 21
215207 15
215208 13
215303 34
215312 25
215313 0
215401 4
215482 13
215711 34
215741 16
215742 34
215743 4
215781 4
215783 34
217705 16
217708 34
217752 4
217773 4
218100 34
218234 1
218236 31
218244 15
218262 13
218352 25
218362 16
218372 34
218382 4
226703 16
226709 4
226710 34
226789 4
229123 13
229223 31
251100 4
251211 12
251213 13
251216 7
251242 10
251261 0
251292 24
251312 34
251333 37
251334 25
251342 10
251361 1
251363 13
251371 37
251372 25
251399 4
251411 10
251434 16
251436 34
251452 25
251455 10
251456 4
251461 34
251477 4
251704 16
251707 4
251723 34
251724 4
251746 4
251748 34
251754 10
251760 4
251763 16
251765 34
251773 10
251781 16
252210 12
252212 0
252222 25
252235 34
252282 15
252283 0
252285 25
252311 19
252320 13
252331 30
252353 1
252402 10
252403 37
252404 4
252413 34
252420 37
252423 16
252427 4
252428 10
252429 37
252435 28
252440 16
252459 10
252460 10
252479 4
252489 4
252706 10
252714 34
252727 16
252755 25
252774 4
252781 34
252785 4
252789 4
252792 10
253215 9
253433 16
253441 10
253443 4
253451 34
253452 4
253454 37
253716 25
253721 34
253722 10
253725 10
253734 34
253747 4
253749 37
253752 25
253754 16
253791 16
254182 34
254200 22
254205 19
254206 34
254211 22
254215 0
254216 0
254222 15
254231 10
254232 10
254271 40
254282 31
254325 4
254334 37
254352 31
254362 1
254371 28
254373 7
254400 25
254411 10
254412 25
254415 34
254421 10
254423 37
254424 34
254435 37
254445 10
254451 4
254452 19
254453 16
254466 34
254476 1
254477 16
254478 34
254495 4
254701 4
254721 16
254733 16
254737 10
254771 34
254803 16
254817 34
254857 34
255210 31
255230 40
255301 13
255316 28
255323 34
255328 1
255337 10
255340 19
255422 4
255425 34
255427 10
255432 16
255437 34
255440 16
255447 34
255455 16
255497 4
255714 16
255735 34
255750 10
255766 4
255769 25
255772 4
255779 25
255783 10
256100 3
256271 13
256317 1
256318 16
256334 4
256382 25
256383 34
256462 10
259103 31
259104 18
259106 19
259107 22
259108 36
259192 19
259193 3
259194 31
259195 13
259200 25
259201 28
259203 34
259401 34
260704 4
260708 25
260712 10
260719 34
260791 16
261102 3
261111 38
261112 24
261113 0
261205 34
261207 9
261208 22
261214 15
261215 13
261218 19
261305 16
261306 34
261332 25
261342 10
261343 34
261361 10
261430 25
261433 13
261444 34
261446 16
261447 25
261448 34
261449 4
261465 4
261473 37
261494 1
261497 4
261499 34
261742 4
261745 4
261755 4
261763 34
261764 10
261793 16
261795 16
261796 34
263710 34
263721 10
263724 25
263745 25
263751 16
264702 10
264705 16
264755 34
264789 4
265706 16
265709 34
265710 4
266703 34
266801 4
268732 16
268735 4
268741 34
268742 10
269103 4
269105 31
269130 25
269210 19
269341 4
269360 37
269370 1
269421 34
269431 10
269497 4
270701 34
270702 4
305203 1
318322 10
329104 13
330112 4
351100 24
351201 34
351364 0
351371 34
351426 10
352103 9
352311 10
352314 7
352315 22
352331 16
352332 34
352401 25
352412 16
352413 10
352421 4
352422 34
352433 13
352441 34
353313 34
353431 16
353441 4
353471 13
355411 25
356100 38
356101 39
356102 18
356210 34
356261 19
356311 4
356331 19
356431 13
356432 4
356441 25
356442 34
356443 10
356449 4
356455 4
356472 34
356475 4
357101 6
357110 37
357210 28
357323 13
357360 16
357418 34
357442 25
357444 4
359202 17
359205 16
359401 34
359408 4
359431 16
359455 4
360100 27
360210 25
361210 15
361321 34
361322 16
361341 10
361421 13
361433 37
361452 25
361461 4
361475 16
362211 29
363210 25
365425 4
368211 13
368317 16
400110 41
400210 4
401281 25
401383 25
401391 1
403281 10
403383 22
406284 37
406294 4
406386 16
406396 37
408382 6
410381 13
413383 40
413391 31
415393 7
420282 16
421282 1
421292 28
421386 34
421396 10
422381 19
428281 34
428282 13
428381 28
428383 4
461170 21
461471 37
461472 31
461511 16
461521 16
461526 16
461551 25
461566 10
461584 4
462130 32
462412 16
462413 34
462414 25
462503 10
462587 4
462588 34
463201 1
463252 9
463331 16
463332 1
463342 4
463354 34
463506 34
463512 37
463513 34
463543 16
463544 25
463557 34
463559 4
463571 1
463592 7
464302 25
464312 10
464402 10
464403 13
464414 7
464442 4
464443 19
464445 34
464446 25
501201 34
501202 25
501305 13
501306 37
502313 10
502314 16
504202 7
504305 25
506202 0
508304 37
510306 34
512304 4
513113 15
513115 25
513212 16
513216 1
513217 22
513225 25
513284 13
513331 4
513343 10
513364 16
513373 34
513390 25
513446 4
514202 34
514206 7
514222 37
514244 25
514272 19
514322 25
514352 4
514358 1
514382 16
514384 34
515204 34
515205 1
515256 25
515257 10
515337 16
515362 34
515380 4
552216 25
552217 0
552232 7
554413 25
555312 10
557432 16
558101 16
558313 34
558441 4
562101 3
562211 28
601201 37
601202 21
601231 13
601242 22
601342 16
601346 34
601361 4
601423 10
601425 37
601454 25
601455 10
601724 4
601745 34
601775 4
602100 6
602102 37
602103 41
602111 34
602120 4
602121 9
602122 4
602301 34
602314 0
602421 16
602453 37
602454 4
602455 25
602461 16
602471 10
602722 16
602741 4
602751 34
603200 19
603231 25
603321 10
603396 34
603496 4
603725 16
603743 34
603751 4
604101 22
604211 10
604311 19
604314 28
604315 25
604411 10
604415 16
604423 1
604431 34
604455 34
605203 3
605302 13
605313 34
605315 10
605316 25
605331 10
605430 16
605701 34
605711 16
605719 4
605742 34
606211 25
606243 19
606245 1
606264 34
606310 10
606451 16
606452 4
610114 36
651211 1
651212 13
651231 19
651234 7
651313 37
651314 25
651317 4
651319 10
651416 16
651425 34
701100 12
701101 15
701181 10
701183 21
701202 1
701235 28
701243 16
701244 19
701283 28
701295 22
701310 4
701335 10
701341 16
701408 34
701423 25
702100 31
702101 18
702211 25
702213 34
702312 7
702317 21
702321 16
702331 25
702342 1
702354 4
702418 25
703103 34
703202 10
703204 19
703243 13
703244 10
703309 4
703311 16
703322 25
703324 34
703330 10
703331 0
703345 28
703351 13
703361 4
703413 34
703441 10
703499 16
705191 0
705211 13
705311 16
705328 0
705331 12
705332 34
705343 16
705351 28
705431 31
705438 4
705440 10
705441 4
705444 13
705446 19
705448 1
705492 37
705499 34
751100 10
751101 23
751102 9
751106 19
751202 22
751209 34
751301 18
751302 9
751303 19
751304 4
751305 4
751308 31
751309 24
751321 34
751326 25
751330 34
751345 34
751401 25
751403 4
751405 13
751408 0
751413 4
751418 34
751419 4
751421 34
751428 37
751440 22
751443 16
751701 10
751702 16
751703 4
751705 34
751706 16
751708 34
751710 4
751712 4
751716 10
751724 10
751728 37
751732 16
751734 37
751744 25
751745 25
751751 4
751752 25
801100 15
801122 9
801134 25
801201 34
801204 1
801233 25
801236 4
801241 7
801322 4
801371 19
803122 34
803124 25
803131 31
803230 4
803232 31
851100 12
851103 9
851104 18
851105 34
851200 25
851201 0
851202 32
851204 40
851205 12
851241 3
851261 13
851273 25
851305 1
851306 10
851309 15
851310 6
851341 7
851342 19
851344 4
851350 18
851363 9
851366 1
851371 31
851375 21
851400 34
851401 19
851404 4
851443 34
851445 16
851450 34
851467 4
951100 29
951106 19
951124 3
951202 19
951231 10
951321 34
951366 4
951421 16
951497 34
951498 4
953102 25
953104 13
953111 29
953201 1
953202 31
953214 21
953231 19
953232 34
953234 19
953323 10
953494 34
953495 16
954140 6
954141 34
954142 10
954240 10
954244 25
954310 13
954326 16
954340 34
954364 16
954371 4
954372 28
954373 34
954413 10
954420 34
954422 10
954423 4
954443 10
954472 10
954498 25
