001101 1
001102 31
001111 19
001113 30
001201 1
001202 31
001210 17
001212 0
001218 7
001230 39
001231 28
001250 22
001291 12
001293 25
001310 10
001311 2
001312 28
001318 0
001320 34
001321 3
001323 19
001330 25
001342 4
001353 31
001354 37
001362 28
001381 4
001410 19
001423 19
001425 4
001443 16
001444 19
001445 7
001447 16
001461 16
002101 9
002110 31
002191 4
002192 16
002201 25
002211 7
002221 34
002250 4
002301 7
002333 4
002351 19
002361 16
002365 31
002401 4
002473 19
003101 18
003191 4
003201 16
003313 37
003320 16
003331 22
003367 4
004241 16
004282 4
004301 13
004303 22
004324 3
004432 10
004473 19
004475 34
004483 21
006103 37
006126 9
006206 30
006226 25
006242 34
006253 7
006303 25
006325 7
006326 22
006330 34
006344 19
006346 37
006355 4
006425 4
006426 16
006428 31
006443 16
006448 28
006454 28
008214 7
008303 0
008314 10
008411 31
008417 22
009103 16
009105 31
009212 19
009230 16
009231 7
009326 22
009328 4
009426 16
009431 19
009445 22
011100 3
011151 13
011152 18
011153 25
011251 12
011257 30
011259 34
011269 3
011276 12
011353 22
011356 7
011358 7
011362 28
011374 10
011461 22
011464 16
011479 37
012100 37
012173 27
012200 13
012273 25
012371 37
012475 19
013103 21
013110 10
013203 34
013204 7
013206 22
013209 21
013301 13
013302 16
013303 28
013305 3
013306 7
013307 19
013317 40
013321 4
013326 16
013329 19
013330 37
013335 16
013337 4
013413 19
013427 22
013433 16
014210 4
014211 22
014270 25
014310 6
014311 3
014322 19
014323 4
014324 16
014370 4
014371 40
014381 31
014382 22
014401 18
014471 7
014481 37
014485 19
015101 9
016101 34
017101 37
017102 34
017111 19
017112 19
017210 16
018103 31
018111 21
018113 33
018125 4
018203 10
018211 25
018213 31
018231 4
018235 7
018271 24
018301 16
018335 37
018351 4
018353 25
018433 4
018435 19
018438 16
018467 7
019101 13
019103 19
019105 27
019106 18
019108 31
019111 22
019203 37
019205 28
019206 22
019208 10
019211 19
019221 4
019303 19
019311 31
019331 16
019361 37
019371 10
019373 34
019381 4
019411 34
019442 7
019471 16
019473 19
020101 19
020102 22
020211 37
020212 7
020231 16
020311 34
020321 16
020333 37
020341 4
020362 7
020363 31
021101 41
021102 28
021203 28
021270 10
025108 7
025110 16
025310 4
025480 22
026101 13
026102 13
026111 28
026112 37
026201 13
026271 4
029701 16
029711 19
050100 4
050103 29
050104 41
050106 30
050111 7
051302 6
051304 40
051306 41
051313 19
051412 22
051418 28
052201 31
052202 40
052314 10
052350 37
052352 4
052357 10
052400 19
052419 31
052443 7
052445 0
052447 4
052725 16
055701 19
055706 7
055707 4
055771 7
055797 16
057121 9
057122 33
057123 27
057125 36
057126 39
057127 15
057128 33
057129 27
057130 17
057131 41
057132 36
057133 10
057134 28
057135 41
057137 34
057138 31
057139 10
057140 4
057201 19
057205 7
057215 25
057274 10
057279 0
057283 37
057284 34
057285 10
057288 25
057293 37
057294 7
057300 25
057302 37
057305 41
057351 34
057366 18
057403 13
057405 6
057410 4
057411 9
057420 31
057425 28
057426 34
057428 10
059419 34
061106 22
061201 22
061223 16
061306 37
061307 25
061312 28
061313 22
061317 19
061401 10
061403 22
061404 4
062342 37
062343 16
062344 19
062345 31
062346 28
062360 19
062380 4
062411 31
062452 19
062460 37
062470 37
063703 16
063813 19
064207 25
064231 7
064251 37
064281 33
064291 7
064301 34
064303 22
064410 19
064412 28
064417 19
064418 1
064424 9
064474 19
065210 7
065212 16
065310 40
065320 10
065332 37
065421 7
065434 37
065435 7
065436 19
065437 22
065797 19
065799 19
066221 37
066323 13
066410 19
066414 10
066425 25
066755 16
067202 16
067303 25
067311 4
067372 16
067373 28
067432 37
070301 7
070303 31
070304 22
070305 34
070308 4
070400 16
070401 16
070403 28
070404 28
070410 16
070411 4
070415 7
070416 4
070720 7
070721 4
070726 16
070727 16
070731 19
070792 19
071412 16
071413 28
071414 22
071420 16
071422 28
071423 16
071425 37
071712 4
071811 16
074100 36
074101 37
074414 40
076314 25
076414 34
076425 37
076427 21
076428 12
076429 28
076444 19
076466 6
078444 41
078454 25
079444 33
088708 19
091800 19
099101 12
099102 25
100102 22
100103 19
100104 30
100105 16
100109 31
100110 19
100111 16
100112 7
100206 9
100207 1
100208 36
100209 19
100210 22
100211 16
100212 7
100213 4
100218 19
100219 31
100220 30
100225 22
100226 19
100281 34
100306 7
100307 16
100308 0
100309 33
100310 22
100501 24
101100 7
101105 31
101201 16
101211 28
101400 25
101405 19
103112 10
103191 4
103271 21
104200 37
104201 4
104300 13
104301 19
104340 16
104410 22
104424 19
104495 16
105304 37
109100 32
109115 3
112101 4
112102 37
112103 19
112108 4
112201 34
112203 6
112213 22
112300 6
112411 37
112412 16
115200 34
115301 6
115302 28
116400 22
126101 19
126216 7
126321 40
126330 7
126333 16
126334 19
126428 16
126432 9
126443 0
127100 10
127101 7
127203 6
127204 19
127207 22
127303 25
127312 3
127314 9
127315 19
127316 31
127329 0
127337 4
127711 34
127717 4
127718 16
127719 19
128100 41
128101 40
128202 25
128203 3
128204 7
128307 0
128309 3
128334 34
128352 16
128354 16
128403 7
128701 34
128710 4
128730 16
128740 19
128762 19
140101 4
140102 4
140105 13
152321 1
154104 10
154141 7
154151 19
154231 19
154262 7
154281 41
154311 4
154330 7
154340 34
154351 25
154353 16
154363 19
154375 19
154377 16
154388 37
154433 22
154443 37
154488 19
159100 22
159101 26
159151 4
159203 3
159221 34
159302 41
159303 25
159305 7
159332 22
159356 19
159362 31
159403 22
159411 1
159412 16
159431 34
160341 21
164200 6
164341 28
168101 13
168410 4
176100 9
176101 10
176104 37
176220 7
177103 4
177214 40
177215 34
177216 19
177217 28
177242 22
177281 7
177283 10
177285 4
177321 22
177330 25
177336 34
177341 19
177361 31
177393 7
177404 0
177414 22
177427 4
177430 4
177434 16
177446 37
177447 1
177450 22
177465 19
177467 19
177481 4
177494 4
179403 4
201100 40
201110 29
201114 34
201115 38
201116 41
202100 15
202101 13
202141 37
202143 7
202145 24
202184 3
202231 40
202260 16
202310 19
202311 13
202332 37
202334 22
202342 0
202361 19
202371 6
202410 13
202434 28
202438 19
202443 16
202473 34
202474 31
202477 19
202495 7
202737 22
202765 19
202773 4
202776 19
202783 4
202833 16
202844 19
202848 19
203100 12
203103 34
203111 7
203116 6
203151 7
203162 4
203201 12
203203 37
203204 31
203206 7
203207 7
203208 19
203209 19
203222 19
203226 26
203231 6
203235 34
203236 28
203255 31
203300 37
203303 31
203315 3
203323 28
203324 19
203331 7
203332 34
203333 37
203351 25
203352 16
203475 37
203705 22
203709 4
203713 4
203714 19
203716 22
203723 4
203732 19
203736 34
203739 4
203743 4
203753 25
203803 34
203807 19
203821 34
203828 19
203879 16
204100 28
204101 6
204111 4
204202 12
204211 6
204216 16
204217 19
204231 34
204321 16
204325 31
204335 25
204341 6
204361 37
204363 16
204365 31
204381 37
204383 4
204432 0
204442 22
204451 19
204453 4
204471 28
204721 4
204725 19
204735 16
204764 19
204891 19
205100 13
205103 41
205104 37
205105 36
205235 3
205239 19
205275 27
205303 3
205337 0
205355 6
205393 37
205441 16
205461 19
205765 34
205805 19
206100 25
206101 19
206103 29
206107 16
206108 38
206111 25
206113 31
206161 7
206171 19
206181 30
206191 12
206203 21
206207 21
206211 34
206216 28
206217 24
206254 28
206261 22
206267 12
206281 19
206300 19
206321 25
206324 16
206325 37
206327 4
206328 31
206331 6
206335 16
206336 0
206341 4
206355 31
206362 10
206370 16
206381 13
206412 19
206432 13
206436 25
206437 19
206441 37
206457 22
206470 34
206705 16
206707 4
206713 19
206717 16
206720 16
206726 4
206738 16
206739 19
206743 16
206753 16
206785 19
207100 31
207103 4
207105 16
207106 4
207107 19
207109 37
207110 24
207115 13
207117 18
207123 16
207131 25
207135 6
207171 27
207173 40
207183 7
207187 4
207203 28
207205 31
207208 9
207213 4
207308 34
207310 34
207313 25
207323 4
207348 31
207401 16
207403 19
207406 6
207419 10
207422 19
207455 22
207458 19
207463 19
207701 34
207703 4
207705 16
207711 19
207808 19
208101 38
208140 7
208150 4
208263 40
208270 37
208271 25
208280 10
208321 34
208329 19
208343 7
208348 0
208383 16
208425 34
208439 22
208440 16
208469 19
208711 34
208760 4
208761 16
208770 19
208871 16
208872 19
209201 18
209251 13
209301 0
209302 16
209303 4
209331 25
209351 10
209358 28
209361 22
209368 37
209375 34
209451 34
209453 4
209461 16
209463 19
209483 16
209485 19
209705 22
209707 34
209771 16
209773 7
209779 19
209785 4
210201 37
210202 19
210204 34
210343 16
210351 22
210383 4
210425 16
210433 25
210434 19
210445 19
210485 19
210703 34
210704 4
210705 16
210707 19
210731 16
211100 36
211311 3
211315 4
211319 7
211440 19
211443 16
211702 16
211889 19
212701 34
212703 16
212711 19
212741 4
213706 19
213707 16
213711 19
213714 4
214100 37
214261 12
214312 31
214341 19
214381 16
214401 22
214411 4
214414 37
214415 10
214430 16
214445 19
215205 35
215206 28
215207 10
215208 4
215302 10
215381 13
215411 34
215431 16
215734 19
215744 16
215752 22
215762 16
215782 4
215785 19
216781 4
217701 4
217703 16
217707 19
217726 16
217775 19
217781 19
218100 40
218101 16
218233 34
218235 4
218321 19
218323 34
218351 4
218471 34
218474 16
218475 19
219720 19
219731 4
220703 19
226701 19
226702 19
226709 19
226710 16
229123 16
229323 28
251211 6
251213 10
251216 16
251261 31
251281 3
251312 10
251313 16
251333 4
251361 7
251363 3
251371 40
251372 13
251374 19
251384 34
251411 22
251437 19
251438 28
251439 37
251461 16
251475 19
251479 19
251701 34
251702 7
251703 19
251711 34
251714 7
251715 4
251717 16
251718 34
251745 4
251751 7
251752 4
251757 16
251758 34
251776 34
251783 7
251785 4
251790 19
252201 6
252211 40
252232 25
252282 20
252283 12
252285 40
252286 11
252301 19
252302 16
252317 31
252320 7
252322 21
252325 33
252327 28
252330 0
252342 37
252363 25
252420 22
252421 19
252425 34
252427 4
252439 16
252444 31
252450 16
252460 16
252498 25
252702 4
252708 4
252711 16
252719 7
252724 16
252725 4
252752 34
252785 7
252789 7
252791 19
253303 31
253314 16
253315 4
253432 28
253455 16
253456 19
253481 22
253701 4
253717 16
253722 19
253732 7
253734 16
253736 34
253747 4
253748 34
253752 19
253754 7
254181 22
254205 13
254206 16
254211 0
254215 7
254216 34
254222 31
254231 24
254232 37
254252 4
254282 0
254302 6
254325 28
254333 26
254372 40
254373 22
254421 22
254426 4
254436 1
254439 19
254441 25
254451 4
254456 37
254457 13
254459 16
254461 1
254471 16
254473 19
254494 22
254496 25
254700 4
254702 34
254703 19
254710 16
254734 19
254770 34
254804 7
254872 16
254875 7
255201 10
255215 31
255251 16
255290 37
255300 28
255320 3
255321 31
255330 25
255359 40
255415 4
255417 16
255420 19
255422 4
255424 4
255431 16
255432 34
255434 31
255438 16
255449 4
255454 19
255455 19
255460 7
255462 22
255471 19
255492 4
255722 7
255734 19
255750 34
255752 4
255758 19
255764 34
255766 4
255770 16
255771 16
255772-001 4
255772-801 16
255772-803 7
255772-804 4
256100 24
256212 16
256271 4
256281 16
256316 34
256333 31
256373 4
256384 28
256412 28
256418 16
256441 19
256457 7
256462 4
256473 16
256700 16
256751 19
259103 28
259104 25
259106 31
259107 7
259108 36
259109 34
259191 19
259192 34
259194 25
259201 36
259203 19
260312 19
260701 22
260705 16
260709 19
260716 34
260718 4
260772 7
261103 28
261111 21
261200 37
261210 19
261212 0
261216 24
261217 4
261304 15
261305 25
261335 25
261336 12
261342 28
261343 6
261361 1
261405 1
261434 6
261447 4
261456 19
261457 16
261458 10
261469 19
261473 34
261497 22
261701 4
261702 16
261706 19
261739 19
261746 16
261754 7
261769 16
261781 7
261791 19
261792 16
263701 4
263702 16
263720 7
263760 19
263771 7
264701 34
264706 7
264710 16
264741 4
264789 16
264791 19
266702 19
268721 19
269101 37
269102 31
269111 25
269200 34
269201 16
269202 19
269340 4
269430 22
269462 19
269470 4
269494 28
270701 16
270702 19
270711 4
270712 16
270791 4
301254 37
305202 4
311352 25
318322 25
318351 4
320351 19
321251 19
324703 19
328310 25
328313 16
330110 6
330111 19
351100 8
351200 4
351201 16
351202 3
351301 16
351302 28
351321 7
351331 37
351410 25
351425 16
351441 7
351442 34
351451 4
351463 22
351466 19
352103 21
352301 41
352311 22
352321 12
352323 10
352421 19
352422 16
352431 34
353301 34
353311 25
353421 34
353431 31
353451 22
353452 16
354311 16
356100 12
356101 11
356102 14
356202 19
356210 27
356212 25
356261 28
356303 24
356304 34
356312 10
356361 22
356411 22
356416 16
356432 10
356477 13
357110 13
357210 16
357322 28
357325 4
357360 10
357417 4
357441 37
357491 25
359202 33
359203 21
359204 19
359206 16
359301 16
359311 25
359380 22
359405 31
359409 19
359410 40
359413 22
359421 28
359465 22
360100 23
360210 21
360301 34
360304 19
360402 7
360403 13
360423 4
360460 1
361210 0
361211 19
361301 4
361321 28
361351 22
361453 22
361471 19
362211 41
363210 21
365201 28
365211 22
365321 16
365421 4
365427 4
365428 19
365431 37
368200 10
368317 34
368431 28
400110 30
400211 25
401382 7
403382 16
406385 22
406395 34
409281 1
409292 13
411281 28
411291 22
415291 34
420281 7
421281 4
421291 16
421385 1
421395 37
423382 13
428382 28
461100 9
461170 33
461471 25
461511 4
461523 19
461526 28
461527 16
461529 7
462130 39
462151 19
462505 7
462523 4
462541 22
462586 19
462587 22
462588 16
463251 6
463311 1
463331 4
463341 34
463353 22
463402 4
463433 0
463455 22
463491 37
463503 16
463504 19
463545 4
463556 22
463558 7
464301 19
464311 31
464341 7
464401 7
464413 19
464441 31
464443 25
464444 13
464445 16
464501 31
464502 31
464503 4
464508 22
464509 34
464510 37
464541 25
464542 1
464546 34
464549 16
501301 19
501302 28
502211 7
504302 4
506303 22
506361 31
508203 6
508303 16
510201 34
510202 31
510411 4
510414 16
510415 22
510417 34
512303 34
513111 19
513114 7
513223 40
513224 25
513283 7
513315 7
513324 31
513328 1
513363 19
513371 4
513412 22
513429 34
513445 4
513451 16
513471 19
514211 19
514241 31
514317 4
514323 37
514335 16
514341 1
514343 31
514381 22
514383 13
514395 7
514397 19
514466 4
515201 7
515250 19
515307 1
515312 7
515334 19
515361 31
515364 4
515376 16
515403 4
515455 16
515490 19
551311 25
552216 25
552217 7
552222 19
553312 4
554314 16
555313 31
556311 4
558431 19
561312 19
562211 19
571115 28
601201 18
601302 12
601321 25
601341 16
601344 7
601351 19
601422 31
601452 19
601456 22
601462 19
601702 7
601731 4
601742 19
601758 19
601765 7
601767 16
602100 14
602102 18
602103 34
602111 4
602211 37
602315 34
602321 16
602322 37
602431 7
602432 16
602441 4
602464 7
602731 19
602753 16
602761 16
603211 13
603322 25
603332 31
603352 22
603371 19
603421 4
603441 19
603711 4
603723 16
603731 19
604304 19
604305 22
604312 16
604313 37
604351 31
604352 34
604412 34
604414 7
604416 16
604422 19
604451 4
604715 16
605201 25
605204 16
605301 34
605313 25
605314 0
605321 19
605322 1
605341 31
605412 34
605432 7
605444 4
605445 16
605461 19
605701 16
605702 19
605717 19
605741 4
605745 16
605751 16
606231 4
606242 10
606244 22
606263 37
606343 34
606362 19
606363 37
610114 17
651105 31
651109 6
651120 19
651210 31
651311 25
651312 31
651315 1
651316 7
701101 4
701181 12
701182 4
701183 4
701201 22
701211 37
701281 19
701295 4
701313 37
701321 0
701331 25
701341 16
701342 22
701344 7
701407 28
701425 16
701455 22
701494 4
702100 25
702101 18
702205 7
702211 28
702213 13
702312 40
702316 1
702317 37
702318 34
702341 6
702351 31
702411 7
702416 4
702431 19
703103 13
703202 30
703243 16
703244 7
703305 37
703308 41
703309 19
703310 34
703311 3
703322 25
703323 7
703324 19
703330 27
703331 12
703391 34
703404 4
703412 19
703447 34
703454 22
703498 16
705191 16
705211 24
705311 27
705328 13
705329 0
705331 30
705342 34
705351 34
705437 37
705438 31
705440 34
705441 10
705442 41
705444 40
705446 4
705447 16
705461 19
705493 22
751100 22
751101 16
751102 18
751106 22
751202 22
751209 31
751301 20
751302 3
751303 37
751305 25
751308 5
751309 16
751321 16
751326 19
751327 1
751330 41
751345 28
751401 10
751403 19
751405 4
751408 22
751417 22
751419 28
751425 4
751428 34
751441 19
751443 7
751447 16
751451 37
751701 16
751702 19
751703 4
751704 7
751705 7
751706 16
751708 19
751710 7
751712 34
751716 4
751718 28
751726 4
751734 4
751742 22
751743 34
801100 35
801201 25
801225 4
801235 21
801324 19
801331 7
801333 31
801334 16
801336 4
801421 0
801471 19
801481 24
803121 37
803123 16
803231 7
803331 4
851100 23
851104 40
851105 16
851108 13
851200 22
851201 7
851202 30
851204 22
851205 10
851243 9
851251 6
851262 19
851273 28
851305 12
851309 30
851313 4
851343 4
851344 16
851345 25
851360 7
851362 0
851367 4
851372 3
851375 6
851400 37
851404 12
851406 19
851407 34
851462 0
852101 37
852102 4
852103 19
951100 37
951102 19
951106 34
951125 6
951203 30
951302 19
951323 6
951331 37
951344 6
951348 37
951352 31
951497-020 34
951497-021 4
953103 6
953111 13
953211 4
953212 34
953233 10
953261 16
953321 4
953322 0
953331 6
953361 4
953421 22
953494 16
954100 4
954140 16
954143 7
954170 4
954246 31
954326 34
954370 3
954374 16
954410 34
954413 19
954416 0
954426 25
954443 22
954449 37
954462 10
954471 28
954477 7
954491 31
954498 16
955102 7
955103 25
955104 31
958111 16
