001101 1
001102 31
001111 16
001113 31
001201 1
001202 25
001210 19
001230 31
001231 4
001250 8
001281 0
001291 0
001293 28
001310 7
001311 37
001312 36
001318 25
001320 7
001321 31
001323 7
001330 7
001342 19
001353 28
001354 31
001361 28
001362 25
001381 13
001410 13
001425 25
001443 25
001444 13
001445 22
002101 25
002110 31
002191 31
002201 22
002211 4
002221 13
002250 31
002301 22
002333 7
002365 25
003101 37
003191 28
003201 28
003414 28
003421 22
003436 25
004282 22
004301 33
004303 28
004324 31
004432 25
004473 28
004475 25
004483 19
006103 15
006126 22
006206 25
006226 7
006241 28
006242 25
006253 30
006303 16
006331 16
006346 22
006448 25
008214 16
008303 22
008314 25
008411 19
008417 25
009103 22
009105 31
009212 16
009230 25
009231 28
009326 7
009328 25
011100 11
011152 37
011153 34
011251 27
011257 5
011259 28
011269 9
011276 41
011353 6
011356 19
011362 25
011363 16
011374 13
011461 22
011464 19
011479 22
012100 7
012173 9
012200 36
012273 28
012371 13
013103 41
013110 16
013203 21
013204 30
013207 22
013209 16
013302 28
013306 19
013307 22
013317 13
013326 22
013329 7
013330 7
013413 25
013420 25
013433 19
014210 36
014211 16
014270 30
014310 28
014322 28
014323 25
014370 25
014371 25
014381 13
014401 10
014481 22
015101 18
016101 25
016102 7
017101 31
017102 22
017111 28
017210 22
018103 31
018111 40
018113 40
018125 16
018203 37
018211 28
018213 31
018231 25
018235 7
018271 15
018321 28
018351 13
019101 39
019102 22
019103 19
019105 19
019106 25
019108 31
019111 22
019203 16
019205 22
019211 7
019221 28
019303 13
019311 19
019331 22
019361 25
019371 25
019381 28
019471 25
020101 31
020102 13
020211 25
020231 7
020341 7
020362 16
021101 6
021102 16
021203 25
025108 31
025110 31
025310 31
025480 7
026101 41
026102 25
026111 7
029701 7
029711 25
050100 4
050103 20
050104 12
050106 40
050111 7
051300 13
051306 33
051313 25
051412 3
051418 28
051421 13
052202 34
052314 6
052350 4
052352 25
052357 31
052421 22
055701 25
055704 25
055771 25
057121 24
057122 41
057123 27
057125 24
057126 9
057127 24
057128 35
057129 15
057130 3
057131 12
057132 3
057133 12
057134 13
057135 9
057136 31
057137 13
057201 13
057213 19
057215 28
057284 10
057285 16
057288 7
057293 40
057294 7
057296 31
057300 28
057305 36
057403 22
057405 7
057410 25
057420 28
057425 21
057426 25
057428 16
057450 31
059419 13
061106 37
061201 28
061223 22
061306 35
061309 13
061312 10
061317 25
061403 27
062200 4
062320 25
062341 31
062342 19
062343 31
062344 13
062346 22
062360 13
062380 25
062411 16
062452 13
062460 19
062499 28
063710 7
064201 28
064206 37
064207 13
064271 25
064272 28
064281 10
064301 16
064410 0
064423 25
064424 9
065210 28
065212 19
065310 25
065320 13
065332 37
065436 7
065799 25
066221 28
066323 25
066410 22
066414 7
066425 4
067202 22
067303 21
067311 37
067372 4
067373 31
067432 7
070100 13
070201 7
070301 25
070303 31
070304 22
070308 7
070400 28
070401 31
070404 7
070413 41
070414 22
070415 28
070416 25
070711 28
070720 22
070721 7
070727 7
070731 25
070740 25
071411 7
071412 28
071413 19
071415 22
071416 40
071419 36
071420 25
071423 13
071425 7
071426 19
071724 25
074100 19
074101 30
074414 13
076312 7
076314 22
076414 13
076427 25
076428 37
076429 19
076444 28
076466 31
077422 7
078444 38
078454 40
099101 19
099102 33
100102 18
100103 40
100104 31
100105 31
100106 27
100107 7
100108 34
100205 17
100206 19
100207 10
100208 38
100209 22
100306 7
100307 3
100308 18
100309 15
100310 28
100501 25
101100 22
101105 37
101201 7
101211 4
101400 36
101405 7
103191 31
103271 38
104200 25
104201 4
104300 25
104301 28
104325 13
104340 25
104410 22
104495 7
105304 7
109100 11
109115 33
112101 16
112102 16
112103 7
112108 28
112110 7
112201 19
112203 28
112213 31
112300 25
112314 22
112411 31
115200 28
115300 25
115301 22
115302 19
126101 13
126321 19
126330 22
126428 7
126443 25
127100 4
127101 7
127203 21
127206 18
127207 15
127303 19
127312 7
127314 22
127315 7
127316 28
127320 13
127326 13
127329 25
127413 25
127711 28
127717 22
127718 7
127719 25
128100 37
128101 10
128202 30
128203 35
128204 7
128307 22
128309 7
128352 19
128354 19
128403 25
128701 25
128710 28
128730 22
128734 7
128740 7
128762 25
140103 13
152321 25
154104 16
154141 19
154151 30
154231 15
154262 19
154281 28
154311 19
154330 13
154352 31
154371 25
154384 25
154388 7
154443 7
154455 22
154482 25
154488 22
159100 29
159101 37
159151 25
159203 30
159221 28
159301 31
159351 7
159356 22
159403 22
159411 22
159412 7
159431 25
159454 28
164200 6
164341 25
168101 25
168313 7
176100 9
176101 16
176220 4
177103 22
177214 7
177216 4
177242 16
177283 10
177285 19
177321 16
177330 31
177336 19
177341 28
177361 16
177393 25
177404 13
177425 7
177426 19
177427 28
177434 28
177446 22
177447 13
177450 25
177464 22
177465 25
177467 7
177481 25
201100 25
201110 19
201114 13
201115 14
201116 38
201117 22
202100 37
202101 13
202141 25
202143 7
202145 7
202184 19
202231 28
202260 25
202321 7
202334 25
202342 4
202353 13
202361 28
202434 7
202473 25
202495 7
202742 25
202764 25
202765 7
202773 25
202782 7
202833 28
202848 25
202873 25
203100 28
203103 22
203111 7
203116 21
203151 4
203162 35
203201 7
203203 6
203204 7
203206 4
203207 21
203208 22
203209 7
203222 28
203226 34
203231 31
203235 18
203236 37
203255 22
203315 25
203331 7
203351 16
203352 19
203475 7
203714 7
203716 28
203722 22
203732 25
203736 22
203739 7
203743 22
203753 25
203821 19
203828 25
203879 28
204100 19
204101 15
204111 28
204202 31
204219 19
204231 30
204251 15
204321 22
204325 28
204341 4
204361 16
204363 22
204365 28
204381 19
204383 25
204432 28
204435 25
204451 7
204453 31
204471 7
204712 25
204721 22
204732 7
204735 28
205100 34
205103 28
205104 7
205105 16
205235 19
205239 28
205275 27
205303 22
205337 7
205355 25
205393 28
205712 22
205735 7
205783 25
206100 34
206101 40
206103 37
206107 21
206111 22
206113 7
206161 7
206171 25
206181 28
206191 7
206203 28
206211 28
206216 4
206217 25
206261 7
206267 21
206281 6
206300 7
206321 25
206324 31
206325 22
206327 31
206331 37
206335 22
206336 13
206341 28
206355 16
206362 13
206370 7
206381 25
206436 25
206437 28
206441 19
206717 7
206720 22
206721 7
206730 25
206736 25
206753 25
207100 24
207103 3
207105 19
207107 31
207109 33
207110 4
207115 16
207117 41
207123 19
207131 7
207135 28
207171 32
207173 28
207183 6
207187 37
207203 13
207205 13
207208 31
207213 18
207308 7
207310 13
207313 19
207323 25
207348 25
207401 28
207406 22
207701 28
207703 22
207705 7
207711 25
207741 25
208101 22
208140 31
208263 26
208270 16
208271 10
208272 25
208280 7
208321 28
208329 22
208343 25
208348 28
208425 7
208737 25
209201 9
209251 31
209301 22
209302 25
209303 28
209331 16
209351 37
209358 31
209361 16
209368 13
209375 13
210201 31
210202 28
210204 25
210343 25
210351 28
210383 19
210425 13
210434 22
210703 28
210704 22
210707 7
210731 25
210733 25
210743 25
211100 21
211311 28
211315 22
211319 13
211413 19
211440 28
211442 22
211495 7
211702 22
211889 7
213706 7
213707 28
213714 25
214261 31
214312 25
214341 28
214381 16
214414 19
214415 7
214421 7
215205 25
215206 19
215207 19
215208 16
215423 13
215424 19
215431 22
215475 28
215476 22
215485 7
215486 25
215734 7
215744 25
215752 28
215762 25
215785 7
217701 22
217703 7
217707 25
217734 7
217751 25
217775 7
218100 18
218101 4
218233 31
218235 28
218321 19
218323 28
218351 25
219761 7
219789 25
220703 25
226701 28
226702 22
226704 7
226711 7
226801 25
251101 13
251211 30
251213 19
251261 3
251281 22
251312 7
251313 13
251363 28
251374 19
251384 25
251419 7
251437 25
251438 22
251439 22
251451 19
251475 22
251701 28
251702 22
251703 25
251711 7
251715 25
251745 7
251751 19
251752 28
251757 22
251758 7
251776 19
251783 28
251784 22
251785 7
251790 25
252201 27
252211 22
252232 18
252282 16
252283 19
252285 16
252286 4
252301 7
252302 31
252317 25
252322 3
252325 22
252327 28
252330 28
252342 22
252363 13
252420 7
252421 22
252427 25
252444 25
252498 25
252702 28
252726 7
252746 22
252747 7
252791 25
253303 19
253314 31
253315 28
253455 25
253481 28
253701 25
253715 22
253717 16
253731 28
253732 22
253735 13
253736 7
253748 28
253754 19
254181 13
254205 10
254206 18
254211 19
254215 25
254216 28
254222 33
254231 22
254232 22
254252 37
254282 25
254302 7
254325 25
254333 18
254372 37
254373 7
254421 22
254426 22
254435 13
254436 22
254439 19
254442 7
254444 7
254451 7
254456 28
254459 22
254461 13
254471 16
254473 7
254700 25
254702 19
254703 22
254710 7
254711 28
254734 25
254736 19
254770 19
254804 28
254873 28
254875 7
255201 13
255215 11
255251 5
255290 37
255300 25
255320 13
255321 25
255330 22
255359 28
255415 22
255431 7
255432 7
255434 25
255454 25
255455 25
255492 7
255722 28
255734 22
255738 25
255750 7
255764 7
255770 22
255771 25
255772 7
255786 28
255811 7
255820 25
256100 28
256212 22
256281 25
256316 28
256333 22
256373 7
256418 7
256441 19
259103 31
259104 25
259106 4
259107 40
259108 33
259109 12
259191 28
259194 7
259201 20
259203 41
260402 22
260413 25
260701 25
260702 19
260705 28
260709 22
260716 28
260718 22
260772 7
261103 31
261111 36
261200 16
261210 19
261212 0
261216 30
261217 27
261304 19
261305 22
261335 25
261336 37
261342 13
261343 28
261361 7
261405 16
261434 25
261447 25
261458 7
261461 22
261469 31
261701 22
261702 7
261706 25
261739 28
261752 25
261754 7
261769 28
261791 22
261895 25
263701 22
263702 25
263720 28
263746 19
263760 7
263770 7
263771 28
264701 19
264703 28
264706 22
264710 22
264733 7
264791 25
266702 25
268721 25
269101 31
269102 16
269111 19
269200 19
269201 28
269202 31
269340 28
269430 7
269452 22
269462 22
269470 16
269493 25
301254 13
305202 16
311352 10
318322 28
318351 16
320351 4
321251 22
324703 25
328310 28
328313 7
330110 28
330111 7
351100 19
351200 22
351201 4
351301 19
351321 28
351331 22
351441 16
351442 13
351451 19
351466 22
351489 22
352103 33
352301 31
352311 28
352321 16
352323 25
352422 19
353210 25
353301 16
353311 37
353418 7
353421 25
353431 25
353451 22
354311 13
356100 37
356101 10
356102 34
356202 19
356210 10
356212 7
356261 31
356303 19
356304 7
356411 25
356416 22
357101 38
357110 9
357210 13
357322 25
357325 22
357417 19
357441 22
357491 28
359202 40
359203 34
359204 40
359210 22
359311 25
359409 28
359421 7
359465 7
360100 12
360400 28
360403 22
360423 7
360460 25
361210 15
361214 19
361301 25
361351 7
361442 22
361453 22
361461 28
361471 16
362211 30
363210 28
365321 19
365322 13
365324 28
365421 25
368200 16
400110 41
401382 37
403382 19
406385 7
406395 31
409281 31
409292 16
411281 28
411291 7
415291 4
420281 25
421281 19
421291 37
421385 28
421395 22
423382 25
428382 13
461100 25
461435 28
461472 25
461514 22
461523 7
462130 39
462151 7
462405 7
462409 25
462445 25
462541 22
462543 7
462584 25
463251 37
463311 22
463331 28
463341 7
463353 16
463402 15
463433 7
463455 2
463491 31
463503 13
463513 7
463545 25
463556 19
463571 25
464301 1
464311 37
464341 19
464401 19
464413 37
464441 28
464443 21
464444 31
464445 22
464502 22
501301 22
501302 7
504302 13
506303 25
506361 25
508203 31
508303 19
510201 18
510202 6
512303 28
513111 21
513114 7
513223 7
513224 28
513283 19
513315 22
513324 13
513328 19
513363 25
513371 31
513411 28
513429 22
513445 7
513471 25
514211 28
514241 22
514317 28
514323 19
514341 25
514343 22
514381 19
514383 7
514451 7
515201 22
515250 31
515306 19
515310 19
515334 7
515361 28
515364 22
515370 7
515373 25
518770 25
551312 13
552216 16
552217 22
552222 31
553311 19
554312 28
556412 22
561313 7
561314 25
562101 7
562211 19
601201 18
601302 31
601341 19
601344 22
601351 25
601422 7
601452 7
601456 13
601731 22
601758 7
601765 28
601842 25
602100 36
602102 14
602103 9
602111 31
602211 30
602315 28
602321 19
602322 7
602431 25
602432 22
602441 28
602464 7
602731 7
602761 25
603211 16
603321 19
603322 7
603351 28
603421 22
603441 7
603471 25
603496 25
603711 22
603723 7
603731 25
604304 16
604305 25
604312 25
604313 37
604351 28
604352 22
604451 22
604711 7
604715 25
605201 31
605204 10
605301 19
605313 7
605314 16
605321 28
605322 25
605701 28
605713 22
605741 7
605745 25
605751 25
606231 31
606242 19
606244 16
606263 28
606310 7
606343 25
610114 39
651104 22
651105 18
651109 28
651120 28
651210 31
651311 28
651312 22
651315 7
651316 25
701100 25
701101 10
701104 28
701181 7
701183 22
701201 19
701205 41
701211 10
701243 28
701281 31
701313 19
701321 13
701331 7
701341 25
701344 31
702100 16
702101 0
702205 7
702211 25
702213 22
702312 7
702316 13
702317 28
702341 22
702351 25
703103 13
703109 25
703202 33
703243 31
703244 28
703305 28
703308 31
703309 25
703310 7
703322 6
703323 22
703330 16
703331 34
703391 16
703404 25
703412 13
703447 19
703454 7
703498 22
705191 22
705211 23
705311 35
705329 22
705331 25
705332 37
705342 13
705351 18
705431 28
705438 40
705440 16
705441 16
705442 16
705444 22
705461 7
705493 25
705499 22
751100 10
751101 28
751102 28
751106 31
751202 22
751209 21
751301 4
751302 34
751303 19
751304 7
751305 31
751308 6
751309 37
751321 7
751326 13
751330 25
751345 28
751401 28
751403 19
751405 28
751408 13
751417 22
751418 31
751419 7
751422 16
751428 13
751440 22
751441 16
751443 7
751447 22
751451 25
751701 7
751702 25
751703 22
751704 28
751705 28
751706 22
751708 28
751712 25
751716 19
751724 7
751725 28
751726 7
751727 19
751729 19
751734 13
751744 22
751752 25
801100 18
801201 7
801225 19
801235 28
801321 31
801331 0
801333 28
801336 19
801421 19
801471 22
801481 25
803121 31
803123 28
803231 4
851100 37
851104 13
851105 10
851108 16
851200 28
851201 15
851202 7
851204 30
851205 21
851273 33
851305 5
851309 16
851313 37
851343 31
851344 28
851345 37
851360 16
851362 19
851367 22
851372 25
851375 40
851400 25
851404 22
851406 7
851407 16
951100 34
951101 7
951102 22
951125 15
951203 19
951302 25
951323 28
951331 22
951344 28
951348 7
951352 25
951497 7
953103 16
953111 28
953211 28
953212 25
953233 37
953261 31
953321 16
953322 13
953331 28
953361 28
953421 7
953494 13
954100 7
954140 22
954141 22
954245 7
954246 22
954260 19
954270 4
954311 22
954312 13
954320 31
954323 19
954343 19
954370 28
954374 7
954412 7
954413 25
954462 28
954471 19
954491 22
954498 7
