001101 1
001102 1
001112 37
001118 19
001201 1
001202 28
001210 30
001222 22
001223 7
001224 4
001225 4
001226 4
001227 19
001228 7
001229 19
001230 25
001231 18
001234 7
001250 27
001291 37
001292 10
001310 16
001311 37
001312 28
001314 36
001320 7
001321 31
001323 0
001330 34
001341 28
001342 22
001352 34
001355 37
001361 28
001362 16
001410 25
001423 25
001440 34
001445 10
001447 7
001471 7
001472 13
002102 28
002111 19
002191 6
002192 28
002202 4
002230 19
002260 22
002302 34
002311 16
002321 31
002331 7
002362 10
002402 19
002441 22
002471 34
002472 28
003101 10
003102 31
003191 12
003202 22
003332 28
003414 13
003421 31
003436 16
003454 7
004282 0
004465 28
004470 22
004472 13
004474 37
004476 34
006103 24
006126 36
006226 13
006241 13
006253 3
006307 31
006326 13
006330 28
006349 19
006443 25
006448 22
006454 28
006475 34
008214 22
008314 37
008326 22
008402 19
008411 7
009103 30
009213 16
009234 34
009236 19
009254 13
009301 34
009344 22
009355 10
009356 13
009358 7
009363 19
009446 19
011100 41
011101 33
011151 31
011154 13
011156 28
011157 37
011251 40
011268 16
011269 36
011276 9
011277 34
011278 36
011355 4
011367 28
011457 10
011479 28
012173 30
012174 4
012200 22
012374 34
012475 16
013103 20
013110 13
013203 15
013204 31
013207 28
013208 22
013209 0
013216 34
013217 25
013301 3
013303 16
013306 30
013321 25
013335 16
013337 13
013410 7
013413 19
013428 34
013431 7
013432 22
013433 22
014211 41
014270 34
014310 25
014311 28
014323 28
014370 16
014371 22
014383 28
014401 3
014422 19
014423 34
014471 10
014481 21
014483 7
015101 40
015102 13
016101 31
016102 31
017101 13
017102 28
017111 34
017231 16
018104 4
018112 41
018114 31
018126 22
018204 37
018271 13
018323 16
018352 22
018372 7
018467 28
018471 7
019101 14
019104 22
019105 27
019106 12
019112 31
019204 4
019205 19
019206 31
019212 34
019222 22
019332 31
019351 13
019362 19
019371 3
019373 16
019441 34
020101 33
020102 31
020212 25
020231 13
020232 16
020261 19
021101 31
021102 31
021203 28
021204 4
021270 41
024752 28
025110 28
025310 22
025481 10
026101 40
026102 39
026111 16
026112 13
026201 40
029732 16
030101 10
050100 26
050103 39
050104 3
050106 37
050112 9
050113 18
051302 24
051304 25
051306 16
051310 25
051313 37
051418 31
052203 13
052310 22
052314 7
052323 7
052331 34
052350 34
052351 16
052353 16
052355 4
052400 25
052417 13
052419 28
052422 1
052442 22
052447 31
052448 34
052449 13
053713 28
054821 28
055702 31
055734 7
055739 16
055757 28
057121 33
057122 39
057123 28
057125 12
057126 6
057127 25
057128 41
057129 40
057130 36
057131 36
057132 40
057133 16
057134 31
057135 13
057136 12
057137 38
057138 28
057139 25
057213 36
057283 28
057286 10
057287 19
057290 13
057295 13
057297 7
057298 22
057301 16
057302 13
057305 0
057316 7
057366 34
057401 28
057404 31
057407 4
057411 13
057413 34
057419 22
057427 7
057428 22
059405 7
059419 7
061103 7
061106 37
061201 34
061223 25
061224 22
061306 31
061307 28
061312 37
061313 31
061403 13
061405 13
062200 22
062210 28
062320 28
062343 25
062499 31
063201 36
064204 10
064231 19
064331 19
064411 28
064412 7
064421 28
064422 28
064423 28
064424 24
064430 25
064474 16
065120 21
065121 16
065211 19
065212 28
065311 25
065320 3
065333 34
065420 34
065435 28
065436 7
065437 28
065438 7
065797 28
066222 10
066324 7
066412 4
066414 34
067201 34
067203 16
067311 31
067371 10
067433 7
067435 34
067436 19
067491 7
070200 10
070201 19
070301 28
070303 28
070305 34
070401 25
070411 22
070413 11
070414 37
070416 22
070792 28
071411 31
071412 13
071414 7
071415 31
071416 37
071418 7
071419 28
071420 13
071423 13
071426 25
073721 28
074100 6
074101 31
074414 13
076425 7
076426 28
076427 13
076430 28
076444 25
076466 4
078444 30
078454 1
079220 19
099101 13
099102 9
099103 13
100104 4
100109 10
100110 6
100111 22
100112 34
100207 12
100220 40
100222 16
100228 19
100229 34
100230 0
100231 4
100233 31
100307 28
100308 10
100309 9
100310 16
100311 37
100312 12
100313 19
100314 4
100501 18
101201 10
101202 9
101205 19
101325 34
101405 16
101490 4
103271 11
104100 16
104302 10
104310 28
104320 19
104327 28
104334 7
104340 28
104435 34
104471 28
104490 7
109100 24
109114 28
112101 13
112105 34
112106 19
112109 16
112202 31
112205 13
112303 34
112321 10
112322 16
112406 19
112424 25
115301 7
115401 28
116301 13
116302 25
126101 10
126102 19
126212 21
126213 37
126214 34
126324 15
126326 9
126328 0
126330 19
126332 16
126400 22
126431 25
126436 19
126442 16
127100 25
127101 40
127202 19
127205 0
127313 22
127329 1
127330 33
127332 34
127333 13
127359 28
127411 19
127415 22
127416 1
127424 25
127433 7
127492 13
127493 34
127716 7
127720 16
127721 31
127727 28
128100 12
128101 21
128201 22
128304 37
128305 0
128306 9
128308 13
128310 41
128401 7
128423 13
128425 21
128427 25
128434 19
128443 28
128445 19
128451 0
128471 3
128481 16
128484 34
128700 16
128714 7
128727 28
128734 31
140101 28
140102 7
140103 34
140104 4
140105 7
152211 7
152301 25
152321 0
152331 31
154100 40
154104 12
154141 18
154152 19
154153 31
154173 16
154181 22
154251 28
154262 22
154276 22
154281 18
154301 34
154330 7
154431 13
154479 28
154492 7
159100 21
159101 6
159102 19
159151 40
159202 16
159204 37
159331 31
159351 7
159411 10
159434 22
160342 34
164261 22
164341 25
168100 28
168101 25
168410 34
176100 18
176101 16
176104 28
177103 22
177104 12
177113 19
177114 26
177141 30
177142 16
177181 7
177220 19
177222 2
177227 7
177228 28
177229 7
177300 31
177321 21
177332 24
177335 19
177336 7
177341 25
177361 13
177413 37
177420 22
177425 34
177429 22
177430 37
177431 3
177433 16
177441 7
177447 25
177460 28
177464 34
177465 10
177466 16
177470 40
177483 41
177491 19
177494 28
177495 31
179404 13
179406 31
179443 0
201100 10
201110 31
201114 31
201116 27
201117 22
201190 31
202100 28
202101 22
202102 37
202147 19
202231 21
202302 16
202303 7
202305 28
202311 16
202356 34
202362 7
202371 7
202405 1
202421 28
202432 31
202446 34
202461 28
202471 22
202475 37
202476 25
202484 7
202731 28
202744 7
202749 16
202802 16
202833 28
202843 16
203100 28
203104 18
203108 10
203111 15
203113 15
203114 22
203131 16
203132 22
203151 19
203152 19
203154 33
203158 12
203159 7
203162 29
203202 22
203204 36
203206 15
203208 0
203209 24
203211 0
203222 31
203223 19
203226 6
203232 16
203236 22
203250 13
203287 37
203300 31
203304 3
203316 9
203351 25
203352 28
203404 28
203413 16
203424 25
203425 13
203435 7
203459 28
203474 22
203708 16
203715 7
203719 16
203721 7
203725 7
203734 16
203735 28
203754 28
203775 16
203812 28
203825 16
203829 28
203879 28
204100 7
204101 3
204113 16
204123 37
204202 19
204217 31
204232 31
204251 9
204306 1
204315 0
204320 25
204333 37
204355 7
204362 30
204382 19
204422 4
204423 25
204424 7
204425 7
204443 22
204456 28
204482 22
204483 34
204490 10
204725 28
204735 7
204792 16
205100 40
205103 19
205105 28
205216 10
205232 7
205244 36
205252 16
205282 25
205324 13
205344 19
205358 22
205382 16
205421 22
205441 34
205473 22
205476 7
205731 7
205742 16
205764 7
205789 16
205796 28
206100 41
206103 27
206104 30
206108 3
206111 35
206112 19
206161 25
206162 25
206171 29
206172 25
206181 10
206182 41
206191 22
206203 34
206216 41
206217 28
206253 28
206255 34
206261 15
206266 4
206267 10
206281 22
206311 1
206313 31
206321 7
206324 7
206327 31
206331 25
206336 0
206341 10
206342 34
206362 0
206364 1
206367 7
206368 19
206370 19
206428 10
206435 7
206437 22
206457 28
206476 31
206481 22
206703 7
206714 7
206724 7
206734 28
206736 16
206737 16
206774 28
207104 37
207105 36
207106 19
207108 28
207109 39
207110 25
207116 16
207117 11
207118 34
207125 19
207162 22
207172 4
207181 7
207187 13
207188 3
207191 34
207195 28
207214 22
207302 0
207305 16
207306 25
207312 28
207321 34
207402 7
207408 28
207415 31
207442 31
207448 22
207481 16
207704 7
207706 16
207708 28
207712 28
207766 28
208101 23
208140 3
208141 13
208250 22
208263 28
208264 28
208272 24
208322 28
208345 10
208346 34
208353 16
208362 0
208373 34
208423 28
208444 31
208446 13
208460 19
208738 16
208772 28
208873 28
209203 1
209204 37
209252 13
209253 25
209262 7
209263 34
209270 22
209271 16
209272 10
209322 31
209332 28
209341 25
209352 7
209370 19
209376 0
209382 7
209424 25
209452 28
209454 19
209456 13
209466 25
209486 7
209712 7
209714 16
209716 16
209772 28
209787 7
210100 10
210200 31
210207 34
210221 10
210251 37
210276 16
210315 7
210331 25
210355 19
210432 31
210435 16
210463 37
210497 28
210702 28
210717 16
210741 16
210743 7
210744 16
210748 16
211100 8
211303 22
211312 7
211315 0
211318 31
211319 22
211341 10
211342 19
211444 13
211445 25
211446 7
211448 34
211449 1
211709 16
211843 28
212712 16
212721 28
212731 7
213706 7
213707 16
213708 28
213717 28
214301 7
214310 37
214340 19
214341 10
214352 16
214403 31
214412 7
214431 31
214491 25
215205 24
215206 16
215207 37
215208 21
215303 28
215311 10
215312 25
215313 34
215314 37
215401 7
215462 16
215482 19
215495 34
215497 16
215711 28
215742 28
217705 16
217708 28
217773 7
218100 31
218234 7
218236 10
218244 19
218262 31
218352 25
218362 34
218372 7
218382 22
218474 31
218481 37
218496 22
219741 7
219753 34
219766 28
219789 16
225702 31
225704 7
225706 16
225707 28
226703 28
226704 28
226711 7
226805 28
229223 37
229351 34
251100 10
251211 21
251213 0
251216 34
251242 19
251261 12
251292 31
251312 28
251313 34
251333 10
251334 1
251342 34
251361 16
251363 22
251371 13
251372 7
251374 4
251399 28
251411 37
251417 10
251434 4
251436 31
251451 7
251455 16
251456 34
251457 19
251461 16
251476 25
251477 13
251704 31
251707 28
251713 28
251716 16
251723 31
251724 7
251746 7
251748 16
251754 31
251760 7
251763 16
251765 28
251776 31
251781 7
251784 16
252210 0
252212 18
252222 28
252235 9
252281 9
252282 41
252283 3
252285 16
252311 16
252320 0
252328 4
252331 21
252353 7
252401 25
252402 13
252403 10
252404 0
252413 16
252420 13
252421 0
252422 25
252423 3
252427 18
252428 19
252429 10
252435 31
252440 31
252442 19
252443 10
252448 40
252450 37
252456 28
252459 34
252460 1
252479 16
252489 31
252706 7
252707 31
252727 28
252785 31
252789 7
252792 16
253215 18
253318 25
253321 19
253332 31
253416 28
253417 13
253423 31
253433 34
253441 10
253443 1
253451 19
253452 3
253454 7
253716 7
253721 28
253725 31
253734 13
253735 31
253747 7
253749 22
253752 31
253754 16
253791 16
254182 7
254200 37
254205 13
254206 30
254207 7
254211 24
254215 28
254216 24
254222 3
254231 19
254232 34
254271 10
254282 25
254302 36
254325 34
254334 28
254352 19
254362 9
254371 15
254373 0
254400 13
254411 34
254412 7
254415 37
254421 16
254422 34
254423 13
254424 28
254435 34
254441 25
254443 7
254445 4
254451 31
254452 25
254453 10
254454 16
254466 16
254476 28
254477 16
254478 34
254495 28
254701 28
254702 28
254721 28
254733 31
254737 28
254791 31
254816 16
254817 7
254857 7
255201 28
255210 18
255230 21
255300 28
255301 3
255316 16
255323 22
255328 0
255337 9
255340 34
255393 19
255422 28
255425 3
255429 36
255430 10
255431 25
255432 19
255433 34
255440 7
255442 9
255444 0
255445 13
255447 41
255451 16
255455 1
255462 10
255463 31
255471 6
255492 24
255497 37
255499 28
255714 28
255735 16
255750 31
255751 13
255769 31
255772 31
255783 7
256100 33
256271 28
256317 7
256318 19
256334 16
256418 31
256419 34
256441 7
256444 13
256456 28
256473 16
256474 31
256791 28
259103 8
259104 33
259106 5
259107 37
259108 6
259192 22
259193 36
259194 0
259195 21
259200 28
259201 40
259203 31
259401 40
260313 31
260334 7
260416 28
260421 16
260432 13
260702 16
261102 22
261111 10
261112 16
261113 28
261205 22
261207 21
261208 24
261214 34
261215 28
261218 10
261305 40
261306 18
261332 37
261342 7
261343 13
261361 36
261421 13
261430 7
261433 31
261438 9
261444 13
261446 34
261447 28
261448 28
261449 19
261453 31
261465 28
261473 31
261479 7
261494 10
261497-002 31
261497-008 25
261497-802 16
261497-808 7
261499 16
261736 7
261738 31
261745 28
261751 31
261752 7
261755 16
261763 16
261781 31
261795 16
261891 31
263710 13
263721 28
263724 31
263745 7
263751 16
264702 7
264705 16
264709 28
264755 31
265706 7
265709 16
265710 28
266801 28
268732 28
268735 7
268741 16
269103 19
269105 16
269111 13
269130 10
269210 19
269341 10
269360 22
269370 31
269452 19
269498 13
270712 16
270721 7
305203 31
318322 34
329105 9
329106 7
330115 18
351100 41
351201 10
351302 37
351321 31
351364 31
351371 10
351425 40
351426 22
351464 7
352103 34
352311 28
352313 16
352314 22
352401 25
352412 7
352421 7
352422 31
352433 13
352441 34
353313 25
353418 34
353431 28
353441 22
353471 28
353482 31
354311 40
354312 16
355411 7
356100 9
356101 27
356102 39
356210 33
356261 37
356333 31
356361 16
356373 28
356374 7
356411 41
356414 10
356415 25
356416 28
356431 28
356432 13
356441 37
356442 28
356443 25
356444 16
356446 19
356447 4
356449 22
356451 34
356455 16
356471 16
356472 28
356474 31
356496 28
357101 14
357110 11
357210 3
357322 25
357323 28
357418 16
357421 13
357432 22
357441 4
357444 25
357446 7
359202 26
359205 16
359206 16
359302 13
359303 7
359305 41
359341 0
359350 28
359360 31
359380 7
359401 33
359403 36
359408 22
359422 16
359423 31
359452 7
359460 22
359461 28
359465 25
360100 0
360301 13
360304 34
360441 22
361210 4
361211 28
361214 25
361341 34
361413 7
361414 22
361421 28
361433 28
361442 22
361452 19
361461 25
361475 37
363210 3
363401 16
363402 16
365201 28
365211 13
365322 7
365324 22
365422 28
365425 7
365426 31
368211 13
368310 37
368412 13
368417 7
400110 26
400210 22
401281 1
401383 1
401391 4
403281 34
403383 28
406284 10
406294 22
406386 22
406396 7
408382 19
410381 40
413383 37
413391 25
415393 31
420282 13
421282 31
421292 7
421386 34
421396 10
422381 3
428281 16
428282 28
428381 16
428383 13
461170 37
461471 10
461472 25
461511 13
461523 16
461526 22
461527 13
461532 22
462130 32
462544 28
462587 13
462588 28
463201 7
463252 19
463331 22
463332 1
463342 10
463354 37
463433 13
463512 13
463513 10
463543 16
463544 37
463557 22
463559 19
463571 13
463592 28
464302 7
464312 19
464402 31
464403 7
464414 16
464442 34
464443 22
464445 16
464446 19
464500 7
464502 10
464504 34
464505 22
464506 31
464508 28
464545 28
464549 28
501201 31
501202 28
501305 1
501306 40
502313 10
502314 25
504202 1
504305 34
506202 40
508304 16
510306 22
512304 4
513113 34
513115 22
513212 1
513216 16
513217 34
513225 19
513284 22
513331 13
513343 16
513364 31
513373 28
513390 7
513411 16
513446 28
514202 1
514206 28
514222 22
514244 19
514272 13
514322 25
514336 22
514352 16
514358 34
514382 13
514384 37
514396 28
514398 19
514436 13
514462 16
514742 7
514752 16
515204 34
515205 16
515256 13
515257 22
515330 19
515337 16
515339 22
515362 1
515377 3
515378 28
515380 34
518724 28
518770 16
551461 16
552216 34
552217 22
552232 19
557433 34
558101 19
558411 28
558432 7
562101 7
562211 22
601201 3
601202 22
601231 4
601242 7
601342 22
601346 16
601351 22
601361 4
601423 31
601424 7
601431 25
601436 10
601452 19
601471 31
601472 0
601724 28
601731 7
601745 16
601769 7
601775 28
602100 41
602102 17
602103 30
602120 7
602121 21
602122 19
602301 22
602314 0
602421 34
602453 3
602454 25
602455 10
602461 16
602472 7
602741 28
602751 28
603200 37
603231 3
603321 34
603341 10
603396 25
603423 7
603496 34
603743 7
604101 37
604211 16
604311 37
604314 0
604315 28
604411 21
604415 25
604423 4
604431 18
604443 13
604454 7
605203 13
605302 4
605313 22
605315 34
605316 28
605321 7
605331 19
605340 22
605412 34
605413 28
605430 10
605476 31
605701 16
605711 7
605719 28
605742 16
606211 31
606243 7
606245 34
606264 31
606310 25
606341 13
606342 31
606344 7
606451 16
606452 28
610114 29
651210 22
651211 34
651212 22
651234 1
651306 22
651313 22
651314 31
651317 16
651319 19
651416 1
651425 34
701100 22
701181 15
701202 34
701235 4
701244 22
701283 4
701335 4
701408 16
701423 28
701496 16
702100 22
702101 27
702211 22
702312 21
702313 3
702317 36
702321 19
702331 16
702342 34
702354 0
702418 28
702443 22
702499 1
703103 38
703109 28
703202 40
703204 25
703243 0
703244 19
703309 19
703322 31
703324 21
703330 25
703331 16
703345 13
703351 30
703361 34
703413 16
703441 37
703499 22
705191 9
705211 19
705311 27
705328 34
705331 37
705332 31
705343 18
705431 25
705438 36
705440 24
705441 34
705442 16
705444 22
705447 3
705448 19
705499 31
751100 34
751101 34
751102 36
751106 7
751202 13
751209 34
751301 21
751302 39
751303 9
751305 1
751308 3
751309 3
751320 31
751326 25
751327 19
751330 41
751401 28
751403 1
751405 13
751408 33
751417 25
751418 0
751421 31
751422 28
751428 36
751440 22
751443 15
751701 16
751702 28
751703 7
751705 13
751706 28
751708 16
751716 13
751718 22
751719 22
751728 31
751734 7
751752 16
801100 36
801122 40
801134 34
801204 4
801233 16
801236 10
801241 28
801322 7
801334 22
801371 19
803122 19
803124 34
803131 7
803230 34
803232 13
803260 25
851100 20
851103 33
851104 25
851105 3
851201 25
851202 31
851204 34
851207 15
851241 22
851252 22
851253 22
851261 18
851263 36
851273 0
851305 4
851309 28
851345 16
851363 28
851366 33
851400 34
851404 0
851406 7
851407 18
851441 13
851462 21
851467 4
852100 13
951100 33
951231 25
951324 13
951344 22
951366 22
951421 34
951498-004 28
951498-007 7
951498-011 28
951498-015 28
951498-020 7
951498-021 28
953102 19
953111 17
953201 22
953202 16
953211 28
953214 28
953231 37
953232 10
953234 25
953323 28
953422 19
953494 16
954100 7
954140 37
954142 34
954143 13
954170 19
954240 4
954326 25
954340 0
954371 34
954374 37
954423 22
954462 31
954464 13
954472 25
954491-001 19
954491-002 3
954491-003 10
954498 7
955102 22
955104 37
