001101 7
001102 1
001111 28
001113 10
001201 1
001202 19
001210 4
001230 6
001231 27
001250 9
001281 41
001291 34
001293 10
001310 25
001311 0
001312 25
001318 0
001320 10
001321 4
001323 25
001330 31
001342 4
001353 37
001354 4
001361 0
001362 16
001381 6
001410 40
001425 16
001443 16
001444 0
001445 10
002101 25
002110 16
002191 31
002201 30
002211 6
002221 16
002250 25
002301 4
002333 10
002365 16
003101 31
003191 25
003201 6
003414 4
003421 10
003436 16
004282 16
004301 39
004303 34
004324 0
004432 16
004473 31
004475 16
004483 4
006103 23
006126 37
006206 40
006226 4
006241 16
006242 10
006253 31
006303 16
006331 25
006346 10
006448 25
008214 25
008303 4
008314 16
008411 40
008417 16
009103 17
009105 37
009212 25
009230 18
009231 3
009326 10
009328 16
011100 17
011152 16
011153 41
011251 26
011257 28
011259 25
011269 32
011276 16
011353 31
011356 0
011362 37
011363 10
011374 16
011461 4
011464 4
011479 10
012100 10
012173 26
012200 22
012273 16
012371 25
013103 28
013110 4
013203 41
013204 19
013207 37
013209 4
013302 31
013306 0
013307 4
013317 25
013326 25
013329 10
013330 25
013413 10
013420 16
013433 40
014210 28
014211 6
014270 25
014310 16
014322 4
014323 0
014370 25
014371 10
014381 4
014401 16
014481 10
015101 34
016101 4
016102 10
017101 37
017102 16
017111 25
017210 10
018103 40
018111 10
018113 10
018125 4
018203 31
018211 25
018213 10
018231 6
018235 37
018271 15
018321 31
018351 10
019101 37
019102 31
019103 25
019105 4
019106 16
019108 10
019111 16
019203 10
019205 25
019211 37
019221 16
019303 37
019311 40
019331 31
019361 0
019371 16
019381 16
019471 10
020101 3
020102 28
020211 25
020231 10
020341 10
020362 16
021101 35
021102 16
021203 16
025108 4
025110 16
025310 16
025480 10
026101 20
026102 19
026111 4
029701 10
029711 16
050100 19
050103 20
050104 24
050106 38
050111 0
051300 16
051306 7
051313 10
051412 25
051418 37
051421 25
052202 13
052314 34
052350 18
052352 31
052357 4
052421 13
055701 16
055704 16
055771 16
057121 25
057122 22
057123 33
057125 25
057126 26
057127 16
057128 20
057129 20
057130 39
057131 25
057132 41
057133 32
057134 40
057135 33
057136 10
057137 25
057201 4
057213 37
057215 25
057284 31
057285 40
057288 16
057293 16
057294 16
057296 4
057300 37
057305 25
057403 1
057405 10
057410 16
057420 4
057425 34
057426 16
057428 25
057450 1
059419 37
061106 25
061201 16
061223 40
061306 34
061309 25
061312 33
061317 4
061403 10
062200 28
062320 28
062341 37
062342 40
062343 37
062344 4
062346 31
062360 4
062380 1
062411 40
062452 31
062460 4
062499 1
063710 10
064201 16
064206 10
064207 4
064271 25
064272 16
064281 16
064301 1
064410 25
064423 1
064424 0
065210 37
065212 16
065310 16
065320 10
065332 25
065436 1
065799 16
066221 25
066323 16
066410 31
066414 16
066425 1
067202 25
067303 9
067311 41
067372 40
067373 19
067432 37
070100 30
070201 25
070301 16
070303 25
070304 25
070308 10
070400 16
070401 25
070404 10
070413 34
070414 31
070415 16
070416 16
070711 1
070720 25
070721 10
070727 10
070731 16
070740 16
071411 37
071412 1
071413 10
071415 16
071416 16
071419 3
071420 16
071423 31
071425 10
071426 4
071724 16
074100 36
074101 41
074414 40
076312 22
076314 18
076414 40
076427 25
076428 25
076429 37
076444 1
076466 25
077422 16
078444 31
078454 31
099101 3
099102 40
100102 28
100103 28
100104 4
100105 16
100106 27
100107 40
100108 0
100205 20
100206 30
100207 10
100208 34
100209 8
100306 7
100307 19
100308 28
100309 22
100310 37
100501 25
101100 31
101105 31
101201 37
101211 25
101400 10
101405 4
103191 16
103271 31
104200 19
104201 40
104300 16
104301 4
104325 25
104340 16
104410 31
104495 25
105304 7
109100 29
109115 25
112101 16
112102 10
112103 4
112108 16
112110 10
112201 25
112203 16
112213 10
112300 16
112314 25
112411 10
115200 10
115300 16
115301 1
115302 37
126101 24
126321 31
126330 4
126428 10
126443 16
127100 37
127101 3
127203 7
127206 25
127207 4
127303 31
127312 28
127314 4
127315 25
127316 16
127320 1
127326 1
127329 16
127413 10
127711 1
127717 25
127718 10
127719 16
128100 10
128101 21
128202 7
128203 3
128204 18
128307 4
128309 1
128352 31
128354 31
128403 10
128701 16
128710 1
128730 25
128734 10
128740 10
128762 16
140103 25
152321 10
154104 4
154141 37
154151 30
154231 28
154262 4
154281 39
154311 4
154330 37
154352 10
154371 10
154384 3
154388 25
154443 16
154455 16
154482 10
154488 16
159100 16
159101 12
159151 39
159203 9
159221 25
159301 10
159351 1
159356 16
159403 25
159411 4
159412 25
159431 25
159454 16
164200 39
164341 25
168101 16
168313 10
176100 34
176101 31
176220 17
177103 0
177214 40
177216 10
177242 16
177283 37
177285 25
177321 40
177330 25
177336 4
177341 34
177361 10
177393 16
177404 40
177425 10
177426 31
177427 4
177434 4
177446 1
177447 7
177450 16
177464 1
177465 16
177467 10
177481 16
201100 22
201110 12
201114 13
201115 22
201116 31
201117 34
202100 11
202101 15
202141 22
202143 0
202145 34
202184 0
202231 12
202260 16
202321 16
202334 1
202342 10
202353 25
202361 4
202434 16
202473 10
202495 1
202742 10
202764 10
202765 10
202773 25
202782 25
202833 16
202848 10
202873 25
203100 40
203103 37
203111 37
203116 28
203151 36
203162 37
203201 41
203203 14
203204 10
203206 37
203207 18
203208 16
203209 35
203222 37
203226 8
203231 34
203235 6
203236 10
203255 7
203315 16
203331 16
203351 16
203352 9
203475 31
203714 10
203716 1
203722 25
203732 16
203736 25
203739 10
203743 25
203753 16
203821 4
203828 16
203879 1
204100 34
204101 34
204111 31
204202 31
204219 10
204231 16
204251 7
204321 19
204325 4
204341 31
204361 7
204363 16
204365 10
204381 4
204383 16
204432 16
204435 16
204451 25
204453 1
204471 10
204712 16
204721 25
204732 10
204735 1
205100 36
205103 16
205104 7
205105 25
205235 28
205239 39
205275 25
205303 4
205337 1
205355 16
205393 25
205712 25
205735 10
205783 16
206100 13
206101 15
206103 21
206107 34
206111 41
206113 25
206161 3
206171 40
206181 10
206191 19
206203 21
206211 18
206216 19
206217 31
206261 40
206267 12
206281 25
206300 1
206321 10
206324 31
206325 37
206327 40
206331 6
206335 10
206336 31
206341 25
206355 34
206362 4
206370 16
206381 10
206436 37
206437 25
206441 4
206717 10
206720 25
206721 10
206730 16
206736 16
206753 16
207100 9
207103 31
207105 41
207107 16
207109 28
207110 19
207115 24
207117 15
207123 18
207131 33
207135 16
207171 30
207173 30
207183 16
207187 30
207203 24
207205 16
207208 4
207213 9
207308 40
207310 1
207313 16
207323 10
207348 10
207401 25
207406 10
207701 1
207703 25
207705 10
207711 16
207741 16
208101 37
208140 16
208263 22
208270 16
208271 8
208272 10
208280 19
208321 7
208329 1
208343 16
208348 10
208425 16
208737 16
209201 22
209251 33
209301 4
209302 25
209303 10
209331 40
209351 7
209358 37
209361 40
209368 31
209375 31
210201 37
210202 7
210204 10
210343 25
210351 16
210383 4
210425 1
210434 10
210703 1
210704 25
210707 10
210731 16
210733 16
210743 16
211100 14
211311 25
211315 40
211319 30
211413 31
211440 4
211442 25
211495 16
211702 25
211889 10
213706 10
213707 16
213714 25
214261 16
214312 1
214341 4
214381 25
214414 10
214415 16
214421 25
215205 21
215206 6
215207 22
215208 4
215423 31
215424 4
215431 25
215475 1
215476 25
215485 10
215486 16
215734 10
215744 25
215752 16
215762 10
215785 10
217701 25
217703 10
217707 16
217734 10
217751 16
217775 10
218100 12
218101 7
218233 31
218235 16
218321 4
218323 25
218351 16
219761 10
219789 16
220703 16
226701 1
226702 25
226704 10
226711 10
226801 16
251101 25
251211 7
251213 25
251261 0
251281 30
251312 16
251313 31
251363 4
251374 25
251384 25
251419 16
251437 25
251438 10
251439 4
251451 1
251475 10
251701 1
251702 25
251703 16
251711 10
251715 16
251745 10
251751 4
251752 1
251757 25
251758 10
251776 4
251783 1
251784 25
251785 10
251790 16
252201 24
252211 9
252232 6
252282 30
252283 34
252285 30
252286 22
252301 31
252302 34
252317 33
252322 10
252325 22
252327 40
252330 16
252342 25
252363 19
252420 1
252421 25
252427 16
252444 10
252498 16
252702 1
252726 10
252746 25
252747 10
252791 16
253303 1
253314 10
253315 16
253455 4
253481 1
253701 16
253715 31
253717 4
253731 40
253732 31
253735 1
253736 10
253748 40
253754 25
254181 10
254205 36
254206 15
254211 16
254215 6
254216 0
254222 16
254231 24
254232 19
254252 18
254282 34
254302 25
254325 12
254333 10
254372 30
254373 25
254421 25
254426 1
254435 4
254436 10
254439 40
254442 10
254444 10
254451 16
254456 16
254459 16
254461 1
254471 6
254473 25
254700 16
254702 4
254703 10
254710 25
254711 1
254734 16
254736 4
254770 4
254804 1
254873 1
254875 25
255201 18
255215 27
255251 22
255290 36
255300 16
255320 18
255321 4
255330 10
255359 25
255415 25
255431 1
255432 10
255434 16
255454 16
255455 16
255492 37
255722 1
255734 25
255738 10
255750 16
255764 16
255770 25
255771 10
255772 16
255786 1
255811 10
255820 16
256100 16
256212 37
256281 19
256316 28
256333 37
256373 25
256418 16
256441 16
259103 27
259104 0
259106 21
259107 8
259108 16
259109 19
259191 12
259194 16
259201 35
259203 10
260402 25
260413 16
260701 16
260702 4
260705 1
260709 25
260716 1
260718 25
260772 10
261103 19
261111 23
261200 34
261210 6
261212 16
261216 21
261217 37
261304 7
261305 40
261335 25
261336 10
261342 31
261343 1
261361 1
261405 37
261434 4
261447 10
261458 16
261461 37
261469 40
261701 10
261702 16
261706 25
261739 1
261752 25
261754 16
261769 1
261791 10
261895 10
263701 25
263702 16
263720 4
263746 1
263760 10
263770 10
263771 4
264701 4
264703 1
264706 25
264710 25
264733 10
264791 16
266702 16
268721 10
269101 10
269102 16
269111 1
269200 16
269201 7
269202 37
269340 16
269430 10
269452 1
269462 25
269470 16
269493 25
301254 4
305202 31
311352 34
318322 10
318351 40
320351 28
321251 25
324703 16
328310 16
328313 25
330110 27
330111 12
351100 21
351200 16
351201 6
351301 40
351321 4
351331 25
351441 31
351442 1
351451 25
351466 16
351489 31
352103 16
352301 4
352311 10
352321 25
352323 7
352422 1
353210 10
353301 31
353311 28
353418 1
353421 16
353431 16
353451 4
354311 10
356100 32
356101 31
356102 9
356202 4
356210 3
356212 25
356261 4
356303 25
356304 10
356411 16
356416 31
357101 31
357110 31
357210 40
357322 4
357325 4
357417 31
357441 16
357491 1
359202 28
359203 13
359204 16
359210 10
359311 16
359409 10
359421 16
359465 25
360100 19
360400 1
360403 25
360423 10
360460 16
361210 9
361214 4
361301 10
361351 25
361442 1
361453 16
361461 7
361471 31
362211 23
363210 10
365321 4
365322 16
365324 31
365421 10
368200 19
400110 28
401382 7
403382 31
406385 10
406395 37
409281 37
409292 40
411281 1
411291 10
415291 28
420281 16
421281 31
421291 7
421385 1
421395 25
423382 16
428382 4
461100 40
461435 1
461472 25
461514 25
461523 10
462130 16
462151 19
462405 10
462409 16
462445 16
462541 25
462543 10
462584 16
463251 37
463311 25
463331 4
463341 10
463353 16
463402 7
463433 10
463455 16
463491 4
463503 4
463513 10
463545 16
463556 1
463571 1
464301 31
464311 1
464341 40
464401 31
464413 1
464441 37
464443 40
464444 4
464445 40
464502 25
501301 1
501302 25
504302 31
506303 10
506361 10
508203 6
508303 4
510201 30
510202 28
512303 16
513111 21
513114 1
513223 4
513224 25
513283 16
513315 4
513324 40
513328 31
513363 1
513371 10
513411 1
513429 25
513445 10
513471 16
514211 4
514241 10
514317 10
514323 16
514341 25
514343 4
514381 31
514383 1
514451 16
515201 25
515250 34
515306 4
515310 4
515334 1
515361 1
515364 25
515370 10
515373 16
518770 16
551312 31
552216 16
552217 25
552222 10
553311 4
554312 1
556412 25
561313 10
561314 16
562101 10
562211 16
601201 33
601302 19
601341 40
601344 4
601351 16
601422 10
601452 16
601456 1
601731 25
601758 10
601765 1
601842 16
602100 19
602102 25
602103 10
602111 16
602211 31
602315 16
602321 4
602322 10
602431 31
602432 16
602441 25
602464 4
602731 10
602761 16
603211 4
603321 4
603322 25
603351 10
603421 25
603441 10
603471 16
603496 16
603711 25
603723 10
603731 16
604304 1
604305 25
604312 25
604313 4
604351 31
604352 16
604451 10
604711 10
604715 16
605201 25
605204 31
605301 4
605313 16
605314 10
605321 1
605322 25
605701 1
605713 25
605741 10
605745 16
605751 16
606231 25
606242 1
606244 10
606263 37
606310 25
606343 16
610114 7
651104 16
651105 30
651109 16
651120 37
651210 10
651311 1
651312 25
651315 10
651316 16
701100 25
701101 37
701104 10
701181 31
701183 6
701201 7
701205 4
701211 31
701243 10
701281 34
701313 31
701321 37
701331 40
701341 25
701344 10
702100 16
702101 4
702205 4
702211 36
702213 19
702312 37
702316 1
702317 25
702341 10
702351 16
703103 25
703109 25
703202 30
703243 41
703244 16
703305 16
703308 4
703309 25
703310 1
703322 41
703323 40
703330 4
703331 10
703391 10
703404 16
703412 40
703447 31
703454 1
703498 4
705191 34
705211 19
705311 34
705329 31
705331 1
705332 25
705342 40
705351 25
705431 4
705438 31
705440 7
705441 25
705442 15
705444 10
705461 16
705493 1
705499 10
751100 10
751101 15
751102 17
751106 0
751202 19
751209 27
751301 10
751302 10
751303 16
751304 10
751305 25
751308 24
751309 16
751321 10
751326 4
751330 31
751345 16
751401 1
751403 16
751405 18
751408 34
751417 4
751418 31
751419 31
751422 37
751428 25
751440 25
751441 10
751443 16
751447 25
751451 1
751701 10
751702 16
751703 25
751704 31
751705 1
751706 25
751708 31
751712 16
751716 4
751724 10
751725 1
751726 10
751727 4
751729 4
751734 1
751744 25
751752 16
801100 28
801201 34
801225 4
801235 16
801321 25
801331 10
801333 16
801336 4
801421 25
801471 1
801481 10
803121 25
803123 10
803231 16
851100 31
851104 16
851105 34
851108 10
851200 40
851201 33
851202 38
851204 40
851205 28
851273 6
851305 25
851309 9
851313 16
851343 31
851344 25
851345 10
851360 9
851362 31
851367 1
851372 4
851375 0
851400 3
851404 16
851406 7
851407 31
951100 13
951101 0
951102 12
951125 28
951203 7
951302 16
951323 4
951331 25
951344 16
951348 10
951352 25
951497 10
953103 4
953111 37
953211 16
953212 40
953233 10
953261 31
953321 4
953322 10
953331 16
953361 16
953421 10
953494 31
954100 37
954140 10
954141 25
954245 6
954246 34
954260 9
954270 4
954311 37
954312 31
954320 25
954323 16
954343 16
954370 1
954374 7
954412 16
954413 10
954462 1
954471 16
954491 16
954498 10
