001101 13
001102 4
001111 41
001113 4
001201 1
001202 3
001210 8
001212 0
001218 34
001230 14
001231 36
001250 21
001291 30
001293 12
001310 16
001311 4
001312 4
001315 40
001318 27
001320 31
001321 40
001323 9
001330 37
001342 19
001353 10
001354 24
001362 19
001410 22
001423 16
001425 34
001443 0
001444 16
001445 37
001447 10
001461 41
001464 31
002101 19
002110 10
002191 16
002192 22
002201 41
002211 16
002221 37
002250 9
002301 37
002333 19
002351 22
002365 28
002372 7
002401 25
002441 37
002473 10
003101 19
003191 5
003201 31
003314 16
003320 22
003331 4
003414 25
003421 7
003436 22
004241 27
004301 12
004303 9
004324 34
004351 19
004432 41
004473 37
004475 34
006103 34
006126 10
006206 16
006226 31
006242 19
006253 37
006303 3
006307 28
006326 16
006330 22
006331 19
006344 12
006346 10
006355 22
006425 37
006432 37
006433 4
006443 6
006448 22
008214 19
008303 19
008314 22
008326 22
008411 34
008417 31
009103 40
009105 10
009212 25
009230 27
009231 31
009326 22
009425 31
009426 16
009431 25
011100 36
011151 22
011152 25
011153 28
011251 31
011257 41
011259 16
011269 17
011276 37
011353 22
011356 16
011358 7
011362 10
011374 19
011461 13
011464 31
011751 22
012100 16
012173 24
012200 5
012271 22
012272 19
012273 22
012371 31
012475 37
013103 9
013110 34
013203 19
013204 16
013206 41
013207 18
013217 41
013301 36
013302 7
013303 34
013304 19
013305 37
013306 40
013307 22
013317 19
013326 19
013329 16
013330 25
013335 37
013338 16
013420 22
013421 37
013422 31
013427 28
013433 22
013435 16
014210 6
014270 25
014310 12
014311 22
014322 16
014323 34
014325 0
014370 40
014371 40
014382 16
014390 36
014401 22
014410 10
014421 41
015101 6
016101 4
016232 31
017101 22
017102 22
017111 19
017201 31
017210 22
018103 4
018111 26
018113 31
018125 22
018203 19
018211 4
018213 37
018231 31
018235 10
018271 6
018301 19
018335 40
018351 10
018353 25
018421 37
018433 19
018435 34
018436 25
018438 31
018451 22
018465 19
018467 4
018471 22
019101 11
019103 10
019105 31
019106 30
019108 34
019111 16
019203 37
019205 4
019206 12
019208 31
019211 19
019221 10
019303 10
019311 7
019331 37
019361 25
019373 16
019381 16
019411 19
019442 22
019471 31
019473 37
020101 40
020102 37
020211 19
020231 31
020311 37
020321 25
020333 19
020341 16
020362 25
020363 34
020412 10
020421 19
020481 31
021101 4
021102 19
021203 12
021204 4
021270 31
025108 22
025480 22
026101 25
026102 22
026111 7
026112 6
026201 25
026271 16
029701 37
029703 22
029711 4
030101 22
050100 31
050103 24
050104 6
050106 7
050111 20
051302 19
051304 34
051306 10
051310 40
051313 37
051418 28
052201 1
052202 16
052352 19
052357 13
052420 22
052441 22
052443 31
052445 34
052447 4
052466 10
053712 37
053713 31
053770 37
054810 31
054870 37
055701 22
055703 16
055704 4
055706 31
055707 37
055713 16
055733 22
055734 37
055757 31
055771 22
055797 4
057121 33
057123 7
057125 9
057126 30
057127 35
057128 15
057129 27
057130 33
057131 16
057132 16
057133 24
057134 6
057135 31
057136 12
057137 25
057138 16
057139 19
057140 4
057201 13
057205 37
057213 6
057215 16
057274 19
057284 10
057285 19
057288 22
057293 31
057294 10
057296 40
057300 10
057302 19
057305 10
057316 22
057351 25
057366 22
057403 13
057404 37
057405 16
057410 22
057411 7
057420 31
057426 4
057428 24
059413 40
059419 31
061103 22
061106 10
061201 7
061223 3
061224 37
061306 13
061307 22
061317 10
061319 22
061403 34
061404 13
061407 22
061430 37
062200 22
062210 10
062343 10
062411 37
062452 13
062460 34
062470 19
062499 4
063201 16
063702 31
063704 37
063710 4
064204 16
064232 19
064251 4
064252 22
064303 4
064331 31
064392 22
064412 4
064418 31
064423 28
064424 31
064430 24
064474 22
064490 37
065210 19
065212 13
065310 34
065311 13
065320 4
065332 28
065421 34
065435 25
065436 37
065437 10
065438 22
065797 22
066221 19
066323 25
066410 19
066416 22
066421 37
066425 4
067202 19
067303 37
067311 4
067372 19
067373 13
067432 19
069712 37
070200 37
070304 10
070305 19
070403 22
070404 4
070410 22
070411 40
070416 22
070711 31
070720 37
070721 4
070740 22
070741 22
071411 37
071412 19
071413 12
071415 22
071416 9
071418 22
071419 4
071422 22
071423 4
071425 31
071712 37
071715 31
071730 19
071736 16
071738 31
071811 31
073711 37
073721 31
073770 31
074100 17
074101 32
074414 16
076425 10
076427 37
076430 34
076444 19
076466 22
078444 25
078454 41
079169 4
079220 19
079264 22
091700 4
091800 4
099100 37
099101 13
099102 10
100102 4
100109 27
100110 21
100111 0
100112 40
100207 34
100213 37
100214 22
100220 31
100222 10
100225 13
100228 31
100229 28
100230 37
100231 34
100233 22
100281 16
100306 16
100307 31
100308 12
100309 34
100310 31
100311 31
100312 3
100313 6
100314 40
100501 7
101100 28
101105 4
101201 33
101211 4
101400 7
101405 19
103112 37
103191 31
103271 22
104200 31
104201 10
104300 37
104301 7
104325 19
104410 10
104424 10
104495 25
105304 22
109100 3
109115 28
112101 22
112102 31
112103 22
112108 19
112110 13
112201 37
112203 19
112213 22
112300 19
112314 10
112411 25
112412 31
115200 22
115300 19
115301 4
115302 22
116301 34
116302 37
116400 22
126101 18
126216 37
126321 3
126326 31
126333 13
126334 19
126428 9
126432 22
126443 0
127100 34
127101 39
127203 37
127204 24
127207 31
127303 30
127312 10
127314 16
127315 31
127316 3
127326 10
127337 0
127711 31
127717 22
127718 37
127719 4
127727 22
127728 4
128100 25
128101 4
128202 12
128203 25
128204 21
128307 3
128309 13
128334 31
128354 31
128355 37
128403 27
128701 31
128710 37
128730 4
128740 22
128762 22
140101 16
140102 22
140103 41
140104 2
140105 25
152211 37
152301 19
152321 10
154104 35
154141 27
154151 37
154231 22
154261 24
154262 10
154281 41
154311 28
154330 13
154353 31
154375 19
154377 40
154384 16
154388 22
154443 22
154455 37
154457 22
154481 19
154488 31
154493 13
154494 10
159100 15
159101 22
159151 19
159203 33
159221 31
159231 28
159301 22
159303 31
159305 3
159332 22
159356 22
159362 6
159403 19
159411 10
159431 30
159454 16
160341 22
164200 6
164341 19
168100 7
168101 25
168222 22
176100 37
176101 15
176104 24
176220 41
177103 6
177214 10
177215 36
177216 34
177217 13
177281 15
177283 31
177285 31
177321 34
177330 3
177341 12
177362 34
177393 28
177401 25
177404 19
177405 41
177414 16
177426 24
177427 13
177430 4
177434 9
177446 37
177450 40
177463 31
177464 19
177465 7
177467 22
177468 4
177481 31
177494 28
179402 41
179403 0
201100 27
201110 30
201114 19
201115 6
201116 0
201117 16
201190 16
202100 25
202101 28
202141 27
202143 19
202145 40
202184 25
202231 25
202260 19
202305 12
202311 3
202332 7
202334 12
202342 36
202361 31
202371 0
202434 34
202438 10
202443 37
202473 22
202474 19
202477 31
202481 4
202495 4
202742 4
202765 37
202776 22
202782 22
202833 22
202848 22
202873 4
203100 9
203103 25
203111 34
203116 10
203151 31
203162 25
203171 30
203201 22
203203 37
203204 34
203206 22
203207 22
203208 22
203209 30
203222 7
203226 14
203231 12
203235 41
203236 4
203255 4
203303 19
203315 22
203323 16
203324 31
203331 22
203332 4
203333 0
203351 25
203352 19
203405 25
203406 16
203414 10
203423 4
203431 22
203434 31
203458 37
203471 19
203475 31
203705 37
203709 4
203714 37
203716 31
203722 31
203743 4
203753 22
203807 31
203821 4
203828 37
203879 31
203889 31
204100 23
204101 22
204111 22
204123 7
204202 28
204211 28
204216 19
204231 22
204251 19
204321 37
204325 40
204335 16
204341 22
204361 0
204365 22
204381 4
204383 16
204432 19
204435 12
204442 22
204451 3
204452 16
204453 10
204471 13
204712 31
204721 4
204732 37
204764 22
205100 9
205103 31
205104 19
205105 16
205235 37
205239 25
205275 24
205303 34
205337 12
205355 7
205393 22
205415 31
205421 4
205461 19
205464 25
205475 10
205479 34
205483 40
205486 22
205496 16
205712 4
205735 22
205761 31
205783 37
206100 28
206101 22
206103 41
206104 27
206107 34
206108 16
206111 39
206112 24
206113 31
206161 30
206162 21
206171 36
206172 14
206181 16
206191 34
206203 31
206207 19
206211 3
206216 16
206217 33
206261 14
206267 27
206281 40
206300 31
206321 22
206324 36
206325 12
206327 37
206328 30
206331 31
206336 41
206341 22
206355 24
206362 16
206370 25
206381 37
206412 22
206436 9
206437 7
206441 16
206455 10
206707 37
206713 4
206720 31
206721 37
206730 37
206736 22
206738 22
206739 4
206743 37
206753 22
206766 16
206783 22
207100 16
207103 19
207105 33
207106 27
207107 36
207109 41
207115 16
207117 7
207123 10
207131 19
207135 34
207164 22
207171 16
207173 19
207174 19
207183 19
207187 27
207203 40
207205 22
207208 3
207213 37
207308 34
207310 22
207313 16
207323 16
207348 25
207401 7
207403 10
207406 0
207416 7
207419 19
207422 25
207436 31
207701 4
207703 31
207705 37
207711 22
207741 22
207743 4
207808 22
208101 40
208140 22
208150 4
208250 37
208251 10
208263 20
208265 37
208270 40
208271 20
208272 10
208280 19
208321 41
208329 19
208343 16
208348 7
208370 25
208383 36
208425 27
208439 31
208440 4
208469 19
208711 31
208760 37
208761 22
208770 4
208871 37
208872 4
209201 12
209251 19
209301 19
209302 34
209303 10
209331 37
209351 25
209358 1
209361 31
209368 37
209375 40
209403 31
209442 22
209451 28
209453 40
209461 25
209463 37
209471 4
209483 10
209485 16
209703 16
209705 19
209707 16
209709 31
209711 31
209713 37
209722 31
209731 37
209771 22
209773 4
209779 37
209785 31
210100 25
210201 31
210202 10
210204 19
210343 10
210351 22
210383 37
210425 25
210433 34
210434 4
210453 31
210465 25
210485 4
210703 31
210704 37
210705 4
210707 22
210723 22
210731 4
211100 3
211311 40
211315 12
211319 9
211413 16
211440 28
211442 7
211443 10
211495 22
211702 4
211889 22
212701 31
212703 37
212711 4
212721 22
212741 22
213201 16
213714 37
213763 31
213779 22
214100 37
214261 19
214312 16
214341 34
214381 28
214401 6
214411 19
214414 9
214415 41
214421 4
214430 4
214441 37
214445 22
215205 12
215206 19
215207 3
215208 25
215301 25
215302 19
215381 37
215411 4
215431 16
215471 37
215481 10
215495 22
215496 7
215497 31
215734 37
215762 22
215785 4
215794 22
217701 31
217703 37
217707 4
217734 4
217751 4
217775 22
217781 22
218100 27
218101 34
218233 37
218235 19
218321 13
218323 7
218351 19
218471 16
218475 10
218483 19
218486 22
219720 31
219731 4
225701 31
225703 37
225705 4
225720 22
226701 4
226709 22
226710 22
226801 16
226889 22
229123 25
229323 6
229352 22
229711 22
251211 33
251213 22
251261 4
251281 15
251312 37
251313 22
251333 37
251334 19
251361 0
251363 12
251371 19
251372 27
251374 31
251384 22
251411 13
251418 37
251437 22
251438 16
251451 22
251455 1
251457 25
251461 10
251475 31
251479 34
251701 16
251702 31
251703 4
251711 16
251714 31
251715 37
251717 4
251718 4
251745 37
251751 16
251752 31
251757 37
251758 4
251773 16
251783 31
251785 37
251790 22
252201 19
252211 17
252232 36
252282 6
252283 37
252285 41
252286 31
252301 4
252302 27
252317 7
252320 37
252322 13
252325 0
252327 3
252330 22
252342 13
252363 31
252420 22
252421 22
252424 37
252425 25
252426 19
252427 9
252444 28
252450 1
252455 7
252460 31
252489 13
252498 12
252702 22
252708 16
252723 4
252724 4
252741 4
252748 22
252781 31
252785 37
252789 22
252791 22
253303 4
253314 16
253315 40
253432 31
253455 19
253456 34
253481 19
253701 4
253715 22
253717 19
253722 31
253731 16
253732 22
253734 4
253735 10
253736 19
253748 16
253752 22
253754 37
254181 37
254205 7
254206 34
254211 16
254215 4
254216 19
254222 25
254231 16
254232 0
254252 37
254282 31
254302 10
254325 3
254333 12
254372 22
254421 13
254425 19
254426 40
254435 4
254436 10
254438 19
254439 7
254441 0
254442 22
254451 30
254456 34
254457 19
254458 25
254459 34
254461 41
254471 37
254473 22
254492 10
254494 4
254700 22
254702 16
254703 31
254710 37
254711 4
254734 19
254770 31
254777 4
254804 16
254875 37
255201 24
255215 29
255251 19
255290 17
255300 30
255320 12
255321 36
255330 0
255359 39
255415 13
255417 10
255420 34
255422 31
255424 22
255430 9
255432 4
255434 28
255437 41
255438 10
255439 13
255441 19
255447 7
255449 33
255454 10
255460 1
255462 22
255464 25
255471 25
255492 16
255499 37
255712 16
255722 31
255734 31
255739 22
255750 22
255764 22
255766 16
255770 37
255771 37
255772 4
255786 16
255791 4
255830 22
256100 19
256212 19
256271 25
256281 4
256316 19
256333 16
256373 13
256383 37
256412 22
256415 40
256441 19
256457 4
256462 31
256473 0
256700 37
256761 4
256762 22
259103 9
259104 7
259106 19
259107 33
259108 24
259109 6
259191 28
259192 40
259194 4
259201 17
259203 10
260312 16
260404 4
260413 22
260424 4
260434 22
260717 4
260772 22
261103 22
261111 7
261200 19
261210 4
261212 28
261216 10
261217 37
261304 30
261305 4
261335 41
261336 12
261342 34
261343 22
261361 37
261405 9
261406 22
261434 25
261447 13
261456 6
261457 37
261458 4
261461 31
261469 19
261494 40
261497 36
261499 31
261701 4
261702 31
261706 16
261735 37
261739 4
261753 37
261754 37
261767 4
261769 4
261791 22
263701 31
263702 37
263720 16
263746 4
263760 22
263771 16
264701 16
264706 31
264707 4
264710 4
264741 37
264791 37
266703 22
268721 4
269101 22
269102 19
269200 31
269201 10
269202 22
269340 10
269430 13
269462 37
269470 31
269497 16
270701 37
270702 4
270711 4
270791 4
301254 34
305202 16
311352 40
318322 4
318351 1
320351 22
321251 22
324703 22
328310 19
328313 37
330110 7
330111 1
351100 9
351201 24
351202 36
351301 12
351321 10
351331 28
351410 31
351441 19
351442 13
351451 4
351463 22
351466 7
352301 25
352311 4
352321 10
352323 6
352332 4
352422 19
352431 16
353301 22
353421 19
353431 37
353451 22
353452 7
354311 3
356100 37
356101 16
356102 34
356202 31
356210 19
356212 10
356303 7
356304 22
356306 16
356312 22
356361 4
356412 19
356414 31
356416 4
356432 22
356441 4
356442 37
356443 34
356471 22
356496 4
357101 11
357110 4
357210 37
357322 31
357360 13
357417 31
357441 19
357491 19
359202 6
359203 7
359204 31
359206 31
359301 31
359311 19
359405 4
359409 7
359410 34
359413 22
359414 31
359421 37
359431 34
359451 25
360100 41
360210 9
360400 31
360402 22
360404 34
360407 4
360411 10
360431 13
360460 37
360470 19
361210 31
361214 19
361301 19
361321 31
361351 24
361453 10
361461 22
361471 22
363210 19
365301 34
365321 25
365331 37
365421 10
365427 19
365428 19
368200 40
368317 40
368331 28
368412 22
368433 4
368441 10
368487 25
400110 7
400211 33
401382 16
403382 37
406385 4
406395 19
409281 10
409292 19
411281 16
411291 31
415291 1
420281 37
421281 4
421291 13
421385 13
421395 34
423382 10
428382 31
461100 27
461170 7
461471 19
461472 31
461511 31
461527 13
461529 19
462130 25
462541 13
462587 13
462588 31
463251 13
463311 1
463331 37
463341 16
463353 10
463402 19
463433 16
463455 10
463491 4
463503 4
463504 10
463545 37
463556 16
463558 19
464301 22
464311 4
464341 31
464401 37
464413 22
464441 13
464443 31
464444 31
464445 4
464501 16
464502 22
464503 34
464509 31
464510 31
464541 37
464542 4
464544 22
464549 1
466141 24
501301 37
501302 13
502211 19
502311 10
503402 1
504302 34
506303 31
506361 40
507402 34
508203 41
508207 10
508303 19
509402 16
510201 13
510202 7
510307 10
510411 25
510414 31
510415 13
510416 37
510417 4
512303 4
512402 22
513111 18
513114 16
513223 31
513224 10
513283 22
513315 16
513324 4
513328 31
513363 22
513371 13
513412 16
513429 31
513445 37
513451 4
513471 22
514211 10
514241 19
514317 31
514323 34
514335 37
514341 22
514343 16
514381 19
514383 40
514395 10
514397 4
514425 37
514442 4
514451 19
514453 31
514466 16
514475 22
515201 13
515250 22
515307 22
515312 37
515334 16
515361 19
515364 10
515370 22
515376 31
515403 4
515490 22
551461 19
552216 19
552217 22
552222 19
553312 16
554314 31
555313 10
556311 19
557433 16
558411 31
558432 37
558442 4
561312 22
562211 19
571115 25
601201 25
601302 37
601321 10
601322 19
601341 37
601344 13
601351 4
601422 25
601427 16
601428 22
601452 3
601460 13
601462 31
601702 22
601731 31
601758 4
601765 22
601767 37
602100 12
602102 3
602111 31
602211 34
602315 41
602321 0
602322 28
602431 41
602432 25
602441 31
602464 13
602731 4
602761 22
603211 40
603322 13
603332 16
603352 34
603371 10
603421 31
603441 34
603453 13
603465 25
603471 37
603494 22
603495 7
603711 37
603723 4
603731 22
604304 25
604305 34
604312 40
604313 21
604351 13
604352 16
604412 25
604414 37
604416 10
604422 22
604441 31
604451 7
604711 22
604715 37
604731 4
605201 31
605204 28
605301 3
605313 37
605314 18
605321 27
605322 0
605341 22
605412 34
605432 31
605446 19
605459 22
605461 10
605476 37
605701 37
605702 4
605713 4
605751 22
606231 7
606242 22
606244 19
606263 34
606343 4
606362 31
606363 19
610114 16
651105 10
651109 22
651120 22
651210 19
651311 31
651312 37
651315 22
651316 4
701101 10
701181 25
701182 19
701183 14
701201 25
701211 6
701281 9
701313 10
701321 13
701331 28
701342 4
701344 4
701402 13
701403 16
701407 22
701409 4
701425 34
701455 37
701494 7
702101 18
702205 22
702211 16
702312 18
702313 10
702316 22
702318 0
702341 31
702351 19
702411 16
702416 31
702418 40
702423 13
702431 25
703103 32
703202 28
703204 13
703243 21
703244 22
703305 4
703308 13
703311 40
703313 22
703322 24
703324 31
703330 6
703331 31
703345 19
703352 16
703391 24
703404 15
703412 25
703435 3
703447 28
703454 37
703498 0
703499 4
704101 31
704141 10
704201 22
704345 19
705191 22
705211 12
705311 30
705329 0
705331 28
705351 25
705411 28
705437 22
705441 4
705442 40
705444 0
705492 4
705499 10
751100 10
751101 21
751102 22
751106 10
751202 17
751209 34
751301 32
751302 38
751303 25
751304 22
751305 13
751308 22
751309 37
751321 22
751326 4
751327 16
751330 33
751345 40
751401 3
751403 4
751405 24
751408 37
751413 1
751419 19
751421 9
751422 37
751424 22
751428 0
751443 7
751447 31
751451 4
751701 22
751702 37
751703 31
751704 31
751705 16
751706 22
751708 31
751712 16
751718 4
751724 37
751726 4
751751 4
801100 41
801201 22
801225 13
801235 19
801321 4
801324 34
801331 4
801333 31
801334 10
801336 19
801421 16
801471 4
801481 22
803121 31
803123 16
803231 19
803331 19
803360 10
803431 22
851100 16
851104 25
851105 34
851108 19
851200 33
851201 37
851202 15
851243 16
851251 10
851262 13
851273 7
851305 6
851306 10
851309 12
851342 31
851352 33
851354 16
851355 24
851360 22
851362 13
851375 22
851376 0
851400 15
851404 28
851407 9
851441 34
851462 41
852100 19
852101 31
852102 37
852103 19
852201 37
852202 13
852203 16
852204 22
951100 29
951102 16
951106 22
951124 19
951203 10
951302 19
951323 13
951331 10
951344 22
951348 4
951352 37
951497 22
953103 22
953111 38
953212 19
953231 16
953233 22
953261 13
953321 34
953322 4
953331 31
953361 25
953421 13
953444 4
953494 22
953495 37
954100 31
954244 22
954246 16
954310 25
954370 31
954374 13
954410 10
954413 16
954416 24
954426 40
954443 25
954449 16
954462 4
954464 22
954471 19
954477 28
954491-001 10
954491-002 37
954491-003 19
954491-004 22
954498 34
955102 34
955103 18
955104 22
958111 10
958201 31
958221 37
958225 16
958261 10
958373 19
