001101 1
001102 31
001111 41
001113 21
001201 1
001202 24
001210 17
001212 34
001218 31
001230 39
001231 36
001250 28
001291 19
001293 19
001310 30
001311 25
001312 28
001318 25
001320 19
001321 37
001323 28
001330 12
001342 34
001353 7
001354 22
001362 16
001381 40
001410 19
001423 22
001425 22
001443 7
001444 19
001445 40
001447 7
001461 7
002101 19
002110 31
002191 37
002192 19
002201 7
002211 4
002221 13
002250 28
002301 7
002333 22
002351 40
002361 16
002365 31
002401 22
002473 7
003101 30
003191 9
003201 37
003313 16
003320 33
003331 31
003367 22
004241 28
004282 4
004301 37
004303 0
004324 21
004432 22
004473 37
004475 19
004483 25
006103 15
006126 19
006206 28
006226 22
006242 16
006253 10
006303 10
006325 37
006326 22
006330 37
006344 16
006346 40
006355 7
006425 4
006426 19
006428 19
006443 7
006448 7
006454 25
008214 28
008303 7
008314 16
008411 22
008417 22
009103 16
009105 18
009212 31
009230 28
009231 7
009326 22
009328 31
009426 22
009431 7
009445 7
011100 18
011151 28
011152 12
011153 30
011251 32
011257 41
011259 13
011269 8
011276 3
011353 4
011356 24
011358 41
011362 7
011374 37
011461 34
011464 37
011479 19
012100 19
012173 9
012200 13
012273 13
012371 22
012475 22
013103 21
013110 10
013203 37
013204 7
013206 22
013209 19
013301 4
013302 13
013303 34
013305 37
013306 28
013307 16
013317 19
013321 31
013326 22
013329 7
013330 31
013335 7
013337 22
013413 34
013427 22
013433 7
014210 12
014211 16
014270 34
014310 4
014311 40
014322 19
014323 13
014324 7
014370 41
014371 25
014381 7
014382 22
014401 31
014471 12
014481 25
014485 19
015101 31
016101 34
017101 37
017102 40
017111 28
017112 7
017210 16
018103 28
018111 24
018113 3
018125 31
018203 22
018211 31
018213 7
018231 19
018235 10
018271 34
018301 19
018335 7
018351 16
018353 22
018433 28
018435 7
018438 22
018467 22
019101 13
019103 37
019105 18
019106 10
019108 31
019111 19
019203 31
019205 3
019206 28
019208 4
019211 22
019221 7
019303 22
019311 7
019331 40
019361 19
019371 22
019373 28
019381 31
019411 25
019442 22
019471 16
019473 37
020101 19
020102 19
020211 22
020212 28
020231 16
020311 4
020321 16
020333 40
020341 37
020362 13
020363 7
021101 9
021102 28
021203 28
021270 13
025108 31
025110 31
025310 7
025480 19
026101 33
026102 19
026111 28
026112 19
026201 37
026271 7
029701 22
029711 7
050100 4
050103 5
050104 20
050106 30
050111 7
051302 19
051304 12
051306 28
051313 37
051412 25
051418 22
052201 37
052202 30
052314 34
052350 37
052352 19
052357 7
052400 34
052419 40
052443 28
052445 19
052447 7
052725 22
055701 7
055706 25
055707 28
055771 25
055797 22
057121 12
057122 12
057123 39
057125 21
057126 6
057127 15
057128 6
057129 27
057130 9
057131 41
057132 36
057133 24
057134 10
057135 31
057137 19
057138 4
057139 37
057140 34
057201 13
057205 19
057215 34
057274 22
057279 40
057283 13
057284 10
057285 28
057288 37
057293 4
057294 19
057300 37
057302 28
057305 4
057351 0
057366 28
057403 34
057405 4
057410 7
057411 37
057420 25
057425 25
057426 10
057428 37
059419 18
061106 10
061201 28
061223 37
061306 4
061307 22
061312 37
061313 37
061317 30
061401 37
061403 28
061404 22
062342 40
062343 28
062344 4
062345 34
062346 19
062360 25
062380 22
062411 4
062452 19
062460 25
062470 19
063703 22
063813 7
064207 7
064231 7
064251 22
064281 19
064291 19
064301 22
064303 28
064410 37
064412 7
064417 22
064418 28
064424 33
064474 22
065210 41
065212 25
065310 22
065320 7
065332 24
065421 22
065434 4
065435 10
065436 19
065437 25
065797 7
065799 7
066221 31
066323 40
066410 34
066414 22
066425 4
066755 22
067202 37
067303 25
067311 28
067372 4
067373 22
067432 22
070301 31
070303 28
070304 31
070305 7
070308 22
070400 7
070401 7
070403 25
070404 40
070410 25
070411 22
070415 31
070416 22
070720 25
070721 28
070726 22
070727 22
070731 7
070792 7
071412 31
071413 7
071414 7
071420 16
071422 19
071423 34
071425 25
071712 28
071811 22
074100 3
074101 37
074414 31
076314 7
076414 37
076425 19
076427 33
076428 22
076429 4
076444 28
076466 37
078444 3
078454 19
079444 12
088708 7
091800 7
099101 34
099102 22
100102 28
100103 7
100104 30
100105 31
100109 16
100110 19
100111 31
100112 16
100206 19
100207 34
100208 0
100209 22
100210 4
100211 16
100212 7
100213 10
100218 40
100219 0
100220 3
100225 4
100226 40
100281 19
100306 16
100307 9
100308 27
100309 10
100310 12
100501 15
101100 7
101105 19
101201 16
101211 31
101400 25
101405 10
103112 28
103191 31
103271 33
104200 0
104201 10
104300 19
104301 37
104340 25
104410 28
104424 22
104495 7
105304 28
109100 26
109115 41
112101 37
112102 31
112103 4
112108 19
112201 37
112203 31
112213 19
112300 37
112411 19
112412 16
115200 19
115301 4
115302 34
116400 7
126101 19
126216 7
126321 7
126330 16
126333 31
126334 41
126428 31
126432 4
126443 22
127100 19
127101 7
127203 0
127204 40
127207 28
127303 25
127312 13
127314 9
127315 7
127316 28
127329 19
127337 3
127711 25
127717 28
127718 22
127719 7
128100 41
128101 40
128202 25
128203 19
128204 3
128307 25
128309 16
128334 22
128352 28
128354 31
128403 7
128701 25
128710 28
128730 22
128740 7
128762 7
140101 40
140102 7
140105 40
152321 7
154104 10
154141 31
154151 39
154231 37
154262 19
154281 31
154311 34
154330 16
154340 19
154351 28
154353 31
154363 7
154375 37
154377 7
154388 4
154433 22
154443 22
154488 37
159100 22
159101 24
159151 31
159203 37
159221 7
159302 19
159303 10
159305 40
159332 7
159356 22
159362 7
159403 22
159411 28
159412 22
159431 19
160341 4
164200 27
164341 19
168101 19
168410 7
176100 11
176101 10
176104 13
176220 37
177103 4
177214 25
177215 40
177216 28
177217 19
177242 28
177281 7
177283 16
177285 13
177321 22
177330 22
177336 31
177341 10
177361 18
177393 7
177404 3
177414 28
177427 7
177430 19
177434 40
177446 34
177447 16
177450 28
177465 4
177467 7
177481 4
177494 7
179403 25
201100 40
201110 29
201114 34
201115 5
201116 36
202100 39
202101 13
202141 32
202143 40
202145 16
202184 33
202231 38
202260 4
202310 7
202311 10
202332 16
202334 7
202342 25
202361 13
202371 37
202410 19
202434 13
202438 7
202443 10
202473 4
202474 22
202477 4
202495 22
202737 28
202765 22
202773 28
202776 22
202783 28
202833 7
202844 22
202848 7
203100 27
203103 34
203111 7
203116 16
203151 7
203162 4
203201 28
203203 19
203204 19
203206 7
203207 21
203208 25
203209 19
203222 9
203226 26
203231 18
203235 7
203236 7
203255 25
203300 37
203303 7
203315 4
203323 40
203324 37
203331 7
203332 24
203333 28
203351 13
203352 41
203475 19
203705 28
203709 25
203713 25
203714 28
203716 22
203723 28
203732 22
203736 25
203739 28
203743 28
203753 7
203803 19
203807 22
203821 25
203828 22
203879 7
204100 28
204101 40
204111 16
204202 30
204211 16
204216 28
204217 19
204231 7
204321 31
204325 22
204335 10
204341 10
204361 13
204363 4
204365 7
204381 19
204383 25
204432 16
204442 25
204451 37
204453 25
204471 19
204721 28
204725 7
204735 22
204764 7
204891 7
205100 27
205103 33
205104 37
205105 9
205235 3
205239 19
205275 6
205303 31
205337 40
205355 7
205393 34
205441 28
205461 22
205765 25
205805 7
206100 25
206101 31
206103 38
206107 39
206108 17
206111 25
206113 31
206161 7
206171 19
206181 22
206191 4
206203 39
206207 13
206211 28
206216 7
206217 25
206254 16
206261 22
206267 6
206281 27
206300 39
206321 31
206324 34
206325 37
206327 18
206328 31
206331 34
206335 31
206336 21
206341 19
206355 4
206362 28
206370 16
206381 7
206412 19
206432 25
206436 16
206437 7
206441 37
206457 34
206470 28
206705 22
206707 28
206713 7
206717 22
206720 22
206726 28
206738 22
206739 7
206743 22
206753 22
206785 7
207100 31
207103 19
207105 16
207106 25
207107 4
207109 37
207110 3
207115 13
207117 34
207123 16
207131 19
207135 40
207171 3
207173 40
207183 16
207187 4
207203 28
207205 10
207208 25
207213 16
207308 36
207310 7
207313 34
207323 7
207348 4
207401 16
207403 7
207406 13
207419 37
207422 22
207455 19
207458 22
207463 19
207701 25
207703 28
207705 22
207711 7
207808 7
208101 38
208140 7
208150 34
208263 40
208270 25
208271 25
208280 10
208321 25
208329 13
208343 40
208348 7
208383 28
208425 16
208439 22
208440 22
208469 19
208711 25
208760 28
208761 22
208770 7
208871 22
208872 7
209201 3
209251 28
209301 16
209302 4
209303 10
209331 19
209351 28
209358 22
209361 24
209368 19
209375 25
209451 19
209453 25
209461 28
209463 22
209483 19
209485 7
209705 19
209707 25
209771 22
209773 40
209779 7
209785 28
210201 28
210202 19
210204 37
210343 4
210351 16
210383 25
210425 31
210433 22
210434 31
210445 19
210485 7
210703 25
210704 28
210705 22
210707 7
210731 25
211100 24
211311 16
211315 30
211319 35
211440 19
211443 4
211702 7
211889 22
212701 25
212703 22
212711 7
212741 28
213706 7
213707 22
213711 7
213714 28
214100 37
214261 4
214312 22
214341 19
214381 19
214401 16
214411 7
214414 40
214415 24
214430 31
214445 4
215205 2
215206 28
215207 13
215208 22
215302 10
215381 21
215411 19
215431 3
215734 22
215744 28
215752 7
215762 28
215782 25
215785 22
216781 28
217701 28
217703 22
217707 7
217726 22
217775 7
217781 7
218100 40
218101 4
218233 24
218235 37
218321 3
218323 7
218351 16
218471 16
218474 7
218475 10
219720 7
219731 28
220703 7
226701 7
226702 7
226709 7
226710 22
229123 19
229323 25
251211 13
251213 7
251216 22
251261 10
251281 0
251312 7
251313 16
251333 28
251361 9
251363 18
251371 40
251372 13
251374 22
251384 7
251411 7
251437 22
251438 25
251439 37
251461 19
251475 22
251479 7
251701 19
251702 25
251703 7
251711 19
251714 25
251715 28
251717 22
251718 19
251745 28
251751 25
251752 28
251757 22
251758 19
251776 19
251783 25
251785 28
251790 7
252201 25
252211 20
252232 0
252282 28
252283 18
252285 9
252286 18
252301 21
252302 10
252317 4
252320 16
252322 6
252325 19
252327 16
252330 24
252342 28
252363 3
252420 40
252421 19
252425 7
252427 31
252439 22
252444 7
252450 31
252460 10
252498 25
252702 28
252708 28
252711 22
252719 25
252724 22
252725 28
252752 19
252785 25
252789 25
252791 7
253303 37
253314 37
253315 25
253432 16
253455 4
253456 25
253481 22
253701 28
253717 22
253722 7
253732 25
253734 22
253736 19
253747 28
253748 19
253752 7
253754 25
254181 34
254205 0
254206 7
254211 25
254215 40
254216 40
254222 13
254231 25
254232 25
254252 4
254282 3
254302 19
254325 16
254333 7
254372 9
254373 22
254421 19
254426 10
254436 37
254439 31
254441 25
254451 22
254456 12
254457 7
254459 4
254461 37
254471 4
254473 25
254494 22
254496 19
254700 28
254702 19
254703 7
254710 22
254734 7
254770 19
254804 25
254872 22
254875 25
255201 40
255215 15
255251 10
255290 0
255300 16
255320 40
255321 7
255330 19
255359 31
255415 37
255417 31
255420 16
255422 7
255424 10
255431 37
255432 4
255434 40
255438 16
255449 4
255454 10
255455 22
255460 28
255462 22
255471 25
255492 7
255722 25
255734 22
255750 19
255752 28
255758 7
255764 7
255766 25
255770 22
255771 28
255772-001 28
255772-801 22
255772-803 25
255772-804 7
256100 3
256212 37
256271 22
256281 31
256316 16
256333 25
256373 10
256384 22
256412 4
256418 31
256441 16
256457 19
256462 4
256473 37
256700 22
256751 7
259103 28
259104 25
259106 31
259107 35
259108 37
259109 34
259191 19
259192 28
259194 31
259201 39
259203 16
260312 37
260701 40
260705 22
260709 7
260716 19
260718 28
260772 25
261103 4
261111 21
261200 16
261210 40
261212 12
261216 0
261217 37
261304 40
261305 25
261335 25
261336 4
261342 28
261343 13
261361 28
261405 19
261434 4
261447 7
261456 4
261457 10
261458 31
261469 16
261473 25
261497 22
261701 28
261702 22
261706 7
261739 7
261746 22
261754 25
261769 22
261781 25
261791 7
261792 22
263701 28
263702 22
263720 25
263760 7
263771 25
264701 19
264706 25
264710 22
264741 28
264789 22
264791 7
266702 7
268721 7
269101 37
269102 31
269111 25
269200 37
269201 18
269202 31
269340 9
269430 22
269462 31
269470 40
269494 19
270701 22
270702 7
270711 28
270712 22
270791 28
301254 34
305202 4
311352 13
318322 7
318351 28
320351 7
321251 7
324703 7
328310 25
328313 40
330110 40
330111 19
351100 28
351200 25
351201 24
351202 25
351301 4
351302 13
351321 28
351331 37
351410 10
351425 25
351441 16
351442 7
351451 22
351463 19
351466 28
352103 33
352301 27
352311 3
352321 9
352323 18
352421 19
352422 28
352431 25
353301 10
353311 0
353421 37
353431 31
353451 34
353452 22
354311 4
356100 17
356101 5
356102 14
356202 28
356210 21
356212 22
356261 4
356303 28
356304 22
356312 25
356361 37
356411 24
356416 16
356432 10
356477 10
357110 41
357210 16
357322 37
357325 13
357360 13
357417 25
357441 16
357491 28
359202 33
359203 19
359204 19
359206 19
359301 16
359311 4
359380 7
359405 22
359409 28
359410 24
359413 28
359421 18
359465 22
360100 36
360210 38
360301 19
360304 16
360402 7
360403 7
360423 22
360460 28
361210 10
361211 16
361301 19
361321 25
361351 22
361453 7
361471 7
362211 38
363210 40
365201 31
365211 40
365321 37
365421 16
365427 22
365428 19
365431 7
368200 10
368317 25
368431 7
400110 33
400211 35
401382 25
403382 22
406385 40
406395 19
409281 4
409292 16
411281 31
411291 40
415291 19
420281 25
421281 28
421291 22
421385 4
421395 34
423382 16
428382 31
461100 37
461170 13
461471 31
461511 19
461523 22
461526 19
461527 40
461529 28
462130 18
462151 19
462505 28
462523 22
462541 25
462586 7
462587 25
462588 7
463251 28
463311 7
463331 19
463341 25
463353 34
463402 40
463433 4
463455 25
463491 28
463503 22
463504 16
463545 40
463556 25
463558 28
464301 22
464311 31
464341 16
464401 19
464413 22
464441 7
464443 28
464444 31
464445 31
464501 22
464502 7
464503 31
464508 25
464509 25
464510 34
464541 19
464542 7
464546 4
464549 40
501301 7
501302 40
502211 40
504302 28
506303 19
506361 37
508203 30
508303 22
510201 25
510202 40
510411 28
510414 22
510415 19
510417 25
512303 25
513111 31
513114 19
513223 25
513224 28
513283 22
513315 7
513324 19
513328 4
513363 22
513371 28
513412 19
513429 25
513445 28
513451 22
513471 7
514211 28
514241 22
514317 16
514323 25
514335 28
514341 22
514343 37
514381 40
514383 19
514395 7
514397 31
514466 22
515201 4
515250 25
515307 37
515312 19
515334 25
515361 22
515364 13
515376 4
515403 28
515455 22
515490 7
551311 28
552216 34
552217 22
552222 7
553312 28
554314 22
555313 22
556311 7
558431 7
561312 7
562211 7
571115 16
601201 33
601302 22
601321 4
601341 18
601344 25
601351 9
601422 31
601452 7
601456 22
601462 19
601702 25
601731 28
601742 7
601758 7
601765 25
601767 22
602100 27
602102 29
602103 13
602111 4
602211 0
602315 22
602321 13
602322 4
602431 31
602432 19
602441 22
602464 4
602731 7
602753 22
602761 22
603211 0
603322 25
603332 19
603352 28
603371 31
603421 22
603441 7
603711 28
603723 22
603731 7
604304 19
604305 25
604312 31
604313 28
604351 4
604352 16
604412 19
604414 28
604416 22
604422 7
604451 25
604715 22
605201 31
605204 10
605301 16
605313 25
605314 25
605321 37
605322 10
605341 28
605412 22
605432 31
605444 19
605445 40
605461 7
605701 22
605702 7
605717 7
605741 28
605745 22
605751 22
606231 10
606242 25
606244 22
606263 37
606343 10
606362 37
606363 19
610114 3
651105 31
651109 19
651120 19
651210 7
651311 25
651312 28
651315 22
651316 7
701101 4
701181 13
701182 4
701183 12
701201 25
701211 28
701281 24
701295 19
701313 27
701321 22
701331 37
701341 34
701342 40
701344 19
701407 40
701425 7
701455 16
701494 22
702100 22
702101 17
702205 7
702211 28
702213 41
702312 7
702316 28
702317 7
702318 19
702341 31
702351 37
702411 25
702416 22
702431 7
703103 13
703202 34
703243 19
703244 25
703305 13
703308 7
703309 22
703310 25
703311 16
703322 16
703323 28
703324 31
703330 41
703331 25
703391 4
703404 30
703412 37
703447 10
703454 31
703498 19
705191 13
705211 0
705311 3
705328 18
705329 22
705331 10
705342 7
705351 37
705437 31
705438 9
705440 19
705441 39
705442 40
705444 10
705446 25
705447 28
705461 19
705493 22
751100 22
751101 16
751102 6
751106 22
751202 4
751209 12
751301 2
751302 9
751303 19
751305 21
751308 30
751309 33
751321 37
751326 7
751327 22
751330 34
751345 19
751401 16
751403 7
751405 24
751408 13
751417 31
751419 25
751425 22
751428 13
751441 7
751443 9
751447 7
751451 37
751701 22
751702 7
751703 28
751704 25
751705 25
751706 22
751708 7
751710 25
751712 19
751716 28
751718 31
751726 28
751734 28
751742 40
751743 19
801100 35
801201 0
801225 28
801235 19
801324 7
801331 37
801333 4
801334 22
801336 19
801421 37
801471 31
801481 25
803121 31
803123 19
803231 19
803331 7
851100 23
851104 40
851105 13
851108 16
851200 22
851201 31
851202 15
851204 34
851205 27
851243 19
851251 20
851262 6
851273 28
851305 4
851309 41
851313 13
851343 16
851344 37
851345 16
851360 4
851362 31
851367 13
851372 24
851375 33
851400 12
851404 28
851406 6
851407 4
851462 25
852101 31
852102 19
852103 4
951100 37
951102 19
951106 34
951125 28
951203 10
951302 7
951323 19
951331 4
951344 19
951348 16
951352 28
951497-020 22
951497-021 37
953103 19
953111 13
953211 4
953212 10
953233 19
953261 37
953321 16
953322 7
953331 22
953361 16
953421 22
953494 28
954100 41
954140 22
954143 7
954170 4
954246 36
954326 10
954370 25
954374 13
954410 10
954413 7
954416 28
954426 37
954443 4
954449 34
954462 16
954471 22
954477 4
954491 31
954498 19
955102 7
955103 31
955104 16
958111 19
