001101 7
001102 1
001112 30
001118 18
001201 1
001202 4
001210 25
001212 4
001218 7
001222 7
001223 4
001224 7
001225 7
001226 18
001227 2
001228 0
001229 41
001230 19
001231 0
001234 37
001250 40
001281 31
001291 7
001292 16
001310 10
001311 13
001312 22
001314 16
001315 0
001320 25
001321 0
001323 7
001330 34
001341 22
001342 4
001352 33
001355 19
001361 25
001362 13
001391 37
001410 10
001440 16
001445 34
001463 34
001472 16
002102 16
002111 7
002191 34
002202 37
002230 34
002260 7
002302 22
002321 16
002362 37
003102 34
003191 12
003202 34
003213 16
003261 0
003454 34
004465 19
004472 22
004474 25
004476 10
006103 37
006226 34
006241 19
006253 16
006307 25
006325 16
006443 34
006448 22
008314 22
008402 34
008411 0
009103 31
009213 19
009232 31
009254 16
009301 34
009327 34
009344 34
009355 16
009358 25
009363 37
011100 5
011101 7
011153 12
011154 21
011156 24
011157 22
011251 41
011257 10
011268 13
011269 41
011276 0
011277 27
011278 22
011358 24
011367 16
011457 13
012173 37
012200 15
012271 34
012272 16
012374 19
013103 9
013110 10
013203 19
013204 25
013206 0
013207 7
013208 34
013209 16
013216 25
013301 34
013303 22
013305 7
013314 16
013337 7
013413 10
013425 37
013431 37
013432 34
013433 34
014210 19
014211 16
014270 7
014310 16
014311 10
014370 34
014371 25
014390 7
014401 34
014410 34
014423 19
014471 41
014481 0
015101 10
015102 34
016101 41
017101 19
017102 0
017111 10
017201 34
017231 37
018104 7
018111 34
018112 13
018114 13
018126 34
018204 16
018271 34
018323 4
018332 34
018352 37
018372 10
019101 3
019104 31
019105 40
019106 13
019112 16
019204 0
019205 16
019206 37
019211 37
019212 7
019221 34
019222 22
019332 22
019351 16
019362 37
019371 10
019382 7
019441 34
020101 4
020102 10
020211 34
020212 0
020231 10
020232 34
020261 16
020341 34
021101 36
021102 21
021203 16
021204 16
021270 34
024752 34
025110 16
025381 16
025481 0
026101 31
026102 21
026111 13
026112 34
026201 19
050100 22
050103 11
050104 13
050106 32
050112 13
050113 13
051300 0
051302 40
051304 13
051306 9
051310 34
051313 34
052201 16
052203 34
052310 19
052323 13
052331 1
052351 41
052353 37
052355 10
052417 37
052422 22
052442 34
052449 10
052466 25
057121 29
057122 28
057123 39
057125 40
057126 36
057127 25
057128 36
057129 5
057130 12
057131 37
057132 19
057133 30
057134 13
057135 40
057136 37
057137 34
057138 34
057205 16
057213 10
057276 32
057283 19
057286 25
057287 19
057289 37
057290 34
057295 16
057297 25
057298 37
057301 9
057302 25
057305 9
057316 0
057366 37
057404 19
057407 25
057425 22
057428 19
059405 34
059419 0
061103 31
061106 22
061201 34
061205 34
061223 13
061306 37
061312 13
061313 40
061317 19
061401 16
061403 34
061430 37
062320 7
062341 34
062342 19
062343 10
062344 16
062345 1
062346 1
062360 10
062380 22
062411 7
062452 1
062460 22
062470 16
064202 10
064204 4
064207 37
064272 37
064273 10
064303 1
064410 37
064413 10
064417 10
064418 22
064422 1
064424 10
065120 41
065121 18
065211 16
065212 34
065311 10
065333 37
065420 25
065795 37
065797 34
065799 34
066222 4
066324 40
066412 37
066416 1
066426 25
067201 13
067203 7
067311 22
067371 37
067433 13
067435 37
067436 22
067491 16
067492 37
070100 10
070200 16
070301 34
070303 16
070304 16
070305 34
070308 37
070400 37
070403 10
070404 37
070410 34
070411 37
070413 16
070414 10
070415 34
070416 22
070711 37
070726 37
070740 34
070741 34
070792 34
071412 16
071413 0
071414 37
071415 10
071417 16
074100 39
074101 13
074201 7
076312 34
076314 10
076414 16
076426 37
076427 22
076428 4
076429 7
076444 25
076466 34
078444 9
078454 10
079444 19
099101 34
099102 32
100104 4
100105 9
100106 18
100107 12
100108 22
100205 1
100206 6
100207 21
100208 18
100209 0
100211 24
100306 31
100307 13
100308 15
100309 5
100310 7
100501 19
101201 10
101202 13
101205 25
101325 22
101490 19
103112 34
103271 28
104100 34
104302 34
104310 37
104320 25
104327 37
104334 37
104450 22
104490 34
109100 28
109114 21
112101 16
112105 10
112106 22
112109 37
112202 34
112205 34
112321 37
112322 22
112406 34
112424 37
115200 40
115300 16
115301 37
116301 7
126101 15
126102 10
126212 40
126213 9
126214 7
126325 15
126326 10
126328 22
126331 31
126332 19
126431 34
126436 16
126442 37
127100 41
127101 27
127202 18
127204 27
127205 3
127303 34
127313 0
127330 22
127359 16
127411 25
127412 19
127414 34
127716 16
127720 37
127721 34
127726 22
128100 24
128101 22
128201 13
128304 30
128305 16
128306 10
128308 1
128310 1
128351 37
128355 37
128423 22
128427 22
128434 34
128443 16
128700 22
128727 16
128734 37
128751 34
140104 25
152211 34
152301 37
152331 22
154104 23
154141 34
154152 34
154153 31
154173 16
154181 41
154251 0
154276 31
154281 23
154301 37
154330 37
154340 16
154363 1
154385 34
154431 16
154457 34
154481 34
159100 6
159101 36
159102 25
159151 4
159202 13
159204 28
159231 34
159331 16
159332 37
159401 7
159411 37
159412 1
159431 34
159434 22
160242 31
164261 1
168335 34
176100 32
176101 27
176104 13
177104 16
177113 22
177114 10
177141 37
177142 37
177181 25
177215 31
177217 40
177227 4
177228 16
177229 0
177300 22
177321 19
177332 1
177335 40
177341 34
177362 31
177443 16
177460 34
177463 16
177471 22
177472 37
177483 34
177491 1
179443 34
201100 40
201110 12
201114 16
201116 11
201117 7
202100 39
202101 41
202102 24
202147 9
202231 6
202302 34
202303 22
202305 4
202356 34
202362 16
202371 19
202405 10
202421 34
202446 37
202471 37
202475 25
202476 37
202484 37
202701 34
202731 34
202736 37
202744 34
202749 34
202775 16
202776 37
202803 37
202833 34
202849 34
203100 40
203104 13
203108 16
203111 17
203113 15
203114 19
203131 13
203132 34
203151 31
203152 37
203154 15
203158 21
203159 3
203162 12
203202 24
203203 33
203204 37
203206 31
203207 27
203208 0
203209 15
203211 37
203222 0
203223 41
203226 24
203232 16
203236 27
203250 16
203287 19
203316 1
203351 22
203459 19
203715 37
203719 22
203721 16
203725 37
203726 37
203734 16
203735 22
203749 16
203752 22
203754 34
203775 22
203812 16
203825 22
203829 34
203833 34
203879 37
204100 19
204101 13
204113 9
204202 0
204211 36
204217 1
204232 34
204251 0
204306 4
204315 30
204333 22
204355 10
204362 25
204382 37
204422 16
204423 1
204424 34
204441 37
204443 10
204452 1
204482 34
204483 16
204490 19
204725 22
204728 34
204755 37
204792 16
204891 34
205100 39
205103 19
205105 37
205216 40
205232 16
205244 16
205252 37
205282 19
205324 1
205344 16
205358 22
205382 34
205731 16
205742 37
205796 34
206100 34
206101 3
206103 33
206104 37
206111 35
206112 34
206113 16
206161 38
206162 29
206171 30
206172 6
206181 37
206182 25
206191 19
206211 13
206216 22
206217 37
206253 41
206255 10
206261 36
206266 34
206267 25
206281 27
206313 7
206321 19
206324 34
206325 22
206327 22
206331 34
206336 1
206341 30
206342 34
206355 37
206362 22
206364 21
206367 41
206368 0
206370 10
206421 22
206427 16
206428 19
206435 37
206437 34
206476 25
206481 13
206703 16
206722 22
206724 16
206725 37
206731 34
206737 37
206774 34
207100 19
207104 21
207105 3
207106 35
207108 7
207109 22
207110 34
207116 9
207117 18
207118 24
207125 7
207137 19
207162 7
207172 13
207181 21
207187 6
207188 34
207191 30
207195 37
207214 24
207302 34
207305 19
207306 30
207312 25
207402 37
207448 37
207704 22
207706 16
207708 37
207712 34
207766 34
207794 34
208101 21
208140 33
208141 7
208150 34
208263 16
208264 4
208271 12
208272 11
208322 16
208345 4
208346 37
208353 34
208362 31
208373 25
208384 34
208423 7
208444 34
208446 16
208460 37
208738 16
208772 37
208774 34
209203 19
209204 34
209252 40
209253 31
209262 16
209263 25
209270 22
209271 37
209272 13
209352 7
209370 22
209376 16
209382 34
209456 22
209466 16
210200 37
210207 4
210221 1
210251 19
210276 31
210315 37
210331 10
210355 16
210432 22
210448 34
210463 22
210702 37
210705 34
210743 22
210745 22
210748 16
210789 16
211100 3
211315 36
211319 0
211341 34
211342 10
211444 34
211709 37
211889 34
213708 34
213717 16
213718 22
213763 37
214100 34
214301 31
214310 1
214340 25
214341 25
214352 34
214412 7
214491 16
215205 16
215206 41
215207 12
215208 22
215303 34
215312 16
215313 41
215401 34
215482 22
215711 37
215741 16
215742 37
215743 34
215781 34
215783 16
217705 16
217708 37
217752 34
217773 34
218100 9
218234 22
218236 34
218244 19
218262 37
218352 10
218362 22
218372 16
218382 37
226703 16
226709 34
226710 37
226789 34
229123 40
229223 19
251100 25
251211 13
251213 19
251216 10
251242 0
251261 22
251292 3
251312 37
251333 7
251334 22
251342 34
251361 25
251363 31
251371 22
251372 16
251399 7
251411 16
251434 25
251436 37
251452 22
251455 16
251456 34
251461 37
251477 34
251704 16
251707 34
251723 37
251724 34
251746 34
251748 37
251754 22
251760 34
251763 16
251765 37
251773 22
251781 16
252210 34
252212 0
252222 27
252235 13
252282 19
252283 4
252285 34
252311 30
252320 19
252331 25
252353 16
252402 22
252403 7
252404 37
252413 10
252420 34
252423 10
252427 7
252428 22
252429 34
252435 37
252440 34
252459 22
252460 34
252479 37
252489 7
252706 37
252714 22
252727 7
252755 16
252774 34
252781 22
252785 34
252789 34
252792 37
253215 19
253433 7
253441 19
253443 16
253451 37
253452 34
253454 34
253716 7
253721 37
253722 22
253725 22
253734 37
253747 34
253749 10
253752 7
253754 16
253791 16
254182 37
254200 4
254205 40
254206 27
254211 27
254215 33
254216 9
254222 16
254231 12
254232 19
254271 0
254282 22
254325 34
254334 28
254352 34
254362 13
254371 4
254373 24
254400 1
254411 34
254412 37
254415 1
254421 34
254423 19
254424 16
254435 37
254445 1
254451 7
254452 40
254453 34
254466 10
254476 37
254477 31
254478 34
254495 7
254701 34
254721 16
254733 16
254737 22
254771 37
254803 16
254817 37
254857 37
255210 34
255230 0
255301 10
255316 31
255323 1
255328 22
255337 13
255340 16
255422 34
255425 37
255427 22
255432 37
255437 16
255440 16
255447 37
255455 22
255497 34
255714 22
255735 16
255750 22
255766 37
255769 34
255772 34
255779 34
255783 7
256100 37
256271 31
256317 16
256318 34
256334 22
256382 19
256383 10
256462 1
259103 21
259104 40
259106 16
259107 18
259108 15
259192 1
259193 25
259194 1
259195 37
259200 37
259201 24
259203 40
259401 4
260704 34
260708 7
260712 22
260719 37
260791 16
261102 24
261111 37
261112 13
261113 31
261205 22
261207 22
261208 27
261214 25
261215 19
261218 12
261305 19
261306 16
261332 16
261342 4
261343 30
261361 16
261430 34
261433 13
261444 34
261446 19
261447 16
261448 10
261449 34
261465 37
261473 22
261494 34
261497 7
261499 10
261742 34
261745 34
261755 34
261763 37
261764 22
261793 16
261795 16
261796 37
263710 37
263721 22
263724 7
263745 7
263751 16
264702 22
264705 16
264755 37
264789 34
265706 16
265709 37
265710 34
266703 37
266801 34
268732 34
268735 37
268741 16
268742 22
269103 7
269105 34
269130 19
269210 16
269341 22
269360 37
269370 34
269421 7
269431 22
269497 10
270701 37
270702 34
305203 25
318322 7
329104 6
330112 15
351100 13
351201 34
351364 34
351371 37
351426 7
352103 40
352311 19
352314 10
352315 13
352331 7
352332 34
352401 37
352412 7
352413 19
352421 22
352422 13
352433 22
352441 34
353313 7
353431 34
353441 22
353471 22
355411 34
356100 37
356101 40
356102 3
356210 40
356261 37
356311 34
356331 31
356431 19
356432 37
356441 10
356442 7
356443 34
356449 34
356455 34
356472 16
356475 34
357101 10
357110 37
357210 27
357323 7
357360 22
357418 34
357442 37
357444 10
359202 19
359205 16
359401 37
359408 34
359431 34
359455 34
360100 25
360210 33
361210 27
361321 7
361322 10
361341 22
361421 22
361433 16
361452 34
361461 16
361475 37
362211 40
363210 21
365425 37
368211 21
368317 22
400110 32
400210 25
401281 7
401383 7
401391 37
403281 22
403383 1
406284 13
406294 19
406386 40
406396 4
408382 0
410381 10
413383 13
413391 31
415393 34
420282 31
421282 34
421292 37
421386 16
421396 22
422381 28
428281 16
428282 10
428381 25
428383 19
461170 8
461471 22
461472 37
461511 16
461521 16
461526 34
461551 7
461566 22
461584 34
462130 25
462412 16
462413 37
462414 7
462503 22
462587 34
462588 37
463201 16
463252 34
463331 7
463332 34
463342 37
463354 22
463506 37
463512 10
463513 16
463543 34
463544 22
463557 16
463559 37
463571 34
463592 7
464302 16
464312 1
464402 19
464403 13
464414 16
464442 25
464443 1
464445 37
464446 10
501201 16
501202 37
501305 19
501306 10
502313 22
502314 16
504202 10
504305 7
506202 22
508304 10
510306 37
512304 34
513113 7
513115 16
513212 34
513216 1
513217 22
513225 16
513284 37
513331 34
513343 7
513364 22
513373 16
513390 37
513446 34
514202 10
514206 22
514222 1
514244 34
514272 16
514322 1
514352 37
514358 25
514382 16
514384 34
515204 7
515205 22
515256 1
515257 34
515337 16
515362 37
515380 34
552216 16
552217 34
552232 37
554413 7
555312 22
557432 16
558101 15
558313 37
558441 34
562101 27
562211 34
601201 28
601202 12
601231 4
601242 31
601342 22
601346 1
601361 34
601423 7
601425 7
601454 16
601455 37
601724 34
601745 37
601775 34
602100 34
602102 34
602103 22
602111 3
602120 11
602121 6
602122 31
602301 34
602314 4
602421 34
602453 22
602454 37
602455 16
602461 16
602471 37
602722 37
602741 34
602751 16
603200 19
603231 13
603321 7
603396 34
603496 34
603725 16
603743 37
603751 34
604101 3
604211 27
604311 7
604314 37
604315 34
604411 37
604415 34
604423 16
604431 0
604455 16
605203 10
605302 31
605313 1
605315 4
605316 19
605331 22
605430 16
605701 37
605711 16
605719 34
605742 37
606211 19
606243 37
606245 13
606264 34
606310 16
606451 16
606452 37
610114 20
651211 22
651212 16
651231 19
651234 34
651313 10
651314 7
651317 34
651319 22
651416 16
651425 37
701100 37
701101 3
701181 25
701183 22
701202 16
701235 22
701243 37
701244 25
701283 21
701295 34
701310 34
701335 7
701341 10
701408 22
701423 1
702100 28
702101 40
702211 4
702213 13
702312 37
702317 19
702321 16
702331 25
702342 31
702354 37
702418 22
703103 13
703202 26
703204 16
703243 19
703244 7
703309 34
703311 37
703322 13
703324 28
703330 34
703331 19
703345 19
703351 13
703361 1
703413 34
703441 22
703499 37
705191 9
705211 14
705311 28
705328 13
705331 41
705332 40
705343 10
705351 7
705431 24
705438 10
705440 37
705441 16
705444 37
705446 0
705448 37
705492 22
705499 16
751100 4
751101 35
751102 19
751106 16
751202 33
751209 22
751301 4
751302 7
751303 4
751304 34
751305 31
751308 15
751309 31
751321 37
751326 13
751330 7
751345 37
751401 13
751403 10
751405 34
751408 19
751413 1
751418 1
751419 34
751421 37
751428 41
751440 19
751443 1
751701 7
751702 22
751703 37
751705 34
751706 22
751708 34
751710 10
751712 10
751716 7
751724 22
751728 10
751732 16
751734 37
751744 16
751745 16
751751 37
751752 16
801100 41
801122 37
801134 34
801201 37
801204 25
801233 34
801236 16
801241 7
801322 34
801371 34
803122 16
803124 37
803131 34
803230 37
803232 34
851100 32
851103 30
851104 41
851105 21
851200 40
851201 7
851202 24
851204 22
851205 15
851241 34
851261 18
851273 39
851305 1
851306 34
851309 19
851310 37
851341 34
851342 34
851344 16
851350 22
851363 21
851366 13
851371 27
851375 16
851400 0
851401 24
851404 10
851443 37
851445 22
851450 1
851467 16
951100 38
951106 37
951124 19
951202 37
951231 22
951321 34
951366 34
951421 16
951497 37
951498 34
953102 22
953104 34
953111 15
953201 19
953202 37
953214 1
953231 16
953232 37
953234 16
953323 22
953494 37
953495 1
954140 28
954141 3
954142 27
954240 22
954244 19
954310 4
954326 1
954340 24
954364 22
954371 19
954372 37
954373 10
954413 34
954420 16
954422 7
954423 37
954443 34
954472 34
954498 16
