001101 6712
001102 666
001111 114
001113 114
001201 5148
001202 48
001210 301
001212 111
001218 110
001230 232
001231 156
001250 153
001291 144
001293 103
001310 56
001311 232
001312 14
001318 105
001320 9
001321 44
001323 13
001330 101
001342 12
001353 125
001354 99
001362 9
001381 100
001410 2
001415 2
001418 7
001421 12
001422 3
001423 3
001425 3
001443 3
001444 15
001445 23
001447 1
001461 1
001467 1
002101 40
002110 34
002191 20
002192 6
002201 29
002211 30
002221 29
002250 29
002301 26
002333 19
002351 16
002361 15
002365 22
002401 1
002473 1
002489 1
003101 10
003191 28
003201 3
003313 13
003320 12
003331 12
003367 13
004101 40
004241 35
004282 54
004301 27
004302 26
004303 38
004309 8
004324 71
004432 6
004462 1
004473 13
004475 25
004483 33
004714 4
004716 4
004720 4
004799 6
004898 1
004899 3
006103 95
006115 14
006126 17
006203 107
006206 52
006212 26
006226 26
006242 53
006253 55
006303 21
006325 6
006326 26
006330 39
006332 15
006341 43
006344 13
006346 20
006355 13
006404 18
006425 9
006426 13
006428 17
006443 13
006448 6
006454 9
008213 187
008214 52
008215 12
008218 7
008220 99
008232 113
008303 100
008312 111
008313 21
008314 13
008315 103
008316 2
008317 112
008321 61
008324 17
008325 79
008351 103
008352 4
008401 103
008411 97
008413 4
008417 5
008449 2
009103 878
009105 50
009212 50
009230 52
009231 52
009304 24
009326 15
009328 38
009336 38
009341 18
009345 13
009426 1
009431 1
009439 1
009445 4
009469 1
009478 1
011100 149
011151 24
011152 42
011153 171
011251 118
011257 217
011259 5
011269 180
011276 39
011353 39
011356 19
011358 11
011362 12
011369 13
011374 7
011459 8
011461 4
011464 6
011479 19
011486 7
011701 1
011704 1
011713 1
011714 1
012100 7
012173 149
012200 33
012273 6
012371 55
012475 19
013103 170
013110 1172
013203 138
013204 57
013206 56
013209 37
013301 34
013302 49
013303 6
013305 56
013306 3
013307 49
013313 2
013317 13
013321 26
013326 1
013329 1
013330 23
013335 2
013337 2
013413 14
013427 26
013433 3
013453 1
013455 3
013704 18
013714 18
013722 18
013724 18
013726 10
013732 14
013798 11
013799 6
014210 48
014211 11
014270 110
014302 29
014304 43
014308 13
014310 50
014311 35
014322 40
014323 21
014324 2
014370 50
014371 29
014380 23
014381 33
014382 13
014401 29
014402 9
014403 17
014471 32
014481 20
014485 10
015101 35
016101 9
017101 9
017102 3
017111 16
017112 1
017210 5
018103 31
018111 158
018113 36
018125 31
018203 28
018211 28
018213 29
018231 31
018235 29
018271 20
018301 8
018325 32
018335 12
018341 5
018351 13
018353 9
018371 20
018373 11
018433 2
018435 3
018438 2
018441 3
018467 2
019101 91
019103 46
019105 45
019106 48
019108 46
019111 47
019203 48
019205 27
019206 3
019208 47
019211 47
019221 48
019303 44
019311 44
019331 43
019361 43
019371 9
019373 4
019381 43
019392 20
019411 5
019442 5
019471 5
019473 5
020101 54
020102 5
020211 40
020212 2
020231 30
020311 14
020321 15
020333 14
020341 18
020362 30
020363 17
021101 59
021102 20
021203 17
021270 6
023706 7
023707 7
023708 7
023717 3
023736 3
023791 7
023799 4
024700 6
02479 6
025101 28
025104 33
025105 24
025106 13
025107 13
025108 30
025109 7
025110 6
025206 31
025208 12
025304 31
025310 31
025322 7
025370 31
025411 6
025420 4
025480 5
026101 105
026102 24
026111 22
026112 3
026201 14
026271 2
028798 1
028799 1
029701 3
029702 3
029711 3
029790 9
033701 16
033750 16
033751 16
033754 16
033793 10
033798 10
050100 1619
050103 246
050104 115
050106 354
050111 474
050121 94
050141 181
051302 14
051304 30
051306 26
051313 19
051412 5
051418 5
052201 31
052202 72
052314 43
052350 41
052352 28
052357 28
052400 30
052419 30
052443 31
052445 30
052447 31
052725 8
055701 37
055706 20
055707 20
055771 4
055797 20
057121 152
057122 198
057123 39
057125 82
057126 69
057127 254
057128 106
057129 61
057130 121
057131 81
057132 52
057133 79
057134 8
057135 12
057137 19
057138 12
057139 21
057140 27
057201 25
057205 29
057215 25
057274 29
057279 24
057283 25
057284 27
057285 27
057288 27
057293 57
057294 27
057300 30
057302 25
057305 23
057351 25
057366 35
057403 24
057405 24
057410 25
057411 13
057420 25
057425 28
057426 25
057428 30
059419 17
061106 24
061201 4
061223 16
061306 18
061307 25
061312 16
061313 6
061317 31
061401 27
061403 10
061404 29
062342 16
062343 14
062344 16
062345 16
062346 16
062360 16
062380 16
062411 13
062452 14
062460 14
062470 13
063703 7
063741 7
063813 7
063850 4
064207 10
064231 22
064251 20
064281 17
064291 29
064301 14
064303 10
064410 46
064412 10
064417 5
064418 29
064424 59
064474 11
065210 50
065212 23
065310 30
065320 26
065332 31
065421 25
065434 20
065435 2
065436 11
065437 11
065781 1
065794 1
065797 1
065799 1
066221 39
066323 13
066410 17
066414 26
066425 25
066755 7
067202 30
067303 33
067311 43
067372 33
067373 33
067432 45
070301 1
070303 16
070304 13
070305 28
070308 16
070400 16
070401 16
070403 16
070404 13
070410 13
070411 14
070415 15
070416 14
070720 7
070721 7
070726 7
070727 13
070731 13
070792 7
070799 13
071412 35
071413 9
071414 12
071420 40
071422 10
071423 8
071425 33
071712 4
071811 4
074100 85
074101 187
074414 29
076314 10
076414 12
076425 4
076427 14
076428 11
076429 8
076444 10
076466 7
078444 135
078454 9
079444 32
088708 22
088799 22
091800 4
091898 4
091899 25
099101 36
099102 96
100102 6
100103 1
100104 15
100105 1
100109 76
100110 117
100111 76
100112 117
100206 49
100207 8
100208 102
100209 1
100210 176
100211 142
100212 163
100213 125
100218 19
100219 37
100220 18
100225 14
100226 3
100281 140
100306 204
100307 171
100308 135
100309 111
100310 176
100489 144
100498 206
100501 193
100589 3
101100 297
101103 27
101105 50
101113 117
101114 122
101201 269
101211 28
101221 119
101231 31
101400 84
101405 33
103112 25
103191 30
103221 4
103251 25
103261 25
103262 76
103271 58
103311 19
103323 2
103391 19
103392 19
103393 19
103422 2
103432 3
103491 2
104200 13
104201 15
104231 6
104300 19
104301 16
104333 8
104335 8
104340 5
104410 23
104424 2
104437 1
104440 4
104475 7
104480 9
104495 6
104711 1
105100 35
105203 35
105304 17
105311 20
105334 18
105336 6
105413 25
105500 2
105501 2
105598 2
106117 4
106121 42
106124 1
106212 10
106223 30
106225 7
106229 1
106231 20
106325 31
106427 5
106428 7
107211 34
107212 27
107213 3
107223 8
107225 5
107227 13
107229 11
107333 20
107334 23
107335 25
107336 2
107338 8
107437 8
107439 3
107498 13
109100 240
109115 113
109116 388
109118 13
110101 60
110201 73
110220 74
110232 10
110270 74
110340 17
110342 17
110351 6
110352 13
110362 4
110434 3
110491 3
112101 42
112102 41
112103 52
112104 41
112108 41
112201 25
112203 25
112213 8
112300 38
112301 38
112312 35
112401 4
112405 38
112407 23
112411 17
112412 7
112413 31
114101 52
114102 12
114103 42
114104 52
114203 42
114313 10
114316 3
114321 44
114323 44
114325 42
114332 86
114341 44
114343 44
114406 6
114407 9
114416 2
114425 17
115200 25
115301 54
115302 20
115400 6
115711 4
115712 3
115713 4
115715 11
115720 5
115724 12
116400 4
117101 32
117204 11
117205 11
117206 11
117310 21
117311 22
117414 6
117415 3
118811 1
118813 11
118848 1
118898 1
119711 8
119735 8
119736 6
119789 8
119790 4
119797 5
119799 1
126101 269
126211 104
126216 89
126321 72
126327 8
126330 72
126333 9
126334 10
126428 71
126432 25
126443 72
126499 2
127100 176
127101 1079
127203 57
127204 52
127207 51
127303 72
127312 65
127314 73
127315 1
127316 71
127329 26
127337 33
127400 4
127711 27
127717 27
127718 27
127719 27
127722 13
127789 17
127798 13
127799 4
128100 264
128101 226
128202 81
128203 82
128204 79
128307 92
128309 92
128325 32
128334 23
128352 14
128354 24
128403 90
128470 2
128701 48
128710 48
128730 48
128740 48
128762 3
128789 3
128798 3
140101 6
140102 1
140105 73
152101 24
152201 20
152232 14
152241 20
152302 37
152321 33
152332 32
152351 21
152422 2
152431 35
152481 1
153712 1
153721 2
154104 215
154108 71
154141 71
154151 143
154231 53
154262 53
154281 107
154311 69
154330 69
154340 30
154351 36
154353 35
154363 2
154375 69
154377 8
154388 39
154389 2
154433 4
154443 33
154488 3
154499 6
154701 2
154714 6
154733 1
154786 1
154789 3
154799 5
156702 5
156716 5
159100 304
159101 226
159151 18
159203 76
159221 46
159302 32
159303 61
159305 56
159311 9
159332 3
159356 3
159361 50
159362 50
159403 16
159411 24
159412 1
159431 4
159701 5
159723 12
159761 7
159789 5
159799 3
159801 3
159899 1
160341 48
160725 6
164200 95
164341 25
166701 12
166711 4
166741 4
166789 3
167703 11
167705 14
167709 22
167711 8
167789 1
167798 3
168101 10
168410 1
168700 1
168750 1
168789 2
168899 4
169701 21
169789-701 1
169789-704 1
169789-709 1
169789-710 1
169789-712 1
169789-729 1
169789-730 1
169799 5
169801 4
169898 8
169899 1
170108 81
170109 10
173701 2
176100 248
176101 788
176103 1
176104 29
176220 494
177103 312
177214 222
177215 217
177216 220
177217 226
177242 11
177281 213
177283 9
177285 69
177301 221
177321 10
177330 234
177336 227
177341 240
177361 226
177393 229
177404 15
177414 4
177427 1
177430 2
177434 17
177446 16
177447 29
177450 15
177465 4
177467 2
177481 11
177494 1
178701 13
178702 13
178704 13
178717 2
178746 4
178771 12
178776 2
178789 4
179403 24
201100 469
201110 468
201111 262
201114 585
201115 302
201116 180
201191 9
201193 551
201711 24
202100 148
202101 689
202103 657
202141 147
202142 147
202143 180
202145 59
202146 59
202184 189
202231 130
202260 29
202310 1
202311 13
202332 5
202334 10
202342 35
202361 12
202371 19
202410 4
202434 3
202438 1
202443 2
202473 19
202474 20
202477 1
202490 3
202495 5
202737 5
202743 3
202759 2
202765 3
202773 7
202776 2
202783 3
202790 10
202799 7
202833 17
202844 11
202848 1
202890 2
202892 1
202898 6
203100 193
203103 201
203107 196
203111 1204
203115 1094
203116 56
203119 56
203151 281
203157 281
203162 310
203167 281
203201 89
203203 98
203204 127
203206 522
203207 90
203208 121
203209 432
203222 55
203226 320
203228 55
203229 322
203231 81
203235 112
203236 19
203241 89
203255 55
203286 81
203288 96
203300 10
203303 49
203308 49
203315 63
203323 48
203324 49
203327 49
203331 58
203332 48
203333 48
203337 58
203351 20
203352 54
203475 13
203705 5
203709 3
203713 2
203714 4
203716 4
203723 2
203732 3
203736 1
203739 1
203743 1
203753 10
203791 14
203792 8
203799 9
203803 1
203807 1
203814 2
203821 1
203828 2
203879 7
203891 3
203892 1
203897 1
203898 20
203899 1
204100 685
204101 140
204111 66
204202 69
204211 53
204216 4
204217 3
204231 52
204321 38
204325 9
204335 11
204341 40
204361 38
204363 2
204365 9
204381 33
204383 5
204390 8
204398 2
204432 14
204442 5
204451 36
204453 6
204471 15
204491 15
204721 1
204725 5
204735 1
204764 2
204791 2
204799 2
204891 1
204898 2
205100 85
205103 83
205104 53
205105 131
205235 45
205239 45
205275 109
205303 37
205337 37
205355 38
205393 37
205397 31
205441 1
205461 1
205495 1
205765 3
205799 2
205805 1
205898 3
206100 461
206101 136
206103 271
206107 151
206108 183
206111 747
206113 72
206161 1020
206171 840
206181 109
206191 79
206203 63
206207 18
206211 30
206216 33
206217 62
206254 5
206261 693
206267 78
206281 113
206300 49
206321 25
206324 27
206325 33
206327 42
206328 21
206331 36
206335 1
206336 28
206341 30
206355 59
206362 45
206370 6
206381 7
206390 9
206412 1
206432 3
206436 10
206437 2
206441 10
206457 3
206470 5
206704 13
206705 3
206707 3
206713 5
206717 4
206720 3
206726 1
206738 1
206739 1
206743 3
206753 1
206785 12
206791 2
206795 6
206798 3
206799 1
206891 6
206892 3
206898 1
206899 6
206997 7
207100 22
207103 67
207105 955
207106 1
207107 68
207109 120
207110 35
207115 901
207117 68
207123 310
207131 194
207135 59
207171 188
207173 296
207183 116
207187 86
207203 65
207205 24
207208 39
207213 25
207308 52
207310 24
207313 24
207323 23
207348 26
207401 21
207403 1
207406 26
207419 22
207422 2
207438 3
207455 2
207458 2
207463 1
207464 1
207701 7
207703 7
207705 7
207711 7
207791 2
207799 3
207808 1
207878 1
207891 4
207892 1
207899 2
208101 443
208140 58
208150 68
208263 509
208270 86
208271 282
208280 64
208321 59
208329 32
208343 5
208348 32
208383 2
208425 33
208439 1
208440 1
208469 1
208492 3
208711 2
208760 2
208761 2
208770 2
208871 2
208872 2
209201 49
209251 58
209301 36
209302 36
209303 37
209331 10
209351 18
209358 18
209361 18
209368 18
209375 19
209451 1
209453 1
209461 1
209463 1
209483 1
209485 1
209493 2
209498 2
209705 3
209707 3
209771 3
209773 2
209779 3
209785 3
209898 4
210201 35
210202 34
210204 28
210275 28
210343 15
210351 7
210375 15
210383 14
210425 1
210433 10
210434 4
210445 1
210485 1
210496 2
210703 6
210704 6
210705 6
210707 6
210731 3
210732 3
210792 3
210799 3
210891 3
210892 1
210898 6
211100 180
211311 90
211315 270
211317 89
211319 263
211399 1
211440 1
211443 1
211702 6
211889 2
212701 3
212703 6
212711 6
212741 4
212771 2
212791 6
213706 8
213707 8
213711 3
213714 6
213791 5
213799 7
213892 1
213897 3
213898 5
214100 16
214261 56
214312 29
214341 16
214381 19
214401 6
214411 2
214414 15
214415 14
214430 13
214445 2
214490 3
215205 247
215206 247
215207 72
215208 72
215302 48
215381 42
215411 35
215431 48
215734 11
215744 4
215752 5
215762 2
215782 4
215785 5
215790 1
215791 1
215792 2
215797 1
215799 8
215891 5
215892 4
215893 6
215894 2
215897 5
215898 15
216781 1
217701 3
217703 3
217707 3
217717 3
217726 1
217775 1
217781 2
217791 1
217799 1
217891 1
217892 4
217893 1
217898 10
218100 92
218101 29
218233 29
218235 29
218310 23
218321 23
218323 23
218351 23
218471 2
218474 2
218475 2
218495 2
218497 2
219720 4
219731 2
219792 2
219799 1
220701 1
220703 1
220890 3
220897 1
220898 5
226701 2
226702 1
226705 2
226706 1
226709 1
226710 1
226791 1
226799 1
226891 2
226892 1
226899 2
228898 1
229123 56
229323 18
251211 140
251213 36
251216 1
251261 43
251281 91
251312 69
251313 4
251333 1
251361 102
251363 83
251371 82
251372 81
251374 1
251384 20
251411 4
251437 2
251438 10
251439 15
251461 1
251475 1
251479 1
251499 1
251701 7
251702 7
251703 2
251711 6
251714 6
251715 6
251717 12
251718 6
251728 1
251745 8
251751 9
251752 9
251757 9
251758 3
251776 1
251783 1
251785 1
251790 31
251797 3
251798 14
251898 5
252201 100
252211 199
252232 101
252282 246
252283 134
252285 200
252286 194
252301 122
252302 27
252317 94
252320 36
252322 88
252325 91
252327 16
252330 105
252342 30
252363 98
252420 7
252421 9
252425 7
252427 8
252439 1
252444 28
252450 2
252460 4
252490 15
252498 11
252499 1
252702 2
252708 8
252711 4
252719 1
252724 9
252725 1
252752 3
252785 1
252789 7
252791 11
252798 2
252799 5
252899 3
253303 34
253314 34
253315 34
253432 4
253455 4
253456 4
253481 12
253491 4
253701 4
253717 14
253722 17
253732 11
253734 3
253736 2
253747 11
253748 2
253752 3
253754 3
253798 1
253799 8
253898 4
254181 48
254205 61
254206 166
254211 47
254215 158
254216 86
254222 89
254231 197
254232 32
254252 195
254282 101
254302 197
254325 195
254333 226
254372 190
254373 4
254421 14
254426 8
254436 9
254439 14
254441 11
254451 20
254456 11
254457 12
254459 9
254461 9
254471 26
254473 1
254490 7
254491 4
254494 5
254496 8
254498 1
254700 4
254702 1
254703 6
254710 3
254734 2
254770 3
254798 1
254799 3
254804 1
254872 5
254875 3
254898 7
255201 168
255215 146
255251 153
255290 146
255300 155
255320 211
255321 207
255330 234
255359 216
255415 3
255417 3
255420 5
255422 2
255424 3
255431 10
255432 5
255434 13
255438 4
255449 3
255454 1
255455 2
255460 3
255462 4
255471 5
255491 16
255492 1
255720 4
255722 15
255734 20
255745 4
255750 4
255752 18
255758 22
255764 13
255766 16
255770 18
255771 19
255772-001 6
255772-801 4
255772-803 5
255772-804 5
255797 2
255798 3
255799 7
255835 2
255898 2
255899 3
256100 57
256212 29
256271 2
256281 15
256316 27
256333 32
256373 7
256384 6
256412 5
256418 2
256441 7
256457 4
256462 13
256473 2
256700 1
256751 1
256784 2
256798 1
259103 434
259104 834
259106 447
259107 242
259108 224
259109 299
259191 941
259192 2
259194 12
259201 146
259203 44
260312 1
260701 2
260705 4
260709 4
260716 2
260718 3
260772 2
261103 63
261111 86
261200 88
261210 74
261212 72
261216 83
261217 88
261304 82
261305 28
261335 110
261336 109
261342 89
261343 90
261361 28
261405 11
261434 28
261447 2
261456 1
261457 4
261458 10
261469 4
261473 5
261491 8
261493 3
261497 4
261701 6
261702 6
261706 6
261739 2
261746 1
261754 5
261769 1
261781 2
261791 3
261792 1
261797 1
261798 1
261799 2
261899 2
263701 2
263702 2
263720 1
263760 2
263771 1
263797 3
263799 5
263898 6
263899 1
264701 17
264706 17
264710 11
264741 17
264789 17
264791 11
265750 4
266702 1
266732 3
266796 5
266898 1
268721 4
268799 15
269101 21
269102 21
269111 28
269200 18
269201 19
269202 17
269340 26
269430 6
269462 5
269470 4
269491 2
269492 4
269494 4
270701 24
270702 24
270711 3
270712 3
270791 2
301221 177
301233 202
301241 123
301254 64
301702 3
301710 1
301715 3
301716 3
301717 3
301723 3
301791 1
301799 1
301899 8
303210 89
303221 168
303232 65
303262 58
303706 1
303709 7
303712 2
303713 2
303726 2
303735 3
303736 2
303771 3
303792 4
303799 5
303893 3
303897 1
303898 1
303899 11
305202 71
310331 68
311352 59
311700 4
311701 3
311704 3
311722 2
311792 2
311799 4
311891 1
311893 4
311898 5
312700 1
312701 1
312704 1
312792 1
312799 1
314891 3
314893 1
317701 1
317702 1
317703 1
317791 1
317896 1
317898 2
318322 76
318351 63
320332 77
320342 129
320351 57
320701 2
320702 3
320704 2
320711 1
320714 1
320789 2
320791 2
320799 1
320801 1
320891 2
320893 1
320899 1
321224 175
321232 128
321242 125
321251 68
321371 27
321700 2
321701 1
321702 1
321708 3
321791 13
321898 3
321899 2
323331 67
324701 4
324702 4
324703 4
324704 4
324707 4
324710 3
324711 3
324712 3
324715 3
324744 1
324799 1
328310 66
328313 63
330110 224
330111 224
332881 4
332882 2
332884 2
332897 2
346799 1
346891 12
346893 3
346898 3
347791 1
347891 13
347898 9
351100 263
351200 2
351201 38
351202 186
351301 36
351302 2
351321 69
351331 38
351390 3
351410 9
351425 2
351441 4
351442 3
351451 4
351463 3
351466 6
351740 1
351763 7
351789-001 3
351789-002 2
351799 3
352103 45
352301 25
352311 29
352321 26
352323 30
352380 1
352390 2
352421 2
352422 18
352431 32
352490 4
352499 1
352712 18
352714 5
352715 5
352716 5
352721 18
352791 18
352792 1
352793 10
352797 1
352799 5
352821 5
352832 3
352842 3
352891 3
352899 8
353301 23
353311 26
353390 3
353421 5
353431 20
353451 35
353452 2
353498 1
353499 3
353711 6
353741 12
353751 6
353752 8
353762 2
353769 2
353781 2
353791 4
353792 3
353799 2
353897 1
353898 1
354311 64
356100 256
356101 156
356102 380
356202 58
356210 194
356212 58
356261 67
356303 69
356304 20
356312 9
356361 9
356390 4
356411 58
356416 41
356432 17
356477 8
356490 1
356499 5
356713 2
356721 2
356722 7
356725 6
356743 3
356745 3
356746 1
356751 6
356755 2
356783 1
356789-001 1
356789-004 2
356789-005 6
356789-006 3
356791 2
356799 7
356897 2
356898 1
357110 44
357210 140
357322 16
357325 7
357360 11
357390 3
357417 11
357441 12
357491 11
357701 1
357710 1
357731 1
357732 1
357741 1
357782 2
357783 3
357789 1
357791 1
359201 3
359202 384
359203 8
359204 8
359206 3
359301 69
359311 78
359380 5
359381 5
359405 16
359409 12
359410 71
359413 6
359421 71
359465 6
359481 3
359499 1
359701 4
359702 6
359704 6
359705 7
359711 6
359722 3
359723 2
359753 10
359791 2
359799 6
359898 2
360100 109
360210 186
360212 27
360301 18
360304 18
360402 1
360403 2
360423 18
360460 14
360761 6
360791 1
360792 2
360796 2
360797 1
360799 1
360897 1
360898 6
361210 13
361211 12
361301 12
361321 11
361351 12
361390 2
361453 4
361471 2
361497 2
361712 2
361743 4
361762 7
361769 10
361772 7
361789 3
361791 6
361792 4
361799 2
361899 3
362211 145
363210 172
365201 13
365211 12
365321 14
365421 14
365427 1
365428 13
365431 13
366722 1
366899 1
368200 24
368317 33
368431 16
368701 8
368703 8
368712 8
368720 13
368721 16
368730 8
368769 1
368779 1
368799 1
400110 160
400190 241
400211 211
400290 1
401382 62
401799 3
401821 2
401854 2
401857 1
401872 2
401874 1
401884 1
402701 5
402702 5
402703 5
402712 5
402727 2
402751 6
402791 1
403382 64
403701 14
403711 1
403713 1
403714 1
403751 1
403781 1
405712 3
405713 3
405732 3
405761 3
405763 3
405781 3
405783 3
406385 62
406395 62
407713 6
407715 1
407723 6
407725 1
407731 6
407733 1
407753 6
407755 5
407761 1
407778 5
407781 6
407783 5
407792 1
408701 4
408703 6
408704 4
408761 4
408763 6
408797 6
409281 64
409292 64
410701 1
410761 1
411281 64
411291 64
413701 4
413702 1
414855 6
414857 3
414896 6
414898 3
415291 64
415383 60
415711 46
415712 49
415713 49
420281 64
421281 64
421291 64
421385 61
421395 60
421711 14
421712 14
421713 14
421714 14
421717 14
421751 14
421811 9
421812 9
421813 9
421827 7
421828 7
421831 9
421861 9
421863 7
421892 7
422711 52
422712 17
422713 39
423382 61
423701 2
423702 1
426701 4
426761 4
427798 30
427799 4
427898 1
428111 60
428382 61
429711 4
429731 4
429781 4
429801 4
429811 5
429831 4
429851 4
429853 5
430712 7
430714 7
430716 10
430751 7
430753 10
430769 10
430781 7
430783 10
430784 10
430799 10
455898 7
455899 9
460100 147
461100 61
461170 67
461471 7
461511 1
461523 1
461526 9
461527 16
461529 26
461797 1
461798 2
462130 171
462151 147
462505 1
462523 1
462541 11
462586 1
462587 8
462588 2
462701 6
462704 6
462705 8
462706 6
462716 6
462791 6
462793 8
462799 9
463251 124
463311 136
463331 132
463341 132
463353 133
463402 128
463433 126
463455 128
463491 48
463503 47
463504 76
463545 46
463556 48
463558 76
463581 47
463593 47
463701 3
463702 3
463703 3
463721 3
463792 1
463799 1
464301 134
464311 133
464341 133
464401 130
464413 130
464441 130
464443 84
464444 79
464445 51
464491 79
464501 76
464502 47
464503 76
464508 5
464509 20
464510 36
464541 76
464542 76
464543 76
464546 5
464549 16
464582 122
501301 80
501302 77
501702 1
501791 1
502211 1
504302 78
504791 1
506303 77
506361 50
506793 1
508203 89
508303 78
510100 189
510201 89
510202 89
510411 4
510414 4
510415 5
510417 5
510418 5
510713 8
510716 9
510719 8
510721 8
510799 3
510897 2
510898 8
512303 77
512312 3
513111 64
513114 64
513223 71
513224 71
513283 71
513315 69
513324 66
513328 66
513340 65
513363 71
513371 68
513412 2
513429 2
513445 2
513451 2
513471 2
513703 4
513707 4
513716 13
513732 4
513756 8
513799 1
514211 57
514241 57
514261 57
514317 47
514323 47
514335 49
514341 48
514343 51
514381 49
514383 46
514395 51
514397 49
514466 1
514730 2
514741 2
514781 2
515101 47
515201 65
515250 64
515307 77
515312 71
515334 71
515361 73
515364 73
515376 75
515403 1
515455 1
515481 1
515483 1
515490 1
515701 1
515703 1
515705 1
515723 1
515791 1
516101 87
518709 1
518761 2
518763 2
518773 3
518793 1
518797 1
520711 4
520714 4
520716 4
551311 88
551494 1
552216 106
552217 105
552222 71
553312 82
554314 82
554392 82
554491 1
554492 1
555313 88
555393 78
555394 78
555725 7
555731 7
555732 7
555799 4
556311 88
556391 78
556742 8
556747 8
556748 8
556752 3
556753 6
558431 1
558749 12
558752 12
558757 12
558758 7
558798 2
560721 6
560725 2
561312 82
561391 82
561392 82
561743 16
561744 16
561748 9
561799 13
562211 69
562491 1
562700 109
562702 15
562703 66
562708 111
562709 7
562711 26
562715 88
563701 14
563714 5
563799 1
564746 16
564747 16
564748 16
566824 18
566828 18
566830 18
566831 11
566833 5
566891 5
566898 1
566899 22
568718 3
568719 3
568722 3
569717 8
569719 8
570701 12
570703 1
570705 5
570734 12
570735 1
570736 4
570798 1
571113 153
571115 62
571116 54
571151 66
601201 67
601302 47
601321 27
601341 61
601344 64
601345 64
601351 64
601422 25
601452 12
601453 12
601456 38
601462 1
601497 1
601702 1
601731 6
601742 3
601758 7
601765 6
601767 1
601789-014 1
601789-027 2
601792 4
601799 8
601892 2
601893 2
601898 3
601899 5
602100 156
602102 210
602103 34
602111 62
602201 63
602211 56
602315 45
602317 43
602321 46
602322 46
602431 1
602432 1
602441 2
602464 1
602496 2
602497 2
602731 6
602753 1
602761 3
603211 109
603322 28
603332 31
603352 19
603371 31
603421 32
603441 1
603499 1
603711 2
603723 2
603731 2
603732 2
603799 5
603891 2
604304 34
604305 34
604312 48
604313 45
604351 50
604352 44
604412 4
604414 4
604416 4
604422 4
604451 8
604497 4
604715 6
604732 6
605201 80
605204 60
605301 30
605313 28
605314 51
605321 30
605322 30
605341 22
605412 1
605432 2
605444 2
605445 2
605461 2
605491 1
605496 2
605701 1
605702 1
605717 6
605741 3
605745 3
605751 3
605791 1
605795 2
605796 2
605799 2
605892 2
605898 1
605899 4
606231 16
606242 14
606244 14
606263 14
606343 14
606362 15
606363 15
610101 376
610114 138
651105 60
651107 58
651109 58
651120 69
651210 58
651232 56
651311 58
651312 58
651315 58
651316 59
651390 59
651393 58
652705 1
653703 11
653799 15
653898 6
653899 7
676700 20
676701 20
676702 20
676703 20
676704 20
676798 8
676799 20
701101 505
701181 52
701182 41
701183 304
701201 183
701211 192
701281 293
701295 2
701313 200
701321 202
701331 202
701341 5
701342 201
701344 7
701407 5
701425 1
701455 5
701494 6
701714 107
701758 8
701791 8
701792 8
701799 1
702100 24
702101 110
702205 497
702211 87
702213 94
702312 252
702316 59
702317 12
702318 2
702341 58
702351 53
702411 2
702416 2
702431 2
702701 42
702702 136
702710 10
702711 10
702717 46
702718 14
702742 14
702751 11
702752 10
702756 14
702757 14
702791 14
703103 1089
703131 8
703202 109
703243 302
703244 204
703305 87
703308 281
703309 76
703310 2
703311 87
703322 292
703323 2
703324 6
703330 32
703331 19
703391 11
703404 2
703412 2
703447 4
703454 4
703498 4
703701 107
703702 20
703711 20
703740 107
703747 46
703771 63
703772 63
703797 83
705191 177
705211 164
705311 215
705328 40
705329 134
705331 134
705342 6
705351 31
705437 31
705438 17
705440 3
705441 46
705442 28
705444 77
705446 25
705447 4
705461 3
705493 6
705711 29
705712 29
705721 29
705722 107
705723 65
705727 27
705743 29
705761 20
705762 26
705765 14
705769 26
705778 26
705779 26
705784 27
705792 27
705797 1
706100 7
709816 1
709899 1
751100 922
751101 346
751102 63
751103 38
751104 22
751105 5
751106 427
751202 22
751209 183
751301 214
751302 59
751303 19
751305 93
751308 262
751309 34
751321 15
751326 2
751327 9
751330 14
751345 14
751401 29
751403 8
751405 29
751407 103
751408 10
751409 9
751417 5
751419 9
751425 3
751428 13
751441 2
751443 24
751447 7
751451 21
751701 51
751702 51
751703 41
751704 13
751705 37
751706 24
751708 24
751710 8
751712 34
751716 3
751718 19
751721 26
751726 20
751730 10
751734 17
751742 19
751743 11
751798 1
751799 22
751802 7
751804 1
751805 7
751806 7
751808 7
751819 6
801100 428
801105 11
801106 11
801107 110
801113 110
801201 108
801211 84
801225 84
801235 90
801311 69
801324 70
801331 70
801333 60
801334 10
801336 63
801341 11
801381 68
801382 1
801413 71
801421 75
801452 92
801471 70
801481 94
801483 2
801591 5
801707 4
801710 8
801711 12
801719 4
801724 2
801729 3
801739 7
801750 4
801761 4
801764 2
801771 1
801789 1
801791 4
801797 2
801799 12
803121 34
803123 35
803211 21
803231 21
803300 5
803311 20
803331 19
803370 5
804111 11
804121 11
804201 4
804211 4
804221 3
804222 2
804231 4
804311 2
804321 2
804331 2
804332 2
804371 2
851100 404
851102 254
851104 300
851105 297
851108 299
851200 410
851201 34
851202 85
851204 19
851205 46
851211 302
851242 62
851243 66
851251 113
851262 120
851273 151
851305 23
851309 141
851313 77
851343 48
851344 11
851345 9
851351 39
851360 48
851362 19
851367 24
851372 35
851375 179
851400 36
851404 14
851406 224
851407 23
851411 5
851446 6
851449 2
851452 1
851462 31
851468 1
851471 3
851701 7
851702 20
851707 7
851711 7
851713 10
851715 5
851717 11
851751 13
851752 13
851789 11
852101 43
852102 43
852103 43
888102 42
888106 31
888111 32
888147 26
888231 3
888251 2
888701 17
888702 13
888703 13
888705 3
888730 10
888733 16
888744 8
888782 6
888791 2
888792 2
888891 8
888892 4
901798 1
902899 7
905700 16
905791 8
905793 1
905799 4
905897 3
905899 3
910701 1
910702 1
910703 1
910704 1
910705 1
910708 1
910709 1
910738 1
910792 1
910799 1
916897 1
918799 2
950701 2
950702 2
950703 2
950714 2
950801 4
950803 4
950804 1
951100 547
951102 118
951103 114
951104 93
951106 112
951107 43
951111 93
951125 92
951203 92
951212 49
951215 21
951301 14
951302 18
951323 21
951331 19
951344 49
951345 16
951348 37
951352 22
951353 20
951411 28
951413 27
951451 6
951492 2
951494 4
951497-020 20
951497-021 9
951499 5
952700 23
952701 24
952702 23
952703 23
952704 24
952724 12
952762 11
952792 11
952798 9
952799 1
952801 2
952802 2
952803 2
952821 2
952891 3
952898 2
952899 4
953103 40
953111 257
953211 40
953212 20
953233 27
953261 19
953321 37
953322 31
953331 31
953361 19
953391 1
953420 3
953421 4
953463 3
953491 1
953494 9
953499 2
953701 1
953702 1
953791 1
953799 1
954100 119
954140 6
954143 124
954170 123
954246 112
954326 27
954365 121
954370 78
954374 73
954389 18
954410 18
954413 14
954416 84
954426 85
954443 4
954449 19
954462 14
954471 14
954477 78
954491 9
954498 2
955100 4
955102 254
955103 187
955104 137
955200 20
958111 47
961701 24
961721 4
961731 3
