001101 7599
001102 985
001111 115
001113 115
001201 6183
001202 120
001210 355
001212 113
001218 113
001230 215
001231 158
001250 155
001291 205
001293 90
001310 152
001311 262
001312 47
001315 110
001318 106
001320 22
001321 46
001323 41
001330 113
001342 30
001353 125
001354 103
001362 24
001410 7
001415 24
001418 110
001421 15
001422 26
001423 26
001425 26
001443 56
001444 19
001445 53
001447 31
001461 24
001464 18
001473 12
002101 46
002110 41
002191 35
002192 8
002201 31
002211 33
002221 31
002250 30
002301 30
002333 22
002351 15
002365 26
002372 18
002401 26
002441 11
002473 21
002489 15
003101 23
003191 112
003201 8
003314 3
003320 1
003331 3
003349 6
003414 12
003421 12
003436 12
004101 47
004241 45
004301 32
004303 49
004309 26
004324 74
004351 32
004432 20
004473 28
004475 23
004499 4
004714 5
004716 5
004720 5
004799 5
004899 4
006103 104
006126 32
006203 55
006206 50
006212 26
006226 23
006242 48
006253 48
006303 36
006307 27
006324 18
006326 41
006330 40
006331 25
006332 19
006344 30
006346 29
006355 8
006425 15
006427 9
006432 18
006433 16
006443 35
006448 21
006470 37
008213 143
008214 22
008215 35
008218 24
008220 110
008232 112
008303 118
008312 111
008314 23
008315 27
008316 102
008317 111
008321 92
008322 54
008324 58
008325 74
008326 31
008351 1
008352 97
008401 1
008411 112
008413 102
008417 98
008422 112
008424 49
008442 1
008449 101
008456 6
009103 612
009105 81
009212 82
009230 51
009231 51
009304 1
009326 18
009333 52
009336 52
009341 29
009345 17
009425 27
009426 39
009428 22
009431 38
009439 11
009469 37
009478 37
011100 176
011151 46
011152 28
011153 156
011251 153
011257 80
011259 20
011269 168
011276 55
011353 60
011356 35
011358 72
011362 43
011369 26
011374 21
011459 25
011461 24
011464 22
011480 21
011486 15
011701 4
011704 4
011705 2
011713 4
011714 4
011751 2
011768 3
011770 2
011799 1
012100 11
012173 103
012200 146
012271 12
012272 7
012273 5
012276 7
012371 2
012475 7
013103 298
013110 913
013203 120
013204 55
013206 54
013207 90
013217 38
013301 35
013302 56
013303 18
013304 56
013305 55
013306 33
013307 56
013313 28
013317 17
013326 15
013329 22
013330 28
013335 26
013338 28
013420 26
013421 10
013422 29
013427 28
013433 23
013435 11
013453 25
013455 25
013704 18
013714 18
013722 18
013724 18
013726 9
013798 11
013799 5
014210 96
014270 132
014302 29
014304 28
014310 35
014311 21
014322 49
014323 62
014325 35
014370 34
014371 51
014380 43
014382 11
014390 47
014401 28
014402 29
014403 26
014410 52
014421 31
014482 30
014499 19
015101 77
016101 28
016232 3
017101 49
017102 7
017111 24
017201 4
017210 7
018103 36
018111 202
018113 53
018125 36
018203 34
018211 31
018213 31
018231 33
018235 32
018271 31
018301 6
018325 30
018335 18
018341 13
018351 10
018353 11
018371 7
018421 37
018433 12
018435 28
018436 15
018438 30
018441 3
018451 5
018465 24
018467 10
018471 8
018495 30
019101 171
019103 54
019105 61
019106 41
019108 54
019111 54
019203 50
019205 33
019206 28
019208 47
019211 50
019221 54
019303 47
019311 45
019331 45
019361 46
019373 43
019381 45
019411 43
019442 43
019471 42
019473 42
019490 2
020101 76
020102 9
020211 33
020231 21
020311 28
020321 27
020333 28
020341 32
020362 25
020363 26
020412 15
020421 15
020481 15
020491 14
021101 65
021102 9
021203 17
021204 32
021270 15
023797 1
023799 7
024799 1
025101 20
025104 40
025105 23
025107 12
025108 28
025204 23
025206 36
025207 29
025208 30
025304 13
025322 32
025370 13
025420 33
025480 33
025489 7
025490 34
026101 131
026102 60
026111 20
026112 30
026201 34
026271 7
029701 4
029703 6
029711 4
029735 2
029790 3
030101 48
033765 16
033789 16
033793 16
050100 1427
050103 233
050104 120
050106 354
050111 284
050121 70
050141 276
051302 34
051304 13
051306 31
051310 15
051313 31
051418 22
052201 73
052202 73
052352 74
052357 74
052420 44
052441 29
052443 30
052445 29
052447 28
052466 32
053712 4
053713 5
053770 5
054810 4
054870 4
055701 30
055703 12
055704 19
055706 12
055707 12
055713 2
055733 19
055734 17
055757 2
055771 66
055797 12
055799 20
057121 112
057123 29
057125 89
057126 101
057127 234
057128 89
057129 92
057130 134
057131 2
057132 67
057133 44
057134 22
057135 27
057136 120
057137 33
057138 40
057139 53
057140 40
057201 25
057205 39
057213 22
057215 27
057274 2
057284 40
057285 40
057288 40
057293 25
057294 27
057296 39
057300 25
057302 27
057305 45
057316 27
057351 39
057366 3
057403 30
057404 29
057405 30
057410 55
057411 25
057420 31
057426 31
057428 36
059413 26
059419 37
061103 1
061106 29
061201 22
061223 40
061224 25
061306 24
061307 17
061317 11
061319 1
061403 22
061404 27
061407 17
061430 1
062200 12
062210 12
062343 16
062411 17
062452 16
062460 16
062470 16
062499 20
063201 83
063702 17
063704 17
063710 17
064204 40
064232 17
064251 20
064252 10
064303 10
064331 22
064392 29
064412 12
064418 19
064423 17
064424 80
064430 87
064474 9
064490 22
065210 12
065212 13
065310 58
065311 32
065320 27
065332 46
065421 30
065435 6
065436 12
065437 14
065438 15
065797 1
066221 23
066323 38
066410 39
066416 32
066421 36
066425 7
067202 36
067303 24
067311 31
067372 36
067373 46
067432 31
069712 2
070200 24
070304 16
070305 16
070403 1
070404 17
070410 16
070411 17
070416 16
070711 7
070720 7
070721 7
070740 7
070741 7
070799 7
071411 11
071412 35
071413 24
071415 7
071416 49
071418 5
071419 14
071422 12
071423 10
071425 34
071712 15
071715 13
071730 6
071736 6
071738 6
071811 4
073711 22
073721 11
073770 3
074100 124
074101 147
074414 44
076425 7
076427 10
076430 8
076444 12
076466 7
078444 99
078454 24
079169 29
079220 4
079264 29
088799 9
088899 7
091700 36
091800 12
091898 2
091899 14
099100 54
099101 16
099102 69
100102 5
100109 198
100110 224
100111 212
100112 227
100207 7
100213 1
100214 60
100220 23
100222 6
100225 18
100228 75
100229 106
100230 87
100231 111
100233 16
100281 3
100291 72
100306 6
100307 32
100308 41
100309 18
100310 18
100311 155
100312 145
100313 148
100314 145
100381 153
100489 141
100498 205
100501 192
100589 312
101100 306
101103 42
101105 23
101113 105
101114 158
101201 249
101211 39
101221 150
101315 20
101400 182
101405 16
103112 32
103191 39
103225 16
103251 18
103271 283
103311 25
103372 14
103391 25
103392 25
103393 25
103422 19
103432 22
103491 19
104200 9
104201 48
104231 9
104300 25
104301 35
104325 2
104333 7
104410 2
104424 5
104436 6
104437 5
104440 11
104475 15
104495 32
105100 34
105203 34
105304 23
105311 36
105334 21
105336 13
105337 2
105413 19
105500 26
105501 24
105595 2
105598 26
106117 3
106121 56
106123 9
106124 4
106125 9
106212 6
106223 29
106224 1
106225 2
106228 7
106229 5
106231 28
106321 22
106325 9
106327 22
106427 25
106428 21
107211 46
107212 20
107213 1
107223 4
107227 13
107229 12
107333 18
107334 14
107335 22
107336 22
107437 24
107439 7
107498 25
107499 6
109100 207
109115 67
109116 156
109117 1
109118 91
109119 45
110101 55
110201 53
110202 72
110220 53
110234 19
110250 36
110251 8
110270 54
110333 24
110340 36
110342 35
110350 3
110351 16
110352 14
110353 4
110362 31
110434 34
110491 33
112101 53
112102 45
112103 47
112104 44
112108 44
112110 39
112201 42
112203 44
112213 21
112300 28
112301 26
112314 23
112401 37
112405 23
112407 41
112411 21
112412 10
112413 20
112423 3
114101 43
114103 53
114104 43
114203 52
114305 14
114313 27
114321 14
114323 21
114325 52
114327 42
114332 52
114334 10
114343 30
114345 42
114406 44
114407 55
114416 21
114425 70
115200 31
115300 9
115301 28
115302 12
115400 21
115711 6
115712 1
115713 6
115714 1
115715 3
115721 9
115724 3
115798 1
115799 1
116301 18
116302 1
116400 5
117101 51
117204 24
117205 32
117206 31
117310 10
117311 12
117414 21
117415 38
118813 1
118898 11
119711 5
119721 3
119735 7
119789 5
119793 4
119797 2
119799 8
126101 297
126211 86
126215 89
126216 73
126321 94
126326 67
126333 37
126334 38
126338 39
126428 92
126432 40
126443 91
126446 15
126499 74
127100 368
127101 960
127203 59
127204 64
127207 58
127303 53
127312 66
127314 51
127315 4
127316 50
127326 40
127337 44
127400 75
127711 20
127717 21
127718 20
127719 20
127727 27
127728 21
127798 20
127799 7
128100 232
128101 198
128202 82
128203 80
128204 80
128307 82
128309 82
128325 19
128334 22
128354 34
128355 17
128403 82
128482 91
128483 91
128701 55
128710 55
128730 55
128740 55
128762 43
128789 43
128798 43
128799 5
140101 1
140102 1
140103 46
140104 3712
140105 56
152101 22
152201 18
152211 66
152241 16
152301 68
152302 18
152303 1
152312 13
152313 3
152321 38
152332 23
152343 5
152351 8
152422 35
152431 20
152489 36
152499 1
153712 4
153721 5
153743 4
154104 195
154108 76
154141 141
154151 114
154231 71
154261 81
154262 70
154281 159
154311 53
154330 53
154353 36
154375 53
154377 14
154384 44
154388 52
154443 14
154455 22
154457 34
154477 11
154481 22
154488 12
154493 22
154494 9
154499 71
154701 6
154711 3
154735 4
154786 2
154799 1
156702 3
156716 3
159100 299
159101 193
159151 11
159203 91
159221 84
159231 98
159301 1
159303 86
159304 8
159305 88
159311 22
159332 18
159356 14
159361 87
159362 85
159403 43
159411 39
159431 52
159443 4
159454 9
159490 49
159701 5
159723 7
159746 6
159761 5
159789 5
159799 2
159801 1
159899 4
160341 26
160725 3
164200 83
164341 16
166701 14
166711 3
166741 4
166789 6
167703 12
167705 8
167707 20
167711 12
167798 1
168100 27
168101 38
168221 4
168222 3
168700 4
168750 4
168789 1
168899 3
169701 25
169789-701 1
169789-704 1
169789-706 1
169789-710 1
169789-716 1
169789-721 1
169789-730 1
169799 9
169801 4
169898 9
169899 1
170108 119
170109 53
173701 5
175335 4
176100 270
176101 459
176103 3
176104 31
176220 940
177103 333
177214 310
177215 312
177216 308
177217 363
177281 336
177283 5
177285 10
177321 53
177330 231
177341 22
177362 222
177393 210
177401 15
177404 231
177405 16
177414 63
177426 233
177427 25
177430 62
177434 439
177446 230
177448 59
177450 223
177463 18
177464 3
177465 57
177467 140
177468 2
177481 118
177485 22
177494 34
178717 6
178732 10
178746 7
178776 4
178789 13
179402 17
179403 38
201100 321
201110 35
201111 188
201114 694
201115 162
201116 147
201117 39
201190 46
201191 86
201193 3
202100 60
202101 713
202103 645
202141 169
202142 169
202143 199
202145 65
202146 65
202184 176
202231 94
202260 19
202305 50
202311 36
202332 19
202334 23
202342 50
202361 19
202371 30
202434 6
202438 13
202443 9
202472 2
202473 36
202474 29
202477 17
202481 4
202491 1
202493 1
202495 4
202742 7
202765 4
202776 3
202782 4
202791 4
202792 5
202799 17
202833 6
202848 2
202873 4
202891 4
202892 3
202893 1
202897 1
202898 9
203100 203
203103 124
203107 118
203111 1409
203115 1322
203116 69
203119 67
203151 176
203157 66
203162 361
203167 315
203171 171
203173 171
203201 81
203203 84
203204 146
203206 522
203207 79
203208 144
203209 444
203222 71
203226 394
203228 70
203229 347
203231 87
203235 98
203236 37
203241 80
203255 55
203286 83
203288 83
203303 67
203308 66
203315 88
203323 62
203324 55
203327 55
203331 94
203332 65
203333 64
203337 94
203351 11
203352 51
203399 45
203405 18
203406 3
203414 37
203423 7
203431 37
203434 32
203458 5
203471 35
203475 31
203477 35
203497 4
203498 41
203499 1
203705 5
203709 1
203714 5
203716 3
203722 2
203743 9
203753 26
203791 3
203792 13
203799 8
203807 2
203821 2
203828 7
203879 5
203889 1
203891 3
203892 6
203897 1
203898 18
203899 1
204100 1961
204101 236
204111 79
204123 49
204202 65
204211 51
204216 32
204231 50
204251 24
204321 54
204325 26
204335 18
204341 53
204361 52
204365 4
204381 67
204383 7
204390 38
204398 3
204432 20
204435 14
204442 3
204451 62
204452 3
204453 20
204471 9
204491 26
204496 15
204712 8
204721 9
204732 8
204764 16
204898 4
205100 73
205103 114
205104 46
205105 107
205235 38
205239 38
205275 146
205303 45
205310 49
205337 45
205355 45
205393 50
205410 38
205415 39
205421 1
205461 19
205464 23
205475 31
205479 20
205483 9
205486 22
205495 20
205496 11
205499 6
205712 4
205735 2
205761 2
205783 3
205791 4
205898 4
206100 582
206101 75
206103 320
206104 92
206107 2
206108 301
206111 950
206112 208
206113 112
206161 1046
206162 438
206171 1210
206172 265
206181 80
206191 102
206203 37
206207 10
206211 60
206216 26
206217 25
206261 663
206267 81
206281 139
206300 129
206321 18
206324 62
206325 37
206327 87
206328 11
206331 12
206336 16
206341 11
206355 33
206362 45
206370 12
206381 13
206390 9
206412 3
206436 45
206437 19
206441 38
206455 16
206474 4
206499 4
206704 2
206707 5
206713 5
206720 6
206721 2
206730 1
206736 1
206738 4
206739 2
206743 9
206753 7
206766 2
206783 8
206789 1
206791 3
206794 1
206795 5
206797 2
206798 4
206831 4
206891 1
206898 1
206899 7
206997 6
206998 2
207100 12
207103 120
207105 970
207106 97
207107 117
207109 152
207115 920
207117 73
207123 332
207131 179
207135 65
207164 72
207171 176
207173 324
207174 69
207183 141
207187 97
207203 31
207205 27
207208 56
207213 35
207308 32
207310 17
207313 24
207323 32
207348 13
207401 26
207403 8
207406 22
207416 4
207419 43
207422 7
207436 4
207438 24
207439 1
207701 6
207703 5
207705 5
207711 6
207741 2
207743 1
207791 6
207792 1
207799 7
207808 1
207892 4
207899 5
208101 343
208140 52
208150 112
208250 36
208251 19
208263 693
208265 13
208270 85
208271 445
208272 85
208280 66
208321 70
208329 58
208343 37
208348 35
208370 17
208383 23
208425 49
208439 20
208440 13
208469 17
208492 32
208499 2
208711 4
208760 5
208761 5
208770 6
208793 3
208798 1
208799 2
208871 4
208872 4
208898 1
208899 2
209201 62
209251 51
209301 62
209302 57
209303 57
209331 13
209351 18
209358 18
209361 18
209368 18
209375 39
209403 15
209442 18
209451 18
209453 18
209461 18
209463 18
209471 14
209483 15
209485 8
209493 35
209498 38
209703 1
209705 4
209707 4
209709 3
209711 2
209713 2
209722 1
209731 2
209771 8
209773 6
209779 5
209785 3
209799 3
209898 6
210100 22
210201 37
210202 27
210204 21
210275 21
210343 34
210351 30
210375 28
210383 34
210425 24
210433 9
210434 21
210453 8
210465 7
210485 9
210496 18
210703 4
210704 4
210705 4
210707 4
210723 1
210731 6
210732 6
210792 6
210799 4
210893 3
210898 6
211100 236
211311 115
211315 341
211317 114
211319 311
211399 23
211413 28
211440 27
211442 27
211443 27
211495 6
211499 1
211702 3
211889 7
212701 4
212703 4
212711 4
212721 2
212741 4
212773 2
212791 4
212796 2
212798 3
212799 3
213201 13
213712 1
213714 1
213763 1
213769 2
213779 3
213791 7
213792 2
213799 8
213892 1
213897 5
213898 2
214100 7
214261 42
214312 7
214341 34
214381 24
214401 24
214411 20
214414 27
214415 28
214421 5
214430 6
214441 7
214445 7
215205 332
215206 331
215207 97
215208 98
215301 30
215302 52
215381 51
215411 29
215431 54
215471 50
215481 28
215495 51
215496 57
215497 38
215734 1
215762 3
215785 4
215788 4
215792 5
215794 5
215797 1
215799 6
215891 3
215892 2
215893 8
215894 1
215897 4
215898 10
217701 7
217703 7
217707 7
217717 7
217734 2
217751 1
217775 3
217781 2
217792 3
217799 3
217893 5
217898 6
218100 61
218101 25
218233 25
218235 25
218310 30
218321 30
218323 30
218351 30
218471 23
218475 23
218483 18
218486 5
218495 13
218497 23
219720 8
219731 9
219751 3
219792 2
219799 1
220898 6
225701 2
225703 2
225705 2
225720 2
226701 3
226705 1
226706 2
226709 3
226710 3
226791 2
226792 1
226799 1
226801 2
226807 4
226889 2
226891 2
226892 4
226893 1
226898 6
226899 2
228897 2
228898 3
229123 63
229323 57
229352 16
229711 35
230751 3
230752 3
230753 3
230796 3
251211 208
251213 27
251261 60
251281 139
251312 85
251313 41
251333 26
251334 27
251361 116
251363 108
251371 84
251372 82
251374 41
251384 30
251411 81
251418 9
251437 14
251438 58
251451 10
251455 12
251457 46
251461 86
251475 34
251479 29
251499 17
251701 4
251702 4
251703 8
251711 6
251714 6
251715 6
251717 6
251718 7
251745 4
251751 7
251752 7
251757 7
251758 3
251773 1
251783 1
251785 1
251790 23
251797 5
251798 21
251898 7
252201 152
252211 267
252232 142
252282 214
252283 201
252285 250
252286 244
252301 97
252302 56
252317 105
252320 31
252322 75
252325 73
252327 72
252330 91
252342 21
252363 106
252420 34
252421 1
252424 24
252425 19
252426 5
252427 37
252444 21
252450 38
252455 16
252460 29
252489 11
252490 90
252493 8
252498 26
252499 19
252702 1
252708 2
252723 2
252724 3
252741 3
252748 2
252781 2
252785 2
252789 2
252791 3
252798 2
252799 7
252899 2
253303 52
253314 36
253315 30
253432 30
253455 20
253456 13
253481 47
253491 31
253492 2
253701 14
253715 1
253717 7
253722 13
253731 13
253732 16
253734 11
253735 4
253736 10
253748 6
253752 11
253754 13
253799 4
253898 5
254181 57
254205 34
254206 183
254211 50
254215 189
254216 89
254222 111
254231 172
254232 52
254252 264
254282 8
254302 235
254325 272
254333 235
254372 230
254421 138
254425 6
254426 7
254435 5
254436 17
254438 3
254439 22
254441 171
254442 18
254451 175
254456 21
254457 18
254458 10
254459 12
254461 16
254471 168
254473 12
254490 170
254491 11
254492 6
254494 2
254498 6
254499 3
254700 11
254702 2
254703 6
254710 8
254711 2
254734 2
254770 4
254777 9
254798 2
254799 1
254804 3
254875 4
254898 6
255201 267
255215 231
255251 235
255290 232
255300 153
255320 148
255321 155
255330 185
255359 140
255415 23
255417 18
255420 38
255422 36
255424 27
255430 22
255432 94
255434 66
255437 40
255438 38
255439 26
255441 21
255447 15
255449 40
255454 15
255460 40
255462 37
255464 31
255471 20
255491 201
255492 27
255498 8
255499 23
255712 24
255720 24
255722 20
255734 19
255739 20
255745 24
255750 10
255764 11
255766 5
255770 46
255771 19
255772 27
255786 14
255791 6
255797 2
255798 4
255799 10
255830 2
255898 2
255899 6
256100 80
256212 36
256271 10
256281 20
256316 23
256333 25
256373 5
256383 15
256412 23
256415 13
256441 19
256457 29
256462 23
256473 16
256491 28
256700 1
256761 2
256762 2
256798 1
256799 2
259103 766
259104 867
259106 461
259107 387
259108 320
259109 199
259191 952
259192 38
259194 102
259201 202
259203 49
259402 353
259491 7
260312 2
260404 1
260413 1
260424 2
260434 1
260717 1
260772 1
260799 2
261103 87
261111 1649
261200 87
261210 63
261212 62
261216 68
261217 84
261304 75
261305 14
261335 103
261336 99
261342 81
261343 80
261361 14
261405 93
261406 28
261434 30
261447 35
261456 36
261457 19
261458 32
261461 15
261469 41
261491 87
261492 5
261494 12
261497 33
261499 17
261701 6
261702 5
261706 4
261735 5
261739 2
261753 3
261754 3
261767 1
261769 1
261791 8
261798 2
261799 5
261899 6
263701 6
263702 6
263720 3
263746 6
263760 6
263771 3
263797 2
263799 1
263898 3
264701 15
264706 15
264707 14
264710 17
264741 15
264791 9
264797 8
264799 1
265750 24
265798 1
266701 1
266703 1
266723 2
266792 5
266798 2
266899 1
268721 17
268798 5
268799 13
269101 27
269102 27
269200 22
269201 23
269202 23
269340 16
269430 38
269462 36
269470 27
269491 9
269492 20
269497 6
270701 33
270702 34
270711 11
270791 5
270792 3
270797 5
270799 1
301221 194
301233 245
301241 144
301254 60
301702 2
301710 2
301715 2
301716 2
301717 2
301789 2
301791 1
301799 1
301891 2
301899 10
303210 83
303221 180
303232 52
303262 71
303709 6
303712 5
303713 5
303726 5
303735 7
303736 8
303792 1
303799 3
303897 5
303899 14
305202 64
310331 72
311352 65
311700 4
311701 2
311704 2
311722 2
311725 3
311792 3
311799 4
311891 1
311892 2
311893 1
311898 4
312708 1
312792 1
312799 1
314799 1
314893 2
314898 3
317701 1
317702 1
317703 1
317795 1
317797 1
317881 1
317898 3
317899 1
318322 63
318351 60
320332 87
320342 123
320351 65
320702 2
320791 2
320799 2
320893 2
320899 2
321224 180
321232 121
321242 143
321251 62
321371 15
321700 3
321701 3
321702 3
321791 3
321792 1
321898 3
321899 7
323331 72
324701 1
324702 1
324703 1
324704 1
324707 1
324710 4
324711 4
324712 4
324715 4
324799 2
328310 71
328313 77
330110 250
330111 250
330191 5
332881 1
332885 1
332897 2
334802 2
334803 2
334811 2
346799 1
346893 11
346898 6
347891 17
347898 21
347899 1
351100 63
351201 50
351202 269
351301 34
351321 61
351331 45
351410 47
351441 74
351442 37
351451 36
351463 9
351466 36
351499 2
351740 1
351760 1
351763 4
351789 1
351799 1
352301 12
352311 6
352321 31
352323 29
352332 14
352380 42
352422 22
352431 4
352490 18
352499 7
352712 18
352715 18
352721 18
352741 8
352791 18
352793 18
352797 1
352799 11
352821 8
352832 7
352842 7
352891 7
352899 9
353100 92
353301 3
353303 7
353312 6
353390 23
353421 21
353431 23
353451 13
353452 20
353454 6
353490 1
353497 3
353498 1
353711 9
353741 8
353751 7
353752 8
353762 3
353769 2
353791 1
353792 5
353799 5
353898 3
354311 44
356100 345
356101 240
356102 250
356202 71
356210 229
356212 71
356303 56
356304 1
356306 59
356312 2
356361 1
356390 2
356412 58
356414 22
356416 2
356432 1
356441 23
356442 32
356443 26
356471 4
356490 64
356496 1
356497 8
356499 5
356722 3
356725 5
356745 2
356746 3
356751 2
356789-001 3
356789-004 4
356789-005 3
356789-006 1
356791 1
356795 1
356797 6
356799 5
356897 1
356898 3
357101 136
357110 73
357210 161
357322 3
357324 1
357360 8
357390 9
357417 8
357441 34
357491 8
357497 1
357701 2
357710 2
357731 2
357741 2
357782 6
357783 5
357792 3
357797 1
357799 1
357898 1
359202 335
359203 70
359204 6
359206 6
359301 70
359311 80
359381 6
359390 70
359405 17
359409 28
359410 69
359413 6
359414 12
359421 70
359431 19
359451 31
359481 1
359483 5
359497 22
359499 6
359701 12
359702 4
359705 10
359713 13
359722 4
359723 3
359791 6
359799 8
359873 2
359891 2
359898 2
360100 109
360210 266
360212 17
360390 17
360400 17
360402 3
360404 3
360407 17
360411 19
360431 36
360460 17
360470 3
360497 17
360499 1
360721 4
360751 5
360761 8
360771 5
360796 4
360797 2
360799 5
360897 3
360898 5
361210 43
361214 13
361301 4
361321 10
361351 82
361390 6
361453 14
361461 5
361471 6
361490 5
361498 5
361499 1
361712 4
361725 1
361732 7
361772 1
361792 3
361799 3
361899 3
363210 204
365222 73
365301 13
365321 6
365331 6
365390 10
365401 12
365421 6
365427 5
365428 6
365493 4
365497 12
366899 1
368200 27
368317 49
368331 37
368412 3
368416 23
368433 4
368441 42
368487 37
368730 8
368741 8
368751 8
368799 4
371898 1
400110 149
400190 319
400211 266
400290 4
401382 64
401701 6
401702 6
401703 6
401761 6
401792 6
401799 2
401811 3
401812 3
401857 2
401874 2
401884 2
401951 3
402707 5
402753 6
402792 5
402799 5
403382 65
403701 24
405712 12
405713 3
405732 12
405753 9
405761 3
405763 3
405781 12
405783 3
405794 9
406385 66
406395 64
407713 2
407715 9
407723 2
407725 9
407731 2
407733 9
407753 2
407755 4
407761 11
407781 2
407783 4
407792 11
408701 4
408703 4
408704 23
408705 10
408708 4
408761 4
408763 4
408765 10
408797 4
409281 60
409292 60
411281 60
411291 60
412718 1
412720 5
412761 1
412791 1
413701 14
414855 6
414857 6
414896 6
414898 6
415291 59
415383 63
415711 96
415712 50
415713 50
415903 4
415981 4
420281 60
421281 60
421291 59
421385 63
421395 63
421711 20
421712 20
421713 20
421714 20
421717 20
421751 20
421811 14
421812 14
421813 14
421827 9
421828 9
421831 14
421861 8
421863 9
421892 9
421951 6
422711 93
422712 13
422713 79
423382 63
426701 6
426703 4
426761 6
426765 4
427798 35
427799 4
427898 5
428382 64
429711 4
429731 4
429781 4
429801 4
429811 4
429831 4
429851 4
429853 4
430712 4
430714 4
430716 7
430751 4
430753 7
430769 7
430781 4
430783 7
430784 7
430799 7
455898 10
455899 6
461100 203
461170 30
461471 2
461472 4
461511 7
461527 12
461529 44
461701 1
461702 1
461703 1
461719 1
461797 2
461798 2
462130 564
462541 9
462587 5
462588 4
462701 18
462704 18
462705 6
462706 18
462722 18
462791 18
462793 6
462799 2
463251 142
463311 126
463331 121
463341 121
463353 124
463402 132
463433 135
463455 133
463491 52
463503 51
463504 78
463507 8
463545 50
463556 50
463558 78
463581 51
463593 51
463701 5
463702 5
463703 5
463705 4
463735 2
463737 3
463769 3
463792 2
464301 124
464311 124
464341 123
464391 134
464401 134
464413 135
464441 134
464443 53
464444 81
464445 81
464491 81
464501 78
464502 52
464503 77
464509 15
464510 54
464541 79
464542 79
464543 78
464544 78
464549 8
464582 129
466141 170
501301 90
501302 90
501702 1
501791 1
502211 18
502311 13
503402 77
504302 89
505402 77
506303 90
506361 50
506793 3
507402 77
508203 81
508207 41
508303 90
508732 3
508791 3
509402 77
510100 143
510201 81
510202 81
510307 5
510411 26
510414 78
510415 77
510416 77
510417 77
510418 77
510713 6
510716 9
510719 6
510721 6
510799 7
510897 3
510898 20
512303 89
512312 25
512402 77
512791 1
513111 68
513114 69
513223 64
513224 64
513283 64
513315 73
513324 77
513328 77
513340 72
513363 72
513371 71
513412 67
513429 67
513445 67
513451 67
513471 67
513703 5
513707 5
513709 5
513756 10
513799 4
514161 69
514211 57
514241 57
514261 54
514317 58
514323 51
514335 52
514337 49
514341 58
514343 57
514381 54
514383 50
514395 55
514397 52
514425 17
514442 49
514451 14
514453 50
514466 25
514475 50
514701 7
514730 1
514741 1
514751 1
514791 1
514799 2
515101 301
515201 52
515250 51
515307 65
515312 68
515334 68
515361 65
515364 64
515370 1
515374 1
515376 63
515403 71
515411 72
515444 72
515481 71
515483 71
515486 6
515487 5
515490 71
515493 10
515494 10
515495 10
515496 11
515497 10
515498 10
515799 1
516101 91
516102 45
518709 4
518761 4
518763 4
518773 5
518775 1
518799 1
520711 6
520713 4
520714 6
520716 6
520791 4
520799 4
551461 160
551491 77
551492 158
552216 106
552217 103
552222 64
552291 176
553312 172
554314 172
554392 96
554493 82
554494 82
555313 172
555393 90
555394 50
555725 14
555731 14
555732 14
556311 172
556391 48
556742 17
556747 17
556748 17
556753 8
556799 8
557433 160
558411 160
558432 160
558442 160
558749 17
558752 34
558757 34
558758 7
558798 6
560725 1
561312 173
561391 53
561392 53
561491 77
561742 4
561743 21
561744 21
561748 10
561799 11
562211 77
562700 163
562703 95
562708 163
562709 12
562711 21
562715 128
562799 3
563701 17
563714 14
563799 2
564746 31
564747 31
564748 31
566720 5
566824 37
566828 38
566830 37
566831 27
566833 6
566891 10
566898 1
566899 24
568718 6
568719 6
568722 3
568799 3
569717 9
569719 9
569799 2
570701 14
570703 2
570705 12
570734 14
570735 2
570736 10
570799 3
571102 166
571113 160
571115 65
571116 30
601201 47
601302 63
601321 32
601322 41
601341 73
601344 68
601345 68
601351 72
601353 16
601422 39
601427 22
601428 28
601452 110
601453 109
601460 61
601462 64
601497 66
601702 2
601704 1
601705 1
601731 11
601758 16
601765 15
601767 4
601791 2
601792 3
601799 5
601893 1
601898 2
601899 4
602100 91
602102 212
602111 69
602201 69
602211 62
602315 61
602317 58
602321 56
602322 55
602431 29
602432 29
602441 26
602464 30
602496 41
602497 26
602499 3
602731 3
602761 3
602769 3
603211 163
603322 31
603332 33
603352 31
603371 31
603421 35
603441 30
603453 30
603465 29
603471 30
603493 26
603494 56
603495 55
603497 28
603711 2
603723 2
603731 2
603732 3
603799 2
603891 2
603892 1
604304 63
604305 63
604312 58
604313 57
604351 61
604352 67
604412 47
604414 47
604416 47
604422 48
604441 13
604451 35
604497 48
604711 2
604712 3
604715 14
604731 8
604732 8
604736 1
605201 71
605204 71
605301 58
605313 39
605314 62
605321 58
605322 58
605332 15
605341 62
605412 22
605432 30
605446 30
605459 7
605461 16
605476 10
605491 28
605496 30
605701 1
605702 1
605713 3
605751 1
605791 1
605795 1
605799 2
605892 1
605893 1
605898 1
605899 4
606231 24
606242 18
606244 23
606263 25
606343 14
606362 14
606363 14
606479 16
606483 2
606491 13
606499 15
610101 5
610102 2
610114 238
626711 2
626712 2
627711 4
627712 3
627713 4
627732 4
627751 1
627752 1
627753 1
651105 56
651107 71
651109 74
651120 70
651210 72
651232 71
651311 55
651312 55
651315 55
651316 55
651393 58
653703 7
653799 11
653898 6
653899 6
676700 21
676701 21
676702 20
676703 20
676704 20
676705 1
676714 1
676716 1
676798 12
676799 8
679800 5
679802 10
679804 5
701101 441
701181 38
701182 35
701183 319
701201 195
701211 198
701281 301
701313 172
701321 164
701331 164
701342 163
701344 2
701402 201
701403 193
701407 4
701409 1
701425 107
701455 98
701494 204
701714 90
701754 1
701892 1
702101 299
702205 422
702211 44
702312 253
702313 28
702316 67
702318 26
702341 59
702351 52
702411 48
702416 58
702418 18
702423 51
702431 58
702701 32
702702 122
702710 14
702711 15
702717 50
702718 9
702725 65
702742 9
702751 14
702752 14
702756 9
702757 9
702791 9
703103 1042
703131 204
703202 158
703204 41
703243 374
703244 175
703305 111
703308 316
703311 109
703313 20
703322 286
703324 186
703330 54
703331 28
703345 185
703352 41
703391 85
703404 85
703412 27
703435 91
703447 87
703454 103
703498 87
703499 1
703701 90
703702 108
703711 43
703740 93
703747 43
703791 65
703797 107
703831 1
704101 41
704141 41
704201 41
704345 41
705191 186
705211 152
705311 297
705329 146
705331 146
705351 156
705411 133
705437 144
705441 61
705442 122
705444 158
705492 133
705499 53
705711 32
705712 32
705721 32
705722 90
705723 58
705727 29
705743 32
705762 29
705767 29
705768 29
705772 29
705778 29
705779 28
705784 29
705792 29
705797 1
706100 10
706101 429
706102 362
709811 1
709812 1
709813 1
709814 2
709899 3
751100 1166
751101 483
751102 67
751103 189
751104 218
751105 242
751106 583
751202 93
751209 255
751301 258
751302 202
751303 62
751304 4
751305 148
751308 423
751309 43
751321 3
751323 23
751325 24
751326 24
751327 34
751330 65
751345 35
751401 90
751403 24
751405 118
751407 120
751408 73
751409 86
751413 13
751419 38
751420 16
751421 40
751422 4
751424 3
751428 51
751443 29
751447 12
751449 5
751451 9
751701 49
751702 43
751703 40
751704 12
751705 31
751706 3
751708 4
751712 2
751718 34
751722 13
751724 6
751726 11
751730 12
751749 10
751751 12
751766 11
751799 54
751895 7
751896 7
801100 304
801106 3
801113 115
801201 111
801211 76
801225 76
801235 81
801311 84
801321 1
801324 83
801331 83
801333 97
801334 6
801335 4
801336 87
801381 11
801382 50
801411 68
801413 3
801421 69
801452 91
801471 71
801481 96
801483 24
801591 71
801707 3
801710 7
801711 10
801713 2
801719 3
801724 2
801739 4
801761 8
801764 1
801771 8
801789 5
801791 3
801792 2
801797 2
801799 4
801801 1
801802 1
802111 18
802141 18
803121 32
803123 33
803211 34
803231 30
803300 5
803311 21
803331 21
803360 2
803370 8
803401 5
803431 10
803471 5
803490 20
804111 13
804121 13
804201 11
804211 11
804221 12
804222 11
804231 11
804311 4
804321 4
804331 4
804332 4
804371 4
804411 2
804481 2
851100 496
851101 3
851102 294
851104 298
851105 298
851108 298
851200 299
851201 65
851202 91
851211 302
851212 87
851242 50
851243 52
851251 134
851262 167
851273 185
851305 120
851306 244
851309 95
851331 75
851342 4
851349 59
851352 102
851354 41
851355 51
851360 86
851362 25
851375 53
851376 58
851400 180
851404 132
851407 213
851408 1
851411 80
851441 32
851446 28
851449 13
851451 16
851452 24
851462 62
851468 26
851471 33
851702 8
851705 20
851708 7
851715 18
851751 8
851752 8
851767 13
851768 13
851789 20
852100 54
852101 53
852102 53
852103 53
852201 43
852202 43
852203 43
852204 43
888102 137
888106 33
888111 66
888121 91
888147 10
888151 4
888192 34
888231 22
888251 27
888311 3
888341 8
888361 4
888411 1
888702 14
888703 15
888704 2
888705 13
888730 2
888733 1
888744 20
888782 5
888792 2
888797 2
888798 3
888891 7
888892 1
888893 3
888898 1
902899 5
905700 9
905791 14
905792 8
905794 1
905799 5
905897 4
905899 6
906703 5
906789-801 5
906789-802 5
907701 9
907703 9
907709 9
907710 9
909701 2
909703 2
910701 8
910702 8
910703 8
910704 8
910705 8
910708 6
910709 6
910734 1
910792 1
916897 1
923701 6
923702 6
923703 6
923704 6
923705 6
923706 6
923707 6
924701 2
924702 2
924703 2
950801 7
950803 7
951100 576
951102 108
951103 108
951106 106
951107 53
951111 113
951124 105
951203 1
951212 66
951301 17
951302 27
951323 29
951331 28
951344 65
951345 38
951348 35
951352 30
951353 29
951354 29
951411 28
951413 36
951451 19
951489 3
951492 2
951494 67
951497 40
951499 56
952700 25
952701 25
952702 25
952703 25
952704 25
952724 21
952764 23
952792 23
952798 7
952799 1
952801 4
952802 4
952803 4
952821 4
952891 4
952893 1
952898 1
952899 3
953100 52
953103 1
953111 1116
953212 34
953231 1
953233 39
953261 40
953321 17
953322 22
953331 24
953361 46
953391 45
953420 40
953421 20
953444 2
953464 9
953494 23
953495 6
953499 38
953702 3
953790 3
953791 3
953799 4
954100 163
954231 127
954244 116
954246 31
954310 132
954370 134
954374 138
954389 57
954410 34
954413 25
954416 116
954424 45
954426 130
954443 27
954449 10
954462 44
954464 36
954471 18
954477 119
954480 34
954491-001 39
954491-002 35
954491-003 10
954491-004 6
954492 33
954493 28
954498 31
954499 2
955100 1
955102 236
955103 411
955104 78
955105 1
955106 6
955200 60
955201 176
957213 112
958111 62
958201 48
958221 46
958225 46
958261 46
958373 46
960121 24
960212 24
960231 24
961701 33
961731 18
961792 1
