261103 261200 1
261103 261210 1
261103 261212 1
261103 261216 2
261111 261200 3
261111 261210 2
261111 261212 2
261111 261216 2
261111 261217 3
261111 261304 9
261111 261335 10
261111 261336 10
261111 261342 10
261111 261343 10
261111 261461 1
261200 261210 52
261200 261212 51
261200 261216 60
261200 261217 61
261200 261335 24
261200 261336 24
261200 261342 2
261200 261343 2
261210 261212 62
261210 261216 55
261210 261217 57
261210 261304 1
261210 261335 8
261210 261336 8
261210 261342 3
261210 261343 3
261210 261491 1
261212 261216 55
261212 261217 56
261212 261304 1
261212 261335 7
261212 261336 7
261212 261342 3
261212 261343 3
261212 261491 1
261216 261217 60
261216 261461 1
261216 261491 1
261217 261304 8
261217 261335 20
261217 261336 19
261217 261342 13
261217 261343 13
261217 261406 1
261217 261434 1
261217 261447 1
261217 261456 1
261217 261469 1
261217 261491 2
261217 261497 2
261304 261335 62
261304 261336 62
261304 261342 65
261304 261343 65
261304 261405 12
261304 261406 7
261304 261434 3
261304 261447 6
261304 261456 8
261304 261457 9
261304 261458 5
261304 261461 1
261304 261469 5
261304 261491 13
261304 261494 4
261304 261497 4
261304 261499 1
261305 261343 1
261305 261361 11
261305 261405 1
261305 261434 14
261305 261497 1
261335 261336 99
261335 261342 70
261335 261343 70
261335 261361 2
261335 261405 4
261335 261406 2
261335 261456 6
261335 261457 7
261335 261461 1
261335 261491 5
261335 261494 3
261335 261497 2
261336 261342 70
261336 261343 70
261336 261361 1
261336 261405 2
261336 261406 1
261336 261456 5
261336 261457 6
261336 261461 1
261336 261491 3
261336 261494 2
261336 261497 1
261342 261343 78
261342 261405 6
261342 261447 3
261342 261456 7
261342 261457 6
261342 261458 1
261342 261461 2
261342 261469 4
261342 261491 10
261342 261494 1
261342 261497 4
261343 261405 5
261343 261434 1
261343 261447 1
261343 261456 6
261343 261457 6
261343 261461 1
261343 261469 5
261343 261491 7
261343 261494 1
261343 261497 5
261361 261434 12
261405 261406 26
261405 261434 14
261405 261447 33
261405 261456 28
261405 261457 15
261405 261458 32
261405 261461 8
261405 261469 34
261405 261491 79
261405 261492 5
261405 261494 10
261405 261497 30
261405 261499 17
261406 261434 1
261406 261447 9
261406 261456 7
261406 261457 5
261406 261458 10
261406 261469 12
261406 261491 26
261406 261494 3
261406 261497 8
261406 261499 3
261434 261447 11
261434 261456 1
261434 261457 3
261434 261458 6
261434 261461 2
261434 261469 1
261434 261491 13
261434 261492 1
261434 261494 2
261434 261497 5
261434 261499 1
261447 261456 5
261447 261457 4
261447 261458 8
261447 261461 2
261447 261469 15
261447 261491 32
261447 261492 2
261447 261494 2
261447 261497 7
261447 261499 4
261456 261457 4
261456 261458 12
261456 261461 2
261456 261469 14
261456 261491 28
261456 261492 3
261456 261494 3
261456 261497 5
261456 261499 12
261457 261458 4
261457 261461 1
261457 261491 15
261457 261494 4
261457 261497 8
261457 261499 2
261458 261461 4
261458 261469 9
261458 261491 31
261458 261492 1
261458 261494 3
261458 261497 8
261458 261499 9
261461 261491 9
261461 261494 1
261461 261497 5
261469 261491 33
261469 261492 2
261469 261494 2
261469 261497 12
261469 261499 6
261491 261494 10
261491 261497 30
261491 261499 14
261492 261497 1
261492 261499 3
261494 261497 4
261494 261499 2
261497 261499 2
261701 261702 3
261701 261706 3
261701 261732 1
261701 261735 1
261701 261753 1
261701 261754 2
261701 261791 1
261702 261706 3
261702 261735 1
261702 261754 3
261702 261791 1
261706 261735 1
261706 261754 2
261706 261791 1
261735 261739 2
261735 261791 2
261735 261799 2
261739 261791 2
261739 261799 2
261753 261899 2
261754 261791 1
261767 261791 1
261767 261799 1
261769 261791 1
261791 261799 5
