001101 7894
001102 930
001111 117
001113 117
001201 6257
001202 120
001210 364
001212 114
001218 114
001230 217
001231 164
001250 156
001291 212
001293 92
001310 154
001311 269
001312 50
001315 110
001318 105
001320 22
001321 48
001323 45
001330 114
001342 31
001353 126
001354 104
001362 24
001410 10
001415 24
001418 112
001421 15
001422 26
001423 26
001425 26
001443 57
001444 20
001445 53
001447 31
001461 24
001464 18
001473 12
002101 47
002110 42
002191 35
002192 8
002201 31
002211 33
002221 31
002250 30
002301 30
002333 22
002351 15
002365 26
002372 18
002401 27
002441 12
002473 22
002489 15
003101 24
003191 112
003201 6
003314 5
003320 3
003331 5
003349 7
003367 2
003414 12
003421 12
003436 12
004101 49
004241 46
004301 33
004303 50
004309 26
004324 75
004351 32
004432 20
004473 28
004475 23
004499 5
004714 5
004716 5
004720 5
004799 5
004898 1
004899 4
006103 106
006126 32
006203 55
006206 50
006212 26
006226 24
006242 48
006253 48
006303 36
006307 27
006324 18
006326 41
006330 40
006331 25
006332 19
006344 30
006346 29
006355 8
006425 15
006427 9
006432 18
006433 16
006443 35
006448 21
006460 1
006470 37
008213 145
008214 24
008215 35
008218 24
008220 110
008232 116
008303 122
008312 115
008314 23
008315 28
008316 103
008317 114
008321 94
008322 54
008324 59
008325 74
008326 32
008351 1
008352 97
008401 1
008411 116
008413 103
008417 99
008422 115
008424 50
008442 9
008449 101
008456 6
009103 626
009105 81
009212 82
009230 51
009231 51
009304 1
009326 18
009333 52
009336 52
009341 29
009345 17
009425 27
009426 39
009428 22
009431 38
009439 11
009469 37
009478 37
011100 178
011151 52
011152 28
011153 162
011251 159
011257 83
011259 20
011269 174
011276 56
011353 60
011356 35
011358 72
011362 45
011369 27
011374 22
011459 26
011461 24
011464 22
011480 21
011486 15
011498 1
011701 3
011704 3
011705 2
011713 3
011714 3
011751 2
011768 3
011770 2
011799 1
012100 11
012173 104
012200 149
012271 12
012272 7
012273 6
012276 7
012371 2
012475 7
013103 306
013110 935
013203 122
013204 56
013206 55
013207 94
013217 39
013301 35
013302 56
013303 18
013304 56
013305 55
013306 34
013307 56
013313 28
013317 19
013326 15
013329 22
013330 28
013335 27
013338 28
013420 26
013421 10
013422 29
013427 28
013433 23
013435 11
013453 25
013455 25
013704 20
013714 20
013722 20
013724 20
013726 9
013798 11
013799 6
014210 100
014270 136
014302 30
014304 29
014310 36
014311 21
014322 50
014323 62
014325 34
014370 34
014371 51
014380 44
014382 11
014390 47
014401 28
014402 29
014403 26
014410 52
014421 31
014482 30
014499 19
015101 78
015102 1
016101 28
016232 3
017101 51
017102 7
017111 24
017201 5
017210 7
018103 36
018111 211
018113 53
018125 36
018203 35
018211 32
018213 32
018231 34
018235 33
018271 31
018301 5
018325 30
018335 18
018341 13
018351 10
018353 11
018371 8
018421 38
018433 13
018435 28
018436 15
018438 29
018441 3
018451 5
018465 24
018467 10
018471 8
018495 30
019101 176
019103 64
019105 61
019106 42
019108 64
019111 64
019203 52
019205 33
019206 30
019208 48
019211 52
019221 56
019303 47
019311 45
019331 45
019361 46
019373 45
019381 45
019411 43
019442 43
019471 42
019473 42
019490 3
020101 78
020102 9
020211 33
020231 21
020311 28
020321 27
020333 28
020341 32
020362 25
020363 26
020412 15
020421 15
020481 15
020491 14
021101 66
021102 10
021203 17
021204 33
021270 16
023797 1
023799 7
024799 1
025101 20
025104 40
025105 23
025107 12
025108 28
025204 23
025206 36
025207 29
025208 30
025304 13
025322 34
025370 13
025420 35
025480 34
025489 31
025490 35
026101 132
026102 61
026111 20
026112 34
026201 37
026271 8
029701 4
029703 6
029711 4
029735 2
029790 3
030101 50
033765 16
033789 16
033793 16
050100 1445
050103 239
050104 122
050106 356
050111 291
050121 74
050141 297
051302 34
051304 14
051306 32
051310 15
051313 31
051418 23
052201 73
052202 73
052352 74
052357 74
052420 44
052441 29
052443 30
052445 29
052447 28
052466 32
053712 4
053713 5
053770 5
054810 4
054870 4
055701 32
055703 16
055704 19
055706 16
055707 16
055713 2
055733 19
055734 17
055757 2
055771 68
055797 16
055799 20
057121 114
057123 31
057125 90
057126 102
057127 254
057128 90
057129 90
057130 136
057131 2
057132 67
057133 45
057134 22
057135 28
057136 124
057137 39
057138 40
057139 53
057140 41
057201 25
057205 40
057213 25
057215 27
057274 2
057284 41
057285 41
057288 41
057293 25
057294 27
057296 40
057300 25
057302 27
057305 46
057316 27
057351 40
057366 3
057403 30
057404 29
057405 30
057410 55
057411 27
057420 31
057426 31
057428 36
059413 26
059419 38
061106 30
061201 22
061223 41
061224 25
061306 27
061307 19
061317 11
061319 1
061403 23
061404 27
061407 17
061430 1
062200 13
062210 13
062343 16
062411 17
062452 16
062460 16
062470 16
062499 20
063201 84
063702 18
063704 18
063710 18
064204 40
064232 17
064251 20
064252 10
064303 10
064331 22
064392 29
064412 12
064418 19
064423 17
064424 86
064430 87
064474 9
064490 22
065210 12
065212 13
065310 59
065311 32
065320 27
065332 46
065421 30
065435 6
065436 12
065437 14
065438 15
065797 1
066221 23
066323 38
066410 39
066414 1
066416 32
066421 36
066425 7
067202 35
067303 24
067311 31
067372 36
067373 46
067432 32
069712 3
070200 24
070304 16
070305 16
070403 1
070404 17
070410 16
070411 17
070416 16
070711 7
070720 7
070721 7
070740 7
070741 7
070799 7
071411 11
071412 35
071413 24
071415 7
071416 50
071418 5
071419 14
071422 12
071423 10
071425 35
071712 15
071715 13
071730 6
071736 6
071738 6
071811 4
073711 22
073721 11
073770 3
074100 126
074101 151
074414 44
076425 7
076427 10
076430 9
076444 12
076466 7
078444 102
078454 24
079169 29
079220 4
079264 29
088799 9
088899 7
091700 37
091800 12
091898 2
091899 15
099100 54
099101 16
099102 69
100102 5
100109 201
100110 225
100111 215
100112 228
100207 7
100213 1
100214 60
100220 24
100222 6
100225 18
100228 75
100229 107
100230 87
100231 112
100233 16
100281 3
100291 72
100306 7
100307 33
100308 44
100309 19
100310 18
100311 155
100312 145
100313 148
100314 145
100381 153
100489 142
100498 207
100501 195
100589 312
101100 320
101103 44
101105 25
101113 107
101114 166
101201 252
101211 42
101221 155
101315 20
101400 188
101405 16
103112 32
103191 39
103225 16
103251 18
103271 297
103311 25
103372 14
103391 25
103392 25
103393 25
103422 19
103432 21
103491 19
104200 9
104201 51
104231 9
104300 27
104301 37
104325 2
104333 7
104410 5
104424 5
104436 6
104437 5
104440 12
104475 17
104495 34
105100 36
105203 35
105304 23
105311 35
105334 21
105336 13
105337 2
105413 19
105500 26
105501 24
105595 5
105598 26
106117 3
106121 59
106123 9
106124 5
106125 9
106212 6
106223 29
106224 1
106225 2
106228 7
106229 5
106231 28
106321 23
106325 9
106327 23
106427 26
106428 21
107211 48
107212 21
107223 4
107227 13
107229 11
107329 1
107333 18
107334 15
107335 22
107336 21
107338 2
107437 24
107439 7
107498 25
107499 6
109100 212
109115 68
109116 162
109118 94
109119 45
110101 55
110201 53
110202 72
110220 53
110234 19
110250 36
110251 8
110270 54
110333 24
110340 36
110342 35
110350 3
110351 16
110352 14
110353 4
110362 33
110434 34
110491 33
112101 54
112102 45
112103 47
112104 44
112108 44
112110 40
112201 41
112203 43
112213 20
112300 29
112301 27
112314 23
112401 36
112405 23
112407 40
112411 21
112412 10
112413 20
112423 2
114101 44
114103 55
114104 44
114203 54
114305 14
114313 27
114321 14
114323 21
114325 54
114327 42
114332 53
114334 10
114343 30
114345 42
114406 44
114407 56
114408 1
114416 21
114425 70
115200 31
115300 10
115301 28
115302 13
115400 21
115711 5
115712 1
115713 5
115714 1
115715 3
115721 8
115724 3
115798 1
115799 1
116301 18
116302 1
116400 5
117101 52
117204 25
117205 34
117206 32
117310 10
117311 12
117414 21
117415 38
118813 1
118898 11
119711 4
119721 3
119735 6
119789 4
119793 3
119797 1
119799 9
126101 308
126211 88
126215 90
126216 75
126321 95
126326 68
126333 38
126334 40
126338 40
126428 92
126432 42
126443 92
126446 15
126499 74
127100 375
127101 1002
127203 60
127204 64
127207 58
127303 53
127312 67
127314 51
127315 6
127316 51
127326 43
127337 44
127400 76
127711 22
127717 23
127718 22
127719 22
127727 27
127728 21
127798 20
127799 7
128100 232
128101 205
128202 82
128203 80
128204 81
128307 82
128309 83
128325 19
128334 22
128354 34
128355 17
128403 82
128482 92
128483 92
128701 55
128710 55
128730 55
128740 55
128762 43
128789 43
128798 43
128799 5
140101 1
140102 1
140103 47
140104 3812
140105 56
152101 24
152201 18
152211 66
152241 17
152301 68
152302 18
152303 1
152312 13
152313 3
152321 38
152332 23
152343 5
152351 8
152422 35
152431 20
152489 36
152499 1
153712 4
153721 5
153743 4
154104 201
154108 78
154141 143
154151 117
154231 73
154261 81
154262 72
154281 166
154311 53
154330 53
154353 36
154375 53
154377 14
154384 45
154388 52
154443 14
154455 22
154457 35
154477 11
154481 23
154488 12
154493 22
154494 9
154499 71
154701 6
154711 2
154735 4
154786 2
154799 1
156702 3
156716 3
159100 313
159101 203
159151 12
159203 92
159221 85
159231 98
159301 1
159303 86
159304 9
159305 88
159311 22
159332 20
159356 20
159361 86
159362 85
159403 45
159411 40
159431 61
159443 4
159454 17
159490 64
159701 4
159723 6
159746 5
159761 4
159789 5
159799 2
159801 1
159899 4
160341 31
160725 2
164200 84
164341 16
166701 14
166711 5
166741 3
166789 5
167703 10
167705 8
167707 18
167711 10
167798 1
168100 28
168101 39
168221 4
168222 3
168700 3
168750 3
168789 1
168899 3
169701 24
169789 4
169799 9
169801 4
169898 8
169899 1
170108 120
170109 69
173701 5
175335 4
176100 276
176101 470
176103 3
176104 31
176220 1021
177103 335
177214 321
177215 324
177216 319
177217 382
177281 349
177283 5
177285 10
177321 57
177330 243
177341 22
177362 236
177393 222
177401 19
177404 233
177405 17
177414 65
177426 248
177427 30
177430 64
177434 454
177446 232
177448 63
177450 225
177463 21
177464 3
177465 59
177467 147
177468 5
177481 125
177485 23
177494 34
178717 7
178732 10
178746 7
178776 4
178789 14
179402 17
179403 40
201100 325
201110 39
201111 190
201114 702
201115 169
201116 151
201117 41
201190 46
201191 89
201193 3
202100 60
202101 741
202103 670
202141 174
202142 174
202143 204
202145 65
202146 65
202184 179
202231 98
202260 21
202305 48
202311 36
202332 20
202334 23
202342 50
202361 19
202371 31
202438 13
202443 9
202472 2
202473 36
202474 29
202477 17
202481 4
202491 1
202493 1
202495 4
202742 7
202759 1
202765 4
202776 3
202782 4
202791 4
202792 6
202799 18
202833 8
202848 3
202873 4
202891 4
202892 3
202893 1
202897 1
202898 9
203100 208
203103 131
203107 123
203111 1466
203115 1372
203116 70
203119 68
203151 180
203157 65
203162 376
203167 328
203171 175
203173 175
203201 84
203203 87
203204 147
203206 531
203207 82
203208 145
203209 452
203222 74
203226 400
203228 73
203229 352
203231 90
203235 101
203236 41
203241 82
203255 57
203286 85
203288 86
203303 68
203308 67
203315 89
203323 62
203324 55
203327 55
203331 94
203332 66
203333 65
203337 93
203351 11
203352 52
203399 45
203405 18
203406 3
203414 37
203423 7
203431 37
203434 32
203458 5
203471 35
203475 31
203477 35
203497 4
203498 41
203499 1
203705 5
203709 1
203714 5
203716 3
203722 2
203736 1
203743 9
203753 26
203791 3
203792 14
203799 9
203807 2
203821 2
203828 7
203879 5
203889 1
203891 4
203892 7
203897 2
203898 21
203899 1
204100 2025
204101 247
204111 84
204123 50
204202 66
204211 52
204216 33
204231 51
204251 24
204321 54
204325 26
204335 18
204341 53
204361 52
204365 4
204381 67
204383 9
204390 38
204398 2
204432 20
204435 15
204442 3
204451 63
204452 3
204453 20
204471 9
204491 25
204496 15
204499 1
204712 1
204721 2
204732 1
204764 9
204898 4
205100 74
205103 118
205104 46
205105 108
205235 38
205239 38
205275 149
205303 45
205310 49
205337 45
205355 45
205393 50
205410 39
205415 45
205421 1
205461 19
205464 23
205475 35
205479 22
205483 12
205486 27
205495 20
205496 16
205499 10
205712 5
205735 2
205761 2
205783 3
205791 5
205805 1
205898 4
206100 596
206101 76
206103 322
206104 101
206107 1
206108 305
206111 938
206112 217
206113 119
206161 1039
206162 418
206171 1237
206172 276
206181 82
206191 106
206203 38
206207 10
206211 61
206216 26
206217 25
206261 705
206267 83
206281 145
206300 131
206321 16
206324 63
206325 38
206327 90
206328 11
206331 12
206336 16
206341 11
206355 34
206362 43
206370 12
206381 13
206390 9
206412 3
206436 47
206437 19
206441 40
206455 17
206474 4
206499 5
206704 2
206707 5
206713 5
206720 6
206721 2
206730 1
206736 1
206738 4
206739 2
206743 9
206753 7
206766 2
206783 8
206789 1
206791 3
206794 1
206795 5
206797 2
206798 4
206831 3
206891 1
206898 1
206899 7
206997 5
206998 2
207100 12
207103 123
207105 1004
207106 111
207107 120
207109 160
207115 949
207117 80
207123 348
207131 183
207135 65
207164 73
207171 179
207173 340
207174 70
207183 145
207187 107
207203 30
207205 28
207208 57
207213 35
207308 33
207310 17
207313 25
207323 33
207348 13
207401 26
207403 8
207406 22
207416 4
207419 44
207422 7
207436 4
207438 25
207439 1
207701 6
207703 5
207705 5
207711 6
207741 2
207743 1
207791 6
207792 1
207799 7
207892 4
207899 5
208101 347
208140 54
208150 118
208250 37
208251 19
208263 689
208265 13
208270 86
208271 467
208272 84
208280 67
208321 71
208329 58
208343 37
208348 35
208370 17
208383 25
208425 49
208439 22
208440 14
208469 19
208492 34
208499 6
208711 4
208760 5
208761 5
208770 6
208793 3
208798 1
208799 2
208871 3
208872 3
208898 1
208899 2
209201 62
209251 52
209301 62
209302 57
209303 57
209331 14
209351 18
209358 18
209361 18
209368 18
209375 39
209403 15
209442 18
209451 18
209453 18
209461 18
209463 18
209471 14
209483 15
209485 8
209493 36
209498 38
209703 1
209705 4
209707 4
209709 3
209711 2
209713 2
209722 1
209731 2
209771 8
209773 6
209779 5
209785 3
209799 3
209898 6
210100 22
210201 37
210202 27
210204 21
210275 21
210343 34
210351 29
210375 28
210383 34
210425 24
210433 9
210434 21
210453 8
210465 7
210485 9
210496 18
210703 4
210704 4
210705 4
210707 4
210723 1
210731 6
210732 6
210792 6
210799 4
210893 3
210898 6
211100 239
211311 115
211315 346
211317 114
211319 314
211399 23
211413 28
211440 27
211442 27
211443 27
211495 6
211499 1
211702 3
211889 7
212701 4
212703 4
212711 4
212721 2
212741 4
212773 2
212791 4
212796 2
212798 3
212799 3
213201 13
213712 1
213714 1
213763 1
213769 3
213779 3
213791 8
213792 2
213799 9
213892 1
213897 5
213898 3
214100 8
214261 42
214312 7
214341 34
214381 24
214401 24
214411 20
214414 27
214415 28
214421 5
214430 6
214441 7
214445 7
215205 335
215206 335
215207 97
215208 98
215301 30
215302 52
215381 51
215411 29
215431 54
215471 50
215481 28
215495 51
215496 57
215497 38
215734 1
215762 3
215785 4
215788 4
215792 5
215794 5
215797 1
215799 6
215891 3
215892 2
215893 8
215894 1
215897 4
215898 10
217701 7
217703 7
217707 7
217717 7
217734 2
217751 1
217775 4
217781 3
217792 4
217799 4
217893 5
217898 6
218100 61
218101 26
218233 26
218235 26
218310 30
218321 30
218323 30
218351 30
218471 23
218475 23
218483 18
218486 5
218495 13
218497 23
219720 8
219731 9
219751 3
219792 2
219799 1
220898 6
225701 2
225703 2
225705 2
225720 2
226701 4
226705 2
226706 2
226709 3
226710 4
226791 2
226792 1
226799 1
226801 2
226807 4
226889 2
226891 2
226892 4
226893 1
226898 6
226899 2
228897 2
228898 3
229123 64
229323 58
229352 17
229711 38
230751 3
230752 3
230753 3
230796 3
251211 191
251213 27
251261 13
251281 143
251312 85
251313 41
251333 26
251334 27
251361 100
251363 108
251371 83
251372 82
251374 41
251384 32
251411 81
251418 10
251437 17
251438 58
251451 11
251455 14
251457 49
251461 94
251475 38
251479 31
251499 19
251701 4
251702 4
251703 8
251711 6
251714 6
251715 6
251717 6
251718 6
251745 4
251751 6
251752 6
251757 6
251758 3
251773 1
251783 1
251785 1
251790 21
251797 5
251798 22
251898 7
252201 154
252211 278
252232 144
252282 219
252283 205
252285 252
252286 249
252301 97
252302 60
252317 105
252320 31
252322 76
252325 75
252327 73
252330 93
252342 21
252363 108
252420 35
252421 3
252424 29
252425 22
252426 5
252427 37
252444 21
252450 40
252455 21
252460 29
252489 15
252490 90
252493 9
252498 32
252499 19
252702 1
252708 3
252723 2
252724 4
252741 3
252748 2
252781 2
252785 3
252789 2
252791 4
252798 3
252799 9
252899 2
253303 52
253314 36
253315 30
253432 30
253455 20
253456 13
253481 47
253491 31
253492 2
253701 12
253715 1
253717 4
253722 10
253731 8
253732 13
253734 11
253735 2
253736 8
253748 6
253752 11
253754 11
253799 4
253898 5
254181 58
254205 33
254206 181
254211 48
254215 189
254216 86
254222 107
254231 193
254232 48
254252 268
254282 10
254302 239
254325 281
254333 237
254372 235
254421 139
254425 7
254426 7
254435 5
254436 19
254438 2
254439 25
254441 178
254442 19
254451 178
254456 25
254457 24
254458 11
254459 17
254461 20
254471 176
254473 15
254490 178
254491 21
254492 6
254494 3
254498 8
254499 3
254700 9
254702 2
254703 4
254710 6
254711 2
254734 3
254770 3
254777 6
254798 2
254799 1
254804 1
254875 3
254898 6
255201 275
255215 234
255251 243
255290 236
255300 159
255320 151
255321 158
255330 192
255359 147
255415 23
255417 19
255420 38
255422 36
255424 27
255430 24
255432 94
255434 68
255437 40
255438 38
255439 26
255441 21
255447 15
255449 40
255454 15
255460 40
255462 39
255464 32
255471 19
255491 201
255492 27
255498 8
255499 24
255712 24
255720 24
255722 20
255734 21
255739 21
255745 24
255750 10
255764 10
255766 5
255770 46
255771 21
255772 28
255786 16
255791 6
255797 2
255798 4
255799 10
255830 2
255898 2
255899 7
256100 80
256212 38
256271 11
256281 20
256316 24
256333 25
256373 5
256383 15
256412 23
256415 13
256441 19
256457 30
256462 24
256473 16
256491 28
256700 2
256735 1
256761 2
256762 2
256782 1
256798 1
256799 2
259103 788
259104 893
259106 477
259107 415
259108 325
259109 211
259191 985
259192 38
259194 103
259201 207
259203 49
259402 372
259491 7
260312 2
260404 1
260413 2
260424 2
260434 1
260717 1
260772 1
260799 2
261103 90
261111 1692
261200 86
261210 63
261212 62
261216 70
261217 83
261304 75
261305 15
261335 103
261336 99
261342 81
261343 80
261361 14
261405 87
261406 28
261434 30
261447 35
261456 36
261457 19
261458 32
261461 15
261469 41
261491 87
261492 5
261494 12
261497 33
261499 17
261701 5
261702 4
261706 3
261732 1
261735 4
261739 2
261753 3
261754 3
261767 1
261769 1
261791 8
261798 2
261799 5
261899 7
263701 4
263702 4
263720 3
263746 4
263760 4
263771 1
263797 3
263799 1
263898 3
264701 11
264706 11
264707 10
264710 17
264741 11
264791 9
264797 8
264799 1
265750 24
265798 1
266701 2
266703 1
266723 2
266792 5
266798 2
266899 1
268721 17
268798 5
268799 13
269101 30
269102 30
269200 22
269201 23
269202 23
269340 16
269430 39
269462 37
269470 27
269491 9
269492 20
269497 7
270701 36
270702 37
270711 11
270791 5
270792 3
270797 9
270799 1
301221 196
301233 249
301241 145
301254 61
301702 2
301710 3
301715 2
301716 2
301717 2
301789 3
301791 1
301799 1
301891 2
301899 10
303210 83
303221 181
303232 52
303262 72
303706 1
303709 7
303712 5
303713 5
303726 5
303735 7
303736 8
303792 2
303799 6
303897 5
303899 14
305202 64
307401 1
310331 72
310401 1
311352 65
311700 3
311701 2
311704 2
311722 2
311725 3
311792 3
311799 4
311891 1
311892 2
311893 1
311898 4
312708 1
312792 1
312799 1
314401 1
314799 1
314893 2
314898 2
317701 2
317702 2
317703 2
317791 1
317795 2
317797 1
317881 1
317898 3
317899 1
318322 63
318351 66
320332 90
320342 124
320351 65
320702 2
320791 2
320799 2
320893 2
320899 2
321224 181
321232 123
321242 144
321251 63
321371 15
321700 3
321701 3
321702 3
321791 3
321792 1
321898 3
321899 6
323331 72
324701 1
324702 1
324703 1
324704 1
324707 1
324710 4
324711 4
324712 4
324715 4
324799 2
328310 71
328313 77
330110 251
330111 251
330191 5
332881 1
332885 1
332897 2
334802 2
334803 2
334811 2
346799 1
346893 11
346898 6
347891 9
347898 21
347899 1
351100 64
351201 50
351202 274
351301 34
351321 62
351331 45
351410 47
351441 74
351442 37
351451 36
351463 9
351466 36
351499 2
351760 2
351763 5
351789 2
351799 2
352301 12
352311 5
352321 32
352323 30
352332 14
352380 42
352422 22
352431 4
352490 18
352499 7
352712 16
352715 18
352721 16
352741 8
352791 16
352793 18
352797 1
352799 11
352821 8
352832 7
352842 7
352891 7
352899 10
353100 92
353301 2
353303 7
353312 6
353390 25
353421 23
353431 24
353451 12
353452 22
353454 6
353490 1
353497 3
353498 4
353499 2
353711 6
353741 4
353751 5
353752 8
353762 2
353769 1
353791 1
353792 5
353799 5
353898 3
354311 45
356100 353
356101 248
356102 255
356202 72
356210 231
356212 72
356303 56
356304 1
356306 59
356312 2
356361 1
356390 2
356412 58
356414 22
356416 2
356432 1
356441 23
356442 32
356443 26
356471 4
356490 64
356496 1
356497 8
356499 5
356722 4
356725 5
356745 2
356746 3
356751 2
356789 12
356791 1
356795 1
356797 6
356799 6
356897 2
356898 4
357101 143
357110 75
357210 164
357322 3
357324 2
357360 8
357390 9
357417 8
357441 34
357491 8
357497 1
357701 2
357710 2
357731 2
357741 2
357782 5
357783 5
357792 3
357797 1
357799 1
357898 1
359202 342
359203 71
359204 6
359206 6
359301 70
359311 78
359381 6
359390 72
359405 17
359409 29
359410 69
359413 7
359414 13
359421 70
359431 20
359451 31
359481 1
359483 5
359497 25
359499 9
359701 12
359702 4
359705 10
359713 13
359722 4
359723 3
359791 6
359799 8
359873 2
359891 2
359898 2
360100 112
360210 269
360212 17
360390 17
360400 17
360402 3
360404 3
360407 17
360411 19
360431 36
360460 17
360470 3
360497 17
360499 1
360721 4
360751 5
360761 8
360771 5
360796 4
360797 2
360799 5
360897 3
360898 6
361210 45
361214 13
361301 4
361321 10
361351 82
361390 6
361453 14
361461 6
361471 6
361490 5
361498 5
361499 1
361712 2
361725 1
361732 5
361772 1
361792 3
361799 3
361899 3
363210 209
365222 73
365301 13
365321 6
365331 6
365390 10
365401 12
365421 6
365427 5
365428 6
365493 4
365497 12
366899 1
368200 27
368317 49
368331 37
368412 3
368416 23
368433 3
368441 43
368487 37
368730 9
368741 9
368751 9
368799 4
371898 1
400110 150
400190 322
400211 270
400290 3
401382 64
401701 6
401702 6
401703 6
401761 6
401792 6
401799 2
401811 3
401812 3
401857 2
401874 2
401884 2
401951 3
402707 5
402753 6
402792 5
402799 5
403382 65
403701 24
405712 12
405713 3
405732 12
405753 9
405761 3
405763 3
405781 12
405783 3
405794 9
406385 66
406395 64
407713 2
407715 9
407723 2
407725 9
407731 2
407733 9
407753 2
407755 4
407761 11
407781 2
407783 4
407792 11
408701 4
408703 4
408704 23
408705 10
408708 4
408761 4
408763 4
408765 10
408797 4
409281 61
409292 61
411281 61
411291 61
412718 1
412720 5
412761 1
412791 1
413701 14
414855 6
414857 6
414896 6
414898 6
415291 60
415383 63
415711 96
415712 46
415713 46
415903 4
415981 4
420281 61
421281 61
421291 60
421385 63
421395 63
421711 20
421712 20
421713 20
421714 20
421717 20
421751 20
421811 14
421812 14
421813 14
421827 9
421828 9
421831 14
421861 8
421863 9
421892 9
421951 6
422711 93
422712 13
422713 79
423382 63
426701 6
426703 4
426761 6
426765 4
427798 35
427799 4
427898 5
428382 64
429711 4
429731 4
429781 4
429801 4
429811 4
429831 4
429851 4
429853 4
430716 7
430753 7
430769 7
430783 7
430784 7
430799 7
455898 10
455899 6
461100 202
461170 31
461471 2
461472 4
461511 7
461527 13
461529 44
461797 4
461798 2
462130 580
462533 1
462541 9
462587 5
462588 4
462701 2
462704 2
462705 6
462706 2
462722 2
462791 2
462793 6
462799 2
463251 143
463311 128
463331 122
463341 122
463353 125
463402 132
463433 135
463455 133
463491 52
463503 51
463504 78
463507 8
463545 50
463556 50
463558 78
463581 51
463593 51
463701 5
463702 5
463703 5
463705 4
463735 1
463737 5
463769 2
463792 2
464301 125
464311 126
464341 124
464391 133
464401 134
464413 135
464441 134
464443 52
464444 81
464445 81
464491 81
464501 78
464502 52
464503 77
464509 15
464510 54
464541 79
464542 79
464543 78
464544 78
464549 8
464582 129
466141 174
501301 91
501302 91
501702 1
501791 1
502211 18
502311 13
503402 77
504302 90
505402 77
506303 91
506361 50
506793 4
507402 77
508203 81
508207 41
508303 91
508732 3
508791 3
509402 77
510100 151
510201 81
510202 81
510307 5
510411 26
510414 78
510415 77
510416 77
510417 77
510418 77
510713 6
510716 9
510719 6
510721 6
510799 7
510897 3
510898 20
512303 90
512312 25
512402 77
513111 75
513114 76
513223 64
513224 64
513283 64
513315 74
513324 77
513328 77
513340 72
513363 72
513371 71
513412 67
513429 67
513445 67
513451 67
513471 67
513703 5
513707 5
513709 5
513756 10
513799 4
514161 70
514211 59
514241 59
514261 56
514317 58
514323 51
514335 53
514337 49
514341 58
514343 57
514381 54
514383 51
514395 55
514397 53
514425 17
514442 49
514451 14
514453 50
514466 25
514475 50
514701 7
514730 1
514741 1
514751 1
514791 1
514799 2
515101 313
515201 52
515250 51
515307 65
515312 68
515334 68
515361 65
515364 64
515370 1
515374 1
515376 63
515403 71
515411 72
515444 72
515481 71
515483 71
515486 6
515487 5
515490 71
515493 10
515494 10
515495 10
515496 11
515497 10
515498 10
515799 1
516101 92
516102 45
518709 4
518761 4
518763 4
518773 5
518775 1
518799 1
520711 6
520713 4
520714 6
520716 6
520791 4
520799 4
551392 1
551461 160
551491 77
551492 158
552216 108
552217 104
552222 64
552291 176
553312 172
554314 172
554392 96
554493 82
554494 82
555313 172
555392 1
555393 90
555394 50
555725 15
555731 15
555732 15
556311 172
556391 48
556491 1
556742 18
556747 18
556748 18
556753 8
556799 8
557433 160
557491 1
558411 160
558432 160
558442 160
558749 17
558752 35
558757 35
558758 7
558798 6
558799 1
560725 1
561312 173
561391 53
561392 53
561491 77
561742 4
561743 21
561744 21
561748 10
561799 14
562211 77
562700 171
562703 100
562708 171
562709 13
562711 21
562715 135
562799 3
563701 20
563714 14
563799 2
564746 31
564747 31
564748 31
566720 5
566824 38
566828 39
566830 38
566831 27
566833 6
566891 10
566898 1
566899 24
568718 6
568719 6
568722 3
568799 3
569717 10
569719 10
569799 2
570701 15
570703 2
570705 12
570734 15
570735 2
570736 10
570799 3
571102 166
571113 162
571115 65
571116 30
601201 48
601302 65
601321 32
601322 41
601341 73
601344 68
601345 68
601351 72
601353 16
601422 39
601427 22
601428 28
601452 111
601453 110
601460 62
601462 63
601497 66
601702 2
601704 1
601705 1
601731 11
601758 16
601765 15
601767 4
601791 2
601792 3
601799 5
601893 1
601898 3
601899 4
602100 96
602102 220
602111 73
602201 73
602211 63
602315 62
602317 58
602321 57
602322 55
602431 29
602432 29
602441 26
602464 30
602496 42
602497 26
602499 4
602731 5
602761 4
602769 3
603211 167
603322 31
603332 33
603352 31
603371 31
603421 35
603422 1
603441 30
603453 30
603465 29
603471 30
603493 26
603494 56
603495 55
603497 28
603499 3
603732 1
603799 2
603892 1
604304 64
604305 64
604312 59
604313 58
604351 62
604352 70
604412 47
604414 47
604416 47
604422 50
604441 15
604451 36
604497 48
604711 1
604712 2
604715 13
604731 7
604732 8
604736 1
605201 73
605204 74
605301 62
605313 44
605314 65
605321 61
605322 61
605332 15
605341 65
605412 22
605432 30
605446 30
605459 7
605461 16
605476 10
605491 28
605496 30
605713 4
605741 1
605751 1
605791 1
605795 1
605799 2
605892 1
605893 1
605898 1
605899 4
606231 25
606242 18
606244 23
606263 25
606343 14
606362 14
606363 14
606479 16
606483 10
606491 13
606499 15
610101 5
610102 3
610114 245
626711 2
626712 2
627711 3
627712 3
627713 3
627732 3
651105 56
651107 72
651109 75
651120 70
651210 73
651232 72
651311 55
651312 55
651315 55
651316 55
651393 58
653703 7
653799 11
653898 6
653899 7
676700 21
676701 21
676702 20
676703 20
676704 20
676705 1
676714 1
676716 1
676798 12
676799 9
679800 5
679802 10
679804 5
701101 510
701181 38
701182 37
701183 326
701201 195
701211 194
701281 307
701313 178
701321 164
701331 165
701342 163
701344 2
701402 201
701403 193
701407 4
701409 2
701425 109
701455 99
701494 204
701714 91
701754 2
701892 1
702101 301
702205 490
702211 45
702312 254
702313 30
702316 69
702318 27
702341 59
702351 52
702411 48
702416 58
702418 18
702423 52
702431 59
702701 32
702702 125
702710 15
702711 18
702717 50
702718 10
702725 65
702742 10
702751 15
702752 15
702756 10
702757 10
702791 10
703103 1133
703131 204
703202 159
703204 42
703243 373
703244 175
703305 112
703308 320
703311 110
703313 20
703322 292
703324 186
703330 55
703331 28
703345 185
703352 42
703391 89
703404 85
703412 32
703435 94
703447 87
703454 105
703498 87
703499 1
703701 91
703702 109
703711 44
703740 94
703747 44
703791 65
703797 108
703831 2
704101 42
704141 42
704201 42
704345 42
705191 186
705211 155
705311 304
705329 149
705331 149
705342 1
705351 159
705411 133
705437 145
705441 63
705442 123
705444 161
705492 134
705493 1
705499 53
705711 34
705712 34
705721 34
705722 91
705723 59
705727 29
705743 34
705762 29
705767 29
705768 29
705772 29
705778 29
705779 28
705784 29
705792 29
705797 1
706100 11
706101 429
706102 362
709811 2
709812 2
709813 1
709814 3
709899 3
751100 1181
751101 496
751102 67
751103 210
751104 245
751105 275
751106 611
751202 99
751209 262
751301 274
751302 205
751303 81
751304 2
751305 154
751308 439
751309 46
751321 4
751323 31
751325 28
751326 26
751327 48
751330 72
751345 39
751401 111
751403 30
751405 137
751407 122
751408 75
751409 132
751413 14
751419 49
751420 18
751421 48
751422 9
751424 4
751428 57
751443 33
751447 20
751449 18
751451 10
751701 47
751702 41
751703 41
751704 10
751705 32
751706 3
751708 4
751712 2
751718 34
751722 13
751724 6
751726 9
751730 10
751749 11
751751 12
751766 11
751799 57
751895 7
751896 7
751899 2
801100 310
801106 3
801113 116
801201 111
801211 76
801225 77
801235 82
801311 84
801321 1
801324 83
801331 83
801333 92
801334 6
801335 5
801336 86
801381 1
801382 49
801411 68
801413 3
801421 69
801452 91
801471 71
801481 95
801483 25
801591 71
801707 3
801710 5
801711 8
801713 2
801719 3
801724 1
801739 3
801761 7
801771 8
801789 5
801791 3
801792 2
801797 2
801799 4
801801 1
801802 1
802111 21
802141 21
803121 34
803123 34
803211 34
803231 30
803300 5
803311 21
803331 21
803360 2
803370 8
803401 5
803431 10
803471 5
803490 20
804111 14
804121 14
804201 11
804211 11
804221 12
804222 11
804231 11
804311 4
804321 4
804331 4
804332 4
804371 4
804411 2
851100 520
851101 3
851102 295
851104 303
851105 303
851108 303
851200 302
851201 65
851202 91
851211 307
851212 80
851242 50
851243 54
851251 137
851262 166
851273 186
851305 121
851306 243
851309 97
851331 75
851342 2
851349 59
851352 102
851354 41
851355 50
851360 86
851362 26
851375 56
851376 58
851400 181
851404 134
851407 214
851408 17
851409 4
851411 80
851441 34
851446 28
851449 14
851451 16
851452 24
851462 62
851468 26
851471 33
851702 10
851705 20
851708 7
851715 18
851751 10
851752 10
851767 13
851768 13
851789 20
852100 56
852101 54
852102 54
852103 54
852201 44
852202 44
852203 44
852204 44
888102 154
888106 36
888111 74
888121 105
888147 10
888151 5
888192 26
888231 22
888251 27
888311 3
888341 8
888361 4
888411 1
888702 9
888703 9
888705 8
888730 1
888733 1
888744 16
888782 5
888798 3
888891 4
888892 1
888893 2
888898 1
902899 5
905700 10
905791 14
905792 9
905794 1
905799 6
905897 4
905899 7
906703 5
906789 10
907701 10
907703 10
907709 10
907710 10
909701 2
909703 2
910701 8
910702 8
910703 8
910704 8
910705 8
910708 6
910709 6
910734 1
910792 1
916897 1
923701 1
923702 1
923703 1
923704 1
923705 1
923706 1
923707 1
924701 2
924702 2
924703 2
950701 1
950702 1
950703 1
950715 2
950722 2
950733 1
950798 2
950801 4
950803 4
951100 589
951102 111
951103 111
951106 109
951107 54
951111 115
951124 108
951203 1
951212 68
951301 17
951302 27
951323 29
951331 28
951344 66
951345 39
951348 36
951352 30
951353 30
951354 30
951411 30
951413 38
951451 20
951489 5
951492 2
951494 68
951497 41
951499 56
952700 23
952701 23
952702 23
952703 23
952704 23
952724 21
952764 23
952792 23
952798 7
952799 1
952801 3
952802 3
952803 3
952821 3
952891 4
952893 1
952898 1
952899 4
953100 54
953103 2
953111 1210
953212 36
953233 41
953261 44
953321 17
953322 22
953331 23
953361 51
953391 45
953420 40
953421 20
953444 2
953464 9
953491 1
953494 23
953495 7
953499 38
953702 3
953790 3
953791 3
953799 4
954100 167
954231 120
954244 120
954246 23
954310 127
954370 127
954374 132
954389 53
954410 35
954413 27
954416 120
954424 46
954426 124
954443 27
954449 10
954462 44
954464 36
954471 20
954477 123
954480 34
954491 91
954492 33
954493 28
954498 17
954499 2
955100 1
955102 242
955103 419
955104 78
955106 5
955200 59
955201 178
957213 114
958111 63
958201 48
958221 46
958225 46
958261 46
958373 46
960121 24
960212 24
960231 24
961701 36
961731 18
961792 1
