001101 7894
001201 6257
140104 3812
204100 2025
261111 1692
203111 1466
050100 1445
203115 1372
206171 1237
953111 1210
751100 1181
703103 1133
206161 1039
176220 1021
207105 1004
127101 1002
259191 985
207115 949
206111 938
013110 935
001102 930
259104 893
259103 788
202101 741
206261 705
201114 702
208263 689
202103 670
009103 626
751106 611
206100 596
951100 589
462130 580
203206 531
851100 520
701101 510
751101 496
702205 490
259106 477
176101 470
208271 467
177434 454
203209 452
751308 439
706101 429
955103 419
206162 418
259107 415
203226 400
177217 382
203162 376
127100 375
703243 373
259402 372
001210 364
706102 362
050106 356
356100 353
203229 352
177281 349
207123 348
208101 347
211315 346
359202 342
207173 340
177103 335
215205 335
215206 335
203167 328
701183 326
259108 325
201100 325
177215 324
206103 322
400190 322
177214 321
101100 320
703308 320
177216 319
211319 314
515101 313
159100 313
100589 312
801100 310
126101 308
701281 307
851211 307
013103 306
206108 305
705311 304
851104 303
851105 303
851108 303
851200 302
702101 301
103271 297
050141 297
851102 295
703322 292
050111 291
254325 281
252211 278
206172 276
176100 276
255201 275
751105 275
751301 274
351202 274
400211 270
001311 269
360210 269
254252 268
751209 262
356102 255
702312 254
057127 254
101201 252
252285 252
330110 251
330111 251
301233 249
252286 249
356101 248
177426 248
204101 247
751104 245
610114 245
177330 243
255251 243
851306 243
955102 242
050103 239
254302 239
211100 239
254333 237
255290 236
177362 236
254372 235
255215 234
177404 233
128100 232
177446 232
356210 231
100112 228
177450 225
100110 225
177393 222
602102 220
252282 219
001230 217
206112 217
100111 215
851407 214
109100 212
001291 212
018111 211
259109 211
751103 210
363210 209
203100 208
100498 207
259201 207
751302 205
252283 205
128101 205
701494 204
703131 204
202143 204
159101 203
461100 202
255491 201
154104 201
701402 201
100109 201
301221 196
100501 195
701201 195
701211 194
254231 193
701403 193
255330 192
251211 191
201111 190
254215 189
101400 188
851273 186
703324 186
705191 186
703345 185
207131 183
851400 181
254206 181
303221 181
321224 181
203151 180
202184 179
207171 179
254490 178
254441 178
254451 178
701313 178
011100 178
955201 178
254471 176
019101 176
552291 176
703244 175
203171 175
203173 175
011269 174
202141 174
202142 174
466141 174
561312 173
553312 172
554314 172
555313 172
556311 172
562700 171
562708 171
201115 169
603211 167
954100 167
101114 166
154281 166
571102 166
851262 166
701331 165
001231 164
701321 164
357210 164
701342 163
571113 162
109116 162
011153 162
705444 161
207109 160
551461 160
557433 160
558411 160
558432 160
558442 160
255300 159
011251 159
705351 159
703202 159
551492 158
255321 158
001250 156
101221 155
705211 155
100311 155
751305 154
001310 154
252201 154
888102 154
100381 153
510100 151
074101 151
255320 151
201116 151
400110 150
012200 149
705329 149
705331 149
205275 149
100313 148
255359 147
177467 147
203204 147
206281 145
705437 145
203208 145
301241 145
008213 145
100312 145
100314 145
207183 145
252232 144
321242 144
357101 143
463251 143
251281 143
154141 143
100489 142
254421 139
751405 137
851251 137
014270 136
057130 136
463433 135
464413 135
562715 135
705492 134
851404 134
464401 134
464441 134
463455 133
464391 133
705411 133
751409 132
026101 132
954374 132
463402 132
206300 131
203103 131
464582 129
463311 128
954310 127
954370 127
001353 126
074100 126
464311 126
177481 125
463353 125
464301 125
702702 125
057136 124
954426 124
320342 124
464341 124
954477 123
705442 123
321232 123
207103 123
203107 123
013203 122
050104 122
751407 122
008303 122
463331 122
463341 122
851305 121
001202 120
170108 120
954231 120
954416 120
954244 120
207107 120
206113 119
205103 118
208150 118
154151 117
001111 117
001113 117
008411 116
008232 116
801113 116
211311 115
008422 115
008312 115
951111 115
001330 114
057121 114
001212 114
001218 114
211317 114
008317 114
957213 114
001418 112
360100 112
003191 112
703305 112
100231 112
751401 111
951103 111
207106 111
601452 111
801201 111
951102 111
008220 110
001315 110
601453 110
703311 110
701425 109
703702 109
951106 109
205105 108
251363 108
252363 108
552216 108
951124 108
703797 108
207187 107
254222 107
100229 107
101113 107
006103 106
206191 106
703454 105
888121 105
001318 105
252317 105
001354 104
012173 104
552217 104
261335 103
008316 103
008413 103
259194 103
078444 102
057126 102
851352 102
008449 101
203235 101
206104 101
014210 100
251361 100
562703 100
751202 99
008417 99
701455 99
261336 99
202231 98
159231 98
215208 98
008352 97
252301 97
851309 97
215207 97
602100 96
554392 96
415711 96
801481 95
126321 95
251461 94
013207 94
255432 94
703435 94
008321 94
203331 94
703740 94
109118 94
252330 93
203337 93
422711 93
801333 92
128482 92
128483 92
001293 92
159203 92
353100 92
516101 92
126428 92
126443 92
851202 91
954491 91
801452 91
501301 91
501302 91
506303 91
508303 91
701714 91
703701 91
705722 91
206327 90
057128 90
057125 90
252490 90
261103 90
057129 90
320332 90
504302 90
512303 90
555393 90
203231 90
126215 90
201191 89
703391 89
203315 89
159305 88
126211 88
703447 87
703498 87
261491 87
261405 87
064430 87
203203 87
100230 87
064424 86
159361 86
254216 86
801336 86
159303 86
851360 86
208270 86
261200 86
203288 86
159362 85
251312 85
703404 85
159221 85
203286 85
208272 84
801311 84
203201 84
204111 84
063201 84
164200 84
011257 83
206267 83
251371 83
261217 83
801324 83
801331 83
128309 83
303210 83
251372 82
361351 82
206181 82
554493 82
554494 82
009212 82
801235 82
128202 82
203207 82
203241 82
128307 82
128403 82
751303 81
251411 81
154261 81
261342 81
464444 81
464445 81
464491 81
128204 81
009105 81
508203 81
510201 81
510202 81
207117 80
256100 80
261343 80
851411 80
851212 80
128203 80
464541 79
464542 79
422713 79
463504 78
463558 78
464501 78
464543 78
464544 78
510414 78
020101 78
015101 78
359311 78
955104 78
154108 78
328313 77
513324 77
513328 77
551491 77
561491 77
464503 77
503402 77
505402 77
507402 77
509402 77
510416 77
512402 77
510415 77
510417 77
510418 77
562211 77
801225 77
206101 76
252322 76
127400 76
513114 76
801211 76
004324 75
357110 75
261304 75
252325 75
751408 75
126216 75
651109 75
851331 75
100228 75
513111 75
351441 74
513315 74
008325 74
888111 74
126499 74
052352 74
052357 74
205100 74
203222 74
605204 74
050121 74
252327 73
601341 73
154231 73
203228 73
605201 73
651210 73
207164 73
365222 73
052201 73
052202 73
602111 73
602201 73
310331 72
323331 72
513340 72
513363 72
011358 72
751330 72
515411 72
515444 72
359390 72
110202 72
154262 72
601351 72
303262 72
356202 72
356212 72
651107 72
651232 72
100291 72
328310 71
513371 71
801591 71
154499 71
359203 71
515403 71
515481 71
515483 71
515490 71
801471 71
208321 71
604352 70
114425 70
261216 70
359301 70
359421 70
203116 70
207174 70
514161 70
651120 70
170109 69
099102 69
359410 69
702316 69
801421 69
126326 68
255434 68
951494 68
203303 68
109115 68
515312 68
515334 68
801411 68
951212 68
601344 68
601345 68
152301 68
055771 68
203119 68
513412 67
513429 67
513445 67
513451 67
513471 67
751102 67
127312 67
057132 67
203308 67
208280 67
204381 67
204202 66
021101 66
601497 66
203332 66
318351 66
406385 66
951344 66
152211 66
515361 65
851201 65
605314 65
177414 65
571115 65
203333 65
403382 65
311352 65
320351 65
515307 65
601302 65
605341 65
203157 65
702725 65
703791 65
202145 65
202146 65
207135 65
604304 64
604305 64
229123 64
356490 64
305202 64
513223 64
513224 64
513283 64
552222 64
177430 64
159490 64
351100 64
406395 64
401382 64
428382 64
515364 64
127204 64
019103 64
019108 64
019111 64
204451 63
601462 63
705441 63
177448 63
206324 63
261210 63
321251 63
318322 63
515376 63
415383 63
421385 63
421395 63
423382 63
602211 63
958111 63
601460 62
604351 62
014323 62
209201 62
351321 62
851462 62
203323 62
261212 62
602315 62
209301 62
605301 62
206211 61
159431 61
026102 61
218100 61
019105 61
301254 61
409281 61
409292 61
411281 61
411291 61
420281 61
421281 61
605321 61
605322 61
252302 60
202100 60
011353 60
127203 60
100214 60
415291 60
421291 60
106121 59
356306 59
702341 59
702431 59
177465 59
955200 59
008324 59
065310 59
514211 59
514241 59
604312 59
851349 59
705723 59
251438 58
356412 58
702416 58
851376 58
229323 58
208329 58
514317 58
514341 58
602317 58
604313 58
651393 58
254181 58
127207 58
001443 57
751428 57
177321 57
207208 57
209303 57
215496 57
602321 57
209302 57
514343 57
751799 57
203255 57
851375 56
603494 56
011276 56
114407 56
951499 56
651105 56
514261 56
019221 56
140105 56
013302 56
013304 56
013307 56
356303 56
013204 56
852100 56
013305 55
110101 55
603495 55
703330 55
006203 55
057410 55
203324 55
203327 55
514395 55
651311 55
651312 55
651315 55
651316 55
602322 55
013206 55
114103 55
128701 55
128710 55
128730 55
128740 55
008322 54
110270 54
851243 54
204321 54
464510 54
112101 54
215431 54
514381 54
099100 54
114203 54
114325 54
208140 54
852101 54
852102 54
852103 54
951107 54
953100 54
001445 53
057139 53
110220 53
018113 53
204341 53
561392 53
154311 53
154330 53
154375 53
514335 53
514397 53
561391 53
705499 53
127303 53
954389 53
110201 53
114332 53
464502 52
009333 52
009336 52
204361 52
463491 52
464443 52
702423 52
702351 52
011151 52
014410 52
019203 52
203352 52
154388 52
253303 52
215302 52
303232 52
019211 52
204211 52
515201 52
117101 52
209251 52
463503 51
463581 51
463593 51
009230 51
009231 51
017101 51
127316 51
953361 51
104201 51
215495 51
514323 51
514383 51
014371 51
215381 51
127314 51
204231 51
515250 51
001312 50
463545 50
463556 50
604422 50
514453 50
514475 50
030101 50
014322 50
071416 50
204123 50
006206 50
008424 50
215471 50
555394 50
202342 50
506361 50
205393 50
351201 50
851355 50
851242 50
004303 50
702717 50
251457 49
368317 49
259203 49
514337 49
514442 49
751419 49
801382 49
004101 49
208425 49
205310 49
254211 48
604497 48
751327 48
001321 48
601201 48
254232 48
702411 48
751421 48
107211 48
202305 48
556391 48
958201 48
019208 48
006242 48
006253 48
206436 47
140103 47
604412 47
604414 47
604416 47
253481 47
002101 47
019303 47
112103 47
351410 47
014390 47
751701 47
751309 46
057305 46
954424 46
004241 46
019361 46
205104 46
067373 46
065332 46
255770 46
958221 46
958225 46
958261 46
958373 46
201190 46
415712 46
415713 46
011362 45
001323 45
354311 45
361210 45
702211 45
953391 45
057133 45
112102 45
159403 45
205415 45
351331 45
516102 45
019373 45
019311 45
154384 45
203399 45
019331 45
019381 45
205303 45
205337 45
205355 45
109119 45
461529 44
954462 44
100308 44
014380 44
114406 44
207419 44
112108 44
074414 44
052420 44
605313 44
127337 44
101103 44
112104 44
703747 44
703711 44
953261 44
852201 44
852202 44
852203 44
852204 44
114101 44
114104 44
206362 43
127326 43
019411 43
019442 43
368441 43
112203 43
128762 43
128789 43
128798 43
126432 42
019471 42
019473 42
101211 42
019106 42
352380 42
602496 42
214261 42
114327 42
114345 42
703204 42
703352 42
704101 42
704141 42
704201 42
704345 42
002110 42
251313 41
061223 41
251374 41
261469 41
201117 41
508207 41
203236 41
951497 41
953233 41
006326 41
112201 41
203498 41
601322 41
851354 41
057140 41
057284 41
057285 41
057288 41
751703 41
751702 41
126334 40
112110 40
206441 40
255449 40
252450 40
179403 40
953420 40
126338 40
006330 40
255437 40
255460 40
159411 40
064204 40
057138 40
025104 40
112407 40
057205 40
057296 40
057351 40
057137 39
009426 39
201110 39
013217 39
066410 39
205410 39
255462 39
751345 39
168101 39
269430 39
601422 39
951345 39
209375 39
566828 39
103191 39
953499 38
009431 38
206325 38
255438 38
126333 38
018421 38
066323 38
251475 38
255420 38
701181 38
117415 38
209498 38
204390 38
059419 38
206203 38
152321 38
215497 38
259192 38
951413 38
205235 38
205239 38
256212 38
566824 38
566830 38
229711 38
009469 37
009478 37
269462 37
351442 37
026201 37
006470 37
210201 37
252427 37
104301 37
203414 37
203431 37
208343 37
368331 37
368487 37
208250 37
091700 37
270702 37
701182 37
112401 36
255422 36
604451 36
953212 36
152489 36
209493 36
006303 36
253314 36
261456 36
954464 36
202473 36
057428 36
110250 36
154353 36
202311 36
351451 36
351466 36
360431 36
014310 36
067372 36
066421 36
110340 36
951348 36
888106 36
025206 36
105100 36
018103 36
018125 36
270701 36
961701 36
603421 35
025490 35
011356 35
013301 35
154457 35
208348 35
205475 35
261447 35
252420 35
006443 35
008215 35
025420 35
071425 35
105311 35
002191 35
152422 35
203471 35
203477 35
018203 35
954410 35
105203 35
110342 35
207213 35
067202 35
427798 35
071412 35
558752 35
558757 35
851441 34
110434 34
013306 34
051302 34
025480 34
104495 34
026112 34
014325 34
025322 34
206355 34
117205 34
177494 34
018231 34
214341 34
210343 34
210383 34
208492 34
357441 34
351301 34
954480 34
128354 34
014370 34
751718 34
803211 34
803123 34
705711 34
705712 34
705721 34
705743 34
803121 34
100307 33
110362 33
110491 33
207323 33
261497 33
603332 33
021204 33
019205 33
004301 33
020211 33
207308 33
254205 33
751443 33
204216 33
851471 33
954492 33
002211 33
018235 33
252498 32
004351 32
066416 32
251384 32
703412 32
051306 32
103112 32
117206 32
255464 32
352321 32
020341 32
006126 32
008326 32
052466 32
203434 32
065311 32
261458 32
067432 32
356442 32
601321 32
018211 32
018213 32
751705 32
055701 32
702701 32
018271 31
001342 31
001447 31
025489 31
251479 31
751323 31
057420 31
057426 31
160341 31
253491 31
461170 31
014421 31
067311 31
115200 31
051313 31
202371 31
203475 31
252320 31
057123 31
359451 31
603322 31
603352 31
603371 31
176104 31
002201 31
002221 31
564746 31
564747 31
564748 31
177427 30
603441 30
256457 30
061106 30
603453 30
603471 30
751403 30
014302 30
065421 30
019206 30
207203 30
702313 30
218310 30
218321 30
218323 30
218351 30
253432 30
261434 30
352323 30
002301 30
014482 30
018495 30
018325 30
052443 30
057403 30
057405 30
215301 30
602464 30
605432 30
605446 30
605496 30
951352 30
951353 30
951411 30
951354 30
002250 30
006344 30
114343 30
253315 30
025208 30
803231 30
269101 30
269102 30
571116 30
951323 29
014304 29
018438 29
106223 29
252424 29
603465 29
112300 29
210351 29
006346 29
009341 29
013422 29
014402 29
052441 29
052445 29
202474 29
057404 29
252460 29
359409 29
602431 29
602432 29
064392 29
215411 29
025207 29
705727 29
705762 29
705767 29
705768 29
705772 29
705778 29
705784 29
705792 29
079169 29
079264 29
751325 28
951331 28
703331 28
008315 28
115301 28
256491 28
603497 28
004473 28
013313 28
018435 28
016101 28
211413 28
057135 28
601428 28
605491 28
851446 28
020311 28
020333 28
014401 28
052447 28
207205 28
215481 28
214415 28
210375 28
261406 28
168100 28
954493 28
013330 28
013338 28
013427 28
106231 28
011152 28
255772 28
705779 28
025108 28
011369 27
061306 27
009425 27
013335 27
061404 27
269470 27
114313 27
211440 27
211442 27
211443 27
205486 27
251334 27
057411 27
702318 27
954413 27
954443 27
002401 27
006307 27
020321 27
104300 27
112301 27
214414 27
065320 27
251213 27
255424 27
255492 27
951302 27
057215 27
057294 27
057302 27
057316 27
210202 27
368200 27
566831 27
127727 27
888251 27
004309 26
106427 26
011459 26
001422 26
001423 26
014403 26
105500 26
105598 26
602441 26
603493 26
851468 26
001425 26
204325 26
207401 26
206216 26
251333 26
255439 26
751326 26
002365 26
013420 26
059413 26
510411 26
602497 26
851362 26
020363 26
006212 26
218101 26
218233 26
218235 26
203753 26
356443 26
888192 26
254439 25
254456 25
206217 25
020362 25
107498 25
207438 25
057213 25
061224 25
514466 25
013455 25
103311 25
103391 25
103392 25
103393 25
117204 25
204491 25
208383 25
801483 25
006331 25
013453 25
101105 25
256333 25
353390 25
359497 25
512312 25
057293 25
057300 25
207313 25
606263 25
606231 25
057201 25
001362 24
254457 24
210425 24
255499 24
353431 24
001461 24
255430 24
001415 24
008218 24
107437 24
105501 24
078454 24
256462 24
255712 24
566899 24
851452 24
006226 24
011461 24
018465 24
017111 24
214381 24
071413 24
152101 24
214401 24
110333 24
003101 24
008214 24
067303 24
100220 24
256316 24
169701 24
403701 24
960121 24
960212 24
960231 24
204251 24
070200 24
255720 24
255745 24
265750 24
177485 23
255415 23
269202 23
004475 23
051418 23
061403 23
154481 23
953494 23
953331 23
008314 23
013433 23
105304 23
112405 23
112314 23
152332 23
211399 23
202334 23
205464 23
218471 23
218475 23
218497 23
256412 23
269201 23
368416 23
353421 23
954246 23
106321 23
106327 23
356441 23
408704 23
606244 23
127717 23
952764 23
025204 23
066221 23
952792 23
025105 23
952700 23
952701 23
952702 23
952703 23
952704 23
252425 22
352422 22
011374 22
001320 22
011464 22
061201 22
159311 22
207406 22
205479 22
210100 22
002333 22
002473 22
009428 22
013329 22
177341 22
107335 22
154455 22
154493 22
057134 22
208439 22
269200 22
353452 22
601427 22
605412 22
128334 22
953322 22
064331 22
064490 22
356414 22
251798 22
888231 22
073711 22
127711 22
127718 22
127719 22
252455 21
177463 21
114416 21
254491 21
011480 21
103432 21
014311 21
107336 21
107212 21
105334 21
115400 21
117414 21
203898 21
252342 21
252444 21
676700 21
676701 21
006448 21
106428 21
114323 21
112411 21
210434 21
255441 21
803331 21
202260 21
347898 21
803311 21
127728 21
020231 21
210204 21
210275 21
255739 21
251790 21
255734 21
255771 21
562711 21
952724 21
561743 21
561744 21
802111 21
802141 21
254461 20
001444 20
062499 20
011259 20
004432 20
204432 20
204453 20
253455 20
269492 20
025101 20
954471 20
026111 20
101315 20
112413 20
159356 20
159332 20
152431 20
202332 20
214411 20
205495 20
256281 20
359431 20
703313 20
751447 20
803490 20
951451 20
953421 20
510898 20
064251 20
055799 20
112213 20
255722 20
851705 20
851789 20
127798 20
013704 20
013714 20
013722 20
013724 20
421711 20
421712 20
421713 20
421714 20
421717 20
421751 20
563701 20
676702 20
676703 20
676704 20
254436 19
254442 19
177401 19
256441 19
255471 19
013317 19
100309 19
105413 19
208469 19
206437 19
251499 19
255417 19
006332 19
014499 19
202361 19
064418 19
061307 19
103422 19
103491 19
205461 19
252499 19
261457 19
128325 19
110234 19
360411 19
055704 19
055733 19
208251 19
001464 18
210496 18
751420 18
103251 18
204335 18
009326 18
209451 18
209453 18
209461 18
209463 18
702418 18
751449 18
013303 18
006324 18
100310 18
107333 18
203405 18
209442 18
218483 18
202799 18
352490 18
502211 18
702711 18
116301 18
002372 18
006432 18
018335 18
100225 18
152302 18
209351 18
209358 18
209361 18
209368 18
606242 18
152201 18
167707 18
961731 18
352715 18
352793 18
851715 18
063702 18
063704 18
063710 18
556742 18
556747 18
556748 18
254459 17
061407 17
070411 17
179402 17
954498 17
021203 17
207310 17
206455 17
251437 17
152241 17
514425 17
851408 17
177405 17
159454 17
009345 17
062411 17
070404 17
064423 17
104475 17
202477 17
208370 17
229352 17
261499 17
359405 17
360390 17
360400 17
360407 17
360497 17
953321 17
264710 17
360460 17
558749 17
128355 17
951301 17
064232 17
055734 17
268721 17
360212 17
206321 16
206336 16
269340 16
021270 16
006433 16
070416 16
099101 16
110351 16
205496 16
256473 16
601353 16
606479 16
851451 16
062452 16
062460 16
070304 16
070305 16
062343 16
062470 16
070410 16
101405 16
605461 16
103225 16
033765 16
033789 16
033793 16
100233 16
164341 16
255786 16
888744 16
055703 16
055706 16
055707 16
055797 16
352712 16
352721 16
352791 16
601758 16
254473 15
261461 15
604441 15
001421 15
020412 15
020421 15
020481 15
091899 15
252489 15
002351 15
011486 15
051310 15
204435 15
255447 15
255454 15
256383 15
261305 15
464509 15
606499 15
002489 15
013326 15
018436 15
065438 15
209403 15
209483 15
204496 15
605332 15
126446 15
006425 15
321371 15
601765 15
107334 15
071712 15
570701 15
570734 15
555725 15
555731 15
555732 15
702710 15
702751 15
702752 15
261361 14
020491 14
303899 14
751413 14
114305 14
051304 14
065437 14
103372 14
208440 14
203792 14
251455 14
514451 14
851449 14
071419 14
110352 14
154377 14
209471 14
209331 14
352332 14
361453 14
606362 14
606363 14
114321 14
154443 14
561799 14
606343 14
563714 14
178789 14
905791 14
166701 14
413701 14
421811 14
421812 14
421813 14
421831 14
804111 14
804121 14
461527 13
025370 13
253456 13
359414 13
018433 13
107227 13
256415 13
207348 13
206381 13
105336 13
115302 13
152312 13
202438 13
218495 13
251261 13
502311 13
606491 13
018341 13
065212 13
365301 13
359713 13
025304 13
208265 13
213201 13
361214 13
268799 13
422712 13
562709 13
751722 13
851767 13
851768 13
062200 13
062210 13
071715 13
253732 13
604715 13
206370 12
003414 12
003421 12
003436 12
001473 12
012271 12
117311 12
154488 12
205483 12
159151 12
353451 12
002441 12
064412 12
076444 12
071422 12
065436 12
104440 12
207100 12
206331 12
261494 12
365401 12
365497 12
065210 12
352301 12
359701 12
356789 12
804221 12
570705 12
751751 12
676798 12
025107 12
091800 12
253701 12
405712 12
405732 12
405781 12
254458 11
061317 11
251451 11
706100 11
013798 11
071411 11
206328 11
107229 11
256271 11
203351 11
515496 11
014382 11
009439 11
013435 11
018353 11
206341 11
154477 11
653799 11
012100 11
118898 11
352799 11
751766 11
270711 11
264701 11
264706 11
264741 11
253734 11
253752 11
346893 11
407761 11
407792 11
751749 11
804201 11
804211 11
804222 11
804231 11
073721 11
253754 11
601731 11
001410 10
254282 10
606483 10
206207 10
751451 10
018467 10
205499 10
215898 10
251418 10
255750 10
455898 10
515497 10
515493 10
515495 10
515498 10
177285 10
013421 10
018351 10
076427 10
071423 10
064303 10
115300 10
117310 10
301899 10
365390 10
515494 10
605476 10
021102 10
803431 10
954449 10
064252 10
114334 10
112412 10
253722 10
255799 10
361321 10
359705 10
352899 10
561748 10
888147 10
255764 10
570736 10
566891 10
702718 10
702742 10
702756 10
702757 10
702791 10
178732 10
679802 10
905700 10
907701 10
907703 10
907709 10
907710 10
167703 10
167711 10
751730 10
264707 10
408705 10
408765 10
513756 10
569717 10
569719 10
751704 10
851702 10
851751 10
851752 10
906789 10
252493 9
351463 9
008442 9
269491 9
359499 9
013726 9
076430 9
106325 9
204471 9
206390 9
210433 9
210485 9
204383 9
462541 9
905792 9
006427 9
064474 9
154494 9
159304 9
202443 9
020102 9
206743 9
219731 9
202898 9
357390 9
751422 9
953464 9
088799 9
106125 9
106123 9
169799 9
203799 9
213799 9
252799 9
270797 9
254700 9
104200 9
104231 9
119799 9
203743 9
264791 9
204764 9
347891 9
368730 9
368741 9
368751 9
421827 9
421828 9
421863 9
421892 9
676799 9
405753 9
405794 9
407715 9
407725 9
407733 9
510716 9
751726 9
888702 9
888703 9
018371 8
018471 8
254498 8
463507 8
215893 8
026271 8
169898 8
356497 8
464549 8
110251 8
152351 8
209485 8
207403 8
210453 8
206783 8
255498 8
353752 8
006355 8
002192 8
115721 8
214100 8
213791 8
357360 8
357417 8
357491 8
359799 8
803370 8
888341 8
167705 8
209771 8
251703 8
261791 8
253731 8
264797 8
303736 8
604732 8
202833 8
360761 8
352741 8
352821 8
556753 8
556799 8
801771 8
219720 8
253736 8
421861 8
801711 8
888705 8
910701 8
910702 8
910703 8
910704 8
910705 8
012272 7
254426 7
461511 7
003349 7
066425 7
107439 7
104333 7
203892 7
269497 7
254425 7
953495 7
017102 7
017210 7
206899 7
255899 7
605459 7
653899 7
905899 7
012276 7
012475 7
100306 7
076466 7
076425 7
203423 7
214441 7
214445 7
207422 7
210465 7
259491 7
261899 7
359413 7
352499 7
353303 7
071415 7
070741 7
070799 7
514701 7
088899 7
106228 7
100207 7
214312 7
206753 7
251898 7
202742 7
510799 7
751895 7
751896 7
952798 7
023799 7
207799 7
303735 7
303709 7
430716 7
430753 7
430769 7
430783 7
430784 7
430799 7
558758 7
604731 7
653703 7
801761 7
851708 7
127799 7
178746 7
178717 7
211889 7
070711 7
070720 7
070721 7
070740 7
217701 7
217703 7
217707 7
217717 7
203828 7
352832 7
352842 7
352891 7
107499 6
208499 6
209898 6
012273 6
211495 6
217898 6
346898 6
321899 6
653898 6
127315 6
003201 6
065435 6
206720 6
202792 6
220898 6
210898 6
254492 6
254898 6
303799 6
361461 6
361390 6
361471 6
359204 6
360898 6
515486 6
008456 6
029703 6
013799 6
100222 6
104436 6
214430 6
215799 6
226898 6
254710 6
353312 6
353454 6
359381 6
365321 6
365331 6
365421 6
365428 6
359791 6
356799 6
402753 6
455899 6
558798 6
801334 6
905799 6
106212 6
207791 6
210792 6
210731 6
210732 6
209773 6
251718 6
254777 6
208770 6
255791 6
353711 6
356797 6
414857 6
414898 6
462705 6
462793 6
566833 6
751724 6
119735 6
071730 6
071736 6
071738 6
359206 6
154701 6
159723 6
207701 6
207711 6
251711 6
251714 6
251715 6
251717 6
251751 6
251752 6
251757 6
253748 6
401701 6
401702 6
401703 6
401761 6
401792 6
414855 6
414896 6
426701 6
426761 6
421951 6
520711 6
520714 6
520716 6
510713 6
510719 6
510721 6
568718 6
568719 6
910708 6
910709 6
004499 5
018301 5
105595 5
254435 5
462587 5
213897 5
356499 5
801335 5
177468 5
003314 5
003331 5
018451 5
152343 5
217893 5
902899 5
515487 5
610101 5
104410 5
951489 5
017201 5
104424 5
104437 5
203458 5
214421 5
218486 5
206499 5
207899 5
252426 5
256373 5
261492 5
303897 5
361498 5
361490 5
365427 5
359483 5
353792 5
353799 5
510307 5
566720 5
803401 5
803471 5
177283 5
955106 5
116400 5
004799 5
106124 5
071418 5
159789 5
100102 5
215792 5
251797 5
253898 5
360799 5
356725 5
357783 5
427898 5
803300 5
888151 5
266792 5
602731 5
203705 5
106229 5
115711 5
115713 5
159746 5
206795 5
209779 5
215794 5
206997 5
208761 5
261799 5
255766 5
270791 5
261701 5
268798 5
353751 5
351763 5
360751 5
361732 5
357782 5
402707 5
402792 5
402799 5
412720 5
173701 5
601799 5
801789 5
128799 5
679804 5
888782 5
004714 5
004716 5
004720 5
053713 5
053770 5
153721 5
166711 5
166789 5
206707 5
206713 5
207703 5
207705 5
208760 5
203714 5
203879 5
205712 5
205791 5
330191 5
303712 5
303713 5
303726 5
360771 5
352311 5
463737 5
463701 5
463702 5
463703 5
518773 5
513703 5
513707 5
513709 5
801710 5
679800 5
906703 5
461472 4
602499 4
356471 4
004899 4
204365 4
205898 4
311898 4
353498 4
356898 4
462588 4
601899 4
701407 4
751424 4
851409 4
107223 4
952899 4
905897 4
159443 4
203497 4
202481 4
202495 4
207416 4
207436 4
206474 4
204898 4
215897 4
203891 4
207892 4
365493 4
605899 4
751321 4
168221 4
175335 4
110353 4
159899 4
169789 4
206798 4
226892 4
255798 4
254703 4
311799 4
324710 4
324711 4
324712 4
324715 4
352431 4
361301 4
356722 4
360796 4
360721 4
427799 4
461797 4
605713 4
804311 4
804321 4
804331 4
804332 4
804371 4
953799 4
952891 4
888361 4
888891 4
169801 4
206738 4
202791 4
202873 4
210799 4
202765 4
217775 4
217792 4
217799 4
226807 4
209705 4
209707 4
226701 4
215785 4
215788 4
226710 4
202891 4
253799 4
261735 4
261702 4
359702 4
202782 4
359722 4
368799 4
426703 4
426765 4
408703 4
408708 4
408763 4
408797 4
407755 4
407783 4
429811 4
429853 4
513799 4
520713 4
520791 4
520799 4
506793 4
561742 4
751708 4
801799 4
178776 4
602761 4
029701 4
029711 4
079220 4
053712 4
054810 4
054870 4
071811 4
119711 4
119789 4
154735 4
153743 4
159701 4
159761 4
153712 4
208711 4
210703 4
210704 4
210705 4
210707 4
212741 4
212701 4
212703 4
212711 4
212791 4
251701 4
251702 4
251745 4
252724 4
252791 4
263701 4
263702 4
263746 4
263760 4
253717 4
353741 4
408701 4
408761 4
429711 4
429731 4
429781 4
429801 4
429831 4
429851 4
415903 4
415981 4
463705 4
518709 4
518761 4
518763 4
601767 4
950801 4
950803 4
254494 3
176103 3
177464 3
353497 3
603499 3
003320 3
018441 3
019490 3
168899 3
213898 3
252421 3
321898 3
353898 3
601898 3
801413 3
801106 3
016232 3
152313 3
203406 3
206412 3
204452 3
204442 3
202848 3
202892 3
254499 3
301710 3
317898 3
368412 3
368433 3
400290 3
360470 3
357322 3
360402 3
360404 3
357792 3
360897 3
510897 3
601792 3
709899 3
168222 3
057366 3
100281 3
110350 3
217781 3
213769 3
208793 3
228898 3
252798 3
263797 3
263898 3
261753 3
301789 3
311725 3
361799 3
361899 3
570799 3
568799 3
562799 3
888311 3
888798 3
211702 3
029790 3
011768 3
106117 3
115715 3
115724 3
201193 3
206791 3
219751 3
209709 3
209799 3
203791 3
202776 3
213779 3
226709 3
209785 3
212799 3
215762 3
212798 3
206831 3
210893 3
208871 3
208872 3
215891 3
254734 3
252741 3
261706 3
261754 3
270792 3
311792 3
311700 3
321700 3
321701 3
321702 3
359723 3
361792 3
356746 3
405713 3
405763 3
508732 3
508791 3
568722 3
610102 3
709814 3
751706 3
801739 3
851101 3
602769 3
011701 3
011704 3
011713 3
011714 3
069712 3
073770 3
119721 3
119793 3
156702 3
156716 3
168700 3
168750 3
166741 3
203716 3
230751 3
230752 3
230753 3
230796 3
205783 3
251758 3
252708 3
252785 3
263720 3
254770 3
254875 3
321791 3
405761 3
405783 3
401811 3
401812 3
401951 3
801707 3
801719 3
801791 3
953702 3
953790 3
953791 3
952801 3
952802 3
952803 3
952821 3
627711 3
627712 3
627713 3
627732 3
951492 2
351499 2
357324 2
751304 2
112423 2
204398 2
203897 2
255898 2
356897 2
461471 2
003367 2
091898 2
105337 2
104325 2
204721 2
320899 2
356390 2
359898 2
701344 2
701409 2
851342 2
954499 2
012371 2
057274 2
202472 2
226889 2
253492 2
254438 2
260312 2
260413 2
260424 2
255797 2
254798 2
252899 2
332897 2
353301 2
356416 2
353499 2
461798 2
751899 2
804411 2
953444 2
057131 2
107338 2
159799 2
213792 2
206797 2
226899 2
206998 2
215892 2
226801 2
228897 2
260799 2
255830 2
324799 2
320893 2
314898 2
314893 2
356312 2
357741 2
360797 2
401799 2
401857 2
401874 2
401884 2
605799 2
701754 2
803360 2
801797 2
604712 2
029735 2
011705 2
011751 2
011770 2
055713 2
055757 2
106225 2
206721 2
206739 2
207741 2
208799 2
219792 2
217734 2
226706 2
226791 2
212796 2
212721 2
208899 2
226891 2
252748 2
261739 2
252723 2
252789 2
261798 2
256799 2
256761 2
256762 2
311722 2
303792 2
317795 2
320702 2
320791 2
320799 2
301891 2
311892 2
353762 2
356745 2
356751 2
351760 2
351789 2
351799 2
462799 2
463792 2
514799 2
570703 2
570735 2
563799 2
569799 2
601791 2
603799 2
751712 2
801792 2
953103 2
888893 2
950715 2
950722 2
950798 2
266798 2
154786 2
160725 2
154711 2
209731 2
203722 2
203821 2
203807 2
206766 2
225701 2
225703 2
225705 2
225720 2
209711 2
209713 2
206704 2
205761 2
205735 2
212773 2
226705 2
253735 2
252781 2
254702 2
254711 2
256700 2
301702 2
301715 2
301716 2
301717 2
311701 2
311704 2
317701 2
317702 2
317703 2
334802 2
334803 2
334811 2
357701 2
357710 2
357731 2
361712 2
359873 2
359891 2
407713 2
407723 2
407731 2
407753 2
407781 2
462701 2
462704 2
462706 2
462722 2
462791 2
463769 2
601702 2
266701 2
703831 2
709811 2
709812 2
801713 2
266723 2
626711 2
626712 2
909701 2
909703 2
924701 2
924702 2
924703 2
462533 1
106224 1
360499 1
703499 1
515370 1
515374 1
551392 1
555392 1
556491 1
557491 1
004898 1
211499 1
202491 1
202493 1
356496 1
705342 1
705493 1
955100 1
006460 1
011498 1
015102 1
066414 1
061430 1
070403 1
107329 1
114408 1
159301 1
152499 1
167798 1
169899 1
207439 1
204499 1
202893 1
916897 1
307401 1
310401 1
314401 1
356432 1
603422 1
601893 1
801321 1
953491 1
952898 1
905794 1
009304 1
008351 1
008401 1
061319 1
152303 1
203499 1
213892 1
206898 1
215894 1
260404 1
260434 1
256798 1
317899 1
361499 1
359481 1
353490 1
356304 1
357497 1
206107 1
605898 1
605893 1
801381 1
140102 1
676705 1
676714 1
676716 1
024799 1
100213 1
065797 1
115799 1
115798 1
207792 1
203736 1
208798 1
226893 1
203899 1
202897 1
254799 1
263799 1
260717 1
260772 1
265798 1
317797 1
346799 1
314799 1
356361 1
357799 1
356795 1
366899 1
558799 1
560725 1
566898 1
603732 1
605892 1
140101 1
951203 1
888411 1
888898 1
266899 1
116302 1
011799 1
023797 1
119797 1
115712 1
115714 1
118813 1
154799 1
168789 1
219799 1
206730 1
206736 1
206789 1
206794 1
217751 1
210723 1
226792 1
226799 1
203889 1
215797 1
205421 1
208898 1
253715 1
252702 1
254804 1
261769 1
264799 1
261767 1
270799 1
961792 1
301791 1
301799 1
312708 1
312792 1
312799 1
303706 1
311893 1
347899 1
321792 1
357797 1
361725 1
353791 1
352797 1
357898 1
371898 1
412718 1
412761 1
412791 1
518775 1
518799 1
515799 1
501702 1
501791 1
603892 1
705797 1
701892 1
709813 1
952799 1
952893 1
888730 1
888733 1
888892 1
910734 1
910792 1
159801 1
209703 1
213763 1
204712 1
204732 1
207743 1
203709 1
215734 1
202759 1
209722 1
205805 1
213712 1
213714 1
206891 1
251773 1
251783 1
251785 1
263771 1
261732 1
256735 1
256782 1
324701 1
324702 1
324703 1
324704 1
324707 1
317791 1
311891 1
317881 1
332881 1
332885 1
353769 1
356791 1
361772 1
463735 1
514730 1
514741 1
514751 1
514791 1
604711 1
604736 1
605741 1
605751 1
605791 1
605795 1
601704 1
601705 1
801724 1
801801 1
801802 1
950701 1
950702 1
950703 1
950733 1
266703 1
923701 1
923702 1
923703 1
923704 1
923705 1
923706 1
923707 1
