001101 535
001102 734
001111 26
001113 26
001201 1453
001202 98
001210 392
001212 66
001218 65
001230 183
001231 72
001250 131
001291 227
001293 57
001310 197
001311 334
001312 107
001315 74
001318 68
001320 33
001321 51
001323 97
001330 87
001342 23
001353 93
001354 72
001362 39
001410 37
001415 35
001418 75
001421 27
001422 33
001423 29
001425 38
001443 51
001444 35
001445 54
001447 32
001461 37
001464 35
001473 25
002101 28
002110 20
002191 96
002192 33
002201 29
002211 29
002221 29
002250 24
002301 32
002333 34
002351 21
002365 35
002372 25
002401 33
002441 21
002473 31
002489 20
003101 49
003191 253
003201 25
003314 13
003320 6
003331 12
003349 15
003367 5
003414 22
003421 22
003436 22
004101 38
004241 55
004301 33
004303 57
004309 41
004324 86
004351 30
004432 31
004473 50
004475 53
004499 15
004714 2
004716 2
004720 2
006103 118
006126 45
006203 86
006206 34
006212 19
006226 31
006242 28
006253 28
006303 71
006307 44
006324 27
006326 66
006330 69
006331 41
006332 48
006344 35
006346 53
006355 14
006425 25
006427 11
006432 22
006433 24
006443 43
006448 40
006470 38
008213 61
008214 10
008215 65
008218 52
008220 107
008232 29
008303 44
008312 25
008314 46
008315 56
008316 24
008317 23
008321 59
008322 33
008324 19
008325 25
008326 9
008351 6
008352 21
008401 6
008411 30
008413 24
008417 21
008422 29
008424 33
008449 22
008456 12
009103 448
009105 22
009212 26
009230 35
009231 35
009304 6
009326 19
009333 31
009336 31
009341 21
009345 18
009425 19
009426 24
009428 14
009431 22
009439 11
009469 20
009478 20
011100 258
011151 40
011152 47
011153 152
011251 280
011257 120
011259 48
011269 202
011276 86
011353 65
011356 41
011358 68
011362 83
011369 59
011374 42
011459 54
011461 40
011464 42
011480 39
011486 35
011701 3
011704 3
011705 3
011713 3
011714 3
011751 3
011768 4
011770 3
011799 1
012100 22
012173 150
012200 179
012271 48
012272 28
012273 21
012276 25
012371 13
012475 21
013103 202
013110 448
013203 138
013204 43
013206 37
013207 193
013217 99
013301 67
013302 32
013303 64
013304 32
013305 40
013306 69
013307 32
013313 26
013317 61
013326 13
013329 13
013330 22
013335 71
013338 22
013420 16
013421 8
013422 26
013427 20
013433 10
013435 8
013453 14
013455 12
013704 3
013714 3
013722 3
013724 3
013726 1
013798 1
014210 82
014270 112
014302 42
014304 71
014310 40
014311 26
014322 42
014323 63
014325 43
014370 37
014371 40
014380 46
014382 25
014390 35
014401 49
014402 77
014403 55
014410 42
014421 40
014482 29
014499 18
015101 133
015102 3
016101 100
016232 12
017101 101
017102 18
017111 9
017201 25
017210 31
018103 16
018111 473
018113 158
018125 16
018203 14
018211 9
018213 9
018231 20
018235 15
018271 105
018301 18
018325 39
018335 26
018341 20
018351 22
018353 22
018371 25
018421 30
018433 13
018435 28
018436 19
018438 29
018441 6
018451 8
018465 23
018467 14
018471 15
018495 26
019101 293
019103 10
019105 116
019106 132
019108 10
019111 10
019203 22
019205 99
019206 92
019208 16
019211 25
019221 48
019303 27
019311 22
019331 21
019361 25
019373 47
019381 21
019411 18
019442 18
019471 15
019473 15
020101 141
020102 39
020211 53
020231 21
020311 21
020321 19
020333 21
020341 38
020362 28
020363 21
020412 19
020421 19
020481 19
020491 17
021101 173
021102 26
021203 41
021204 80
021270 41
024799 1
025101 28
025104 20
025105 8
025107 6
025108 9
025204 13
025206 17
025207 16
025208 16
025304 12
025322 16
025370 17
025420 17
025480 16
025489 20
025490 19
026101 311
026102 146
026111 73
026112 102
026201 79
026271 28
029701 2
029703 4
029711 2
029735 2
029790 2
030101 83
033765 2
033789 2
033793 2
050100 448
050103 204
050104 159
050106 250
050111 112
050121 24
050141 190
051302 57
051304 39
051306 49
051310 42
051313 58
051418 48
052201 22
052202 22
052352 33
052357 33
052420 23
052441 18
052443 20
052445 18
052447 14
052466 23
053712 2
053713 3
053770 3
054810 3
054870 3
055701 8
055703 4
055704 5
055706 4
055707 4
055713 5
055733 5
055734 5
055757 5
055771 20
055797 4
055799 5
057121 259
057123 102
057125 172
057126 246
057127 354
057128 261
057129 155
057130 224
057131 9
057132 158
057133 111
057134 97
057135 92
057136 267
057137 113
057138 49
057139 118
057140 11
057201 10
057205 9
057213 92
057215 10
057274 11
057284 11
057285 11
057288 11
057293 23
057294 10
057296 9
057300 23
057302 10
057305 117
057316 10
057351 9
057366 14
057403 15
057404 14
057405 15
057410 35
057411 88
057420 16
057426 16
057428 73
059413 23
059419 113
061106 91
061201 22
061223 80
061224 48
061306 59
061307 40
061317 39
061319 6
061403 49
061404 23
061407 24
061430 3
062200 11
062210 11
062343 12
062411 14
062452 11
062460 11
062470 12
062499 14
063201 51
063702 3
063704 3
063710 3
064204 34
064232 10
064251 17
064252 10
064303 7
064331 12
064392 20
064412 12
064418 28
064423 31
064424 210
064430 46
064474 9
064490 12
065210 21
065212 28
065310 53
065311 31
065320 32
065332 26
065421 21
065435 15
065436 12
065437 18
065438 16
066221 7
066323 16
066410 20
066414 7
066416 26
066421 12
066425 13
067202 12
067303 22
067311 20
067372 25
067373 30
067432 23
069712 2
070200 19
070304 11
070305 11
070403 3
070404 14
070410 16
070411 13
070416 14
070711 3
070720 3
070721 3
070740 3
070741 2
070799 2
071411 21
071412 9
071413 31
071415 15
071416 106
071418 10
071419 35
071422 19
071423 14
071425 37
071712 5
071715 3
071730 5
071736 5
071738 5
071811 3
073711 8
073721 3
073770 3
074100 164
074101 205
074414 24
076425 15
076427 18
076430 23
076444 22
076466 18
078444 198
078454 44
079169 19
079220 9
079264 19
091700 10
091800 9
091899 1
099100 33
099101 45
099102 78
100102 18
100109 70
100110 62
100111 96
100112 75
100207 29
100213 8
100214 34
100220 36
100222 23
100225 21
100228 42
100229 33
100230 50
100231 38
100233 22
100281 19
100291 41
100306 37
100307 34
100308 84
100309 45
100310 37
100311 76
100312 92
100313 105
100314 95
100381 71
100489 121
100498 150
100501 154
100589 12
101100 103
101103 27
101105 19
101113 34
101114 60
101201 147
101211 27
101221 92
101315 33
101400 128
101405 22
103112 30
103191 5
103225 23
103251 22
103271 492
103311 21
103372 11
103391 21
103392 21
103393 21
103422 16
103432 17
103491 16
104200 11
104201 55
104231 11
104300 30
104301 29
104325 8
104333 9
104410 20
104424 15
104436 8
104437 12
104440 25
104475 28
104495 39
105100 10
105203 19
105304 32
105311 34
105334 28
105336 18
105337 9
105413 26
105500 15
105501 12
105595 1
105598 15
106117 6
106121 26
106123 15
106124 10
106125 14
106212 7
106223 26
106224 1
106225 6
106228 14
106229 7
106231 24
106321 23
106325 19
106327 23
106427 28
106428 21
107211 40
107212 32
107223 12
107227 25
107229 28
107329 2
107333 27
107334 20
107335 24
107336 28
107338 12
107437 28
107439 17
107498 29
107499 3
109100 212
109115 96
109116 149
109118 47
109119 33
110101 43
110201 21
110202 30
110220 22
110234 30
110250 23
110251 4
110270 22
110333 45
110340 20
110342 16
110350 5
110351 14
110352 15
110353 6
110362 7
110434 9
110491 8
112101 23
112102 14
112103 17
112104 13
112108 11
112110 32
112201 17
112203 28
112213 12
112300 21
112301 18
112314 16
112401 30
112405 15
112407 14
112411 14
112412 11
112413 14
112423 7
114101 14
114103 24
114104 14
114203 20
114305 14
114313 24
114321 14
114323 25
114325 20
114327 23
114332 19
114334 12
114343 17
114345 23
114406 24
114407 44
114408 4
114416 38
114425 48
115200 28
115300 18
115301 25
115302 23
115400 30
115711 4
115712 3
115713 4
115714 3
115715 2
115721 4
115724 2
116301 29
116302 6
116400 13
117101 31
117204 17
117205 25
117206 23
117310 11
117311 13
117414 13
117415 32
119711 4
119721 4
119735 6
119789 4
119793 4
126101 219
126211 76
126215 59
126216 49
126321 78
126326 74
126333 74
126334 56
126338 38
126428 62
126432 41
126443 61
126446 22
126499 65
127100 158
127101 228
127203 25
127204 38
127207 17
127303 69
127312 37
127314 58
127315 14
127316 61
127326 54
127337 47
127400 77
127711 3
127717 4
127718 3
127719 3
127727 3
127728 3
127798 2
127799 1
128100 136
128101 29
128202 42
128203 39
128204 36
128307 77
128309 80
128325 36
128334 36
128354 45
128355 26
128403 77
128482 55
128483 55
128701 3
128710 3
128730 3
128740 3
128762 2
128789 2
128798 2
140101 5
140102 4
140103 93
140104 298
140105 54
152101 12
152201 11
152211 24
152241 15
152301 31
152302 11
152303 6
152312 13
152313 11
152321 23
152332 15
152343 11
152351 10
152422 13
152431 15
152489 14
152499 2
153712 4
153721 5
153743 5
154104 273
154108 6
154141 25
154151 39
154231 20
154261 48
154262 15
154281 132
154311 23
154330 23
154353 30
154375 23
154377 24
154384 37
154388 26
154443 14
154455 23
154457 37
154477 21
154481 28
154488 19
154493 26
154494 14
154499 41
154701 5
154711 4
154735 5
154786 4
156702 2
156716 2
159100 248
159101 117
159151 22
159203 61
159221 57
159231 82
159301 6
159303 64
159304 30
159305 71
159311 43
159332 26
159356 41
159361 59
159362 57
159403 49
159411 54
159431 74
159443 14
159454 38
159490 53
159701 5
159723 7
159746 4
159761 5
159789 1
159801 3
160341 51
160725 4
164200 41
164341 14
166701 6
166711 4
166741 4
166789 3
167703 3
167705 1
167707 4
167711 3
168100 75
168101 114
168221 16
168222 10
168700 2
168750 2
169701 12
169789 2
169801 2
170108 65
170109 67
173701 3
175335 22
176100 379
176101 309
176103 15
176104 45
176220 135
177103 111
177214 57
177215 63
177216 39
177217 72
177281 46
177283 11
177285 17
177321 72
177330 46
177341 48
177362 60
177393 42
177401 30
177404 57
177405 27
177414 30
177426 57
177427 45
177430 32
177434 63
177446 68
177448 28
177450 52
177463 27
177464 12
177465 35
177467 47
177468 10
177481 36
177485 29
177494 30
178717 4
178732 4
178746 4
178776 4
178789 4
179402 18
179403 28
201100 290
201110 110
201111 153
201114 522
201115 149
201116 152
201117 26
201190 9
201191 170
201193 20
202100 105
202101 114
202103 63
202141 45
202142 45
202143 60
202145 26
202146 26
202184 20
202231 63
202260 20
202305 38
202311 48
202332 50
202334 46
202342 55
202361 27
202371 47
202438 36
202443 17
202472 10
202473 41
202474 27
202477 36
202481 12
202491 1
202493 1
202495 13
202742 9
202759 2
202765 5
202776 2
202782 6
202791 4
202792 2
202799 6
202833 12
202848 4
202873 9
202891 1
202892 1
202898 2
203100 261
203103 36
203107 22
203111 202
203115 101
203116 10
203119 9
203151 25
203157 9
203162 95
203167 44
203171 45
203173 45
203201 38
203203 52
203204 32
203206 225
203207 44
203208 21
203209 179
203222 39
203226 164
203228 31
203229 114
203231 40
203235 69
203236 76
203241 33
203255 15
203286 33
203288 55
203303 43
203308 42
203315 53
203323 42
203324 33
203327 33
203331 79
203332 44
203333 43
203337 79
203351 27
203352 59
203399 46
203405 24
203406 13
203414 35
203423 16
203431 35
203434 30
203458 26
203471 31
203475 22
203477 31
203497 1
203498 45
203499 9
203705 7
203709 3
203714 7
203716 5
203722 3
203736 2
203743 7
203753 18
203791 1
203792 6
203799 6
203807 4
203821 3
203828 5
203879 3
203889 3
203891 1
203892 1
203898 4
204100 472
204101 149
204111 24
204123 121
204202 34
204211 31
204216 33
204231 26
204251 12
204321 56
204325 61
204335 40
204341 51
204361 49
204365 14
204381 58
204383 26
204390 44
204398 4
204432 42
204435 34
204442 9
204451 63
204452 17
204453 31
204471 23
204491 45
204496 1
204499 2
204712 3
204721 3
204732 3
204764 9
205100 91
205103 66
205104 41
205105 78
205235 23
205239 23
205275 65
205303 25
205310 34
205337 25
205355 25
205393 37
205410 30
205415 30
205421 3
205461 20
205464 24
205475 21
205479 19
205483 16
205486 25
205495 20
205496 14
205499 12
205712 6
205735 3
205761 4
205783 5
205791 6
205805 2
206100 479
206101 42
206103 56
206104 78
206107 8
206108 75
206111 229
206112 181
206113 28
206161 97
206162 167
206171 188
206172 128
206181 37
206191 38
206203 50
206207 40
206211 66
206216 50
206217 62
206261 194
206267 74
206281 106
206300 142
206321 47
206324 62
206325 50
206327 69
206328 40
206331 28
206336 36
206341 32
206355 64
206362 39
206370 34
206381 30
206390 36
206412 14
206436 69
206437 37
206441 59
206455 41
206474 19
206499 18
206704 1
206707 3
206713 3
206720 8
206721 3
206730 3
206736 3
206738 10
206739 4
206743 9
206753 3
206766 4
206783 8
206789 3
206791 4
206794 3
206795 4
206797 1
206831 1
206898 1
206997 2
207100 44
207103 29
207105 57
207106 95
207107 23
207109 243
207115 54
207117 41
207123 55
207131 31
207135 26
207164 13
207171 20
207173 33
207174 10
207183 29
207187 94
207203 34
207205 25
207208 65
207213 37
207308 48
207310 33
207313 41
207323 46
207348 32
207401 49
207403 27
207406 38
207416 20
207419 42
207422 22
207436 12
207438 50
207439 3
207701 4
207703 4
207705 4
207711 4
207741 2
207743 3
207791 3
207792 1
207799 3
207892 3
207899 3
208101 308
208140 8
208150 21
208250 27
208251 10
208263 367
208265 7
208270 46
208271 104
208272 89
208280 35
208321 36
208329 44
208343 49
208348 48
208370 39
208383 47
208425 42
208439 25
208440 21
208469 30
208492 38
208499 11
208711 3
208760 3
208761 5
208770 4
208793 2
208798 1
208799 1
208871 2
208872 2
209201 41
209251 25
209301 40
209302 30
209303 36
209331 15
209351 15
209358 15
209361 15
209368 15
209375 25
209403 16
209442 16
209451 23
209453 23
209461 23
209463 23
209471 16
209483 16
209485 12
209493 36
209498 38
209703 4
209705 6
209707 6
209709 7
209711 3
209713 3
209722 4
209731 8
209771 14
209773 10
209779 9
209785 5
209799 3
210100 66
210201 34
210202 17
210204 19
210275 19
210343 28
210351 35
210375 24
210383 33
210425 35
210433 17
210434 22
210453 32
210465 21
210485 22
210496 33
210703 3
210704 3
210705 3
210707 3
210723 2
210731 13
210732 13
210792 4
210799 4
210893 1
210898 1
211100 131
211311 80
211315 174
211317 78
211319 168
211399 20
211413 27
211440 21
211442 21
211443 21
211495 8
211499 6
211702 4
211889 4
212701 5
212703 5
212711 5
212721 3
212741 8
212773 4
212791 5
212796 3
212799 3
213201 7
213712 3
213714 3
213763 4
213769 2
213779 5
213791 5
213792 1
213799 6
213892 1
213897 1
214100 27
214261 46
214312 18
214341 50
214381 35
214401 40
214411 36
214414 34
214415 37
214421 11
214430 17
214441 22
214445 14
215205 77
215206 77
215207 39
215208 41
215301 22
215302 28
215381 27
215411 25
215431 34
215471 38
215481 29
215495 41
215496 35
215497 25
215734 2
215762 2
215785 5
215788 5
215792 5
215794 4
215797 2
215799 4
215891 1
215892 1
215893 2
215894 1
215897 3
215898 3
217701 4
217703 4
217707 4
217717 4
217734 3
217751 3
217775 5
217781 6
217792 5
217799 5
217893 1
217898 1
218100 94
218101 12
218233 12
218235 12
218310 26
218321 26
218323 26
218351 26
218471 21
218475 21
218483 17
218486 10
218495 14
218497 21
219720 5
219731 9
219751 6
219792 3
219799 3
225701 4
225703 4
225705 4
225720 4
226701 6
226705 2
226706 4
226709 6
226710 7
226791 4
226792 3
226799 3
226801 6
226807 7
226889 2
226891 1
226892 2
226893 1
226898 3
226899 1
229123 51
229323 62
229352 29
229711 6
230751 4
230752 4
230753 4
230796 4
251211 85
251213 35
251261 23
251281 71
251312 50
251313 32
251333 20
251334 22
251361 63
251363 60
251371 47
251372 43
251374 30
251384 31
251411 35
251418 14
251437 24
251438 46
251451 17
251455 23
251457 33
251461 43
251475 27
251479 33
251499 27
251701 4
251702 4
251703 5
251711 4
251714 4
251715 4
251717 4
251718 8
251745 4
251751 5
251752 5
251757 5
251758 7
251773 4
251783 4
251785 4
251790 23
251798 2
252201 52
252211 77
252232 40
252282 78
252283 47
252285 42
252286 39
252301 49
252302 65
252317 31
252320 26
252322 45
252325 46
252327 59
252330 53
252342 25
252363 57
252420 34
252421 11
252424 39
252425 30
252426 18
252427 35
252444 30
252450 53
252455 27
252460 41
252489 25
252490 67
252493 19
252498 39
252702 1
252708 4
252723 2
252724 4
252741 3
252748 2
252781 4
252785 4
252789 2
252791 4
252799 4
253303 39
253314 26
253315 22
253432 28
253455 26
253456 20
253481 22
253491 26
253701 8
253715 1
253717 6
253722 8
253731 8
253732 8
253734 1
253735 6
253736 7
253748 6
253752 1
253754 8
253799 2
254181 31
254205 35
254206 37
254211 55
254215 42
254216 39
254222 34
254231 39
254232 33
254252 51
254282 33
254302 71
254325 87
254333 83
254372 75
254421 67
254425 13
254426 21
254435 17
254436 27
254438 8
254439 28
254441 68
254442 26
254451 76
254456 36
254457 29
254458 21
254459 30
254461 36
254471 72
254473 22
254490 68
254491 28
254492 11
254494 10
254498 2
254700 9
254702 4
254703 6
254710 6
254711 4
254734 5
254770 3
254777 6
254804 2
254875 3
255201 73
255215 40
255251 50
255290 42
255300 78
255320 67
255321 70
255330 84
255359 69
255415 43
255417 37
255420 45
255422 45
255424 40
255430 43
255432 58
255434 75
255437 47
255438 47
255439 35
255441 40
255447 30
255449 50
255454 32
255460 40
255462 54
255464 46
255471 38
255491 72
255492 36
255499 42
255712 8
255720 3
255722 7
255734 7
255739 13
255745 3
255750 4
255764 9
255766 5
255770 11
255771 7
255772 10
255786 9
255791 5
255798 3
255799 4
256100 163
256212 27
256271 25
256281 39
256316 30
256333 32
256373 18
256383 30
256412 30
256415 19
256441 26
256457 24
256462 34
256473 21
256491 27
256700 4
256735 2
256761 3
256762 3
256782 2
256799 2
259103 78
259104 38
259106 41
259107 157
259108 272
259109 196
259191 77
259192 53
259194 59
259201 126
259203 44
259402 145
259491 15
260312 10
260404 6
260413 10
260424 10
260434 6
260717 2
260772 2
260799 2
261103 19
261111 714
261200 30
261210 27
261212 27
261216 32
261217 43
261304 47
261305 17
261335 50
261336 48
261342 51
261343 50
261361 17
261405 56
261406 31
261434 45
261447 40
261456 41
261457 27
261458 29
261461 31
261469 41
261491 61
261492 15
261494 32
261497 43
261499 23
261701 8
261702 5
261706 5
261732 2
261735 9
261739 3
261753 3
261754 4
261767 2
261769 1
261791 10
261799 5
261899 1
263701 5
263702 5
263720 4
263746 5
263760 5
263771 4
264701 5
264706 5
264707 4
264710 3
264741 5
264791 3
264797 2
265750 3
266701 2
266703 2
266723 3
266792 3
268721 7
268798 2
268799 6
269101 7
269102 7
269200 7
269201 10
269202 15
269340 21
269430 38
269462 42
269470 33
269491 23
269492 23
269497 18
270701 3
270702 4
270711 3
270791 3
270792 2
270799 3
301221 20
301233 49
301241 21
301254 9
301702 3
301710 6
301715 3
301716 3
301717 3
301789 4
301791 3
301799 3
301891 3
301899 1
303210 51
303221 9
303232 21
303262 7
303706 2
303709 7
303712 4
303713 4
303726 4
303735 6
303736 7
303792 2
303799 2
303899 1
305202 7
307401 2
310331 11
310401 2
311352 11
311700 3
311701 2
311704 2
311722 3
311725 3
311792 3
311799 3
311892 1
311893 1
311898 4
312708 2
312792 2
312799 2
314401 2
314893 1
314898 1
317701 5
317702 5
317703 5
317791 4
317795 4
317881 3
318322 13
318351 12
320332 12
320342 12
320351 11
320702 2
320791 2
320799 2
320893 1
320899 1
321224 9
321232 14
321242 19
321251 19
321371 14
321700 4
321701 4
321702 4
321791 3
321792 3
323331 11
324701 4
324702 4
324703 4
324704 4
324707 4
324710 4
324711 4
324712 4
324715 4
324799 4
328310 11
328313 11
330110 50
330111 50
330191 12
332881 1
332885 1
334802 2
334803 2
334811 2
347891 1
347899 1
351100 53
351201 34
351202 46
351301 33
351321 60
351331 40
351410 37
351441 40
351442 25
351451 23
351463 17
351466 23
351499 6
351760 2
351763 3
351789 2
351799 2
352301 16
352311 4
352321 52
352323 51
352332 21
352380 28
352422 51
352431 11
352499 15
352712 4
352715 5
352721 4
352741 4
352791 4
352793 5
352799 3
352821 4
352832 2
352842 2
352891 2
352899 1
353100 63
353301 9
353303 14
353312 8
353390 26
353421 25
353431 44
353451 39
353452 27
353454 8
353497 10
353498 17
353499 7
353711 9
353741 8
353751 6
353752 5
353762 4
353769 3
353792 7
353799 2
354311 69
356100 487
356101 378
356102 436
356202 7
356210 58
356212 7
356303 21
356304 4
356306 30
356312 7
356361 6
356390 5
356412 26
356414 11
356416 9
356432 7
356441 11
356442 19
356443 19
356471 10
356490 1
356496 2
356497 8
356499 14
356722 8
356725 7
356745 2
356746 4
356751 2
356789 12
356791 4
356795 1
356797 2
356799 4
356898 1
357101 300
357110 187
357210 41
357322 11
357324 5
357360 12
357390 14
357417 12
357441 42
357491 12
357497 4
357701 4
357710 4
357731 4
357741 1
357782 7
357783 8
357792 1
357799 1
359202 299
359203 187
359204 32
359206 8
359301 27
359311 52
359381 8
359390 68
359405 27
359409 49
359410 26
359413 13
359414 23
359421 30
359431 27
359451 42
359481 6
359483 4
359497 40
359499 22
359701 9
359702 7
359705 9
359713 8
359722 2
359723 5
359791 6
359799 9
359873 2
359891 2
360100 279
360210 45
360212 17
360390 15
360400 15
360402 12
360404 13
360407 15
360411 21
360431 34
360460 20
360470 8
360497 15
360721 6
360751 7
360761 7
360771 5
360796 5
360799 5
360898 1
361210 78
361214 7
361301 10
361321 15
361351 50
361390 3
361453 27
361461 15
361471 3
361498 3
361499 3
361712 4
361725 2
361732 7
361772 2
361792 3
363210 49
365222 33
365301 15
365321 10
365331 10
365390 15
365401 19
365421 10
365427 9
365428 10
365493 11
365497 19
368200 25
368317 40
368331 29
368412 10
368416 21
368433 11
368441 28
368487 29
368730 3
368741 3
368751 3
368799 3
400110 203
400190 63
400211 44
400290 22
401382 12
401701 9
401702 9
401703 9
401761 9
401792 9
401799 4
401811 4
401812 4
401857 4
401874 4
401884 4
401951 4
402707 4
402753 5
402792 4
402799 4
403382 12
403701 19
405712 11
405713 3
405732 11
405753 7
405761 7
405763 3
405781 11
405783 7
405794 7
406385 12
406395 12
407713 8
407715 7
407723 8
407725 7
407731 8
407733 7
407753 8
407755 3
407761 7
407781 8
407783 3
407792 7
408701 8
408703 5
408704 25
408705 7
408708 5
408761 8
408763 5
408765 7
408797 5
409281 9
409292 9
411281 9
411291 9
412718 6
412720 9
412761 6
412791 6
413701 11
414855 5
414857 4
414896 5
414898 4
415291 9
415383 12
415711 56
415712 40
415713 40
415903 3
415981 3
420281 9
421281 9
421291 9
421385 12
421395 12
421711 8
421712 8
421713 8
421714 8
421717 8
421751 8
421811 8
421812 8
421813 8
421827 6
421828 6
421831 8
421861 7
421863 6
421892 6
421951 7
422711 56
422712 12
422713 46
423382 12
426701 5
426703 5
426761 5
426765 5
427798 27
427898 1
428382 12
429711 8
429731 8
429781 8
429801 8
429811 5
429831 8
429851 8
429853 5
430716 5
430753 5
430769 5
430783 5
430784 5
430799 5
455898 1
461100 222
461170 81
461471 8
461472 10
461511 8
461527 11
461529 10
462130 470
462533 1
462541 10
462587 13
462588 10
462701 4
462704 4
462705 2
462706 4
462722 4
462791 4
462793 2
462799 2
463251 15
463311 21
463331 9
463341 10
463353 25
463402 16
463433 17
463455 16
463491 10
463503 12
463504 15
463507 10
463545 12
463556 12
463558 15
463581 12
463593 12
463701 6
463702 6
463703 6
463705 6
463735 5
463737 5
463769 6
464301 11
464311 14
464341 11
464391 14
464401 14
464413 17
464441 14
464443 10
464444 10
464445 10
464491 10
464501 15
464502 12
464503 15
464509 9
464510 13
464541 16
464542 16
464543 15
464544 15
464549 11
464582 26
466141 45
501301 13
501302 13
501702 2
501791 2
502211 16
502311 12
503402 16
504302 12
505402 16
506303 13
506361 23
506793 1
507402 16
508203 39
508207 13
508303 13
508732 2
508791 2
509402 16
510100 307
510201 39
510202 39
510307 13
510411 17
510414 21
510415 21
510416 16
510417 21
510418 21
510713 3
510716 3
510719 3
510721 3
510799 5
512303 12
512312 15
512402 16
513111 32
513114 39
513223 7
513224 7
513283 7
513315 12
513324 11
513328 11
513340 11
513363 11
513371 11
513412 4
513429 4
513445 4
513451 4
513471 4
513703 3
513707 3
513709 3
513756 6
513799 1
514161 10
514211 9
514241 9
514261 8
514317 13
514323 9
514335 14
514337 7
514341 13
514343 11
514381 10
514383 9
514395 9
514397 14
514425 7
514442 7
514451 7
514453 10
514466 10
514475 10
514701 2
514730 4
514741 4
514751 4
514791 4
515101 381
515201 25
515250 21
515307 13
515312 16
515334 16
515361 11
515364 9
515370 2
515374 2
515376 10
515403 15
515411 18
515444 18
515481 15
515483 15
515486 6
515487 6
515490 15
515493 6
515494 6
515495 8
515496 6
515497 9
515498 6
516101 25
516102 10
518709 3
518761 3
518763 3
518773 7
518775 2
518799 2
520711 3
520713 2
520714 3
520716 3
520791 2
520799 2
551392 3
551461 10
551491 8
551492 10
552216 8
552217 7
552222 7
552291 12
553312 13
554314 13
554392 12
554493 7
554494 7
555313 13
555392 3
555393 12
555394 12
555725 4
555731 4
555732 4
556311 13
556391 12
556491 3
556742 6
556747 6
556748 6
556753 1
556799 1
557433 10
557491 3
558411 10
558432 10
558442 10
558749 3
558752 5
558757 5
558758 1
560725 1
561312 21
561391 12
561392 12
561491 8
561742 1
561743 4
561744 4
561748 2
561799 2
562211 7
562700 23
562703 13
562708 23
562709 1
562711 3
562715 18
562799 3
563701 4
563714 1
563799 1
564746 5
564747 5
564748 5
566720 1
566824 3
566828 3
566830 3
566831 3
566833 1
566891 2
568718 5
568719 5
569717 4
569719 4
569799 1
570701 4
570703 2
570705 3
570734 4
570735 2
570736 1
571102 17
571113 26
571115 49
571116 22
601201 95
601302 42
601321 19
601322 30
601341 42
601344 29
601345 29
601351 33
601353 8
601422 33
601427 13
601428 18
601452 54
601453 53
601460 33
601462 36
601497 42
601702 5
601704 4
601705 4
601731 5
601758 8
601765 14
601767 2
601792 2
601799 2
601893 1
601899 1
602100 217
602102 283
602111 8
602201 8
602211 31
602315 31
602317 30
602321 27
602322 23
602431 25
602432 25
602441 25
602464 30
602496 34
602497 29
602499 4
602731 6
602761 4
602769 3
603211 58
603322 12
603332 20
603352 12
603371 12
603421 18
603422 2
603441 13
603453 17
603465 13
603471 17
603493 11
603494 24
603495 23
603497 15
603499 8
603732 1
603799 1
603892 1
604304 33
604305 33
604312 36
604313 35
604351 41
604352 46
604412 15
604414 15
604416 15
604422 17
604441 13
604451 27
604497 19
604711 3
604712 4
604715 10
604731 8
604732 9
604736 3
605201 15
605204 34
605301 30
605313 36
605314 41
605321 28
605322 28
605332 15
605341 31
605412 18
605432 22
605446 22
605459 14
605461 14
605476 13
605491 22
605496 22
605713 6
605741 4
605751 4
605791 4
605795 4
605799 2
605892 1
605899 2
606231 22
606242 21
606244 22
606263 20
606343 15
606362 18
606363 18
606479 8
606491 8
606499 8
610101 28
610102 15
610114 510
626711 3
626712 3
627711 3
627712 3
627713 3
627732 3
651105 53
651107 7
651109 16
651120 28
651210 9
651232 12
651311 4
651312 4
651315 4
651316 7
651393 14
653703 1
653898 1
676700 5
676701 5
676702 4
676703 4
676704 4
676705 2
676714 2
676716 2
679800 1
679802 2
679804 1
701101 78
701181 79
701182 7
701183 75
701201 41
701211 32
701281 87
701313 64
701321 43
701331 44
701342 46
701344 6
701402 25
701403 23
701407 9
701409 8
701425 22
701455 25
701494 29
701714 6
701892 2
702101 355
702205 28
702211 97
702312 78
702313 90
702316 37
702318 26
702341 21
702351 31
702411 33
702416 34
702418 17
702423 33
702431 35
702701 5
702702 10
702710 3
702711 3
702717 4
702718 4
702725 4
702742 4
702751 3
702752 3
702756 4
702757 4
702791 4
703103 319
703131 29
703202 219
703204 6
703243 92
703244 81
703305 47
703308 83
703311 47
703313 13
703322 68
703324 28
703330 99
703331 90
703345 40
703352 6
703391 108
703404 38
703412 26
703435 55
703447 40
703454 45
703498 43
703499 6
703701 6
703702 7
703711 4
703740 10
703747 4
703791 4
703797 7
703831 3
704101 6
704141 6
704201 6
704345 6
705191 19
705211 254
705311 203
705329 43
705331 43
705342 4
705351 142
705411 34
705437 147
705441 142
705442 167
705444 169
705492 37
705493 4
705499 27
705711 4
705712 4
705721 4
705722 6
705723 5
705727 9
705743 4
705762 9
705767 9
705768 9
705772 9
705778 9
705779 9
705784 9
705792 9
705797 9
706100 38
706101 93
706102 78
709811 3
709812 3
709813 2
709814 5
751100 702
751101 238
751102 75
751103 137
751104 151
751105 168
751106 77
751202 75
751209 115
751301 107
751302 100
751303 91
751304 10
751305 108
751308 130
751309 78
751321 14
751323 40
751325 37
751326 33
751327 45
751330 100
751345 71
751401 102
751403 57
751405 109
751407 86
751408 76
751409 107
751413 45
751419 37
751420 30
751421 62
751422 25
751424 20
751428 104
751443 63
751447 40
751449 4
751451 29
751701 11
751702 8
751703 7
751704 4
751705 6
751706 5
751708 6
751712 5
751718 6
751722 1
751724 6
751726 3
751730 3
751749 9
751751 9
751766 1
751799 1
751895 1
751896 1
801100 319
801106 7
801113 7
801201 28
801211 10
801225 10
801235 19
801311 19
801321 4
801324 15
801331 15
801333 20
801334 6
801335 8
801336 22
801381 5
801382 16
801411 12
801413 6
801421 17
801452 27
801471 16
801481 37
801483 23
801591 41
801707 3
801710 6
801711 9
801713 3
801719 3
801724 3
801739 4
801761 9
801771 7
801789 4
801791 3
801792 4
801799 4
801801 1
801802 1
802111 5
802141 5
803121 10
803123 10
803211 21
803231 18
803300 6
803311 14
803331 16
803360 6
803370 10
803401 9
803431 11
803471 10
803490 18
804111 6
804121 6
804201 5
804211 5
804221 10
804222 5
804231 5
804311 7
804321 7
804331 7
804332 7
804371 7
851100 500
851101 17
851102 79
851104 17
851105 17
851108 17
851200 77
851201 76
851202 55
851211 31
851212 73
851242 35
851243 38
851251 59
851262 62
851273 65
851305 142
851306 136
851309 119
851331 85
851342 14
851349 86
851352 80
851354 58
851355 45
851360 75
851362 45
851375 83
851376 71
851400 157
851404 109
851407 121
851408 4
851409 4
851411 66
851441 49
851446 41
851449 33
851451 23
851452 30
851462 59
851468 44
851471 41
851702 2
851705 4
851708 2
851715 5
851751 2
851752 2
851767 3
851768 3
851789 4
852100 39
852101 23
852102 23
852103 23
852201 12
852202 12
852203 12
852204 12
888102 30
888106 22
888111 21
888121 33
888147 16
888151 17
888192 20
888231 12
888251 13
888311 7
888341 16
888361 11
888411 7
888702 4
888703 4
888705 4
888744 4
888782 4
905700 6
905791 6
905792 8
905794 1
905799 6
905897 3
905899 3
906703 1
906789 3
907701 3
907703 3
907709 3
907710 3
909701 3
909703 3
910701 6
910702 6
910703 6
910704 6
910705 6
910708 6
910709 6
910734 1
910792 1
923701 6
923702 6
923703 6
923704 6
923705 6
923706 6
923707 6
924701 2
924702 2
924703 2
950701 3
950702 3
950703 3
950715 2
950722 2
950733 3
950798 2
950801 1
950803 1
951100 424
951102 14
951103 15
951106 6
951107 23
951111 50
951124 12
951203 6
951212 37
951301 20
951302 30
951323 32
951331 31
951344 33
951345 28
951348 26
951352 29
951353 25
951354 19
951411 27
951413 30
951451 29
951489 3
951492 2
951494 28
951497 27
951499 6
952700 4
952701 4
952702 4
952703 4
952704 4
952724 3
952764 3
952792 4
952798 3
952799 1
952801 3
952802 3
952803 3
952821 3
953100 8
953103 8
953111 407
953212 10
953233 21
953261 20
953321 14
953322 20
953331 20
953361 27
953391 25
953420 22
953421 14
953444 6
953464 6
953491 2
953494 16
953495 9
953499 17
953702 2
953790 2
953791 2
954100 28
954231 36
954244 32
954246 17
954310 44
954370 29
954374 30
954389 40
954410 23
954413 25
954416 27
954424 30
954426 28
954443 30
954449 18
954462 34
954464 33
954471 18
954477 27
954480 18
954491 49
954492 18
954493 16
954498 28
954499 1
955100 5
955102 24
955103 66
955104 16
955106 19
955200 53
955201 62
957213 48
958111 10
958201 20
958221 11
958225 11
958261 11
958373 11
960121 7
960212 7
960231 7
961701 3
961731 8
961792 1
