001201 1453
001102 734
261111 714
751100 702
001101 535
201114 522
610114 510
851100 500
103271 492
356100 487
206100 479
018111 473
204100 472
462130 470
009103 448
013110 448
050100 448
356102 436
951100 424
953111 407
001210 392
515101 381
176100 379
356101 378
208263 367
702101 355
057127 354
001311 334
703103 319
801100 319
026101 311
176101 309
208101 308
510100 307
357101 300
359202 299
140104 298
019101 293
201100 290
602102 283
011251 280
360100 279
154104 273
259108 272
057136 267
057128 261
203100 261
057121 259
011100 258
705211 254
003191 253
050106 250
159100 248
057126 246
207109 243
751101 238
206111 229
127101 228
001291 227
203206 225
057130 224
461100 222
126101 219
703202 219
602100 217
109100 212
064424 210
074101 205
050103 204
400110 203
705311 203
011269 202
013103 202
203111 202
078444 198
001310 197
259109 196
206261 194
013207 193
050141 190
206171 188
357110 187
359203 187
001230 183
206112 181
012200 179
203209 179
211315 174
021101 173
057125 172
201191 170
705444 169
211319 168
751105 168
206162 167
705442 167
074100 164
203226 164
256100 163
050104 159
057132 158
127100 158
018113 158
259107 157
851400 157
057129 155
100501 154
201111 153
011153 152
201116 152
751104 151
012173 150
100498 150
109116 149
201115 149
204101 149
101201 147
705437 147
026102 146
259402 145
851305 142
206300 142
705351 142
705441 142
020101 141
013203 138
751103 137
128100 136
851306 136
176220 135
015101 133
019106 132
154281 132
211100 131
001250 131
751308 130
101400 128
206172 128
259201 126
100489 121
204123 121
851407 121
011257 120
851309 119
006103 118
057139 118
057305 117
159101 117
019105 116
751209 115
168101 114
202101 114
203229 114
057137 113
059419 113
014270 112
050111 112
057133 111
177103 111
201110 110
751405 109
851404 109
703391 108
751305 108
008220 107
751301 107
751409 107
001312 107
071416 106
206281 106
100313 105
202100 105
018271 105
208271 104
751428 104
101100 103
057123 102
026112 102
751401 102
017101 101
203115 101
751302 100
016101 100
751330 100
019205 99
703330 99
013217 99
001202 98
057134 97
206161 97
702211 97
001323 97
002191 96
100111 96
109115 96
100314 95
203162 95
207106 95
601201 95
207187 94
218100 94
140103 93
706101 93
001353 93
057135 92
057213 92
101221 92
703243 92
100312 92
019206 92
061106 91
205100 91
751303 91
702313 90
703331 90
208272 89
057411 88
254325 87
701281 87
001330 87
004324 86
006203 86
011276 86
751407 86
851349 86
251211 85
851331 85
255330 84
100308 84
030101 83
254333 83
011362 83
703308 83
851375 83
014210 82
159231 82
461170 81
703244 81
061223 80
211311 80
851352 80
128309 80
021204 80
701181 79
851102 79
026201 79
203331 79
203337 79
206104 78
255300 78
259103 78
701101 78
205105 78
252282 78
361210 78
702312 78
751309 78
099102 78
126321 78
211317 78
706102 78
215205 77
215206 77
252211 77
259191 77
751106 77
851200 77
014402 77
127400 77
128307 77
128403 77
254451 76
100311 76
126211 76
203236 76
751408 76
851201 76
100112 75
168100 75
206108 75
254372 75
701183 75
751102 75
751202 75
255434 75
851360 75
001418 75
206267 74
159431 74
126326 74
126333 74
001315 74
057428 73
255201 73
851212 73
026111 73
254471 72
177217 72
177321 72
255491 72
001231 72
001354 72
251281 71
751345 71
013335 71
014304 71
159305 71
254302 71
006303 71
100381 71
851376 71
100109 70
255321 70
206327 69
255359 69
006330 69
127303 69
203235 69
206436 69
354311 69
013306 69
254441 68
703322 68
011358 68
177446 68
254490 68
359390 68
001318 68
255320 67
170109 67
252490 67
254421 67
013301 67
205103 66
206211 66
210100 66
955103 66
001212 66
006326 66
851411 66
170108 65
011353 65
205275 65
851273 65
126499 65
207208 65
001218 65
008215 65
252302 65
159303 64
013303 64
206355 64
701313 64
202103 63
202231 63
353100 63
400190 63
014323 63
177215 63
204451 63
251361 63
177434 63
751443 63
100110 62
206217 62
955201 62
229323 62
851262 62
126428 62
206324 62
751421 62
008213 61
159203 61
013317 61
127316 61
261491 61
126443 61
204325 61
101114 60
202143 60
351321 60
251363 60
177362 60
008321 59
011369 59
061306 59
159361 59
206441 59
851251 59
126215 59
203352 59
252327 59
259194 59
851462 59
356210 58
603211 58
127314 58
051313 58
204381 58
255432 58
851354 58
051302 57
159221 57
207105 57
004303 57
159362 57
177214 57
177404 57
177426 57
252363 57
751403 57
001293 57
206103 56
204321 56
126334 56
261405 56
008315 56
415711 56
422711 56
104201 55
207123 55
004241 55
014403 55
203288 55
254211 55
851202 55
128482 55
128483 55
703435 55
202342 55
207115 54
127326 54
011459 54
140105 54
159411 54
255462 54
601452 54
001445 54
351100 53
651105 53
004475 53
020211 53
006346 53
065310 53
159490 53
203315 53
252330 53
601453 53
955200 53
252450 53
259192 53
252201 52
203203 52
352321 52
359311 52
008218 52
177450 52
063201 51
160341 51
229123 51
254252 51
352323 51
204341 51
261342 51
303210 51
352422 51
001321 51
001443 51
206325 50
255251 50
330110 50
330111 50
951111 50
004473 50
100230 50
206203 50
251312 50
261335 50
261343 50
361351 50
202332 50
206216 50
207438 50
214341 50
255449 50
051306 49
057138 49
061403 49
301233 49
363210 49
571115 49
126216 49
204361 49
954491 49
003101 49
014401 49
159403 49
207401 49
208343 49
252301 49
359409 49
851441 49
011259 48
114425 48
957213 48
012271 48
019221 48
061224 48
154261 48
177341 48
202311 48
261336 48
006332 48
051418 48
207308 48
208348 48
011152 47
109118 47
127337 47
251371 47
252283 47
261304 47
019373 47
177467 47
202371 47
206321 47
208383 47
255437 47
255438 47
703305 47
703311 47
208270 46
214261 46
351202 46
064430 46
177281 46
604352 46
008314 46
014380 46
177330 46
203399 46
207323 46
251438 46
252325 46
255464 46
701342 46
202334 46
422713 46
176104 45
202141 45
202142 45
203171 45
203173 45
360210 45
466141 45
006126 45
110333 45
128354 45
177427 45
203498 45
204491 45
252322 45
255420 45
255422 45
703454 45
751327 45
851355 45
851362 45
100309 45
751413 45
261434 45
099101 45
078454 44
203167 44
207100 44
400211 44
006307 44
203207 44
259203 44
353431 44
954310 44
008303 44
114407 44
203332 44
204390 44
208329 44
701331 44
851468 44
110101 43
703498 43
006443 43
013204 43
014325 43
251372 43
261217 43
159311 43
203303 43
203333 43
251461 43
255415 43
255430 43
701321 43
705329 43
705331 43
261497 43
051310 42
206101 42
252285 42
254215 42
255290 42
014322 42
100228 42
128202 42
601302 42
601497 42
011374 42
011464 42
014302 42
014410 42
177393 42
203308 42
203323 42
207419 42
208425 42
255499 42
357441 42
359451 42
204432 42
601341 42
269462 42
164200 41
207117 41
215208 41
259106 41
357210 41
801591 41
006331 41
100291 41
205104 41
209201 41
261456 41
604351 41
605314 41
004309 41
011356 41
126432 41
154499 41
159356 41
202473 41
207313 41
215495 41
252460 41
261469 41
701201 41
851446 41
851471 41
021270 41
206455 41
021203 41
011151 40
061307 40
107211 40
252232 40
255215 40
351331 40
368317 40
703447 40
014310 40
203231 40
214401 40
351441 40
954389 40
006448 40
011461 40
013305 40
014371 40
204335 40
206207 40
209301 40
255424 40
255441 40
261447 40
359497 40
703345 40
751323 40
751447 40
206328 40
014421 40
255460 40
415712 40
415713 40
020102 39
154151 39
215207 39
252286 39
254216 39
254231 39
513114 39
852100 39
051304 39
061317 39
104495 39
128203 39
177216 39
203222 39
353451 39
508203 39
510201 39
510202 39
011480 39
206362 39
208370 39
252424 39
252498 39
253303 39
256281 39
018325 39
001362 39
004101 38
020341 38
127204 38
206191 38
208492 38
259104 38
100231 38
114416 38
159454 38
203201 38
255471 38
851243 38
006470 38
126338 38
202305 38
207406 38
209498 38
215471 38
703404 38
706100 38
001425 38
269430 38
127312 37
206181 37
207213 37
254206 37
351410 37
013206 37
014370 37
071425 37
100306 37
100310 37
154384 37
214415 37
801481 37
154457 37
205393 37
206437 37
255417 37
705492 37
751419 37
951212 37
751325 37
001410 37
001461 37
702316 37
100220 36
203103 36
208321 36
128204 36
214411 36
604312 36
954231 36
128334 36
177481 36
202438 36
202477 36
206336 36
209303 36
209493 36
254456 36
601462 36
605313 36
128325 36
206390 36
254461 36
255492 36
057410 35
071419 35
208280 35
006344 35
009230 35
009231 35
604313 35
851242 35
002365 35
011486 35
014390 35
177465 35
210351 35
210425 35
214381 35
215496 35
251213 35
251411 35
254205 35
702431 35
001464 35
203414 35
203431 35
001415 35
001444 35
252427 35
255439 35
100214 34
101113 34
105311 34
204202 34
207203 34
210201 34
351201 34
605204 34
006206 34
214414 34
002333 34
205310 34
206370 34
215431 34
254222 34
256462 34
360431 34
602496 34
702416 34
705411 34
954462 34
204435 34
100307 34
252420 34
064204 34
002192 33
099100 33
101315 33
109119 33
207173 33
254232 33
351301 33
365222 33
888121 33
004301 33
008424 33
100229 33
203241 33
203286 33
204216 33
601422 33
604304 33
604305 33
008322 33
052352 33
052357 33
203324 33
203327 33
207310 33
210383 33
210496 33
251479 33
601460 33
702411 33
702423 33
851449 33
951344 33
954464 33
002401 33
751326 33
001422 33
001320 33
254282 33
601351 33
269470 33
251457 33
013302 32
013304 32
013307 32
107212 32
117415 32
359204 32
513111 32
105304 32
112110 32
261216 32
954244 32
002301 32
065320 32
177430 32
203204 32
206341 32
207348 32
210453 32
251313 32
256333 32
701211 32
951323 32
001447 32
255454 32
261494 32
006226 31
117101 31
152301 31
207131 31
252317 31
254181 31
602211 31
851211 31
004432 31
203228 31
204211 31
261461 31
602315 31
009333 31
009336 31
064423 31
065311 31
204453 31
251384 31
261406 31
605341 31
951331 31
002473 31
017210 31
071413 31
203471 31
203477 31
702351 31
103112 30
104300 30
208469 30
356306 30
888102 30
004351 30
067373 30
112401 30
154353 30
159304 30
261200 30
359421 30
602317 30
954374 30
954424 30
008411 30
110202 30
110234 30
115400 30
177401 30
177414 30
177494 30
205410 30
205415 30
209302 30
251374 30
252425 30
252444 30
255447 30
256316 30
256412 30
602464 30
605301 30
851452 30
951302 30
951413 30
954443 30
018421 30
751420 30
206381 30
254459 30
203434 30
256383 30
601322 30
100207 29
104301 29
107498 29
128101 29
207103 29
207183 29
229352 29
008232 29
116301 29
368331 29
368487 29
954370 29
002201 29
002211 29
002221 29
008422 29
177485 29
215481 29
261458 29
602497 29
701494 29
703131 29
951352 29
951451 29
751451 29
018438 29
001423 29
014482 29
601344 29
601345 29
254457 29
002101 28
105334 28
106427 28
107229 28
107336 28
107437 28
112203 28
115200 28
206113 28
206331 28
254491 28
651120 28
702205 28
801201 28
954100 28
006242 28
006253 28
020362 28
104475 28
954426 28
012272 28
064418 28
065212 28
154481 28
177448 28
179403 28
210343 28
215302 28
253432 28
254439 28
352380 28
368441 28
605321 28
605322 28
610101 28
703324 28
951345 28
951494 28
954498 28
026271 28
018435 28
025101 28
101103 27
101211 27
107333 27
214100 27
256212 27
208250 27
353452 27
359301 27
361453 27
602321 27
801452 27
954416 27
954477 27
006324 27
177405 27
202474 27
207403 27
211413 27
215381 27
252455 27
254436 27
256491 27
261210 27
261212 27
604451 27
705499 27
951411 27
951497 27
953361 27
019303 27
203351 27
001421 27
359431 27
251475 27
251499 27
359405 27
261457 27
202361 27
177463 27
427798 27
001111 26
001113 26
009212 26
106121 26
106223 26
202145 26
202146 26
207135 26
356412 26
571113 26
154388 26
204231 26
218310 26
218321 26
218323 26
218351 26
253314 26
353390 26
359410 26
013313 26
013422 26
014311 26
021102 26
065332 26
105413 26
128355 26
159332 26
201117 26
203458 26
252320 26
253455 26
253491 26
254442 26
256441 26
702318 26
951348 26
154493 26
066416 26
018335 26
018495 26
204383 26
703412 26
464582 26
107227 25
117205 25
127203 25
154141 25
203151 25
208439 25
008312 25
014382 25
104440 25
114323 25
207205 25
209251 25
353421 25
368200 25
002372 25
006425 25
008325 25
012276 25
019211 25
067372 25
205303 25
205337 25
205355 25
205486 25
209375 25
215411 25
252342 25
252489 25
256271 25
351442 25
515201 25
516101 25
602431 25
602432 25
602441 25
701402 25
701455 25
951353 25
953391 25
954413 25
018371 25
019361 25
751422 25
003201 25
001473 25
017201 25
215497 25
115301 25
463353 25
408704 25
050121 24
061407 24
106231 24
107335 24
114103 24
152211 24
204111 24
955102 24
114313 24
154377 24
002250 24
006433 24
074414 24
114406 24
210375 24
256457 24
603494 24
008316 24
008413 24
009426 24
203405 24
205464 24
251437 24
057293 23
057300 23
103225 23
106321 23
106327 23
112101 23
117206 23
207107 23
801483 23
852101 23
852102 23
852103 23
951107 23
008317 23
067432 23
076430 23
100222 23
114327 23
114345 23
154311 23
154330 23
154375 23
205235 23
205239 23
602322 23
052420 23
052466 23
110250 23
115302 23
152321 23
209451 23
209453 23
209461 23
209463 23
251261 23
351451 23
351466 23
506361 23
603495 23
701403 23
954410 23
154455 23
269492 23
851451 23
001342 23
018465 23
359414 23
251455 23
204471 23
261499 23
059413 23
061404 23
269491 23
251790 23
562700 23
562708 23
009105 22
013330 22
013338 22
052201 22
052202 22
061201 22
100233 22
110220 22
110270 22
159151 22
203107 22
571116 22
606231 22
606244 22
888106 22
101405 22
003414 22
003421 22
003436 22
006432 22
012100 22
019203 22
067303 22
076444 22
203475 22
210434 22
210485 22
215301 22
251334 22
253315 22
253481 22
359499 22
400290 22
605432 22
605446 22
605491 22
605496 22
701425 22
801336 22
953420 22
018351 22
207422 22
214441 22
019311 22
008449 22
018353 22
009431 22
126446 22
175335 22
254473 22
103251 22
020311 21
020333 21
020363 21
103311 21
103391 21
103392 21
103393 21
106428 21
110201 21
208150 21
356303 21
803211 21
888111 21
953233 21
020231 21
368416 21
606242 21
002351 21
009341 21
065210 21
100225 21
112300 21
203208 21
205475 21
210465 21
211440 21
211442 21
211443 21
218471 21
218475 21
218497 21
256473 21
301241 21
303232 21
352332 21
360411 21
515250 21
561312 21
002441 21
154477 21
019331 21
019381 21
008417 21
012273 21
702341 21
008352 21
012475 21
208440 21
071411 21
065421 21
463311 21
254426 21
510414 21
510415 21
510417 21
510418 21
269340 21
254458 21
002110 20
025104 20
107334 20
114203 20
114325 20
154231 20
202184 20
207171 20
958201 20
201193 20
301221 20
606263 20
013427 20
018231 20
025489 20
052443 20
064392 20
067311 20
104410 20
110340 20
202260 20
205461 20
205495 20
207416 20
211399 20
251333 20
253456 20
360460 20
603332 20
801333 20
888192 20
951301 20
953261 20
953322 20
002489 20
066410 20
018341 20
009469 20
009478 20
751424 20
953331 20
055771 20
070200 19
079169 19
079264 19
101105 19
105203 19
106325 19
114332 19
261103 19
356442 19
210204 19
210275 19
356443 19
604497 19
801235 19
801311 19
006212 19
009326 19
020321 19
020412 19
020421 19
020481 19
025490 19
100281 19
154488 19
205479 19
256415 19
321242 19
365401 19
365497 19
705191 19
951354 19
955106 19
008324 19
009425 19
018436 19
206474 19
252493 19
071422 19
601321 19
321251 19
403701 19
017102 18
803231 18
115300 18
052441 18
052445 18
076466 18
105336 18
112301 18
214312 18
256373 18
601428 18
603421 18
605412 18
606362 18
606363 18
954449 18
954480 18
954492 18
018301 18
019411 18
019442 18
009345 18
206499 18
014499 18
252426 18
803490 18
515411 18
515444 18
179402 18
954471 18
065437 18
100102 18
076427 18
269497 18
203753 18
562715 18
112103 17
112201 17
117204 17
127207 17
210202 17
360212 17
851104 17
851105 17
851108 17
103432 17
107439 17
204452 17
603453 17
603471 17
801421 17
851101 17
954246 17
020491 17
025206 17
025370 17
025420 17
064251 17
114343 17
177285 17
210433 17
218483 17
254435 17
351463 17
353498 17
888151 17
953499 17
702418 17
214430 17
202443 17
604422 17
463433 17
571102 17
261305 17
261361 17
510411 17
251451 17
464413 17
018103 16
018125 16
955104 16
103422 16
103491 16
803331 16
019208 16
025207 16
025208 16
025322 16
025480 16
057420 16
057426 16
110342 16
112314 16
352301 16
651109 16
888147 16
888341 16
953494 16
954493 16
066323 16
168221 16
013420 16
801382 16
801471 16
209403 16
209442 16
209471 16
209483 16
205483 16
065438 16
515312 16
515334 16
463402 16
463455 16
070410 16
203423 16
502211 16
464541 16
464542 16
503402 16
505402 16
507402 16
509402 16
510416 16
512402 16
106123 15
154262 15
605201 15
610102 15
951103 15
104424 15
105500 15
105598 15
352499 15
361321 15
365301 15
603497 15
003349 15
018235 15
057403 15
057405 15
076425 15
110352 15
112405 15
152241 15
203255 15
269202 15
360390 15
360400 15
360407 15
360497 15
365390 15
463251 15
605332 15
606343 15
801324 15
801331 15
004499 15
018471 15
019471 15
019473 15
259491 15
152332 15
152431 15
261492 15
515403 15
515481 15
515483 15
515490 15
209331 15
209351 15
209358 15
209361 15
209368 15
604412 15
604414 15
604416 15
065435 15
071415 15
361461 15
176103 15
463504 15
463558 15
464501 15
464503 15
464543 15
464544 15
512312 15
112102 14
112407 14
112411 14
114101 14
114104 14
951102 14
106125 14
106228 14
164341 14
321232 14
803311 14
006355 14
018203 14
052447 14
057404 14
110351 14
112413 14
114305 14
114321 14
154494 14
218495 14
321371 14
356499 14
605459 14
605461 14
953321 14
953421 14
127315 14
159443 14
018467 14
204365 14
009428 14
013453 14
353303 14
071423 14
651393 14
154443 14
357390 14
057366 14
206412 14
214445 14
514335 14
514397 14
062499 14
070416 14
464311 14
062411 14
070404 14
152489 14
205496 14
751321 14
251418 14
851342 14
209771 14
464391 14
464401 14
464441 14
601765 14
012371 13
112104 13
207164 13
116400 13
117311 13
603441 13
603465 13
025204 13
117414 13
359413 13
360404 13
501301 13
501302 13
506303 13
508303 13
553312 13
554314 13
555313 13
556311 13
605476 13
888251 13
066425 13
003314 13
018433 13
013326 13
013329 13
203406 13
254425 13
601427 13
515307 13
514317 13
514341 13
202495 13
070411 13
318322 13
152312 13
152422 13
508207 13
210731 13
210732 13
604441 13
255739 13
703313 13
462587 13
464510 13
510307 13
562703 13
067202 12
112213 12
152101 12
330191 12
951124 12
105501 12
107338 12
218101 12
218233 12
218235 12
357360 12
357417 12
357491 12
852201 12
852202 12
852203 12
852204 12
008456 12
016232 12
025304 12
104437 12
107223 12
114334 12
202481 12
204251 12
320332 12
360402 12
504302 12
512303 12
603322 12
603352 12
603371 12
651232 12
888231 12
003331 12
013455 12
066421 12
207436 12
100589 12
064412 12
801411 12
209485 12
205499 12
463503 12
463545 12
463556 12
463581 12
463593 12
464502 12
065436 12
320342 12
062343 12
062470 12
064331 12
064490 12
513315 12
169701 12
177464 12
202833 12
356789 12
318351 12
401382 12
403382 12
406385 12
406395 12
415383 12
421385 12
421395 12
423382 12
428382 12
422712 12
502311 12
552291 12
554392 12
555393 12
555394 12
556391 12
561391 12
561392 12
057140 11
057284 11
057285 11
057288 11
062200 11
062210 11
104200 11
104231 11
112108 11
958221 11
958225 11
958261 11
958373 11
117310 11
603493 11
057274 11
103372 11
112412 11
152201 11
177283 11
356441 11
357322 11
365493 11
368433 11
888361 11
009439 11
006427 11
252421 11
803431 11
208499 11
152313 11
514343 11
515361 11
062452 11
062460 11
070304 11
070305 11
328313 11
513324 11
513328 11
152343 11
152302 11
464301 11
464341 11
214421 11
352431 11
356414 11
254492 11
255770 11
310331 11
323331 11
328310 11
513340 11
513363 11
513371 11
311352 11
320351 11
413701 11
405712 11
405732 11
405781 11
461527 11
464549 11
751701 11
019103 10
019108 10
019111 10
105100 10
106124 10
203116 10
207174 10
514161 10
803121 10
803123 10
958111 10
057201 10
057215 10
057294 10
057302 10
057316 10
064232 10
353497 10
361301 10
365321 10
365331 10
365421 10
365428 10
801211 10
801225 10
803370 10
008214 10
071418 10
208251 10
269201 10
356471 10
804221 10
953212 10
013433 10
168222 10
803471 10
064252 10
218486 10
461529 10
368412 10
091700 10
514381 10
514453 10
514466 10
514475 10
516102 10
751304 10
515376 10
152351 10
202472 10
177468 10
463341 10
206738 10
260312 10
260413 10
260424 10
209773 10
261791 10
254494 10
255772 10
463491 10
464443 10
461472 10
463507 10
462541 10
462588 10
464444 10
464445 10
464491 10
551461 10
551492 10
557433 10
558411 10
558432 10
558442 10
604715 10
702702 10
703740 10
025108 9
057205 9
057296 9
057351 9
071412 9
079220 9
201190 9
203119 9
203157 9
057131 9
303221 9
321224 9
353301 9
514211 9
514241 9
017111 9
018211 9
018213 9
105337 9
365427 9
651210 9
008326 9
701407 9
356416 9
803401 9
515497 9
104333 9
204442 9
091800 9
514323 9
514383 9
514395 9
515364 9
064474 9
110434 9
801761 9
202873 9
202742 9
359701 9
359705 9
359799 9
203499 9
204764 9
261735 9
463331 9
206743 9
219731 9
209779 9
254700 9
255764 9
255786 9
301254 9
409281 9
409292 9
411281 9
411291 9
415291 9
420281 9
421281 9
421291 9
353711 9
604732 9
401701 9
401702 9
401703 9
401761 9
401792 9
412720 9
464509 9
705727 9
705762 9
705767 9
705768 9
705772 9
705778 9
705779 9
705784 9
705792 9
705797 9
751749 9
751751 9
801711 9
953495 9
025105 8
359206 8
602111 8
602201 8
953100 8
953103 8
208140 8
514261 8
552216 8
104325 8
254438 8
359381 8
360470 8
013435 8
013421 8
018451 8
353312 8
353454 8
104436 8
801335 8
100213 8
055701 8
073711 8
515495 8
603499 8
110491 8
356497 8
211495 8
601353 8
606479 8
606491 8
606499 8
359713 8
961731 8
212741 8
206107 8
206720 8
206783 8
209731 8
905792 8
261701 8
251718 8
253701 8
253722 8
253731 8
253732 8
253754 8
255712 8
356722 8
353741 8
357783 8
408701 8
408761 8
407713 8
407723 8
407731 8
407753 8
407781 8
421711 8
421712 8
421713 8
421714 8
421717 8
421751 8
421811 8
421812 8
421813 8
421831 8
429711 8
429731 8
429781 8
429801 8
429831 8
429851 8
461471 8
461511 8
551491 8
561491 8
601758 8
604731 8
701409 8
751702 8
269101 7
269102 7
701182 7
801113 7
106212 7
106229 7
552217 7
562211 7
960121 7
960212 7
960231 7
066221 7
112423 7
208265 7
213201 7
269200 7
303262 7
305202 7
356202 7
356212 7
356312 7
361214 7
513223 7
513224 7
513283 7
552222 7
651107 7
804311 7
804321 7
804331 7
804332 7
804371 7
066414 7
651316 7
801106 7
064303 7
110362 7
801771 7
353499 7
356432 7
159723 7
303709 7
356725 7
359702 7
203705 7
203743 7
203714 7
888311 7
888411 7
209709 7
360751 7
226710 7
226807 7
251758 7
253736 7
255722 7
255734 7
255771 7
268721 7
303736 7
353792 7
361732 7
357782 7
360761 7
408705 7
408765 7
405753 7
405761 7
405783 7
405794 7
407715 7
407725 7
407733 7
407761 7
407792 7
421861 7
421951 7
514337 7
514425 7
514442 7
514451 7
518773 7
554493 7
554494 7
703702 7
703797 7
751703 7
025107 6
154108 6
804111 6
804121 6
951106 6
106225 6
110353 6
703204 6
703352 6
704101 6
704141 6
704201 6
704345 6
801334 6
803300 6
803360 6
951203 6
951499 6
211499 6
008351 6
008401 6
018441 6
003320 6
116302 6
009304 6
359481 6
159301 6
801413 6
061319 6
351499 6
106117 6
119735 6
152303 6
166701 6
703499 6
202799 6
213799 6
202782 6
359791 6
905700 6
203792 6
203799 6
205712 6
205791 6
219751 6
226801 6
217781 6
209705 6
209707 6
356361 6
905791 6
905799 6
226701 6
226709 6
229711 6
253717 6
253735 6
253748 6
260404 6
260434 6
254703 6
254710 6
254777 6
268799 6
301710 6
303735 6
353751 6
360721 6
412718 6
412761 6
412791 6
421827 6
421828 6
421863 6
421892 6
463701 6
463702 6
463703 6
463705 6
463769 6
513756 6
515486 6
515487 6
515493 6
515494 6
515496 6
515498 6
556742 6
556747 6
556748 6
602731 6
605713 6
701344 6
701714 6
703701 6
705722 6
751705 6
751708 6
751718 6
751724 6
801710 6
910701 6
910702 6
910703 6
910704 6
910705 6
910708 6
910709 6
923701 6
923702 6
923703 6
923704 6
923705 6
923706 6
923707 6
953444 6
953464 6
103191 5
802111 5
802141 5
110350 5
356390 5
804201 5
804211 5
804222 5
804231 5
003367 5
055704 5
055713 5
055733 5
055734 5
055757 5
055799 5
071712 5
071730 5
071736 5
071738 5
955100 5
140101 5
153721 5
153743 5
154701 5
154735 5
159701 5
159761 5
202765 5
213791 5
353752 5
213779 5
203828 5
203716 5
205783 5
219720 5
208761 5
209785 5
212701 5
212703 5
212711 5
212791 5
215792 5
215785 5
360796 5
360799 5
215788 5
217775 5
217792 5
217799 5
251703 5
251751 5
251752 5
251757 5
264701 5
264706 5
264741 5
261799 5
254734 5
255791 5
255766 5
261702 5
261706 5
263701 5
263702 5
263746 5
263760 5
676700 5
676701 5
317701 5
317702 5
317703 5
357324 5
352715 5
352793 5
851715 5
359723 5
360771 5
402753 5
429811 5
429853 5
408703 5
408708 5
408763 5
408797 5
426703 5
426765 5
414855 5
414896 5
426701 5
426761 5
430716 5
430753 5
430769 5
430783 5
430784 5
430799 5
463735 5
463737 5
510799 5
558752 5
558757 5
564746 5
564747 5
564748 5
568718 5
568719 5
601702 5
601731 5
702701 5
705723 5
709814 5
751706 5
751712 5
801381 5
357497 4
359483 4
011768 4
851408 4
851409 4
140102 4
029703 4
114408 4
055703 4
055706 4
055707 4
055797 4
352311 4
352712 4
352721 4
352791 4
110251 4
115711 4
115713 4
115721 4
119711 4
119721 4
119789 4
119793 4
356304 4
127717 4
153712 4
154786 4
154711 4
166711 4
166741 4
159746 4
160725 4
167707 4
178717 4
178732 4
178746 4
178776 4
178789 4
202791 4
356791 4
202848 4
203807 4
203898 4
204398 4
205761 4
206739 4
206791 4
206795 4
206766 4
225701 4
225703 4
225705 4
225720 4
207701 4
207703 4
207705 4
207711 4
208770 4
209703 4
213763 4
209722 4
230751 4
230752 4
230753 4
230796 4
210792 4
210799 4
211702 4
211889 4
212773 4
215794 4
215799 4
217701 4
217703 4
217707 4
217717 4
226706 4
226791 4
270702 4
251701 4
251702 4
251745 4
251711 4
251714 4
251715 4
251717 4
251773 4
251783 4
251785 4
264707 4
252799 4
252708 4
252724 4
252781 4
252785 4
252791 4
254702 4
254711 4
255750 4
255799 4
256700 4
261754 4
263720 4
263771 4
301789 4
356799 4
303712 4
303713 4
303726 4
311898 4
317791 4
317795 4
321700 4
321701 4
321702 4
324701 4
324702 4
324703 4
324704 4
324707 4
324710 4
324711 4
324712 4
324715 4
324799 4
602499 4
352741 4
352821 4
353762 4
361712 4
356746 4
357701 4
357710 4
357731 4
602761 4
401799 4
401857 4
401874 4
401884 4
401811 4
401812 4
401951 4
402707 4
402792 4
402799 4
414857 4
414898 4
462701 4
462704 4
462706 4
462722 4
462791 4
513412 4
513429 4
513445 4
513451 4
513471 4
514730 4
514741 4
514751 4
514791 4
555725 4
555731 4
555732 4
561743 4
561744 4
563701 4
569717 4
569719 4
570701 4
570734 4
601704 4
601705 4
604712 4
605741 4
605751 4
605791 4
605795 4
651311 4
651312 4
651315 4
676702 4
676703 4
676704 4
705711 4
705712 4
705721 4
705743 4
702717 4
702725 4
703791 4
702718 4
702742 4
702756 4
702757 4
702791 4
703711 4
703747 4
705342 4
705493 4
751449 4
751704 4
801321 4
801739 4
801789 4
801792 4
801799 4
851705 4
851789 4
888702 4
888703 4
888705 4
888744 4
888782 4
952700 4
952701 4
952702 4
952703 4
952704 4
952792 4
107499 3
951489 3
011701 3
011704 3
011713 3
011714 3
011705 3
011751 3
011770 3
013704 3
013714 3
013722 3
013724 3
015102 3
053713 3
053770 3
054810 3
054870 3
063702 3
063704 3
063710 3
071715 3
071811 3
073721 3
073770 3
061430 3
070403 3
070711 3
070720 3
070721 3
070740 3
115712 3
115714 3
127711 3
127718 3
127719 3
127728 3
127727 3
128701 3
128710 3
128730 3
128740 3
159801 3
166789 3
167703 3
167711 3
751730 3
173701 3
213712 3
213714 3
215897 3
203889 3
905899 3
203709 3
203722 3
203821 3
207743 3
203879 3
204712 3
204721 3
204732 3
270711 3
270791 3
270799 3
205421 3
212721 3
212796 3
212799 3
205735 3
206753 3
206707 3
206713 3
206721 3
206730 3
206736 3
206789 3
206794 3
219792 3
219799 3
207439 3
207791 3
207799 3
207892 3
207899 3
208711 3
208760 3
209799 3
209711 3
209713 3
210703 3
210704 3
210705 3
210707 3
905897 3
215898 3
217734 3
217751 3
226792 3
226799 3
226898 3
261753 3
270701 3
961701 3
264710 3
264791 3
252741 3
254770 3
254875 3
255798 3
255720 3
255745 3
265750 3
256761 3
256762 3
261739 3
266723 3
266792 3
301702 3
301715 3
301716 3
301717 3
301791 3
301799 3
301891 3
311700 3
311722 3
311725 3
311792 3
311799 3
317881 3
321791 3
321792 3
351763 3
352799 3
353769 3
361792 3
361390 3
361471 3
361498 3
361499 3
368730 3
368741 3
368751 3
368799 3
405713 3
405763 3
407755 3
407783 3
415903 3
415981 3
510713 3
510716 3
510719 3
510721 3
513703 3
513707 3
513709 3
520711 3
520714 3
520716 3
518709 3
518761 3
518763 3
551392 3
555392 3
556491 3
557491 3
558749 3
562799 3
562711 3
566824 3
566828 3
566830 3
566831 3
570705 3
602769 3
604736 3
604711 3
626711 3
626712 3
909701 3
909703 3
627711 3
627712 3
627713 3
627732 3
702710 3
702711 3
702751 3
702752 3
703831 3
709811 3
709812 3
751726 3
801707 3
801719 3
801791 3
801713 3
801724 3
851767 3
851768 3
906789 3
907701 3
907703 3
907709 3
907710 3
950701 3
950702 3
950703 3
950733 3
952724 3
952764 3
952798 3
952801 3
952802 3
952803 3
952821 3
107329 2
204499 2
004714 2
004716 2
004720 2
029701 2
029711 2
029735 2
029790 2
033765 2
033789 2
033793 2
053712 2
069712 2
070741 2
070799 2
514701 2
254498 2
115715 2
115724 2
127798 2
128762 2
128789 2
128798 2
152499 2
156702 2
156716 2
168700 2
168750 2
169789 2
169801 2
518775 2
518799 2
215734 2
202759 2
202776 2
202792 2
202898 2
359873 2
359891 2
203736 2
270792 2
205805 2
206997 2
603422 2
207741 2
226889 2
208871 2
208872 2
208793 2
210723 2
213769 2
215762 2
215797 2
215893 2
226705 2
226892 2
261732 2
251798 2
252723 2
252789 2
252748 2
253799 2
254804 2
268798 2
256735 2
256782 2
256799 2
260717 2
260772 2
260799 2
261767 2
264797 2
266701 2
266703 2
303706 2
303792 2
303799 2
307401 2
310401 2
314401 2
311701 2
311704 2
312708 2
312792 2
312799 2
320702 2
320791 2
320799 2
334802 2
334803 2
334811 2
351760 2
351789 2
351799 2
352832 2
352842 2
352891 2
359722 2
353799 2
356496 2
356745 2
356751 2
356797 2
361772 2
361725 2
462705 2
462793 2
462799 2
501702 2
501791 2
508732 2
508791 2
515370 2
515374 2
520713 2
520791 2
520799 2
561748 2
561799 2
566891 2
570703 2
570735 2
601767 2
605799 2
601792 2
601799 2
605899 2
676705 2
676714 2
676716 2
679802 2
701892 2
709813 2
851702 2
851751 2
851752 2
851708 2
924701 2
924702 2
924703 2
950715 2
950722 2
950798 2
951492 2
953491 2
953702 2
953790 2
953791 2
105595 1
303899 1
011799 1
013726 1
013798 1
024799 1
106224 1
091899 1
127799 1
159789 1
167705 1
513799 1
203497 1
202491 1
202493 1
202891 1
202892 1
203791 1
203891 1
203892 1
204496 1
206704 1
206797 1
206898 1
206831 1
207792 1
208798 1
208799 1
210893 1
210898 1
213792 1
213892 1
213897 1
360898 1
215891 1
215892 1
215894 1
217893 1
217898 1
226891 1
226899 1
226893 1
252702 1
253715 1
253734 1
253752 1
261899 1
261769 1
301899 1
311892 1
311893 1
314893 1
314898 1
320893 1
320899 1
332881 1
332885 1
347891 1
347899 1
352899 1
356490 1
356898 1
356795 1
357741 1
357792 1
357799 1
427898 1
455898 1
462533 1
506793 1
556753 1
556799 1
558758 1
561742 1
560725 1
562709 1
569799 1
563714 1
563799 1
566720 1
566833 1
570736 1
603732 1
601893 1
601899 1
603799 1
603892 1
605892 1
653703 1
653898 1
679800 1
679804 1
751799 1
751766 1
751722 1
751895 1
751896 1
801801 1
801802 1
905794 1
906703 1
910734 1
910792 1
950801 1
950803 1
952799 1
954499 1
961792 1
