001101 1875
001102 5428
001112 114
001118 115
001201 859
001202 13
001210 210
001213 110
001222 264
001223 878
001224 812
001225 1479
001226 708
001227 605
001228 863
001229 278
001230 105
001231 21
001234 134
001235 110
001250 29
001291 35
001292 106
001294 85
001310 122
001311 125
001312 87
001313 110
001314 112
001320 22
001321 12
001323 103
001327 15
001330 38
001341 17
001342 61
001352 135
001355 112
001361 26
001362 27
001410 32
001415 24
001422 51
001423 25
001426 22
001427 24
001440 35
001445 31
001447 33
001471 10
001472 20
001474 12
001489 67
001498 37
002102 39
002111 40
002191 28
002192 4
002202 28
002230 30
002260 29
002302 30
002311 22
002321 24
002331 29
002362 24
002402 26
002441 15
002466 18
002471 23
002472 14
002489 11
003101 18
003102 13
003191 64
003202 9
003271 6
003332 3
003349 1
003414 1
003416 8
003421 3
003436 1
003454 8
003462 3
003480 2
003489 11
004171 128
004214 71
004282 92
004302 35
004304 43
004390 30
004430 51
004465 40
004470 37
004472 3
004474 20
004476 24
004499 24
004715 5
004719 2
004721 2
004789 5
004799 4
004898 1
004899 1
006103 59
006115 13
006126 20
006133 63
006143 53
006203 50
006212 24
006226 26
006230 22
006241 47
006253 30
006301 17
006307 23
006321 16
006324 10
006326 23
006330 27
006332 26
006338 22
006341 89
006349 51
006443 18
006448 17
006454 17
006460 35
006475 52
008202 5
008213 76
008214 65
008215 58
008216 4
008218 111
008220 111
008230 135
008311 111
008312 18
008313 8
008314 113
008318 113
008321 5
008325 41
008326 63
008402 115
008411 5
008424 35
008442 95
008443 113
008455 49
009103 345
009107 74
009213 76
009234 51
009236 49
009254 50
009301 61
009339 51
009344 21
009355 51
009356 52
009358 29
009363 53
009433 24
009446 15
009462 29
009489 36
011100 103
011101 23
011151 15
011154 65
011155 65
011156 57
011157 40
011251 66
011268 7
011269 193
011276 60
011277 62
011278 51
011355 14
011360 50
011367 2
011369 31
011457 33
011474 35
011478 59
011479 59
011480 25
011490 11
011498 22
011705 4
011706 4
011708 4
011768 4
011770 4
011791 2
011797 2
011799 7
012173 52
012174 7
012200 99
012374 13
012475 56
013103 247
013104 81
013110 1026
013203 116
013204 31
013207 79
013208 54
013209 56
013216 141
013217 98
013301 70
013303 23
013306 39
013309 55
013311 11
013319 19
013321 28
013335 35
013337 28
013404 57
013410 29
013413 28
013423 28
013428 29
013431 29
013432 28
013433 25
013443 24
013445 24
013705 18
013725 18
013727 18
013731 10
013732 18
013735 18
013798 6
013799 8
014211 48
014270 60
014302 50
014304 32
014308 2
014310 32
014311 36
014321 31
014323 41
014326 41
014370 49
014371 37
014372 55
014380 72
014383 17
014399 53
014401 14
014402 20
014403 12
014422 31
014423 38
014471 33
014481 40
014483 18
014499 13
015101 26
015102 4
016101 11
016102 7
017101 19
017102 6
017111 8
017231 9
017301 4
018104 36
018112 79
018114 55
018126 36
018131 88
018204 31
018212 31
018214 31
018232 31
018236 31
018271 41
018302 1
018323 2
018326 30
018336 1
018342 13
018352 10
018354 3
018361 30
018365 3
018372 7
018395 1
018467 3
018471 2
018498 34
018499 5
019101 155
019104 54
019105 114
019106 67
019109 52
019112 53
019204 47
019205 39
019206 34
019209 47
019212 48
019222 48
019332 45
019351 49
019362 46
019363 25
019371 58
019373 10
019391 46
019441 45
019490 41
020101 22
020102 25
020212 22
020221 22
020231 13
020232 21
020251 26
020261 26
020322 30
020324 29
020342 29
020391 28
020434 14
020464 14
020471 14
021101 62
021102 5
021203 2
021204 17
021270 16
024752 3
024755 1
024789 1
024798 1
024799 1
025106 35
025107 23
025109 36
025110 34
025205 23
025209 35
025304 24
025306 24
025310 37
025422 12
025423 33
025481 29
025489 15
026101 135
026102 48
026111 29
026112 32
026201 46
026231 8
029732 2
029771 1
029787 4
029789 4
029798 1
029799 9
030101 45
033798 16
050100 636
050103 77
050104 107
050106 233
050112 106
050113 64
050121 49
050141 296
051302 34
051304 23
051306 31
051310 27
051313 11
051418 25
052203 73
052310 73
052314 2
052323 102
052331 29
052350 75
052351 1
052353 72
052355 1
052400 29
052417 1
052419 30
052422 43
052442 29
052447 2
052448 30
052449 43
053713 3
053720 3
054721 3
054821 2
055702 12
055734 12
055739 12
055743 2
055757 19
055798 12
055799 19
057121 111
057122 187
057123 11
057125 56
057126 79
057127 256
057128 64
057129 70
057130 60
057131 45
057132 41
057133 81
057134 22
057135 39
057136 155
057137 100
057138 57
057139 63
057213 37
057283 37
057286 40
057287 41
057290 41
057295 27
057297 26
057298 27
057301 27
057302 20
057305 26
057316 24
057324 3
057366 25
057401 30
057404 41
057407 26
057411 15
057413 31
057419 30
057427 30
057428 65
059405 21
059419 24
060210 49
061103 19
061106 30
061201 12
061223 33
061224 13
061306 57
061307 1
061312 23
061313 25
061321 18
061403 23
061405 27
062200 13
062210 13
062320 12
062343 28
062499 16
063201 108
063712 14
063728 14
063730 14
063732 14
064204 39
064231 25
064253 10
064331 17
064382 28
064411 9
064412 10
064421 8
064422 3
064423 8
064424 46
064430 23
064432 23
064474 8
064491 28
065120 65
065121 59
065211 23
065212 11
065311 15
065320 32
065333 53
065420 28
065435 1
065436 5
065437 3
065438 5
065797 1
066222 23
066324 37
066412 31
066414 31
067201 34
067203 35
067205 26
067311 47
067371 30
067433 30
067435 46
067436 33
067491 33
069715 5
069722 5
070200 1
070201 24
070301 12
070303 12
070305 15
070401 15
070411 16
070413 69
070414 17
070416 16
070700 7
070723 7
070725 7
070792 7
070799 5
071411 5
071412 2
071414 31
071415 9
071416 38
071418 5
071419 9
071420 33
071423 2
071426 33
071711 11
071713 11
071714 11
071722 11
071737 6
071739 6
071770 13
071787 6
073712 15
073720 12
073721 3
074100 142
074101 117
074414 1
076425 9
076426 2
076427 10
076430 1
076444 10
076466 7
078444 99
078454 15
079220 24
079260 28
079268 28
088899 7
091791 34
091891 12
091898 3
091899 13
099101 40
099102 43
099103 44
100104 15
100109 223
100110 199
100111 226
100112 202
100191 425
100207 29
100220 23
100222 60
100228 117
100229 84
100230 104
100231 83
100233 16
100291 118
100307 1
100308 15
100309 34
100310 2
100311 148
100312 158
100313 131
100314 160
100381 146
100489 179
100498 115
100501 138
100589 1
100599 311
101115 102
101201 38
101202 109
101205 326
101222 66
101313 26
101325 75
101405 73
101406 22
101490 189
103201 12
103215 30
103251 44
103261 39
103262 147
103271 366
103352 26
103371 24
103421 24
103431 4
103432 22
103492 20
104100 23
104205 23
104232 9
104302 36
104303 11
104310 24
104320 68
104327 2
104334 7
104335 12
104340 3
104435 39
104471 3
104475 2
104490 29
104494 18
104499 30
105101 33
105204 32
105312 19
105332 12
105333 20
105335 25
105337 1
105414 19
105595 22
106116 30
106117 5
106122 29
106123 6
106124 6
106211 23
106224 6
106228 17
106229 4
106320 21
106322 22
106325 1
106326 3
106329 20
106430 6
106499 23
107212 16
107223 11
107225 8
107226 44
107228 6
107230 15
107333 15
107334 16
107335 17
107336 8
107337 15
107437 6
107499 18
109100 137
109114 64
109117 115
109118 48
109119 47
110100 42
110120 43
110232 36
110240 33
110241 10
110250 22
110251 34
110341 21
110343 12
110352 3
110353 5
110362 1
110370 53
110371 73
110431 21
110435 34
112101 47
112104 55
112105 44
112106 45
112107 26
112109 48
112202 43
112204 42
112205 42
112302 30
112303 37
112311 22
112312 13
112321 36
112322 21
112401 1
112403 31
112406 23
112424 14
114102 43
114201 52
114205 41
114213 33
114214 34
114231 1
114305 17
114307 15
114315 33
114316 21
114326 38
114333 29
114341 1
114342 1
114346 41
114407 42
114408 43
114416 19
114425 42
115301 7
115401 5
115714 6
115717 6
115719 6
115722 6
115798 1
115799 3
116301 21
116302 12
116401 6
117102 45
117103 36
117207 23
117208 29
117209 25
117312 11
117313 10
117416 22
118848 1
118898 11
118899 2
119713 3
119722 4
119791 3
119797 6
119799 7
126101 148
126102 63
126212 88
126213 85
126214 71
126303 89
126324 72
126326 41
126328 92
126330 73
126332 50
126335 91
126337 40
126400 72
126431 31
126433 40
126436 18
126442 2
126449 40
127100 43
127101 88
127202 65
127205 68
127313 166
127329 17
127330 57
127332 51
127333 52
127359 41
127411 53
127415 77
127416 91
127424 28
127433 6
127492 74
127493 41
127716 18
127720 18
127721 16
127727 19
127798 20
127799 7
128100 346
128101 28
128201 75
128304 85
128305 86
128306 80
128308 81
128310 82
128401 92
128423 41
128425 75
128427 28
128434 31
128443 23
128445 18
128451 29
128471 91
128481 7
128484 15
128700 54
128714 35
128722 20
128727 54
128734 29
128738 25
128798 43
128799 4
140101 2
140102 7
140103 50
140104 3889
140105 218
152211 22
152245 48
152301 18
152303 17
152311 17
152312 15
152313 18
152321 62
152331 53
152341 18
152343 7
152349 23
152414 14
152481 34
152499 34
153714 2
153715 3
153741 2
154100 51
154104 232
154111 29
154141 131
154152 74
154153 124
154173 74
154181 74
154251 77
154262 65
154276 71
154281 235
154301 52
154330 22
154410 34
154411 35
154419 35
154431 45
154434 22
154451 40
154458 9
154471 24
154475 45
154479 2
154492 22
154495 16
154496 19
154704 6
154714 1
154733 2
154743 3
154789 5
154799 3
156701 2
156789 2
156791 1
159100 215
159101 119
159102 119
159151 43
159202 85
159204 82
159222 39
159261 86
159321 10
159331 104
159334 10
159351 8
159363 10
159411 40
159421 87
159434 56
159461 6
159481 86
159490 6
159712 4
159781 4
159789 6
159799 2
159899 6
160342 10
160413 14
161721 4
164261 15
164341 17
166721 3
166751 4
166761 8
166789-701 1
166789-702 1
166789-703 1
166789-704 1
166789-705 1
166789-706 1
166789-707 1
166789-708 1
166789-709 1
166789-710 1
166789-711 1
166789-712 1
166789-713 1
166789-714 1
166789-717 3
166791 14
167701 12
167708 12
168100 18
168101 35
168231 9
168410 6
168751 3
168789 3
168791 3
169702 4
169703 19
169789 3
169799 9
169881 4
169898 7
169899 3
170108 13
170109 114
176100 92
176101 791
176103 212
176104 49
177103 15
177104 299
177113 364
177114 315
177141 40
177142 289
177181 549
177220 280
177222 311
177227 5
177228 2
177229 24
177300 222
177301 7
177321 321
177332 54
177335 23
177336 6
177341 322
177350 200
177352 208
177361 378
177409 31
177413 23
177420 37
177425 151
177429 87
177430 85
177431 66
177433 52
177441 10
177447 51
177460 69
177464 8
177465 71
177466 10
177470 47
177476 19
177483 34
177491 32
177494 64
177495 11
178744 1
178799 12
179400 26
179401 191
179404 9
179406 7
179442 95
179443 162
201100 178
201110 21
201111 211
201114 669
201116 144
201117 94
201190 38
201191 439
201192 65
202100 39
202101 184
202102 264
202103 172
202104 251
202147 387
202231 301
202302 8
202303 22
202304 15
202305 67
202311 26
202356 12
202362 18
202371 36
202405 42
202421 4
202432 15
202433 5
202446 7
202461 5
202470 38
202471 16
202475 21
202476 28
202484 2
202490 7
202491 14
202493 18
202731 3
202739 2
202744 5
202749 2
202791 3
202792 10
202799 15
202802 2
202833 9
202843 5
202889 3
202891 3
202892 3
202893 3
202897 1
202898 11
203100 163
203104 113
203108 115
203111 373
203113 299
203114 196
203115 10
203117 286
203131 95
203132 95
203151 18
203152 137
203154 131
203158 57
203159 130
203162 567
203167 474
203175 139
203176 139
203202 81
203204 37
203206 392
203208 29
203209 290
203211 80
203222 58
203223 59
203226 100
203228 49
203229 45
203232 62
203236 362
203239 332
203242 78
203250 10
203287 61
203300 59
203304 68
203316 86
203318 86
203338 63
203351 25
203352 51
203404 2
203413 20
203424 20
203425 6
203435 36
203459 33
203474 19
203478 19
203498 10
203499 44
203701 2
203708 3
203715 1
203719 3
203721 5
203725 3
203734 4
203735 1
203754 10
203775 8
203791 9
203792 9
203799 6
203806 3
203812 3
203825 5
203829 16
203879 1
203891 8
203897 1
203898 33
204100 1562
204101 108
204113 64
204123 49
204202 10
204217 129
204232 51
204251 103
204306 48
204315 56
204320 16
204333 25
204355 3
204362 53
204382 14
204422 46
204423 28
204424 8
204425 23
204443 21
204454 14
204456 12
204482 12
204483 9
204490 55
204491 6
204497 15
204499 28
204715 8
204725 27
204735 8
204792 9
204898 4
205100 53
205103 60
205105 59
205216 43
205232 36
205244 41
205252 38
205282 38
205324 49
205344 45
205358 45
205382 48
205421 9
205441 6
205472 33
205473 13
205476 10
205495 16
205499 32
205731 2
205742 3
205764 1
205789 1
205792 4
205796 3
205898 4
206100 472
206103 108
206104 161
206108 103
206111 258
206112 463
206161 450
206162 741
206171 369
206172 136
206181 17
206182 79
206191 87
206203 46
206216 93
206217 12
206253 55
206255 74
206261 348
206265 8
206266 56
206267 17
206281 83
206311 15
206313 7
206321 30
206324 37
206327 11
206331 29
206336 53
206341 27
206342 9
206362 164
206364 14
206367 32
206368 29
206370 51
206390 24
206428 48
206435 5
206437 22
206457 12
206476 13
206481 79
206499 41
206703 6
206714 2
206724 3
206734 6
206736 4
206737 7
206774 7
206792 3
206794 2
206795 1
206797 1
206799 3
206891 3
206892 2
206899 5
206997 4
206998 3
207104 103
207105 101
207106 847
207108 99
207109 60
207110 15
207116 890
207117 397
207118 37
207125 66
207162 63
207172 62
207181 278
207187 431
207188 35
207191 270
207195 65
207214 29
207302 59
207305 25
207306 24
207312 1
207314 21
207321 6
207402 25
207404 4
207408 21
207415 28
207439 22
207442 24
207444 5
207448 37
207481 4
207704 4
207706 5
207708 5
207712 8
207766 2
207792 6
207799 6
207893 4
207899 4
208101 461
208140 157
208141 199
208250 59
208263 699
208264 60
208272 391
208322 67
208345 52
208346 62
208353 86
208354 25
208362 67
208373 42
208423 22
208444 57
208446 58
208460 23
208497 10
208499 21
208738 5
208749 4
208772 5
208773 16
208799 2
208873 3
208891 3
208898 2
208899 2
209198 33
209203 54
209204 28
209252 11
209253 11
209262 11
209263 11
209270 39
209271 53
209272 51
209322 10
209332 10
209341 19
209352 18
209362 18
209370 40
209376 40
209377 40
209382 31
209424 14
209452 13
209454 11
209456 16
209462 13
209464 11
209466 16
209486 6
209494 11
209497 26
209712 2
209714 2
209716 2
209721 1
209723 2
209772 5
209787 1
209791 5
209799 5
209898 5
210100 18
210200 28
210207 29
210221 29
210251 26
210276 20
210315 29
210331 24
210355 27
210374 30
210432 24
210435 11
210463 17
210497 1
210499 18
210702 5
210708 5
210717 1
210741 2
210743 1
210744 1
210748 1
210791 5
210799 6
210898 4
211100 88
211303 41
211312 41
211315 150
211318 41
211319 162
211341 40
211342 24
211444 10
211445 14
211446 13
211448 50
211449 53
211497 3
211498 23
211499 24
211709 3
211843 3
212712 3
212721 3
212731 2
212793 3
212799 3
213202 10
213211 12
213222 12
213706 2
213707 1
213708 4
213717 1
213791 1
213792 8
213799 8
213891 1
213892 2
213893 2
213894 1
213897 3
213898 2
214301 20
214310 21
214340 58
214341 46
214352 11
214403 9
214412 7
214431 17
214490 18
214491 17
214493 19
215205 69
215206 69
215207 67
215208 67
215303 6
215311 23
215312 48
215313 48
215314 50
215401 32
215433 22
215437 13
215441 49
215462 50
215482 43
215491 50
215492 50
215493 50
215494 49
215495 30
215497 27
215711 2
215742 2
215790 1
215791 1
215792 3
215797 3
215799 4
215892 2
215893 1
215897 4
215898 7
217705 7
217708 7
217718 7
217746 2
217773 5
217782 1
217791 7
217799 3
217891 1
217898 4
218100 69
218234 24
218236 23
218244 23
218262 24
218352 29
218362 29
218372 29
218382 27
218474 15
218481 22
218495 10
218496 14
218499 22
219741 8
219753 6
219766 6
219789 3
219792 1
219799 2
220701 3
220702 3
220704 1
220892 3
220898 5
225702 1
225704 1
225706 1
225707 1
225711 1
226703 1
226704 1
226706 2
226711 3
226792 2
226799 3
226805 1
226891 2
226892 2
226893 3
226898 6
226899 1
228897 2
228898 4
229223 90
229351 42
230789 3
230799 1
251100 123
251211 64
251213 110
251216 133
251242 19
251261 194
251292 106
251312 24
251313 80
251333 81
251334 81
251342 6
251343 106
251361 18
251363 45
251371 28
251372 20
251374 71
251399 1
251411 38
251417 29
251434 35
251436 37
251451 93
251455 9
251456 52
251457 41
251461 20
251476 33
251477 25
251499 85
251704 4
251707 6
251713 8
251716 7
251723 6
251724 6
251746 4
251748 4
251754 5
251760 5
251763 5
251765 5
251776 1
251781 1
251784 1
251797 4
251798 14
251898 8
252210 142
252212 140
252222 134
252235 135
252281 105
252282 127
252283 81
252285 46
252311 94
252320 39
252328 24
252331 126
252353 91
252401 28
252402 22
252403 16
252404 18
252413 11
252420 42
252421 89
252422 18
252423 88
252427 56
252428 67
252429 76
252435 73
252440 19
252442 30
252443 29
252448 11
252450 37
252456 30
252459 37
252460 24
252479 12
252489 21
252490 1
252493 85
252706 3
252707 1
252727 5
252785 1
252789 1
252792 4
252798 2
252799 5
253101 69
253215 56
253318 22
253321 20
253332 13
253416 10
253417 33
253423 20
253433 39
253441 30
253443 39
253451 33
253452 27
253454 38
253716 3
253721 15
253725 4
253734 10
253735 6
253747 11
253749 3
253752 10
253754 6
253791 14
253797 11
253799 1
253898 4
254182 34
254200 226
254205 243
254206 102
254207 7
254211 151
254215 99
254216 149
254222 156
254231 71
254232 170
254271 222
254282 28
254302 65
254325 6
254334 193
254352 203
254362 202
254371 187
254373 217
254400 3
254411 12
254412 4
254415 16
254421 49
254422 21
254423 19
254424 2
254435 14
254441 35
254443 23
254445 24
254451 19
254452 19
254453 22
254454 3
254466 11
254476 23
254477 14
254478 25
254490 13
254491 171
254495 5
254701 6
254702 1
254721 5
254733 5
254737 1
254774 6
254775 7
254776 6
254791 1
254798 2
254816 5
254817 1
254857 5
254898 6
254899 1
255201 31
255210 215
255230 247
255300 44
255301 143
255316 142
255323 74
255328 159
255337 147
255340 149
255393 31
255422 35
255425 34
255429 29
255430 35
255431 36
255432 119
255433 18
255440 30
255442 28
255444 26
255445 14
255447 16
255451 34
255455 35
255462 19
255463 35
255471 17
255491 14
255492 33
255497 24
255498 15
255499 16
255714 28
255730 12
255735 19
255749 14
255750 15
255751 9
255769 18
255772 6
255783 16
255798 4
255799 10
255898 2
255899 5
256100 88
256271 35
256317 27
256318 22
256334 24
256381 23
256418 10
256419 5
256441 18
256444 9
256456 14
256473 10
256474 4
256481 23
256491 6
256764 1
256785 1
256791 1
256799 3
259103 417
259104 227
259106 432
259107 666
259108 328
259192 763
259193 143
259194 117
259195 186
259200 6
259201 658
259203 32
259401 31
259499 7
260313 2
260334 2
260416 2
260421 3
260432 9
260702 1
260799 1
261102 87
261111 1434
261112 174
261113 7
261205 26
261207 66
261208 52
261214 80
261215 79
261218 57
261305 82
261306 66
261332 65
261342 22
261343 22
261361 74
261408 6
261421 9
261430 20
261433 20
261438 14
261441 16
261444 16
261446 13
261447 15
261448 9
261449 29
261453 7
261465 3
261473 16
261479 5
261491 24
261492 81
261494 21
261495 5
261497-002 10
261497-008 16
261497-802 1
261497-808 5
261499 31
261736 2
261738 1
261745 5
261751 2
261752 2
261755 2
261763 2
261781 12
261795 1
261798 5
261799 7
261891 2
261899 6
263710 5
263721 9
263724 5
263745 5
263751 5
263797 3
263799 2
263898 2
264702 13
264705 13
264709 13
264755 15
264797 5
264799 4
265706 23
265709 23
265710 23
266732 2
266791 1
266798 2
266799 2
266801 1
266895 6
266899 1
268732 8
268735 21
268741 23
268798 6
268799 16
269103 25
269105 25
269111 22
269130 23
269210 23
269341 7
269360 12
269370 12
269452 16
269491 13
269492 9
269495 17
269498 9
269499 2
270712 18
270721 15
270797 15
270798 1
270799 7
301208 124
301231 85
301234 119
301252 64
301253 62
301361 41
301703 2
301704 2
301708 2
301721 2
301789 2
301792 1
301799 1
301892 2
301899 9
303210 126
303242 143
303253 60
303703 8
303707 1
303745 5
303751 1
303769 1
303771 4
303791 5
303799 1
303881 4
303897 5
303899 12
305203 55
311224 199
311241 282
311707 4
311721 2
311789 2
311791 2
311793 1
311799 2
311892 1
311893 2
311898 6
312707 8
312799 1
314799 1
314891 1
314898 4
317221 155
317242 142
317331 88
317797 1
317799 1
317813 1
317882 1
317898 3
317899 1
318221 159
318322 138
320221 174
320343 123
320701 2
320706 2
320707 2
320789 2
320792 2
320799 2
320899 2
321231 135
321406 15
321703 2
321705 1
321706 1
321712 2
321723 1
321724 1
321792 3
321815 2
321898 8
321899 10
324705 1
324706 1
324708 1
324714 1
324716 4
324791 1
324792 3
324799 4
329105 249
329106 249
330115 251
330191 5
332883 2
332897 2
332898 1
334812 2
334813 2
334817 1
346891 7
346898 12
347792 1
347892 26
347898 23
347899 1
351100 20
351201 21
351302 32
351321 4
351364 13
351371 28
351390 1
351391 3
351416 21
351425 10
351426 7
351461 16
351464 34
351490 25
351497 34
351498 39
351499 15
351701 1
351722 1
351742 2
351791 1
351792 1
351799 1
352103 27
352311 23
352313 22
352314 19
352316 12
352380 8
352401 13
352412 25
352421 10
352422 42
352433 8
352441 25
352494 25
352497 12
352498 26
352499 1
352711 12
352713 18
352741 6
352743 18
352792 19
352798 8
352799 10
352833 7
352846 7
352892 7
352893 3
352899 9
353100 104
353313 21
353418 17
353431 8
353441 11
353471 4
353482 3
353497 7
353498 26
353499 24
353701 9
353721 8
353754 6
353761 4
353779 2
353782 4
353791 4
353792 1
353799 5
353898 2
354311 72
354312 13
355411 8
356100 321
356101 287
356102 332
356210 154
356261 161
356333 10
356361 1
356373 2
356374 9
356390 1
356411 92
356414 35
356415 17
356416 4
356431 1
356432 10
356441 31
356442 24
356443 30
356444 34
356446 24
356447 24
356449 38
356451 60
356455 1
356471 13
356472 1
356474 8
356496 1
356497 120
356499 2
356711 3
356752 1
356784 6
356789 3
356791 1
356797 6
356799 2
356897 1
356898 4
357101 151
357110 99
357210 154
357322 36
357323 25
357418 9
357421 9
357426 6
357432 12
357441 23
357443 3
357444 16
357446 19
357494 1
357497 8
357498 10
357499 10
357712 4
357761 2
357771 3
357791 1
357792 3
357797 1
357799 4
357898 1
359202 81
359205 3
359206 4
359302 23
359303 5
359305 73
359306 8
359341 12
359350 76
359360 77
359380 5
359382 6
359390 1
359401 70
359403 66
359408 39
359422 26
359423 3
359452 10
359460 8
359461 53
359465 22
359481 6
359484 5
359497 49
359499 67
359706 9
359708 3
359709 2
359715 4
359725 1
359791 4
359799 10
359892 2
359898 2
360100 52
360212 14
360301 21
360304 10
360441 19
360498 17
360499 17
360751 10
360772 9
360782 5
360791 3
360792 3
360796 2
360797 2
360799 6
360897 4
360898 3
361210 75
361211 14
361214 14
361341 10
361413 18
361414 11
361421 2
361433 10
361442 10
361452 15
361461 16
361475 21
361497 10
361498 6
361499 8
361733 10
361735 3
361744 2
361751 4
361773 1
361799 3
361899 2
363210 187
363401 3
363402 6
365201 24
365211 24
365222 11
365291 5
365322 5
365324 5
365390 2
365422 5
365425 5
365426 1
365491 6
365492 7
365493 1
365498 12
365499 12
366895 1
366899 1
368211 32
368310 20
368391 6
368412 21
368417 21
368490 20
368497 21
368498 37
368499 16
368790 8
368798 4
368799 4
371898 1
400100 3
400101 434
400110 128
400190 10
400210 316
400290 307
401281 60
401383 63
401391 63
401704 6
401705 6
401706 9
401712 6
401713 9
401762 6
401763 6
401791 6
401793 6
401796 6
401799 2
401813 3
401858 2
401871 3
401881 3
401883 2
401952 3
402708 5
402754 6
402793 5
402799 5
403281 60
403383 68
405754 8
405762 2
405782 10
405784 2
405796 8
405797 8
406284 60
406294 60
406386 64
406396 65
407714 2
407716 9
407724 2
407726 9
407754 2
407761 1
407762 9
407777 2
407778 4
407782 2
407785 2
407786 2
407793 9
407794 9
407796 9
407797 9
408382 63
408702 4
408706 10
408707 14
408762 4
408766 10
408781 4
408782 10
408796 10
410381 60
413383 60
413391 60
414815 6
414856 6
414858 6
414859 6
414866 6
414867 6
414868 6
414869 6
414897 6
414899 6
415393 64
415704 4
415707 4
415708 4
415901 4
420282 60
421282 60
421292 60
421386 63
421396 63
421716 20
421721 20
421722 20
421752 20
421781 20
421796 20
421814 14
421815 14
421816 14
421862 8
421891 14
421952 6
421981 6
422381 59
422711 3
426702 6
426762 6
426792 6
427798 35
427898 5
428191 65
428281 60
428282 60
428381 65
428383 64
428392 65
429712 4
429782 4
429852 4
430713 4
430715 4
430721 4
430722 4
430752 4
430782 4
430785 7
430799 7
452797 3
455898 9
455899 6
460201 142
460202 122
461170 71
461471 11
461472 18
461511 6
461523 1
461526 8
461527 25
461532 7
461714 1
461715 1
461733 1
461791 1
461796 1
462130 526
462544 1
462587 25
462588 4
462702 17
462713 17
462717 4
462718 9
462792 17
462794 6
462799 6
463201 143
463252 142
463331 8
463332 133
463342 120
463354 123
463433 5
463505 31
463507 8
463512 50
463513 8
463543 50
463544 52
463557 53
463559 51
463571 14
463582 50
463592 53
463594 51
463704 6
463705 1
463706 5
463721 6
463731 5
463737 1
463791 5
463795 5
463797 1
463799 1
464302 123
464312 124
464402 130
464403 133
464414 82
464442 135
464443 86
464445 53
464446 134
464481 131
464500 6
464502 77
464504 79
464505 80
464506 78
464508 4
464545 10
464549 4
464583 73
464591 79
465120 139
501201 80
501202 80
501305 83
501306 83
501701 1
501792 1
501797 1
502313 83
502314 83
504202 81
504305 84
504701 1
504732 1
506202 80
506701 1
506792 1
506794 3
508304 86
508701 2
508792 3
510100 509
510306 87
510408 77
510439 75
510441 77
510711 6
510718 4
510720 6
510799 4
510897 3
510898 24
511439 77
512304 84
512701 1
512702 1
512705 1
512792 1
513113 61
513115 61
513212 61
513216 61
513217 63
513225 62
513284 63
513331 72
513343 78
513364 73
513373 78
513390 73
513411 66
513432 67
513433 66
513446 67
513700 5
513708 5
513722 5
513756 1
513757 11
513791 5
514202 61
514206 60
514222 65
514244 62
514272 60
514322 15
514336 52
514352 61
514358 58
514382 51
514384 50
514396 52
514398 52
514435 49
514436 49
514462 50
514477 50
514731 1
514742 1
514752 1
514799 1
515101 583
515204 55
515205 52
515256 51
515257 51
515330 66
515337 66
515339 68
515362 66
515377 63
515378 64
515380 65
515484 71
515485 71
515491 71
516101 182
516102 219
518707 4
518724 5
518731 4
518770 4
518799 1
520701 6
520712 6
520715 6
520717 6
520799 4
551461 6
551481 42
551482 42
551491 92
551492 10
552216 75
552217 75
552232 51
553481 25
553482 25
554392 80
554481 13
554482 13
554493 87
554494 87
555393 85
555394 125
555481 18
555482 18
555730 14
555733 14
556391 127
556481 12
556482 12
556749 17
556750 17
556751 2
556799 9
557433 6
557481 59
557482 59
558101 191
558411 6
558432 6
558742 34
558748 34
558793 28
561391 122
561392 123
561491 92
561745 20
561746 20
561799 2
562101 193
562211 87
562700 13
562702 173
562703 81
562708 11
562709 41
562711 23
562715 45
563702 17
563712 17
563713 17
563799 8
564749 31
564750 29
564799 16
566801 32
566822 31
566827 10
566829 31
566833 7
566891 7
566898 1
566899 25
568713 40
568720 6
568721 6
569718 9
569720 9
569799 8
570702 14
570704 14
570718 14
570798 2
570799 11
571102 190
571116 77
571151 51
571401 159
601201 20
601202 64
601231 97
601232 97
601242 99
601342 67
601346 66
601347 66
601351 14
601361 76
601362 35
601423 25
601424 32
601431 22
601436 53
601452 67
601453 66
601471 63
601472 64
601497 10
601499 66
601724 2
601731 1
601745 16
601769 4
601775 16
601789 12
601791 20
601792 4
601799 8
601811 1
601892 1
601898 2
602100 157
602102 248
602103 72
602120 183
602121 180
602122 64
602123 62
602301 14
602314 59
602316 59
602421 60
602453 58
602454 21
602455 58
602456 58
602461 19
602472 35
602495 4
602496 3
602497 25
602499 44
602741 2
602751 1
602769 2
603200 75
603231 68
603321 68
603333 35
603341 30
603396 29
603423 30
603424 21
603462 30
603496 30
603497 3
603499 24
603743 3
603891 1
603892 2
603895 3
604101 80
604211 62
604311 72
604314 65
604315 61
604411 58
604415 58
604423 63
604431 56
604443 25
604454 10
604495 24
604499 25
604713 3
604714 3
604735 1
604789 3
605203 66
605302 58
605313 73
605315 66
605316 56
605321 12
605331 59
605332 4
605340 17
605412 7
605413 4
605430 58
605476 16
605492 25
605495 1
605497 29
605701 2
605711 2
605719 3
605742 3
605791 2
605795 2
605796 4
605893 1
605899 2
606211 34
606243 21
606245 24
606264 24
606310 22
606341 14
606342 14
606344 14
606451 14
606452 14
606480 23
606483 11
610102 2
610112 67
610114 240
626722 2
626723 2
627714 1
627718 2
627731 5
627735 2
627741 5
627794 5
651210 66
651211 73
651212 73
651234 71
651293 70
651306 55
651313 55
651314 55
651317 55
651319 57
651390 57
651394 57
651416 55
651425 55
653702 12
653799 15
653898 8
653899 7
676705 20
676706 20
676708 20
676710 20
676715 17
676791 20
679801 5
679805 1
679806 5
679899 5
701100 563
701181 115
701202 183
701235 184
701244 201
701283 344
701284 41
701322 163
701335 161
701350 163
701352 158
701399 165
701401 171
701408 1
701413 203
701423 1
701450 204
701496 3
701499 201
701711 1
701715 85
702100 46
702101 215
702192 58
702211 483
702312 34
702313 42
702317 105
702321 61
702331 55
702342 55
702354 59
702418 1
702443 59
702444 52
702499 58
702701 56
702712 13
702721 13
702725 30
702741 13
702753 13
702761 9
702798 9
703103 533
703109 1
703131 270
703191 1
703192 88
703202 533
703204 325
703243 231
703244 360
703309 472
703322 181
703324 304
703330 59
703331 99
703342 47
703345 284
703351 136
703361 42
703363 34
703413 19
703414 110
703441 110
703499 75
703701 31
703711 55
703740 31
703742 85
703745 42
703747 40
703771 85
703772 85
703791 43
703793 43
703798 107
703832 1
704192 41
704241 39
704346 41
705191 166
705192 148
705211 670
705311 108
705328 186
705331 35
705332 184
705343 140
705431 154
705438 89
705440 23
705441 176
705442 94
705444 122
705447 217
705448 28
705454 32
705499 81
705713 31
705723 30
705725 31
705765 28
705770 27
705774 31
705776 13
705780 25
705781 31
705783 8
705797 1
705798 29
706100 4
706101 54
706102 116
709813 1
709816 1
709899 3
751100 668
751101 374
751102 227
751103 37
751104 31
751105 52
751106 34
751202 626
751209 489
751301 161
751302 226
751303 138
751305 57
751308 126
751309 259
751320 8
751323 21
751325 14
751326 32
751327 43
751330 13
751401 94
751403 149
751405 83
751407 73
751408 124
751409 103
751417 13
751418 38
751421 23
751422 2
751427 34
751428 53
751440 27
751443 97
751449 39
751701 19
751702 13
751703 24
751705 12
751706 51
751708 36
751716 17
751718 10
751719 14
751728 19
751734 24
751741 9
751749 10
751752 12
751798 10
751799 50
751801 2
751803 2
751807 2
751809 2
751842 2
751899 7
801100 418
801114 109
801122 80
801134 82
801204 83
801212 73
801215 1
801233 75
801236 78
801241 77
801302 44
801312 82
801322 8
801334 83
801335 87
801341 29
801361 83
801371 23
801372 83
801414 32
801484 59
801599 71
801714 4
801721 4
801736 5
801751 3
801761 1
801762 1
801763 4
801771 1
801789 1
801793 2
801797 1
801798 2
801799 7
801801 2
801802 2
801803 3
801804 3
801899 3
802112 17
802142 17
802213 17
803122 30
803124 31
803131 31
803200 12
803212 34
803230 11
803232 28
803260 11
803301 5
803312 21
803330 6
803332 20
803361 2
803371 8
803400 5
803430 6
803461 2
803470 8
804102 13
804112 13
804202 11
804212 11
804232 11
804233 11
804234 11
804312 4
804322 4
804333 4
804372 4
804401 2
804402 2
804403 2
804412 2
804483 2
851100 322
851103 223
851104 46
851105 60
851201 14
851202 230
851204 77
851207 295
851212 214
851241 62
851252 50
851253 56
851261 316
851263 144
851264 123
851273 116
851305 215
851309 140
851332 74
851345 34
851348 43
851353 90
851363 29
851366 36
851400 93
851404 237
851406 2
851407 252
851408 197
851409 206
851441 35
851448 59
851462 41
851467 23
851753 8
851754 8
851766 8
851798 13
851799 7
852100 49
852104 52
852205 42
852206 42
888106 19
888111 89
888121 90
888151 62
888193 34
888211 31
888232 31
888311 23
888342 3
888399 2
888411 1
888452 20
888453 18
888702 10
888703 11
888704 10
888705 10
888730 12
888733 9
888741 13
888744 13
888781 10
888782 10
888791 3
888797 4
888798 5
888799 1
888891 8
888892 4
888898 3
902899 5
905791 5
905792 11
905793 4
905798 1
905799 4
905897 6
905899 9
907702 2
907704 2
907705 2
907789 10
907791 8
909701 7
909702 9
909703 7
910706 8
910710 6
910736 8
910738 2
910791 8
910799 1
923708 6
923709 6
923710 6
923711 6
923712 6
923713 6
923714 6
923716 6
924708 2
950724 3
950802 7
950804 7
951100 353
951104 99
951211 186
951214 56
951216 98
951231 28
951301 34
951324 20
951327 24
951341 67
951342 67
951344 42
951351 20
951354 18
951366 45
951411 31
951413 24
951421 30
951452 31
951489 55
951492 1
951493 94
951494 2
951495-006 3
951495-008 9
951495-009 10
951495-010 6
951495-012 5
951495-013 6
951495-018 2
951495-020 19
951495-021 27
951495-022 28
951498-004 2
951498-007 6
951498-011 7
951498-015 1
951498-020 18
951498-021 13
951499 3
952711 23
952721 23
952741 15
952763 8
952791 23
952798 9
952799 1
952804 4
952891 4
952899 2
953102 53
953111 553
953201 35
953202 52
953211 69
953214 38
953231 52
953232 35
953234 28
953323 24
953392 17
953411 20
953422 27
953462 22
953491 31
953492 10
953494 6
953499 4
953701 3
953771 3
953789 2
953799 2
954100 32
954140 310
954142 155
954143 167
954170 147
954230 249
954231 125
954240 112
954248 114
954326 22
954340 109
954371 135
954374 116
954380 57
954414 12
954423 45
954433 25
954462 45
954464 47
954472 35
954483 34
954491-001 25
954491-002 30
954491-003 24
954498 102
954499 61
955100 4
955102 61
955104 148
955105 333
955106 4
955200 90
955201 154
957106 52
957107 105
957211 105
957212 58
957214 57
957322 42
958112 60
958202 42
958222 46
958332 46
958481-001 35
958481-003 30
959701 21
959702 21
959727 21
959789 21
960141 32
960211 21
960231 1
960241 23
960242 21
960290 21
961733 8
961740 30
961791 26
