051300
051302
051304
051306
051310
051313
051412
051418
051421
052201
052202
052203
052310
052314
052323
052331
052334
052350
052351
052352
052353
052355
052357
052400
052417
052419
052420
052421
052422
052441
052442
052443
052445
052447
052448
052449
052466
052725
053712
053713
053770
054810
054821
054822
054870
055701
055702
055703
055704
055706
055707
055711
055713
055733
055734
055739
055757
055771
055797
057121
057122
057123
057125
057126
057127
057128
057129
057130
057131
057132
057133
057134
057135
057136
057137
057138
057139
057140
057201
057205
057213
057215
057224
057242
057256
057257
057274
057276
057279
057283
057284
057285
057286
057287
057288
057289
057290
057293
057294
057295
057296
057297
057298
057300
057301
057302
057305
057307
057316
057351
057365
057366
057369
057401
057403
057404
057405
057407
057410
057411
057412
057413
057416
057419
057420
057425
057426
057427
057428
057450
059405
059413
059419
061103
061105
061106
061201
061205
061223
061224
061306
061307
061309
061312
061313
061317
061319
061401
061403
061404
061405
061407
061430
062200
062210
062320
062341
062342
062343
062344
062345
062346
062360
062380
062411
062452
062460
062470
062499
063201
063702
063703
063704
063710
063813
064201
064202
064204
064206
064207
064231
064232
064251
064252
064271
064272
064273
064281
064291
064301
064303
064331
064392
064410
064411
064412
064413
064415
064417
064418
064419
064421
064422
064423
064424
064430
064474
064482
064490
065120
065121
065210
065211
065212
065310
065311
065320
065332
065333
065420
065421
065434
065435
065436
065437
065438
065782
065795
065797
065799
066221
066222
066323
066324
066410
066412
066414
066416
066421
066425
066426
066755
067101
067201
067202
067203
067303
067311
067371
067372
067373
067432
067433
067435
067436
067491
067492
069712
070100
070200
070201
070301
070303
070304
070305
070308
070400
070401
070403
070404
070410
070411
070413
070414
070415
070416
070711
070720
070721
070726
070727
070731
070740
070741
070792
071411
071412
071413
071414
071415
071416
071417
071418
071419
071420
071421
071422
071423
071425
071426
071712
071715
071724
071730
071736
071738
071811
073711
073721
073770
074100
074101
074201
074406
074414
076312
076314
076414
076425
076426
076427
076428
076429
076430
076444
076466
077422
078444
078454
079169
079220
079264
079444
079466
079480
088708
091700
091800
099100
099101
099102
099103
100102
100103
100104
100105
100106
100107
100108
100109
100110
100111
100112
100205
100206
100207
100208
100209
100210
100211
100212
100213
100214
100218
100219
100220
100222
100225
100226
100227
100228
100229
100230
100231
100233
100281
100302
100306
100307
100308
100309
100310
100311
100312
100313
100314
100500
100501
