152211
152301
152321
152331
154100
154104
154141
154151
154152
154153
154173
154181
154231
154251
154261
154262
154276
154281
154301
154311
154330
154340
154351
154352
154353
154363
154371
154375
154377
154384
154385
154388
154431
154433
154443
154455
154457
154479
154481
154482
154488
154492
154493
154494
159100
159101
159102
159151
159202
159203
159204
159211
159221
159231
159301
159302
159303
159305
159331
159332
159351
159356
159362
159401
159403
159411
159412
159431
159434
159454
159462
160242
160341
160342
164200
164261
164341
168100
168101
168222
168313
168335
168410