251100
251101
251211
251213
251216
251242
251261
251281
251291
251292
251312
251313
251333
251334
251342
251361
251363
251371
251372
251373
251374
251383
251384
251399
251411
251417
251418
251419
251434
251436
251437
251438
251439
251451
251452
251455
251456
251457
251459
251461
251465
251468
251475
251476
251477
251479
251701
251702
251703
251704
251707
251711
251713
251714
251715
251716
251717
251718
251723
251724
251730
251738
251739
251745
251746
251748
251751
251752
251753
251754
251757
251758
251760
251763
251765
251769
251773
251776
251781
251783
251784
251785
251790
252180
252201
252210
252211
252212
252222
252223
252232
252235
252281
252282
252283
252285
252286
252301
252302
252311
252317
252320
252321
252322
252325
252327
252328
252330
252331
252342
252353
252363
252401
252402
252403
252404
252413
252420
252421
252422
252423
252424
252425
252426
252427
252428
252429
252435
252439
252440
252442
252443
252444
252447
252448
252450
252455
252456
252459
252460
252479
252489
252498
252702
252706
252707
252708
252711
252714
252719
252721
252723
252724
252725
252726
252727
252728
252735
252736
252741
252746
252747
252748
252752
252755
252765
252774
252781
252785
252789
252791
252792
253215
253300
253303
253312
253314
253315
253316
253318
253321
253331
253332
253412
253414
253415
253416
253417
253423
253431
253432
253433
253441
253443
253451
253452
253454
253455
253456
253481
253701
253715
253716
253717
253721
253722
253725
253728
253731
253732
253734
253735
253736
253747
253748
253749
253752
253754
253791
254181
254182
254200
254205
254206
254207
254211
254215
254216
254222
254231
254232
254252
254271
254282
254302
254325
254333
254334
254352
254362
254371
254372
254373
254400
254411
254412
254415
254421
254422
254423
254424
254425
254426
254427
254435
254436
254438
254439
254441
254442
254443
254444
254445
254446
254451
254452
254453
254454
254456
254457
254458
254459
254461
254466
254467
254471
254473
254476
254477
254478
254492
254494
254495
254496
254700
254701
254702
254703
254710
254711
254714
254721
254733
254734
254736
254737
254770
254771
254777
254791
254803
254804
254816
254817
254857
254872
254873
254875
255201
255210
255212
255215
255230
255251
255290
255300
255301
255311
255316
255320
255321
255323
255328
255330
255337
255340
255350
255359
255393
255415
255416
255417
255420
255422
255424
255425
255427
255429
255430
255431
255432
255433
255434
255435
255437
255438
255439
255440
255441
255442
255444
255445
255447
255448
255449
255451
255454
255455
255460
255462
255463
255464
255471
255492
255497
255499
255712
255714
255715
255721
255722
255733
255734
255735
255738
255739
255741
255746
255750
255751
255752
255758
255764
255766
255769
255770
255771
255772
255779
255783
255786
255791
255792
255811
255820
255830
255840
256100
256131
256212
256271
256281
256316
256317
256318
256333
256334
256373
256382
256383
256384
256412
256415
256416
256418
256419
256423
256441
256442
256443
256444
256456
256457
256462
256463
256473
256474
256700
256711
256712
256713
256719
256731
256732
256735
256738
256739
256741
256745
256751
256752
256753
256761
256762
256771
256772
256774
256779
256781
256791
259103
259104
259106
259107
259108
259109
259191
259192
259193
259194
259195
259200
259201
259203
259401
260312
260313
260316
260334
260362
260371
260401
260402
260403
260404
260412
260413
260415
260416
260421
260422
260423
260424
260432
260434
260462
260471
260495
260701
260702
260703
260704
260705
260708
260709
260712
260716
260717
260718
260719
260772
260791
261102
261103
261111
261112
261113
261200
261205
261207
261208
261210
261212
261214
261215
261216
261217
261218
261304
261305
261306
261332
261335
261336
261342
261343
261361
261405
261406
261411
261421
261430
261433
261434
261438
261444
261446
261447
261448
261449
261453
261456
261457
261458
261461
261465
261469
261472
261473
261479
261494
261497
261498
261499
261701
261702
261706
261721
261722
261731
261732
261735
261736
261737
261738
261739
261742
261745
261746
261751
261752
261753
261754
261755
261763
261764
261767
261769
261772
261781
261791
261792
261793
261795
261796
261891
261895
263701
263702
263710
263720
263721
263724
263745
263746
263751
263752
263760
263770
263771
264701
264702
264703
264704
264705
264706
264707
264708
264709
264710
264733
264741
264745
264755
264789
264791
265706
265709
265710
266702
266703
266801
268721
268732
268735
268741
268742
269101
269102
269103
269105
269111
269130
269200
269201
269202
269210
269340
269341
269360
269370
269421
269430
269431
269452
269462
269470
269493
269494
269496
269497
269498
270701
270702
270711
270712
270721
270791
