701100
701101
701104
701181
701182
701183
701201
701202
701203
701205
701206
701211
701215
701235
701243
701244
701281
701283
701295
701302
701310
701313
701321
701331
701335
701341
701342
701344
701347
701402
701403
701407
701408
701409
701410
701423
701425
701455
701494
701496
702100
702101
702205
702211
702213
702312
702313
702316
702317
702318
702321
702331
702341
702342
702351
702354
702411
702416
702418
702423
702431
702443
702499
703103
703109
703202
703204
703243
703244
703304
703305
703308
703309
703310
703311
703313
703322
703323
703324
703330
703331
703345
703351
703352
703361
703391
703404
703412
703413
703435
703441
703444
703447
703454
703498
703499
704101
704141
704201
704345
705191
705211
705311
705328
705329
705331
705332
705342
705343
705351
705411
705431
705437
705438
705439
705440
705441
705442
705444
705446
705447
705448
705461
705492
705493
705499