176100
176101
176104
176220
177103
177104
177113
177114
177141
177142
177181
177214
177215
177216
177217
177220
177222
177227
177228
177229
177242
177250
177281
177283
177285
177300
177313
177321
177330
177332
177335
177336
177341
177361
177362
177393
177401
177404
177405
177413
177414
177420
177425
177426
177427
177429
177430
177431
177432
177433
177434
177441
177442
177443
177446
177447
177450
177452
177460
177463
177464
177465
177466
177467
177468
177469
177470
177471
177472
177473
177481
177483
177491
177493
177494
177495
179402
179403
179404
179406
179443
