001101 7
001102 1
001112 22
001118 27
001201 19
001202 27
001210 2
001222 4
001223 7
001224 4
001225 4
001226 4
001227 2
001228 7
001229 4
001230 22
001231 1
001234 13
001250 6
001291 18
001292 4
001310 12
001311 24
001312 16
001314 4
001320 25
001321 7
001323 1
001330 4
001341 4
001342 25
001352 27
001355 27
001361 7
001362 4
001410 0
001423 25
001440 16
001445 10
001447 13
001471 27
001472 25
002102 13
002111 27
002191 23
002192 19
002202 22
002230 27
002260 13
002302 22
002311 10
002321 16
002331 27
002362 13
002402 27
002441 16
002471 13
002472 22
003101 21
003102 19
003191 20
003202 4
003332 13
003414 10
003421 22
003436 16
003454 27
004282 9
004465 10
004470 4
004472 13
004474 14
004476 27
006103 5
006126 18
006226 16
006241 0
006253 10
006307 27
006326 16
006330 18
006349 10
006443 25
006448 19
006454 13
006475 27
008214 22
008314 13
008326 16
008402 27
008411 13
009103 14
009213 27
009234 10
009236 4
009254 25
009301 10
009344 13
009355 0
009356 27
009358 4
009363 16
009446 16
011100 3
011101 0
011151 0
011154 9
011156 16
011157 24
011251 18
011268 27
011269 26
011276 25
011277 19
011278 6
011355 3
011367 27
011457 13
011479 4
012173 15
012174 19
012200 21
012374 25
012475 1
013103 22
013110 16
013203 24
013204 0
013207 22
013208 10
013209 13
013216 27
013217 18
013301 22
013303 15
013306 19
013321 27
013335 4
013337 4
013410 13
013413 16
013428 27
013431 13
013432 10
013433 6
014211 27
014270 18
014310 6
014311 13
014323 1
014370 13
014371 27
014383 22
014401 24
014422 16
014423 10
014471 4
014481 16
014483 27
015101 11
015102 27
016101 4
016102 25
017101 19
017102 22
017111 13
017231 16
018104 4
018112 16
018114 15
018126 22
018204 13
018271 12
018323 27
018352 27
018372 13
018467 27
018471 13
019101 17
019104 22
019105 20
019106 6
019112 27
019204 18
019205 3
019206 18
019212 25
019222 19
019332 4
019351 13
019362 27
019371 22
019373 22
019441 25
020101 20
020102 22
020212 27
020231 25
020232 22
020261 27
021101 8
021102 19
021203 16
021204 19
021270 4
024752 27
025110 27
025310 27
025481 22
026101 3
026102 12
026111 4
026112 22
026201 18
029732 13
030101 19
050100 21
050103 0
050104 18
050106 5
050112 0
050113 0
051302 0
051304 13
051306 21
051310 14
051313 6
051418 22
052203 22
052310 16
052314 13
052323 27
052331 13
052350 19
052351 13
052353 25
052355 25
052400 25
052417 1
052419 4
052422 4
052442 16
052447 7
052448 22
052449 27
053713 27
054821 27
055702 16
055734 22
055739 13
055757 27
057121 19
057122 11
057123 4
057125 23
057126 3
057127 5
057128 21
057129 14
057130 24
057131 3
057132 19
057133 20
057134 21
057135 21
057136 6
057137 19
057138 25
057139 2
057213 6
057283 16
057286 19
057287 27
057290 4
057295 13
057297 10
057298 22
057301 22
057302 19
057305 1
057316 16
057366 13
057401 0
057404 22
057407 4
057411 19
057413 16
057419 25
057427 10
057428 18
059405 4
059419 19
061103 10
061106 18
061201 10
061223 16
061224 0
061306 19
061307 27
061312 24
061313 6
061403 16
061405 25
062200 13
062210 27
062320 27
062343 22
062499 16
063201 27
064204 4
064231 27
064331 13
064411 13
064412 27
064421 13
064422 22
064423 10
064424 15
064430 1
064474 25
065120 0
065121 19
065211 27
065212 22
065311 22
065320 4
065333 27
065420 22
065435 27
065436 16
065437 13
065438 16
065797 27
066222 10
066324 27
066412 10
066414 22
067201 22
067203 27
067311 27
067371 7
067433 13
067435 25
067436 25
067491 4
070200 10
070201 22
070301 10
070303 10
070305 16
070401 22
070411 13
070413 5
070414 9
070416 13
070792 27
071411 25
071412 27
071414 22
071415 25
071416 23
071418 13
071419 10
071420 22
071423 27
071426 16
073721 27
074100 0
074101 14
074414 27
076425 10
076426 25
076427 22
076430 27
076444 0
076466 4
078444 11
078454 16
079220 27
099101 10
099102 21
099103 22
100104 4
100109 24
100110 6
100111 13
100112 26
100207 19
100220 7
100222 16
100228 4
100229 18
100230 22
100231 0
100233 16
100307 27
100308 7
100309 13
100310 19
100311 0
100312 24
100313 10
100314 22
100501 27
101201 22
101202 25
101205 27
101325 10
101405 0
101490 22
103271 8
104100 22
104302 25
104310 0
104320 27
104327 4
104334 27
104340 13
104435 10
104471 13
104490 27
109100 11
109114 18
112101 25
112105 19
112106 22
112109 27
112202 10
112205 22
112303 25
112321 13
112322 16
112406 22
112424 10
115301 27
115401 13
116301 16
116302 19
126101 20
126102 25
126212 22
126213 10
126214 27
126324 1
126326 22
126328 27
126330 25
126332 19
126400 1
126431 10
126436 13
126442 10
127100 6
127101 8
127202 0
127205 24
127313 15
127329 3
127330 10
127332 7
127333 27
127359 21
127411 19
127415 27
127416 22
127424 16
127433 13
127492 1
127493 13
127716 22
127720 13
127721 16
127727 27
128100 25
128101 21
128201 0
128304 9
128305 25
128306 1
128308 24
128310 10
128401 27
128423 13
128425 16
128427 13
128434 10
128443 16
128445 13
128451 7
128471 22
128481 4
128484 25
128700 13
128714 22
128727 27
128734 16
140101 13
140102 25
140103 3
140104 4
140105 25
152211 27
152301 13
152321 22
152331 10
154100 13
154104 8
154141 11
154152 19
154153 16
154173 22
154181 27
154251 22
154262 16
154276 10
154281 21
154301 27
154330 10
154431 13
154479 27
154492 16
159100 12
159101 19
159102 3
159151 25
159202 25
159204 16
159331 24
159351 27
159411 7
159434 13
160342 27
164261 13
164341 22
168100 0
168101 11
168410 16
176100 23
176101 25
176104 6
177103 13
177104 16
177113 10
177114 21
177141 20
177142 18
177181 27
177220 25
177222 19
177227 27
177228 16
177229 27
177300 13
177321 22
177332 6
177335 9
177336 27
177341 16
177361 7
177413 4
177420 19
177425 0
177429 19
177430 1
177431 25
177433 22
177441 27
177447 16
177460 10
177464 25
177465 18
177466 16
177470 3
177483 24
177491 25
177494 15
177495 13
179404 10
179406 22
179443 26
201100 13
201110 2
201114 14
201116 18
201117 22
201190 13
202100 1
202101 25
202102 8
202147 9
202231 3
202302 22
202303 4
202305 0
202311 22
202356 19
202362 16
202371 1
202405 25
202421 16
202432 7
202446 19
202461 27
202471 27
202475 10
202476 16
202484 27
202731 27
202744 22
202749 13
202802 13
202833 27
202843 13
203100 3
203104 20
203108 13
203111 22
203113 22
203114 16
203131 18
203132 0
203151 13
203152 25
203154 15
203158 10
203159 10
203162 5
203202 27
203204 7
203206 18
203208 15
203209 23
203211 22
203222 1
203223 18
203226 12
203232 10
203236 9
203250 0
203287 13
203300 1
203304 9
203316 21
203351 19
203352 15
203404 27
203413 27
203424 13
203425 0
203435 25
203459 19
203474 16
203708 13
203715 22
203719 13
203721 22
203725 22
203734 13
203735 27
203754 27
203775 13
203812 27
203825 13
203829 27
203879 27
204100 10
204101 11
204113 3
204123 9
204202 16
204217 27
204232 10
204251 13
204306 19
204315 15
204320 3
204333 24
204355 22
204362 7
204382 6
204422 27
204423 13
204424 22
204425 10
204443 4
204456 16
204482 22
204483 25
204490 3
204725 27
204735 22
204792 13
205100 21
205103 19
205105 6
205216 25
205232 10
205244 0
205252 7
205282 27
205324 13
205344 25
205358 27
205382 19
205421 27
205441 22
205473 27
205476 13
205731 22
205742 13
205764 22
205789 13
205796 27
206100 26
206103 25
206104 10
206108 10
206111 16
206112 18
206161 27
206162 27
206171 20
206172 20
206181 13
206182 19
206191 27
206203 10
206216 13
206217 0
206253 3
206255 22
206261 27
206266 24
206267 18
206281 25
206311 16
206313 13
206321 7
206324 19
206327 9
206331 10
206336 15
206341 6
206342 27
206362 27
206364 10
206367 22
206368 10
206370 1
206428 0
206435 22
206437 25
206457 10
206476 13
206481 25
206703 22
206714 22
206724 22
206734 27
206736 13
206737 13
206774 27
207104 27
207105 24
207106 22
207108 0
207109 11
207110 27
207116 19
207117 15
207118 13
207125 22
207162 27
207172 22
207181 20
207187 27
207188 3
207191 24
207195 19
207214 19
207302 27
207305 7
207306 25
207312 13
207321 25
207402 18
207408 6
207415 1
207442 4
207448 16
207481 22
207704 22
207706 13
207708 27
207712 27
207766 27
208101 23
208140 27
208141 27
208250 16
208263 24
208264 19
208272 15
208322 24
208345 11
208346 25
208353 15
208362 10
208373 13
208423 6
208444 7
208446 1
208460 25
208738 13
208772 27
208873 27
209203 13
209204 3
209252 24
209253 7
209262 25
209263 13
209270 25
209271 10
209272 19
209322 19
209332 7
209341 10
209352 22
209370 13
209376 22
209382 16
209424 10
209452 16
209454 19
209456 7
209466 0
209486 27
209712 22
209714 13
209716 13
209772 27
209787 22
210100 1
210200 10
210207 13
210221 1
210251 7
210276 19
210315 10
210331 16
210355 13
210432 25
210435 4
210463 22
210497 27
210702 27
210717 13
210741 13
210743 22
210744 13
210748 13
211100 12
211303 27
211312 1
211315 27
211318 13
211319 7
211341 0
211342 4
211444 22
211445 16
211446 25
211448 22
211449 10
211709 13
211843 27
212712 22
212721 13
212731 27
213706 22
213707 13
213708 27
213717 27
214301 3
214310 22
214340 13
214341 13
214352 22
214403 13
214412 10
214431 25
214491 4
215205 10
215206 25
215207 16
215208 27
215303 25
215311 22
215312 10
215313 1
215314 10
215401 25
215462 27
215482 4
215495 1
215497 27
215711 27
215742 27
217705 13
217708 27
217773 22
218100 13
218234 22
218236 1
218244 10
218262 13
218352 1
218362 13
218372 27
218382 25
218474 4
218481 3
218496 27
219741 13
219753 22
219766 27
219789 13
225702 16
225704 22
225706 13
225707 27
226703 27
226704 27
226711 22
226805 27
229223 9
229351 27
251100 13
251211 9
251213 1
251216 15
251242 7
251261 10
251292 27
251312 6
251313 19
251333 1
251334 4
251342 7
251361 22
251363 13
251371 10
251372 27
251374 25
251399 13
251411 18
251417 13
251434 16
251436 22
251451 19
251455 13
251456 7
251457 27
251461 3
251476 10
251477 25
251704 16
251707 27
251713 27
251716 13
251723 16
251724 22
251746 22
251748 13
251754 16
251760 22
251763 13
251765 27
251776 16
251781 22
251784 13
252210 15
252212 10
252222 24
252235 13
252281 3
252282 15
252283 19
252285 9
252311 27
252320 7
252328 13
252331 16
252353 22
252401 13
252402 25
252403 13
252404 7
252413 27
252420 27
252421 25
252422 16
252423 1
252427 19
252428 27
252429 18
252435 10
252440 1
252442 27
252443 16
252448 24
252450 22
252456 4
252459 7
252460 0
252479 0
252489 1
252706 22
252707 16
252727 27
252785 16
252789 22
252792 13
253215 21
253318 10
253321 4
253332 4
253416 27
253417 10
253423 1
253433 22
253441 25
253443 19
253451 16
253452 19
253454 13
253716 22
253721 27
253725 16
253734 10
253735 16
253747 22
253749 4
253752 16
253754 13
253791 13
254182 9
254200 22
254205 16
254206 12
254207 22
254211 26
254215 20
254216 11
254222 6
254231 1
254232 13
254271 8
254282 13
254302 18
254325 27
254334 1
254352 24
254362 7
254371 15
254373 27
254400 10
254411 25
254412 25
254415 7
254421 22
254422 4
254423 16
254424 27
254435 16
254441 13
254443 10
254445 4
254451 19
254452 22
254453 19
254454 13
254466 22
254476 1
254477 22
254478 25
254495 10
254701 27
254702 27
254721 27
254733 16
254737 27
254791 16
254816 13
254817 22
254857 22
255201 24
255210 10
255230 21
255300 7
255301 1
255316 12
255323 27
255328 22
255337 9
255340 24
255393 27
255422 7
255425 15
255429 18
255430 13
255431 21
255432 20
255433 10
255440 16
255442 27
255444 22
255445 4
255447 9
255451 3
255455 25
255462 13
255463 1
255471 9
255492 6
255497 19
255499 25
255714 27
255735 13
255750 16
255751 10
255769 16
255772 16
255783 22
256100 23
256271 22
256317 10
256318 25
256334 16
256418 27
256419 4
256441 13
256444 16
256456 22
256473 10
256474 13
256791 27
259103 3
259104 18
259106 15
259107 11
259108 0
259193 3
259195 10
259200 27
259201 25
259203 1
259401 12
260313 10
260334 16
260416 13
260421 27
260432 22
260702 13
261102 26
261111 13
261112 23
261113 22
261205 22
261207 10
261208 1
261214 25
261215 21
261218 0
261305 22
261306 27
261332 13
261342 10
261343 22
261361 24
261421 16
261430 10
261433 16
261438 13
261444 0
261446 16
261447 22
261448 4
261449 3
261453 13
261465 22
261473 25
261479 16
261494 16
261497-002 10
261497-008 1
261497-802 13
261497-808 10
261499 19
261736 22
261738 16
261745 27
261751 16
261752 22
261755 13
261763 13
261781 16
261795 13
261891 16
263710 10
263721 27
263724 16
263745 22
263751 13
264702 22
264705 13
264709 27
264755 16
265706 22
265709 13
265710 27
266801 27
268732 27
268735 22
268741 13
269103 13
269105 16
269111 0
269130 10
269210 13
269341 7
269360 4
269370 25
269452 13
269498 19
270712 13
270721 22
305203 19
318322 25
329105 24
329106 7
330115 21
351100 3
351201 13
351302 18
351321 27
351364 7
351371 25
351425 7
351426 27
351464 4
352103 25
352311 9
352313 3
352314 4
352401 7
352412 10
352421 16
352422 15
352433 25
352441 16
353313 7
353418 16
353431 10
353441 27
353471 27
353482 16
354311 16
354312 1
355411 6
356100 13
356101 17
356102 11
356210 25
356261 27
356333 19
356361 16
356373 27
356374 16
356411 13
356414 22
356415 22
356416 13
356431 27
356432 10
356441 3
356442 1
356443 27
356444 25
356446 4
356447 27
356449 16
356451 4
356455 16
356471 10
356472 27
356474 10
356496 13
357101 6
357110 2
357210 15
357322 7
357323 27
357418 22
357421 10
357432 27
357441 27
357444 4
357446 22
359202 13
359205 4
359206 22
359302 13
359303 27
359305 13
359341 6
359350 19
359360 27
359380 13
359401 22
359403 27
359408 1
359422 4
359423 27
359452 10
359460 13
359461 4
359465 7
360100 23
360301 27
360304 13
360441 16
361210 27
361211 10
361214 13
361341 16
361413 25
361414 10
361421 27
361433 13
361442 27
361452 22
361461 1
361475 22
363210 16
363401 25
363402 27
365201 10
365211 16
365322 13
365324 16
365422 13
365425 27
365426 10
368211 10
368310 4
368412 0
368417 10
400110 18
400210 27
401281 7
401383 1
401391 7
403281 19
403383 27
406284 25
406294 4
406386 4
406396 22
408382 0
410381 6
413383 18
413391 3
415393 16
420282 10
421282 16
421292 22
421386 19
421396 25
422381 24
428281 13
428282 27
428381 13
428383 10
461170 10
461471 7
461472 1
461511 0
461523 22
461526 22
461527 1
461532 22
462130 12
462544 27
462587 4
462588 13
463201 27
463252 16
463331 22
463332 10
463342 4
463354 25
463433 1
463512 10
463513 10
463543 27
463544 1
463557 22
463559 19
463571 0
463592 4
464302 13
464312 27
464402 25
464403 13
464414 19
464442 27
464443 22
464445 19
464446 16
464500 13
464502 16
464504 22
464505 27
464506 19
464508 13
464545 7
464549 13
501201 1
501202 19
501305 1
501306 25
502313 16
502314 4
504202 27
504305 22
506202 22
508304 13
510306 27
512304 19
513113 19
513115 22
513212 10
513216 22
513217 25
513225 27
513284 16
513331 10
513343 13
513364 16
513373 27
513390 22
513411 13
513446 27
514202 10
514206 1
514222 22
514244 16
514272 13
514322 16
514336 13
514352 27
514358 25
514382 19
514384 4
514396 10
514398 22
514436 22
514462 27
514742 22
514752 13
515204 13
515205 10
515256 19
515257 22
515330 22
515337 16
515339 27
515362 19
515377 13
515378 25
515380 10
518724 27
518770 13
551461 16
552216 22
552217 27
552232 27
557433 22
558101 10
558411 13
558432 27
562101 24
562211 27
601201 0
601202 16
601231 4
601242 27
601342 0
601346 27
601351 4
601361 16
601423 10
601424 4
601431 13
601436 4
601452 22
601471 25
601472 27
601724 27
601731 22
601745 13
601769 22
601775 27
602100 22
602102 3
602103 8
602120 27
602121 15
602122 27
602301 10
602314 27
602421 3
602453 9
602454 22
602455 1
602461 13
602472 0
602741 27
602751 27
603200 13
603231 0
603321 22
603341 13
603396 16
603423 22
603496 27
603743 22
604101 19
604211 4
604311 27
604314 4
604315 24
604411 9
604415 1
604423 19
604431 7
604443 27
604454 22
605203 10
605302 13
605313 27
605315 22
605316 4
605321 10
605331 22
605340 27
605412 13
605413 13
605430 25
605476 10
605701 13
605711 22
605719 27
605742 13
606211 19
606243 10
606245 27
606264 22
606310 13
606341 10
606342 16
606344 22
606451 13
606452 27
610114 15
651210 27
651211 16
651212 22
651234 19
651306 13
651313 19
651314 10
651317 13
651319 27
651416 22
651425 16
701100 18
701181 9
701202 1
701235 27
701244 25
701283 27
701335 27
701408 13
701423 27
701496 27
702100 20
702101 20
702211 24
702312 18
702313 9
702317 4
702321 27
702331 4
702342 1
702354 22
702418 27
702443 25
702499 4
703103 6
703109 13
703202 27
703204 22
703243 19
703244 10
703309 1
703322 4
703324 16
703330 13
703331 0
703345 4
703351 16
703361 6
703413 10
703441 25
703499 22
705191 0
705211 22
705311 12
705328 25
705331 19
705332 0
705343 9
705431 24
705438 25
705440 22
705441 8
705442 0
705444 21
705447 26
705448 19
705499 1
751100 17
751101 27
751102 0
751106 10
751202 27
751209 9
751301 16
751302 11
751303 1
751305 19
751308 3
751309 3
751320 27
751326 13
751327 22
751330 25
751401 5
751403 19
751405 23
751408 17
751417 27
751418 22
751421 18
751422 16
751428 4
751440 10
751443 6
751701 13
751702 27
751703 22
751705 10
751706 27
751708 13
751716 10
751718 4
751719 4
751728 16
751734 22
751752 13
801100 0
801122 19
801134 22
801204 13
801233 16
801236 0
801241 18
801322 22
801334 27
801371 13
803122 13
803124 22
803131 27
803230 22
803232 16
803260 25
851100 6
851103 0
851104 6
851105 0
851201 7
851202 22
851204 22
851207 4
851241 27
851252 10
851253 10
851261 18
851263 10
851273 25
851305 24
851309 9
851345 25
851363 16
851366 18
851400 27
851404 1
851406 27
851407 20
851441 16
851462 25
851467 16
852100 13
951100 26
951231 10
951324 27
951344 27
951366 27
951421 16
951498-004 27
951498-007 27
951498-011 27
951498-015 27
951498-020 13
951498-021 25
953102 27
953111 9
953201 27
953202 13
953211 19
953214 16
953231 10
953232 13
953234 10
953323 16
953422 13
953494 4
954100 22
954140 23
954142 16
954143 27
954170 0
954240 22
954326 13
954340 27
954371 16
954374 25
954423 13
954462 27
954464 10
954472 25
954491-001 4
954491-002 7
954491-003 22
954498 18
955102 27
955104 18
