001101 1
001102 1
001112 27
001118 18
001201 8
001202 10
001210 13
001222 13
001223 1
001224 1
001225 1
001226 7
001227 1
001228 24
001229 12
001230 24
001231 27
001234 21
001250 27
001291 12
001292 26
001310 12
001311 14
001312 3
001314 22
001315 11
001320 27
001321 22
001323 1
001330 16
001341 10
001342 16
001352 19
001355 22
001361 3
001362 19
001391 10
001410 26
001423 16
001440 27
001445 4
001446 13
001463 27
001471 27
001472 10
002102 21
002111 27
002191 4
002202 19
002230 4
002260 16
002302 10
002311 16
002321 13
002331 22
002362 19
002402 19
002441 4
002471 13
003102 27
003191 26
003202 4
003314 16
003331 10
003332 19
003361 27
003367 10
003454 10
004282 27
004465 18
004472 19
004474 16
004476 26
006103 23
006226 19
006241 4
006253 7
006307 18
006326 27
006330 22
006349 10
006353 4
006423 13
006432 27
006443 13
006448 27
006475 19
008214 16
008314 27
008326 27
008402 22
008411 27
009103 12
009213 27
009234 0
009236 18
009254 22
009325 13
009327 16
009344 25
009355 10
009356 19
009358 27
009363 22
009446 27
011100 9
011101 13
011154 13
011156 3
011157 16
011251 9
011257 0
011268 27
011269 26
011276 21
011277 11
011278 10
011355 4
011367 27
011457 4
011479 19
012173 10
012200 22
012271 16
012272 0
013103 20
013110 4
013203 6
013204 26
013207 16
013208 24
013209 18
013216 22
013217 16
013301 25
013303 25
013306 10
013321 11
013335 26
013337 13
013410 4
013413 27
013422 10
013428 16
013431 10
013432 4
014210 19
014211 16
014270 18
014310 27
014311 19
014323 13
014370 25
014383 22
014390 27
014401 18
014410 13
014422 3
014423 27
014471 19
014481 21
015101 5
015102 16
016101 4
016102 27
017101 9
017102 4
017111 10
017112 27
017231 4
018104 7
018111 16
018112 10
018114 26
018126 27
018204 27
018271 14
018323 27
018352 27
018372 19
018468 27
019101 15
019104 19
019105 9
019106 0
019112 27
019204 22
019205 25
019206 10
019212 4
019222 27
019332 10
019351 4
019362 16
019373 24
019441 27
020101 6
020102 7
020212 13
020231 19
020232 27
020261 27
021101 25
021102 10
021203 26
021204 4
021270 25
024752 27
025110 27
025381 27
025481 27
026101 26
026102 6
026111 13
026112 13
026201 26
026202 4
050100 25
050103 14
050104 23
050106 18
050112 12
050113 6
051302 27
051304 0
051306 7
051310 10
051313 16
051412 16
051418 10
052203 27
052310 26
052323 10
052331 4
052350 16
052351 19
052353 22
052355 26
052400 10
052417 19
052420 25
052422 16
052441 4
052442 18
052445 27
052448 3
052449 13
052725 16
054821 27
054822 27
055702 16
055703 27
055711 10
055739 10
057121 3
057122 2
057123 13
057125 18
057126 0
057127 23
057128 26
057129 0
057130 0
057131 11
057132 13
057133 12
057134 22
057135 4
057136 27
057137 6
057138 6
057139 13
057213 7
057283 0
057286 10
057287 7
057290 27
057295 7
057297 4
057298 16
057301 22
057302 10
057305 19
057307 27
057316 16
057366 9
057401 4
057404 16
057407 7
057413 10
057419 16
057425 19
057427 27
057428 10
057450 13
059405 16
059413 27
059419 6
061106 0
061201 4
061205 4
061223 10
061224 0
061306 27
061312 0
061313 10
061317 16
061319 7
061401 10
061403 19
061405 0
061430 13
062342 22
062346 13
062360 19
062380 22
062411 19
062452 4
062460 13
062470 4
062499 27
063201 27
064204 4
064231 16
064232 13
064252 16
064303 13
064411 4
064412 4
064413 13
064417 3
064422 19
064423 22
064424 20
064474 27
065120 27
065121 0
065211 19
065212 11
065311 25
065320 22
065333 13
065420 4
065436 10
065437 24
065438 27
065782 10
065795 16
065797 27
065799 27
066222 4
066324 13
066412 22
066416 21
066426 22
067201 19
067203 27
067303 4
067311 22
067371 19
067433 10
067435 16
067436 22
067491 3
070200 13
070304 27
070305 27
070400 27
070401 4
070403 22
070404 16
070410 25
070411 4
070413 20
070414 23
070415 16
070416 16
070727 16
070731 27
070741 27
071411 10
071412 16
071413 27
071414 24
071415 4
071416 23
071417 19
071419 19
071420 7
071426 22
071724 27
074100 24
074101 18
076414 19
076426 4
076427 16
076428 10
076429 16
076430 13
076444 19
076466 25
078444 6
079444 9
088708 27
099101 3
099102 18
099103 16
100102 16
100104 18
100109 10
100110 3
100111 22
100112 19
100205 16
100206 10
100207 10
100208 24
100210 16
100212 17
100213 0
100214 27
100218 18
100219 24
100220 7
100222 24
100225 3
100227 16
100281 22
100306 4
100307 0
100308 17
100309 21
100310 27
100501 11
101201 16
101202 18
101205 27
101325 21
101405 16
101490 22
103271 26
104100 19
104201 27
104302 18
104310 0
104320 19
104327 27
104334 16
104435 16
104450 19
104490 27
109100 3
109114 9
112101 19
112105 16
112106 7
112109 10
112202 27
112205 16
112303 27
112321 4
112322 4
112406 27
112424 16
115300 4
116301 16
116302 0
126101 25
126102 13
126212 19
126213 27
126214 21
126324 18
126325 27
126328 16
126330 11
126331 10
126332 15
126400 4
126431 19
126434 10
126436 11
126437 27
126438 13
126442 24
127100 9
127101 10
127202 16
127205 18
127206 0
127303 21
127313 17
127320 19
127330 22
127332 5
127333 3
127336 10
127359 23
127411 18
127412 4
127413 10
127414 16
127415 10
127416 27
127424 13
127433 13
127492 16
127716 10
127720 16
127721 13
127730 27
128100 5
128101 26
128201 13
128304 19
128305 3
128306 21
128308 22
128310 19
128353 27
128401 16
128423 27
128425 13
128427 22
128429 27
128434 27
128445 3
128451 16
128462 27
128471 19
128484 10
128700 13
128712 16
128727 10
128734 27
128751 16
140101 13
140102 4
140103 7
140104 10
140105 4
152211 4
152301 27
152321 27
152331 27
154100 4
154104 4
154141 18
154152 22
154153 9
154173 19
154181 9
154251 16
154276 27
154281 21
154301 19
154330 16
154431 27
154479 22
154482 10
154492 16
159100 22
159101 16
159102 10
159151 19
159202 4
159203 7
159204 19
159331 16
159411 13
159412 13
159434 19
159462 22
160342 4
164261 10
164341 27
168101 16
168410 10
176100 6
176101 7
176104 27
177104 27
177113 19
177114 13
177141 10
177142 6
177181 25
177220 10
177222 16
177227 25
177228 4
177229 18
177300 21
177321 7
177332 12
177335 27
177341 0
177361 22
177362 10
177413 10
177420 3
177425 19
177429 4
177430 22
177431 16
177433 25
177460 2
177464 27
177465 15
177466 16
177470 19
177471 13
177483 16
177491 13
177494 4
177495 4
179402 16
179403 16
179404 27
179406 13
179443 19
201100 17
201110 4
201114 19
201116 11
201117 3
201190 4
202100 9
202101 18
202102 10
202147 16
202231 16
202303 19
202305 12
202311 19
202331 16
202356 10
202371 10
202405 18
202432 22
202442 10
202461 10
202471 16
202475 13
202476 10
202484 16
202731 16
202736 10
202749 27
202770 16
202804 27
202807 27
202833 27
202843 16
203100 6
203104 27
203108 25
203111 6
203113 24
203114 24
203131 22
203132 27
203151 7
203152 10
203154 27
203158 21
203159 16
203162 27
203202 27
203203 7
203204 22
203206 27
203207 27
203208 11
203209 8
203211 19
203222 24
203223 22
203226 16
203232 16
203236 2
203250 25
203287 7
203300 19
203304 27
203316 16
203351 10
203352 21
203413 10
203424 13
203425 13
203435 16
203459 4
203708 16
203715 27
203719 10
203721 27
203734 16
203735 16
203749 10
203754 27
203775 16
203804 27
203812 16
203825 10
203829 16
204100 16
204101 7
204113 16
204123 18
204202 16
204217 16
204232 27
204251 16
204306 4
204315 18
204320 21
204333 10
204355 19
204362 16
204382 13
204422 26
204425 10
204441 24
204443 25
204452 21
204456 27
204482 19
204483 22
204490 3
205100 4
205103 16
205105 23
205216 21
205232 0
205244 18
205252 19
205282 22
205324 22
205344 19
205358 4
205361 27
205382 10
205421 16
205473 27
206100 22
206103 22
206104 22
206108 10
206111 22
206112 8
206161 21
206162 22
206171 3
206172 22
206181 4
206182 4
206191 16
206211 15
206216 18
206217 16
206253 11
206255 0
206261 22
206266 1
206281 5
206311 16
206313 10
206321 10
206325 27
206327 18
206331 3
206336 16
206341 22
206342 21
206355 5
206357 27
206362 15
206364 27
206367 26
206368 27
206370 26
206421 13
206435 16
206437 11
206467 25
206471 27
206476 3
206481 19
206725 10
206726 16
206728 27
206729 27
206731 10
206734 16
206736 10
206737 10
206774 16
207100 18
207104 23
207105 16
207106 7
207108 10
207109 17
207110 16
207116 10
207117 19
207118 10
207125 3
207137 18
207162 16
207172 27
207181 21
207187 27
207188 27
207191 0
207195 9
207214 22
207302 22
207305 10
207306 11
207312 13
207321 27
207402 13
207408 10
207415 19
207442 19
207448 16
207449 13
207704 10
207706 16
207708 27
207712 27
207741 10
207766 27
207776 27
208101 21
208140 16
208141 21
208161 4
208250 27
208263 19
208264 21
208271 18
208272 18
208322 27
208345 7
208346 16
208353 4
208362 3
208373 4
208384 16
208423 27
208444 19
208446 10
208460 4
208738 13
208740 27
208770 10
208772 10
208774 16
208776 16
208873 27
209203 27
209204 11
209252 19
209253 10
209262 16
209263 27
209270 16
209271 13
209272 21
209322 22
209332 22
209341 13
209352 22
209370 27
209376 4
209382 19
209424 10
209452 3
209454 25
209456 19
209466 4
209486 16
209714 10
209772 27
209787 16
209789 10
210100 19
210200 10
210207 3
210221 25
210251 16
210276 27
210315 10
210331 13
210355 26
210432 16
210435 10
210448 4
210463 27
210702 27
210717 16
210734 10
210741 16
210743 10
210748 16
210787 10
211100 3
211303 19
211312 3
211315 15
211318 18
211319 23
211341 25
211342 27
211448 10
211449 16
211495 27
211709 27
212712 27
212714 16
212731 10
213708 27
213717 10
213718 16
213763 16
214301 19
214310 16
214340 3
214341 27
214352 4
214403 27
214412 10
214431 27
214442 16
214462 16
214491 10
215205 5
215206 21
215207 19
215208 10
215303 10
215312 16
215313 19
215314 16
215401 4
215462 27
215482 13
215711 16
215783 27
217705 16
217708 27
217773 13
218100 10
218234 0
218236 19
218244 16
218262 27
218352 3
218362 16
218372 27
218382 10
218481 16
218486 27
218496 27
219753 10
219781 16
226703 27
226704 16
226710 16
226805 27
229223 3
229351 22
251100 18
251211 4
251213 13
251216 4
251242 10
251261 21
251292 27
251312 11
251313 18
251333 19
251334 22
251342 10
251361 22
251363 27
251371 3
251372 25
251374 3
251399 16
251411 4
251417 16
251434 4
251436 16
251451 21
251455 13
251456 13
251457 16
251461 27
251465 10
251704 4
251707 27
251713 16
251716 13
251723 10
251724 27
251738 27
251746 13
251748 10
251754 13
251760 10
251763 16
251765 27
251773 13
251781 10
251784 27
252210 9
252212 10
252222 27
252235 19
252281 27
252282 19
252283 9
252285 19
252311 22
252320 25
252331 4
252353 27
252401 19
252402 3
252403 19
252404 10
252413 22
252420 16
252421 11
252422 27
252423 18
252427 16
252428 22
252429 19
252435 3
252440 25
252442 4
252443 16
252448 22
252450 27
252456 16
252459 25
252460 13
252479 10
252489 4
252706 16
252707 10
252714 13
252721 13
252727 10
252755 10
252765 16
252781 16
252792 27
253215 27
253318 16
253321 19
253332 18
253423 13
253433 4
253441 10
253443 16
253451 10
253452 3
253454 27
253721 27
253725 13
253731 13
253734 10
253735 10
253747 4
253749 19
253752 4
253754 16
253791 16
254182 4
254200 18
254205 12
254206 16
254207 19
254211 16
254215 21
254216 21
254222 16
254231 10
254232 5
254271 27
254282 11
254334 25
254352 10
254362 23
254371 21
254373 15
254400 10
254411 4
254412 16
254415 27
254421 13
254423 27
254424 27
254427 16
254435 27
254441 27
254443 27
254445 4
254446 19
254451 19
254452 16
254453 22
254466 22
254476 19
254477 27
254478 10
254495 13
254701 27
254721 16
254733 13
254737 10
254771 10
254816 27
254857 16
255210 10
255230 21
255300 19
255301 9
255316 0
255323 10
255328 24
255337 15
255340 18
255393 27
255422 11
255425 4
255430 4
255432 27
255433 27
255437 27
255440 10
255442 13
255445 4
255447 16
255451 13
255455 3
255463 4
255471 16
255497 27
255714 16
255735 27
255746 10
255750 13
255751 13
255769 13
255772 16
255783 4
255786 13
255791 19
255792 27
256100 12
256271 27
256281 18
256317 16
256318 18
256334 3
256415 16
256419 10
256442 27
256443 22
256456 27
256473 19
256474 10
256713 13
256741 27
256752 10
256753 16
256791 27
259103 5
259104 14
259106 19
259107 16
259108 17
259193 7
259195 3
259200 25
259201 24
259203 13
259401 16
260313 16
260334 27
260421 27
260702 13
260712 10
260719 16
260791 27
261102 4
261111 15
261112 26
261113 0
261205 27
261207 16
261208 24
261214 5
261215 3
261218 25
261305 10
261306 21
261332 27
261342 13
261343 16
261361 19
261411 13
261421 16
261430 4
261433 19
261444 27
261446 10
261447 19
261448 16
261449 27
261453 4
261465 27
261473 13
261479 18
261494 4
261497 15
261498 27
261499 26
261731 27
261736 27
261742 13
261745 16
261751 27
261752 10
261755 13
261763 16
261792 4
261796 10
261891 16
263710 13
263721 10
263724 16
263745 27
263751 27
264702 10
264703 16
264705 27
264755 13
264791 4
265706 10
265709 16
265710 27
266703 27
266801 16
268735 16
268741 27
268742 10
269103 10
269105 16
269130 7
269210 4
269341 13
269360 4
269370 27
269497 22
269498 16
270721 16
270791 16
305203 27
318322 4
329104 5
330112 19
351100 11
351201 27
351302 7
351331 25
351364 25
351371 16
351425 13
351426 27
351464 0
352103 11
352311 19
352314 27
352315 19
352323 10
352331 7
352332 27
352401 0
352412 25
352413 16
352421 4
352422 16
352433 13
352441 19
353313 19
353418 19
353431 0
353441 27
353471 4
353482 10
354311 25
354312 7
355411 16
356100 14
356101 8
356102 26
356210 7
356261 4
356306 25
356331 0
356333 22
356373 19
356375 10
356411 19
356412 4
356415 27
356416 4
356431 16
356432 27
356441 10
356442 19
356443 22
356444 13
356446 25
356447 27
356448 3
356449 16
356455 27
356472 4
356474 27
357110 13
357210 21
357322 4
357323 19
357418 27
357421 4
357432 27
357442 22
357444 18
357446 10
359202 23
359205 16
359206 16
359302 18
359305 4
359341 27
359350 7
359360 19
359401 16
359403 10
359419 27
359422 21
359452 22
359455 27
359460 21
359461 4
360100 3
360301 4
360402 13
360403 4
360411 27
360423 27
360441 16
360460 19
361210 10
361211 19
361214 4
361341 13
361414 27
361421 25
361433 16
361442 27
361461 10
361475 22
363210 12
365201 19
365211 4
365301 18
365324 13
365331 22
365422 4
365425 27
365426 16
368211 12
368310 27
368412 0
368417 7
368433 27
400110 3
400210 19
401281 21
401383 18
401391 3
403281 25
403383 4
406284 27
406294 10
406386 19
406396 27
408382 16
410381 12
413383 13
413391 10
415393 15
420282 16
421282 22
421292 19
421386 21
421396 26
422381 25
428281 4
428282 13
428381 22
428383 11
461170 23
461471 3
461472 27
461511 22
461526 22
462130 6
462531 13
462542 10
462545 16
462582 27
462587 19
462588 27
463201 27
463252 16
463331 27
463332 27
463342 19
463354 16
463512 27
463513 21
463534 22
463543 22
463544 10
463557 16
463559 13
463571 21
463592 25
464302 4
464312 10
464402 13
464403 4
464414 25
464442 10
464443 19
464445 22
464446 16
464500 27
464502 22
464504 19
464505 13
464506 10
464508 27
464544 16
464545 27
464546 27
464549 4
501201 19
501202 13
501305 16
501306 27
502313 25
502314 22
504202 21
504305 4
506202 16
508304 10
510306 19
512304 13
513113 19
513115 4
513212 10
513216 16
513217 4
513225 13
513284 27
513331 27
513343 10
513364 16
513373 4
513390 13
513411 16
513446 27
514202 10
514206 25
514222 19
514244 13
514272 22
514322 25
514336 19
514352 16
514358 22
514382 4
514384 13
514396 27
514398 10
515204 16
515205 4
515256 13
515257 27
515330 27
515337 22
515339 19
515362 4
515377 10
515378 16
515380 13
515407 13
515440 10
515441 16
515442 27
518724 27
518770 16
551311 10
552216 16
552217 27
552232 10
553312 10
554314 16
555313 16
556311 27
557433 4
558101 7
558432 13
561312 27
562101 27
562211 22
571115 19
601201 6
601202 26
601231 4
601242 10
601342 4
601346 16
601351 4
601361 13
601423 10
601424 27
601425 27
601436 27
601452 4
601471 10
601472 27
601745 16
601769 10
601775 27
602100 20
602102 14
602103 20
602120 19
602121 24
602122 10
602314 10
602421 18
602432 13
602453 10
602454 27
602455 4
602461 16
602463 27
602471 25
602741 16
602751 27
603200 21
603231 18
603321 7
603341 10
603396 13
603423 4
603496 27
603725 10
603743 16
603751 27
604101 4
604211 25
604311 10
604314 18
604315 21
604411 5
604415 15
604423 25
604431 22
604443 16
604454 10
604455 27
605203 16
605302 10
605313 13
605315 7
605316 19
605321 16
605331 27
605340 27
605412 16
605430 18
605711 16
605719 27
606211 16
606243 4
606245 7
606264 27
606310 16
606341 13
606342 10
606344 16
606451 19
606452 27
610114 20
651211 10
651212 16
651231 22
651234 27
651306 27
651313 19
651314 4
651317 27
651319 13
651416 10
651425 16
701100 13
701101 13
701181 23
701202 21
701211 10
701235 0
701243 16
701244 13
701283 7
701310 4
701335 27
701408 16
701409 16
701410 27
701496 10
702100 21
702101 26
702211 27
702213 23
702312 10
702317 22
702321 24
702331 16
702342 27
702354 10
702423 4
702443 16
702499 27
703103 11
703202 7
703204 25
703243 27
703244 18
703322 16
703324 21
703330 19
703331 16
703345 10
703351 22
703361 15
703413 27
703441 16
703444 4
703499 4
705191 13
705211 10
705311 8
705328 22
705331 15
705332 16
705343 19
705431 3
705438 5
705440 13
705441 26
705444 10
705446 10
705447 18
705461 7
705492 4
705499 16
751100 13
751101 27
751102 24
751106 19
751202 27
751209 16
751301 9
751302 11
751303 27
751305 22
751308 15
751309 15
751321 10
751326 16
751330 4
751345 7
751401 27
751403 18
751405 26
751408 9
751417 27
751418 13
751419 4
751421 16
751422 16
751424 10
751428 25
751440 19
751443 14
751447 4
751451 16
751701 19
751702 27
751703 4
751705 22
751706 27
751708 16
751710 13
751716 10
751718 10
751719 4
751727 13
751742 13
751744 10
801100 7
801122 18
801134 4
801204 10
801233 4
801236 19
801241 27
801322 27
801334 16
801371 27
803122 19
803124 27
803131 7
803230 16
803232 27
803260 16
851100 2
851103 13
851104 6
851105 16
851200 27
851201 18
851202 15
851204 0
851207 2
851241 19
851252 26
851253 11
851261 24
851263 22
851273 16
851305 7
851306 11
851309 4
851313 19
851363 27
851366 25
851375 3
851400 5
851401 21
851404 22
851406 10
851443 12
851445 4
851450 19
851462 19
851467 16
951100 17
951202 27
951231 19
951321 16
951324 22
951366 4
951421 27
951498-020 13
951498-021 16
953102 10
953104 27
953111 18
953201 19
953202 19
953214 25
953231 7
953232 10
953234 4
953323 10
953361 27
953421 16
953444 27
953494 13
953495 22
954100 27
954140 0
954142 16
954143 22
954170 27
954240 10
954244 4
954310 21
954340 27
954347 10
954371 16
954372 4
954374 27
954413 27
954421 10
954423 18
954464 22
954472 27
954491 25
954498 13
955102 16
955104 10
