001101 0
001102 1
001112 27
001118 0
001201 6
001202 22
001210 18
001212 14
001218 21
001222 18
001223 2
001224 1
001225 1
001226 12
001227 1
001228 17
001229 22
001230 4
001231 13
001234 20
001250 26
001281 3
001291 10
001292 16
001310 5
001311 9
001312 25
001314 24
001315 15
001320 9
001321 4
001323 4
001330 27
001341 10
001342 13
001352 11
001355 25
001361 10
001362 16
001391 22
001410 26
001440 4
001445 27
001463 10
001472 27
002102 16
002111 27
002191 10
002202 12
002230 25
002260 16
002302 13
002321 10
002362 4
003102 16
003191 23
003202 22
003213 13
003261 27
003454 27
004465 13
004472 27
004474 10
004476 15
006103 15
006226 27
006241 13
006253 22
006307 19
006325 0
006443 27
006448 10
008314 27
008402 27
008411 22
009103 5
009213 13
009232 9
009254 21
009301 10
009327 27
009344 27
009355 4
009358 27
009363 10
011100 12
011101 15
011153 19
011154 7
011156 27
011157 27
011251 20
011257 6
011268 22
011269 11
011276 13
011277 17
011278 0
011358 27
011367 4
011457 22
012173 15
012200 4
012271 26
012272 4
012374 10
013103 10
013110 4
013203 13
013204 10
013206 3
013207 16
013208 9
013209 12
013216 25
013301 16
013303 4
013305 25
013314 16
013337 13
013413 4
013425 10
013431 10
013432 27
013433 25
014210 27
014211 13
014270 19
014310 25
014311 15
014370 22
014371 15
014390 27
014401 3
014410 13
014423 4
014471 13
014481 16
015101 16
015102 22
016101 4
017101 10
017102 16
017111 13
017201 13
017231 27
018104 26
018111 10
018112 22
018114 16
018126 25
018204 13
018271 27
018323 4
018332 27
018352 22
018372 15
019101 15
019104 16
019105 25
019106 22
019112 27
019204 0
019205 22
019206 10
019211 19
019212 13
019221 22
019222 27
019332 4
019351 16
019362 13
019371 16
019382 10
019441 27
020101 10
020102 16
020211 16
020212 22
020231 13
020232 13
020261 10
020341 10
021101 15
021102 23
021203 13
021204 10
021270 27
024752 27
025110 13
025381 27
025481 10
026101 18
026102 10
026111 22
026112 4
026201 10
050100 27
050103 17
050104 6
050106 21
050112 9
050113 9
051300 13
051302 16
051304 0
051306 15
051310 13
051313 27
052201 22
052203 16
052310 25
052323 4
052331 9
052351 26
052353 15
052355 22
052417 4
052422 22
052442 27
052449 4
052466 27
057121 23
057122 3
057123 2
057125 3
057126 24
057127 23
057128 0
057129 7
057130 21
057131 15
057132 3
057133 8
057134 10
057135 19
057136 0
057137 27
057138 26
057205 22
057213 4
057276 2
057283 25
057286 9
057287 4
057289 19
057290 13
057295 10
057297 22
057298 16
057301 12
057302 22
057305 4
057316 9
057366 15
057404 12
057407 10
057425 16
057428 26
059405 10
059419 4
061103 22
061106 0
061201 27
061205 12
061223 7
061306 0
061312 7
061313 7
061317 27
061401 27
061403 16
061430 13
062320 25
062341 16
062342 25
062343 25
062344 10
062345 3
062346 22
062360 13
062380 4
062411 22
062452 10
062460 13
062470 16
064202 27
064204 15
064207 3
064272 16
064273 26
064303 22
064410 27
064413 4
064417 27
064418 16
064422 25
064424 22
065120 12
065121 0
065211 16
065212 13
065311 22
065333 4
065420 9
065795 4
065797 27
065799 27
066222 16
066324 13
066412 22
066416 4
066426 10
067201 0
067203 13
067311 10
067371 10
067433 16
067435 27
067436 10
067491 4
067492 27
070100 27
070200 16
070301 13
070303 22
070304 4
070305 10
070308 13
070400 10
070403 22
070404 16
070410 27
070411 4
070413 19
070414 16
070415 27
070416 13
070711 4
070726 4
070740 27
070741 27
070792 27
071412 13
071413 16
071414 27
071415 25
071417 16
074100 8
074101 16
074201 16
076312 13
076314 22
076414 10
076426 27
076427 13
076428 7
076429 15
076444 22
076466 16
078444 8
078454 22
079444 18
099101 13
099102 10
100104 1
100105 10
100106 12
100107 27
100108 27
100205 24
100206 18
100207 12
100208 27
100209 21
100211 19
100306 21
100307 23
100308 14
100309 0
100310 19
100501 9
101201 22
101202 7
101205 10
101325 26
101490 13
103112 27
103271 3
104100 19
104302 25
104310 13
104320 27
104327 10
104334 27
104450 22
104490 27
109100 25
109114 15
112101 13
112105 19
112106 10
112109 22
112202 27
112205 27
112321 0
112322 22
112406 16
112424 10
115200 9
115300 10
115301 13
116301 0
126101 9
126102 16
126212 27
126213 25
126214 12
126325 12
126326 16
126328 13
126331 26
126332 24
126431 27
126436 4
126442 10
127100 15
127101 22
127202 8
127204 13
127205 9
127303 27
127313 21
127330 0
127359 27
127411 7
127412 16
127414 19
127716 13
127720 4
127721 27
127726 10
128100 23
128101 26
128201 27
128304 21
128305 27
128306 4
128308 9
128310 27
128351 22
128355 22
128423 13
128427 16
128434 13
128443 4
128700 10
128727 13
128734 4
128751 27
140104 23
152211 27
152301 10
152331 10
154104 26
154141 15
154152 27
154153 25
154173 16
154181 12
154251 10
154276 25
154281 3
154301 16
154330 4
154340 13
154363 27
154385 27
154431 22
154457 27
154481 4
159100 6
159101 4
159102 10
159151 22
159202 27
159204 0
159231 10
159331 22
159332 4
159401 13
159411 27
159412 16
159431 27
159434 4
160242 16
164261 16
168335 13
176100 8
176101 22
176104 22
177104 16
177113 27
177114 10
177141 4
177142 22
177181 25
177215 19
177217 24
177227 22
177228 10
177229 12
177300 13
177321 27
177332 3
177335 26
177341 10
177362 15
177443 4
177460 25
177463 4
177471 27
177472 16
177483 10
177491 13
179443 10
201100 25
201110 3
201114 16
201116 3
201117 15
202100 24
202101 19
202102 15
202147 22
202231 2
202302 27
202303 27
202305 16
202356 4
202362 10
202371 10
202405 13
202421 4
202446 16
202471 10
202475 27
202476 25
202484 27
202701 27
202731 27
202736 4
202744 27
202749 27
202775 13
202776 4
202803 4
202833 27
202849 27
203100 9
203104 27
203108 22
203111 17
203113 13
203114 13
203131 19
203132 10
203151 25
203152 25
203154 13
203158 21
203159 0
203162 22
203202 26
203203 25
203204 10
203206 18
203207 19
203208 18
203209 13
203211 10
203222 13
203223 12
203226 13
203232 22
203236 25
203250 22
203287 16
203316 27
203351 16
203459 13
203715 4
203719 13
203721 4
203725 10
203726 10
203734 10
203735 13
203749 10
203752 13
203754 27
203775 13
203812 4
203825 13
203829 27
203833 27
203879 4
204100 13
204101 13
204113 13
204202 0
204211 25
204217 26
204232 12
204251 24
204306 25
204315 9
204333 26
204355 16
204362 13
204382 27
204422 27
204423 10
204424 27
204441 10
204443 9
204452 27
204482 22
204483 10
204490 4
204725 10
204728 27
204755 4
204792 13
204891 27
205100 9
205103 10
205105 13
205216 3
205232 16
205244 16
205252 13
205282 27
205324 27
205344 13
205358 22
205382 10
205731 13
205742 4
205796 27
206100 19
206101 22
206103 5
206104 10
206111 22
206112 24
206113 10
206161 19
206162 4
206171 5
206172 12
206181 27
206182 9
206191 27
206211 10
206216 15
206217 22
206253 27
206255 10
206261 11
206266 10
206267 26
206281 27
206313 25
206321 26
206324 27
206325 3
206327 3
206331 27
206336 15
206341 21
206342 27
206355 10
206362 21
206364 12
206367 13
206368 12
206370 4
206421 16
206427 4
206428 13
206435 10
206437 22
206476 27
206481 10
206703 13
206722 10
206724 13
206725 4
206731 27
206737 4
206774 27
207100 13
207104 6
207105 10
207106 10
207108 12
207109 26
207110 0
207116 13
207117 19
207118 25
207125 15
207137 22
207162 27
207172 13
207181 10
207187 10
207188 9
207191 22
207195 10
207214 15
207302 15
207305 25
207306 10
207312 22
207402 27
207448 16
207704 10
207706 13
207708 4
207712 27
207766 27
207794 27
208101 14
208140 26
208141 10
208150 27
208263 16
208264 13
208271 0
208272 0
208322 9
208345 13
208346 10
208353 10
208362 16
208373 22
208384 27
208423 26
208444 27
208446 4
208460 4
208738 13
208772 4
208774 27
209203 27
209204 3
209252 25
209253 12
209262 26
209263 16
209270 26
209271 10
209272 15
209352 4
209370 13
209376 4
209382 27
209456 22
209466 13
210200 15
210207 27
210221 3
210251 10
210276 4
210315 13
210331 16
210355 10
210432 4
210448 4
210463 27
210702 10
210705 27
210743 13
210745 13
210748 4
210789 4
211100 12
211315 0
211319 22
211341 27
211342 25
211444 27
211709 10
211889 27
213708 27
213717 13
213718 10
213763 4
214100 27
214301 25
214310 27
214340 13
214341 25
214352 4
214412 13
214491 16
215205 16
215206 12
215207 10
215208 13
215303 27
215312 16
215313 13
215401 27
215482 27
215711 4
215741 13
215742 4
215743 27
215781 27
215783 4
217705 13
217708 4
217752 27
217773 27
218100 22
218234 25
218236 26
218244 16
218262 27
218352 10
218362 22
218372 13
218382 27
226703 13
226709 27
226710 4
226789 27
229123 22
229223 16
251100 27
251211 12
251213 10
251216 13
251242 27
251261 0
251292 24
251312 16
251333 16
251334 22
251342 27
251361 10
251363 25
251371 22
251372 4
251399 15
251411 13
251434 10
251436 4
251452 22
251455 13
251456 27
251461 4
251477 27
251704 13
251707 27
251723 4
251724 27
251746 27
251748 4
251754 10
251760 27
251763 13
251765 4
251773 10
251781 13
252210 21
252212 27
252222 0
252235 13
252282 21
252283 24
252285 12
252311 16
252320 16
252331 9
252353 27
252402 16
252403 13
252404 4
252413 4
252420 22
252423 10
252427 22
252428 10
252429 15
252435 25
252440 10
252459 4
252460 27
252479 16
252489 22
252706 10
252714 4
252727 13
252755 16
252774 27
252781 4
252785 27
252789 27
252792 10
253215 27
253433 4
253441 27
253443 27
253451 10
253452 10
253454 13
253716 16
253721 4
253722 10
253725 10
253734 4
253747 27
253749 3
253752 16
253754 13
253791 13
254182 27
254200 19
254205 27
254206 7
254211 0
254215 13
254216 10
254222 16
254231 22
254232 9
254271 0
254282 4
254325 13
254334 3
254352 15
254362 13
254371 25
254373 27
254400 15
254411 4
254412 10
254415 10
254421 4
254423 27
254424 13
254435 16
254445 10
254451 22
254452 4
254453 16
254466 10
254476 13
254477 16
254478 27
254495 22
254701 4
254721 10
254733 27
254737 13
254771 27
254803 10
254817 27
254857 10
255210 12
255230 27
255301 10
255316 7
255323 16
255328 9
255337 15
255340 26
255422 27
255425 16
255427 22
255432 10
255437 16
255440 10
255447 16
255455 27
255497 27
255714 13
255735 4
255750 10
255766 27
255769 16
255772 27
255779 16
255783 10
256100 15
256271 10
256317 16
256318 22
256334 10
256382 4
256383 15
256462 27
259103 17
259104 15
259106 27
259107 19
259108 26
259193 13
259195 12
259200 10
259201 25
259203 3
259401 4
260704 27
260708 22
260712 13
260719 4
260791 10
261102 25
261111 26
261112 21
261113 3
261205 13
261207 22
261208 9
261214 12
261215 0
261218 16
261305 4
261306 10
261332 27
261342 10
261343 12
261361 27
261430 13
261433 25
261444 27
261446 27
261447 4
261448 10
261449 27
261465 27
261473 22
261494 13
261497 13
261499 10
261742 27
261745 27
261755 27
261763 4
261764 10
261793 13
261795 13
261796 4
263710 4
263721 10
263724 16
263745 16
263751 13
264702 10
264705 13
264755 4
264789 27
265706 13
265709 4
265710 27
266703 4
266801 27
268732 13
268735 27
268741 4
268742 10
269103 16
269105 0
269130 27
269210 22
269341 16
269360 15
269370 22
269421 10
269431 16
269497 13
270701 4
270702 27
305203 16
318322 27
329104 11
330112 2
351100 9
351201 27
351364 10
351371 27
351426 22
352103 16
352311 27
352314 16
352315 25
352331 4
352332 16
352401 27
352412 19
352413 13
352421 10
352422 16
352433 10
352441 0
353313 10
353431 4
353441 27
353471 16
355411 19
356100 15
356101 18
356102 24
356210 7
356261 10
356311 27
356331 4
356431 13
356432 22
356441 16
356442 10
356443 27
356449 13
356455 27
356472 16
356475 10
357101 20
357110 9
357210 25
357323 13
357360 16
357418 10
357442 22
357444 27
359202 14
359205 10
359401 10
359408 27
359431 10
359455 13
360100 11
360210 12
361210 25
361321 16
361322 16
361341 27
361421 19
361433 22
361452 13
361461 27
361475 0
362211 11
363210 25
365425 4
368211 13
368317 13
400110 6
400210 10
401281 22
401383 22
401391 15
403281 13
403383 12
406284 10
406294 27
406386 10
406396 16
408382 23
410381 25
413383 19
413391 21
415393 9
420282 16
421282 9
421292 26
421386 4
421396 13
422381 3
428281 4
428282 15
428381 26
428383 27
461170 20
461471 15
461472 26
461511 26
461521 13
461526 27
461551 16
461566 10
461584 27
462130 6
462412 13
462413 4
462414 16
462503 10
462587 27
462588 4
463201 4
463252 27
463331 16
463332 27
463342 13
463354 4
463506 9
463512 9
463513 15
463543 27
463544 22
463557 13
463559 10
463571 27
463592 4
464302 22
464312 10
464402 16
464403 13
464414 26
464442 22
464443 25
464445 4
464446 10
501201 7
501202 13
501305 3
501306 12
502313 10
502314 13
504202 18
504305 16
506202 9
508304 12
510306 4
512304 27
513113 10
513115 13
513212 16
513216 27
513217 22
513225 4
513284 10
513331 13
513343 22
513364 27
513373 4
513390 10
513446 27
514202 15
514206 4
514222 25
514244 22
514272 10
514322 22
514352 10
514358 13
514382 27
514384 16
515204 22
515205 27
515256 4
515257 10
515337 13
515362 4
515380 27
552216 16
552217 27
552232 25
554413 16
555312 10
557432 13
558101 15
558313 4
558441 27
562101 18
562211 27
601201 18
601202 22
601231 12
601242 27
601342 22
601346 13
601361 27
601423 4
601425 16
601454 10
601455 4
601724 27
601745 4
601775 27
602100 20
602102 7
602103 2
602111 16
602120 19
602121 21
602122 10
602301 27
602314 27
602421 13
602453 4
602454 16
602455 10
602461 13
602471 16
602722 13
602741 27
602751 4
603200 16
603231 10
603321 22
603396 27
603496 27
603725 13
603743 4
603751 27
604101 12
604211 25
604311 16
604314 9
604315 15
604411 10
604415 13
604423 27
604431 10
604455 4
605203 27
605302 16
605313 27
605315 10
605316 10
605331 13
605430 27
605701 4
605711 13
605719 27
605742 4
606211 22
606243 10
606245 16
606264 15
606310 22
606451 25
606452 27
610114 4
651211 22
651212 4
651231 12
651234 27
651313 25
651314 16
651317 27
651319 10
651416 13
651425 4
701100 27
701101 13
701181 12
701183 16
701202 13
701235 25
701243 16
701244 10
701283 21
701295 10
701310 10
701335 15
701341 4
701408 22
701423 27
702100 13
702101 7
702211 22
702213 23
702312 4
702317 10
702321 16
702331 3
702342 25
702354 27
702418 13
703103 8
703202 7
703204 2
703243 27
703244 11
703309 10
703311 16
703322 22
703324 26
703330 10
703331 27
703345 27
703351 15
703361 13
703413 27
703441 25
703499 4
705191 13
705211 10
705311 3
705328 25
705331 19
705332 13
705343 13
705351 4
705431 25
705438 13
705440 16
705441 10
705444 22
705446 22
705448 4
705492 0
705499 25
751100 7
751101 20
751102 2
751106 13
751202 19
751209 16
751301 23
751302 8
751303 13
751304 10
751305 4
751308 9
751309 26
751321 13
751326 27
751330 22
751345 27
751401 4
751403 4
751405 15
751408 16
751413 10
751418 16
751419 13
751421 27
751428 3
751440 16
751443 25
751701 10
751702 13
751703 27
751705 4
751706 13
751708 4
751710 27
751712 27
751716 10
751724 10
751728 3
751732 13
751734 12
751744 16
751745 16
751751 27
751752 16
801100 18
801122 10
801134 13
801201 10
801204 10
801233 16
801236 27
801241 25
801322 27
801371 16
803122 10
803124 22
803131 13
803230 22
803232 27
851100 6
851103 15
851104 16
851105 26
851200 25
851201 24
851202 7
851204 27
851205 15
851241 27
851261 11
851273 23
851305 9
851306 19
851309 15
851310 26
851341 21
851342 16
851344 27
851350 12
851363 4
851366 9
851371 12
851375 25
851400 22
851401 13
851404 27
851443 4
851445 10
851450 10
851467 10
951100 24
951106 13
951124 25
951202 0
951231 22
951321 13
951366 27
951421 13
951497 10
951498 27
953102 0
953104 27
953111 9
953201 16
953202 22
953214 25
953231 13
953232 13
953234 22
953323 10
953494 22
953495 27
954140 6
954141 25
954142 22
954240 13
954244 27
954310 10
954326 16
954340 19
954364 13
954371 27
954372 22
954373 10
954413 13
954420 4
954422 4
954423 27
954443 22
954472 16
954498 4
