001101 1
001102 1
001112 7
001118 27
001201 1
001202 13
001210 21
001222 0
001223 7
001224 6
001225 4
001226 15
001227 26
001228 1
001229 11
001230 18
001231 4
001234 6
001250 16
001291 9
001292 3
001310 26
001311 8
001312 0
001314 7
001320 22
001321 3
001323 17
001330 16
001341 15
001342 7
001352 18
001355 4
001361 21
001362 16
001410 15
001423 12
001440 13
001445 9
001447 6
001471 22
001472 19
002102 19
002111 27
002191 25
002192 7
002202 16
002230 27
002260 19
002302 16
002311 7
002321 22
002331 13
002362 19
002402 13
002441 22
002471 19
002472 4
003101 10
003102 10
003191 8
003202 3
003332 16
003414 7
003421 13
003436 22
003454 19
004282 12
004465 21
004470 9
004472 13
004474 13
004476 22
006103 3
006126 3
006226 16
006241 13
006253 27
006307 15
006326 4
006330 13
006349 23
006443 16
006448 22
006454 4
006475 6
008214 19
008314 22
008326 13
008402 22
008411 13
009103 17
009213 9
009234 16
009236 22
009254 13
009301 7
009344 16
009355 19
009356 15
009358 4
009363 9
009446 13
011100 15
011101 12
011151 16
011154 13
011156 19
011157 12
011251 12
011268 13
011269 10
011276 8
011277 24
011278 24
011355 23
011367 13
011457 10
011479 4
012173 6
012174 19
012200 21
012374 13
012475 23
013103 9
013110 13
013203 15
013204 19
013207 7
013208 10
013209 27
013216 9
013217 3
013301 16
013303 23
013306 23
013321 22
013335 4
013337 22
013410 10
013413 4
013428 16
013431 19
013432 13
013433 18
014211 16
014270 22
014310 9
014311 19
014323 18
014370 16
014371 27
014383 19
014401 10
014422 22
014423 12
014471 27
014481 21
014483 16
015101 25
015102 16
016101 13
016102 13
017101 22
017102 13
017111 22
017231 4
018104 19
018112 18
018114 14
018126 27
018204 13
018271 6
018323 13
018352 13
018372 19
018467 13
018471 19
019101 20
019104 0
019105 13
019106 10
019112 19
019204 22
019205 27
019206 19
019212 4
019222 15
019332 16
019351 27
019362 19
019371 15
019373 16
019441 13
020101 25
020102 22
020212 27
020231 4
020232 19
020261 19
021101 18
021102 12
021203 19
021204 10
021270 3
024752 19
025110 27
025310 19
025481 10
026101 9
026102 27
026111 4
026112 3
026201 20
029732 22
030101 17
050100 21
050103 8
050104 3
050106 0
050112 14
050113 15
051302 9
051304 27
051306 3
051310 10
051313 22
051418 12
052203 9
052310 6
052314 3
052323 19
052331 16
052350 7
052351 19
052353 10
052355 13
052400 22
052417 4
052419 15
052422 22
052442 9
052447 10
052448 16
052449 13
053713 19
054821 19
055702 16
055734 7
055739 22
055757 19
057121 12
057122 5
057123 4
057125 20
057126 21
057127 3
057128 11
057129 24
057130 23
057131 18
057132 2
057133 20
057134 13
057135 12
057136 21
057137 15
057138 16
057139 25
057213 0
057283 22
057286 13
057287 7
057290 19
057295 16
057297 0
057298 7
057301 10
057302 15
057305 4
057316 13
057366 22
057401 9
057404 27
057407 4
057411 0
057413 22
057419 16
057427 7
057428 0
059405 3
059419 5
061103 27
061106 9
061201 19
061223 15
061224 4
061306 4
061307 19
061312 10
061313 12
061403 22
061405 22
062200 7
062210 19
062320 19
062343 27
062499 16
063201 19
064204 22
064231 19
064331 27
064411 10
064412 19
064421 13
064422 16
064423 13
064424 16
064430 3
064474 12
065120 9
065121 16
065211 19
065212 9
065311 4
065320 16
065333 15
065420 16
065435 19
065436 4
065437 13
065438 4
065797 19
066222 19
066324 22
066412 7
066414 4
067201 10
067203 19
067311 7
067371 7
067433 19
067435 22
067436 10
067491 13
070200 22
070201 27
070301 22
070303 22
070305 4
070401 16
070411 19
070413 12
070414 3
070416 19
070792 19
071411 19
071412 22
071414 16
071415 19
071416 17
071418 10
071419 13
071420 27
071423 13
071426 0
073721 19
074100 27
074101 23
074414 19
076425 4
076426 16
076427 27
076430 13
076444 9
076466 10
078444 3
078454 16
079220 27
099101 15
099102 4
099103 15
100104 19
100109 6
100110 25
100111 15
100112 10
100207 7
100220 13
100222 27
100228 13
100229 12
100230 22
100231 10
100233 9
100307 19
100308 18
100309 19
100310 12
100311 9
100312 19
100313 11
100314 5
100501 13
101201 0
101202 19
101205 25
101325 7
101405 7
101490 16
103271 12
104100 16
104302 22
104310 0
104320 19
104327 22
104334 27
104340 22
104435 27
104471 13
104490 19
109100 0
109114 3
112101 16
112105 7
112106 19
112109 27
112202 13
112205 19
112303 16
112321 10
112322 22
112406 19
112424 16
115301 13
115401 27
116301 4
116302 15
126101 25
126102 7
126212 19
126213 22
126214 7
126324 5
126326 18
126328 13
126330 19
126332 16
126400 14
126431 3
126436 22
126442 19
127100 6
127101 23
127202 19
127205 4
127313 16
127329 4
127330 27
127332 19
127333 13
127359 22
127411 10
127415 19
127416 9
127424 4
127433 13
127492 16
127493 13
127716 7
127720 22
127721 16
127727 19
128100 16
128101 3
128201 19
128304 16
128305 22
128306 11
128308 15
128310 10
128401 7
128423 17
128425 20
128427 10
128434 16
128443 16
128445 22
128451 5
128471 4
128481 22
128484 19
128700 22
128714 7
128727 19
128734 16
140101 13
140102 7
140103 10
140104 4
140105 7
152211 13
152301 19
152321 19
152331 10
154100 16
154104 23
154141 0
154152 0
154153 18
154173 19
154181 7
154251 7
154262 27
154276 27
154281 11
154301 16
154330 19
154431 10
154479 13
154492 4
159100 26
159101 19
159102 0
159151 16
159202 7
159204 16
159331 19
159351 13
159411 10
159434 18
160342 13
164261 10
164341 27
168100 13
168101 21
168410 19
176100 24
176101 16
176104 15
177103 7
177104 25
177113 13
177114 19
177141 0
177142 16
177181 27
177220 13
177222 18
177227 7
177228 13
177229 18
177300 16
177321 0
177332 1
177335 4
177336 3
177341 25
177361 22
177413 6
177420 18
177425 10
177429 12
177430 22
177431 13
177433 4
177441 16
177447 3
177460 7
177464 10
177465 9
177466 19
177470 19
177483 3
177491 13
177494 15
177495 16
179404 19
179406 13
179443 21
201100 12
201110 6
201114 27
201116 2
201117 19
201190 10
202100 25
202101 25
202102 15
202147 12
202231 24
202302 16
202303 7
202305 9
202311 16
202356 4
202362 13
202371 7
202405 12
202421 13
202432 13
202446 22
202461 19
202471 22
202475 4
202476 16
202484 19
202731 22
202744 19
202749 19
202802 19
202833 16
202843 22
203100 17
203104 10
203108 7
203111 18
203113 27
203114 22
203131 25
203132 16
203151 19
203152 19
203154 7
203158 0
203159 19
203162 11
203202 7
203204 18
203206 8
203208 23
203209 18
203211 0
203222 22
203223 19
203226 27
203232 10
203236 22
203250 9
203287 15
203300 21
203304 18
203316 12
203351 3
203352 25
203404 19
203413 22
203424 16
203425 15
203435 13
203459 10
203474 4
203708 22
203715 16
203719 22
203721 7
203725 16
203734 16
203735 19
203754 19
203775 22
203812 19
203825 22
203829 19
203879 19
204100 7
204101 16
204113 0
204123 3
204202 7
204217 16
204232 0
204251 10
204306 11
204315 7
204320 16
204333 22
204355 19
204362 10
204382 19
204422 12
204423 13
204424 15
204425 6
204443 23
204456 4
204482 7
204483 19
204490 16
204725 19
204735 22
204792 16
205100 21
205103 16
205105 21
205216 0
205232 27
205244 16
205252 18
205282 22
205324 13
205344 10
205358 16
205382 12
205421 7
205441 16
205473 13
205476 22
205731 7
205742 22
205764 7
205789 22
205796 19
206100 27
206103 19
206104 21
206108 13
206111 11
206112 19
206161 22
206162 22
206171 6
206172 19
206181 7
206182 7
206191 13
206203 13
206216 22
206217 9
206253 9
206255 10
206261 22
206266 10
206267 0
206281 13
206311 13
206313 16
206321 7
206324 19
206327 18
206331 3
206336 22
206341 12
206342 22
206362 22
206364 12
206367 27
206368 12
206370 6
206428 12
206435 19
206437 3
206457 15
206476 21
206481 0
206703 7
206714 7
206724 7
206734 19
206736 22
206737 22
206774 19
207104 22
207105 9
207106 19
207108 16
207109 6
207110 27
207116 16
207117 22
207118 19
207125 4
207162 7
207172 27
207181 3
207187 12
207188 10
207191 19
207195 9
207214 19
207302 22
207305 7
207306 10
207312 19
207321 13
207402 6
207408 19
207415 7
207442 22
207448 16
207481 13
207704 7
207706 22
207708 19
207712 19
207766 19
208101 24
208140 22
208141 7
208250 27
208263 25
208264 3
208272 0
208322 15
208345 13
208346 16
208353 0
208362 14
208373 27
208423 13
208444 11
208446 23
208460 15
208738 22
208772 19
208873 19
209203 15
209204 9
209252 3
209253 15
209262 12
209263 16
209270 16
209271 10
209272 7
209322 19
209332 19
209341 7
209352 12
209370 15
209376 12
209382 10
209424 22
209452 4
209454 19
209456 9
209466 7
209486 7
209712 7
209714 22
209716 22
209772 19
209787 7
210100 23
210200 10
210207 16
210221 22
210251 12
210276 7
210315 13
210331 19
210355 16
210432 10
210435 19
210463 7
210497 19
210702 19
210717 22
210741 22
210743 7
210744 22
210748 22
211100 2
211303 4
211312 10
211315 0
211318 22
211319 22
211341 6
211342 19
211444 16
211445 16
211446 22
211448 9
211449 7
211709 22
211843 19
212712 16
212721 19
212731 22
213706 16
213707 22
213708 19
213717 19
214301 7
214310 19
214340 15
214341 27
214352 13
214403 13
214412 13
214431 10
214491 7
215205 26
215206 16
215207 19
215208 0
215303 16
215311 22
215312 3
215313 7
215314 15
215401 10
215462 16
215482 19
215495 7
215497 13
215711 19
215742 19
217705 22
217708 19
217773 7
218100 10
218234 22
218236 19
218244 16
218262 13
218352 12
218362 16
218372 13
218382 22
218474 7
218481 22
218496 19
219741 19
219753 22
219766 16
219789 19
225702 16
225704 7
225706 22
225707 19
226703 19
226704 19
226711 7
226805 19
229223 9
229351 22
251100 12
251211 0
251213 13
251216 16
251242 10
251261 9
251292 7
251312 15
251313 16
251333 3
251334 10
251342 12
251361 9
251363 4
251371 13
251372 19
251374 12
251399 13
251411 22
251417 7
251434 21
251436 18
251451 4
251455 19
251456 12
251457 13
251461 9
251476 19
251477 16
251704 13
251707 19
251713 19
251716 16
251723 13
251724 22
251746 22
251748 16
251754 16
251760 7
251763 22
251765 19
251776 13
251781 22
251784 16
252210 9
252212 7
252222 0
252235 13
252281 13
252282 15
252283 6
252285 15
252311 22
252320 9
252328 9
252331 19
252353 7
252401 3
252402 16
252403 9
252404 19
252413 22
252420 22
252421 16
252422 19
252423 14
252427 19
252428 16
252429 11
252435 18
252440 10
252442 9
252443 22
252448 23
252450 12
252456 13
252459 10
252460 21
252479 21
252489 6
252706 7
252707 16
252727 19
252785 16
252789 7
252792 22
253215 7
253318 10
253321 7
253332 19
253416 19
253417 15
253423 19
253433 13
253441 12
253443 12
253451 10
253452 15
253454 16
253716 22
253721 19
253725 13
253734 7
253735 13
253747 22
253749 4
253752 13
253754 16
253791 16
254182 7
254200 16
254205 13
254206 0
254207 16
254211 7
254215 25
254216 26
254222 0
254231 3
254232 19
254271 9
254282 7
254302 5
254325 16
254334 25
254352 18
254362 8
254371 23
254373 22
254400 7
254411 19
254412 7
254415 15
254421 16
254422 4
254423 13
254424 7
254435 13
254441 10
254443 19
254445 4
254451 21
254452 16
254453 9
254454 10
254466 16
254476 7
254477 19
254478 12
254495 4
254701 19
254702 19
254721 19
254733 16
254737 19
254791 16
254816 22
254817 7
254857 7
255201 9
255210 16
255230 0
255300 14
255301 3
255316 12
255323 13
255328 19
255337 25
255340 9
255393 22
255422 14
255425 16
255429 20
255430 1
255431 0
255432 2
255433 19
255440 7
255442 12
255444 9
255445 13
255447 10
255451 21
255455 5
255462 10
255463 11
255471 22
255492 18
255497 15
255499 27
255714 19
255735 16
255750 19
255751 7
255769 13
255772 13
255783 22
256100 19
256271 19
256317 16
256318 10
256334 9
256418 22
256419 7
256441 13
256444 3
256456 4
256473 16
256474 7
256791 19
259103 5
259104 18
259106 3
259107 8
259108 6
259193 26
259195 7
259200 13
259201 24
259203 3
259401 3
260313 4
260334 13
260416 19
260421 13
260432 16
260702 16
261102 10
261111 10
261112 26
261113 19
261205 27
261207 7
261208 12
261214 0
261215 9
261218 16
261305 19
261306 3
261332 6
261342 10
261343 19
261361 16
261421 13
261430 7
261433 7
261438 6
261444 13
261446 16
261447 4
261448 4
261449 21
261453 13
261465 16
261473 12
261479 22
261494 10
261497-002 13
261497-008 12
261497-802 13
261497-808 7
261499 15
261736 22
261738 13
261745 19
261751 13
261752 22
261755 16
261763 16
261781 13
261795 16
261891 13
263710 13
263721 19
263724 16
263745 7
263751 22
264702 13
264705 22
264709 16
264755 19
265706 13
265709 22
265710 16
266801 19
268732 19
268735 22
268741 16
269103 19
269105 7
269111 22
269130 10
269210 16
269341 7
269360 3
269370 7
269452 19
269498 13
270712 16
270721 22
305203 19
318322 12
329105 22
329106 7
330115 0
351100 13
351201 27
351302 7
351321 13
351364 16
351371 0
351425 16
351426 13
351464 10
352103 3
352311 27
352313 4
352314 0
352401 9
352412 22
352421 27
352422 16
352433 19
352441 27
353313 7
353418 16
353431 19
353441 7
353471 13
353482 22
354311 0
354312 4
355411 9
356100 10
356101 2
356102 23
356210 22
356261 27
356333 9
356361 7
356373 22
356374 13
356411 7
356414 19
356415 19
356416 7
356431 19
356432 3
356441 22
356442 12
356443 0
356444 4
356446 6
356447 13
356449 22
356451 27
356455 13
356471 4
356472 19
356474 16
356496 13
357101 21
357110 27
357210 16
357322 7
357323 22
357418 27
357421 16
357432 13
357441 19
357444 22
357446 15
359202 12
359205 22
359206 16
359302 13
359303 13
359305 27
359341 9
359350 10
359360 7
359380 13
359401 19
359403 4
359408 18
359422 3
359423 22
359452 16
359460 7
359461 27
359465 22
360100 3
360301 22
360304 0
360441 12
361210 15
361211 10
361214 7
361341 10
361413 16
361414 22
361421 19
361433 0
361442 7
361452 7
361461 13
361475 19
363210 15
363401 16
363402 13
365201 7
365211 27
365322 13
365324 7
365422 19
365425 27
365426 13
368211 22
368310 10
368412 22
368417 7
400110 14
400210 25
401281 12
401383 3
401391 12
403281 15
403383 19
406284 10
406294 4
406386 4
406396 22
408382 9
410381 18
413383 6
413391 21
415393 13
420282 7
421282 13
421292 22
421386 15
421396 10
422381 27
428281 16
428282 19
428381 16
428383 7
461170 16
461471 21
461472 3
461511 12
461523 19
461526 10
461527 12
461532 10
462130 26
462544 19
462587 22
462588 13
463201 19
463252 13
463331 16
463332 9
463342 19
463354 13
463433 3
463512 22
463513 10
463543 19
463544 3
463557 10
463559 16
463571 12
463592 22
464302 7
464312 22
464402 13
464403 7
464414 10
464442 19
464443 15
464445 4
464446 16
464500 22
464502 13
464504 19
464505 16
464506 7
464508 22
464545 12
464549 22
501201 22
501202 9
501305 22
501306 9
502313 4
502314 15
504202 13
504305 10
506202 10
508304 16
510306 13
512304 12
513113 19
513115 4
513212 22
513216 13
513217 7
513225 0
513284 19
513331 13
513343 22
513364 16
513373 19
513390 7
513411 22
513446 19
514202 4
514206 9
514222 7
514244 13
514272 10
514322 10
514336 13
514352 16
514358 3
514382 7
514384 4
514396 22
514398 19
514436 19
514462 16
514742 7
514752 22
515204 16
515205 22
515256 7
515257 13
515330 4
515337 22
515339 19
515362 7
515377 13
515378 16
515380 10
518724 19
518770 22
551461 22
552216 13
552217 19
552232 19
557433 13
558101 18
558411 16
558432 19
562101 13
562211 19
601201 12
601202 4
601231 15
601242 18
601342 22
601346 13
601351 4
601361 0
601423 16
601424 19
601431 16
601436 27
601452 4
601471 9
601472 13
601724 19
601731 7
601745 22
601769 7
601775 19
602100 17
602102 24
602103 14
602120 7
602121 11
602122 27
602301 19
602314 0
602421 0
602453 22
602454 13
602455 15
602461 4
602472 12
602741 19
602751 19
603200 10
603231 17
603321 6
603341 16
603396 0
603423 7
603496 10
603743 7
604101 0
604211 0
604311 19
604314 0
604315 18
604411 23
604415 19
604423 9
604431 11
604443 13
604454 16
605203 27
605302 22
605313 19
605315 9
605316 18
605321 16
605331 4
605340 19
605412 16
605413 22
605430 3
605476 16
605701 19
605711 16
605719 13
605742 19
606211 22
606243 22
606245 27
606264 19
606310 7
606341 13
606342 16
606344 7
606451 22
606452 19
610114 5
651210 27
651211 19
651212 13
651234 4
651306 10
651313 4
651314 7
651317 13
651319 16
651416 22
651425 19
701100 18
701181 17
701202 4
701235 22
701244 7
701283 24
701335 10
701408 22
701423 19
701496 13
702100 1
702101 2
702211 6
702312 3
702313 17
702317 18
702321 15
702331 22
702342 7
702354 9
702418 19
702443 16
702499 12
703103 15
703109 13
703202 22
703204 19
703243 16
703244 0
703309 22
703322 18
703324 13
703330 0
703331 7
703345 18
703351 8
703361 16
703413 13
703441 15
703499 19
705191 20
705211 19
705311 2
705328 27
705331 15
705332 7
705343 15
705431 9
705438 22
705440 21
705441 16
705442 14
705444 12
705447 22
705448 15
705499 13
751100 14
751101 22
751102 8
751106 7
751202 22
751209 8
751301 5
751302 14
751303 4
751305 10
751308 24
751309 15
751320 12
751326 19
751327 16
751330 16
751401 2
751403 9
751405 13
751408 6
751417 12
751418 22
751421 18
751422 13
751428 5
751440 4
751443 23
751701 16
751702 19
751703 22
751705 10
751706 19
751708 16
751716 7
751718 7
751719 4
751728 13
751734 22
751752 16
801100 20
801122 19
801134 7
801204 9
801233 0
801236 19
801241 10
801322 16
801334 13
801371 16
803122 10
803124 19
803131 27
803230 19
803232 10
803260 22
851100 6
851103 11
851104 3
851105 15
851201 9
851202 19
851204 19
851207 4
851241 7
851252 6
851253 3
851261 27
851263 0
851273 16
851305 11
851309 2
851345 4
851363 10
851366 21
851400 13
851404 17
851406 13
851407 25
851441 14
851462 4
851467 21
852100 3
951100 9
951231 4
951324 13
951344 13
951366 13
951421 16
951498-004 19
951498-007 13
951498-011 19
951498-015 19
951498-020 22
951498-021 7
953102 16
953111 17
953201 16
953202 27
953211 7
953214 15
953231 19
953232 13
953234 19
953323 15
953422 12
953494 13
954100 27
954140 13
954142 22
954143 16
954170 10
954240 15
954326 4
954340 16
954371 27
954374 19
954423 3
954462 10
954464 13
954472 16
954491-001 19
954491-002 22
954491-003 19
954498 7
955102 19
955104 27
