001101 2
001102 1
001112 25
001118 0
001201 25
001202 16
001210 13
001212 22
001218 10
001222 0
001223 4
001224 4
001225 4
001226 4
001227 4
001228 4
001229 0
001230 12
001231 13
001234 7
001250 16
001281 25
001291 16
001292 27
001310 19
001311 9
001312 7
001314 19
001315 9
001320 10
001321 25
001323 13
001330 19
001341 27
001342 16
001352 4
001355 0
001361 27
001362 4
001391 27
001410 16
001440 13
001445 7
001463 7
001472 13
002102 9
002111 27
002191 23
002202 10
002230 0
002260 27
002302 7
002321 4
002362 16
003102 16
003191 20
003202 27
003213 19
003261 7
003454 27
004465 26
004472 27
004474 13
004476 1
006103 6
006226 27
006241 13
006253 27
006307 19
006325 18
006443 27
006448 7
008314 7
008402 13
008411 13
009103 9
009213 7
009232 27
009254 0
009301 13
009327 13
009344 27
009355 10
009358 10
009363 27
011100 24
011101 9
011153 5
011154 25
011156 18
011157 3
011251 10
011257 17
011268 22
011269 2
011276 16
011277 8
011278 20
011358 0
011367 10
011457 27
012173 6
012200 9
012271 18
012272 13
012374 16
013103 13
013110 7
013203 3
013204 13
013206 0
013207 19
013208 7
013209 9
013216 10
013301 19
013303 10
013305 27
013314 16
013337 4
013413 10
013425 10
013431 13
013432 27
013433 26
014210 27
014211 19
014270 6
014310 18
014311 7
014370 19
014371 10
014390 27
014401 19
014410 10
014423 16
014471 25
014481 1
015101 20
015102 13
016101 25
017101 13
017102 16
017111 16
017201 13
017231 27
018104 19
018111 27
018112 12
018114 1
018126 7
018204 19
018271 16
018323 4
018332 27
018352 19
018372 10
019101 26
019104 13
019105 9
019106 15
019112 27
019204 10
019205 16
019206 13
019211 16
019212 0
019221 19
019222 18
019332 4
019351 10
019362 13
019371 3
019382 7
019441 27
020101 13
020102 7
020211 7
020212 10
020231 27
020232 27
020261 13
020341 13
021101 26
021102 13
021203 10
021204 13
021270 27
024752 27
025110 27
025381 10
025481 4
026101 8
026102 25
026111 26
026112 13
026201 16
050100 24
050103 16
050104 22
050106 18
050112 3
050113 3
051300 19
051302 16
051304 3
051306 16
051310 4
051313 27
052201 4
052203 19
052310 19
052323 10
052331 7
052351 19
052353 1
052355 13
052417 13
052422 7
052442 27
052449 13
052466 26
057121 23
057122 12
057123 12
057125 22
057126 6
057127 23
057128 23
057129 21
057130 3
057131 5
057132 26
057133 27
057134 7
057135 25
057136 12
057137 10
057138 9
057205 13
057213 23
057276 16
057283 19
057286 25
057287 16
057289 19
057290 27
057295 10
057297 4
057298 13
057301 3
057302 13
057305 22
057316 0
057366 16
057404 19
057407 1
057425 7
057428 26
059405 27
059419 22
061103 4
061106 18
061201 27
061205 27
061223 16
061306 7
061312 9
061313 10
061317 13
061401 16
061403 7
061430 13
062320 19
062341 27
062342 1
062343 1
062344 4
062345 19
062346 16
062360 4
062380 19
062411 16
062452 13
062460 4
062470 7
064202 10
064204 13
064207 13
064272 10
064273 7
064303 25
064410 4
064413 19
064417 16
064418 4
064422 19
064424 10
065120 25
065121 6
065211 27
065212 19
065311 16
065333 25
065420 19
065795 13
065797 27
065799 27
066222 13
066324 1
066412 13
066416 3
066426 13
067201 10
067203 27
067311 0
067371 4
067433 10
067435 13
067436 16
067491 13
067492 27
070100 13
070200 27
070301 13
070303 10
070304 19
070305 27
070308 13
070400 10
070403 19
070404 7
070410 13
070411 7
070413 26
070414 18
070415 27
070416 4
070711 13
070726 13
070740 27
070741 27
070792 27
071412 13
071413 19
071414 27
071415 22
071417 27
074100 16
074101 22
074201 21
076312 19
076314 4
076414 4
076426 13
076427 10
076428 18
076429 27
076444 4
076466 7
078444 20
078454 19
079444 10
099101 18
099102 15
100104 7
100105 4
100106 12
100107 12
100108 25
100205 21
100206 21
100207 3
100208 0
100209 1
100211 21
100306 10
100307 4
100308 9
100309 6
100310 27
100501 10
101201 13
101202 10
101205 27
101325 3
101490 4
103112 27
103271 14
104100 7
104302 4
104310 13
104320 10
104327 13
104334 27
104450 4
104490 27
109100 9
109114 19
112101 19
112105 4
112106 13
112109 7
112202 27
112205 13
112321 7
112322 10
112406 27
112424 13
115200 27
115300 7
115301 10
116301 19
126101 26
126102 27
126212 9
126213 3
126214 25
126325 6
126326 13
126328 4
126331 10
126332 19
126431 27
126436 16
126442 10
127100 10
127101 7
127202 15
127204 7
127205 27
127303 27
127313 1
127330 7
127359 16
127411 19
127412 10
127414 13
127716 7
127720 13
127721 27
127726 22
128100 20
128101 10
128201 3
128304 25
128305 27
128306 4
128308 7
128310 27
128351 10
128355 10
128423 4
128427 7
128434 13
128443 16
128700 22
128727 7
128734 13
128751 27
140104 4
152211 27
152301 13
152331 22
154104 6
154141 9
154152 13
154153 7
154173 19
154181 18
154251 27
154276 13
154281 1
154301 27
154330 27
154340 7
154363 10
154385 10
154431 19
154457 10
154481 4
159100 9
159101 20
159102 13
159151 10
159202 18
159204 0
159231 7
159331 7
159332 13
159401 13
159411 19
159412 27
159431 27
159434 16
160242 19
164261 27
168335 27
176100 11
176101 27
176104 10
177104 4
177113 27
177114 16
177141 13
177142 6
177181 9
177215 7
177217 25
177227 0
177228 16
177229 10
177300 27
177321 13
177332 10
177335 1
177341 10
177362 3
177443 10
177460 7
177463 7
177471 13
177472 16
177483 27
177491 4
179443 27
201100 17
201110 18
201114 19
201116 14
201117 10
202100 13
202101 19
202102 19
202147 16
202231 16
202302 27
202303 4
202305 19
202356 16
202362 16
202371 7
202405 10
202421 27
202446 16
202471 7
202475 13
202476 7
202484 13
202701 27
202731 27
202736 13
202744 27
202749 27
202775 7
202776 13
202803 13
202833 27
202849 27
203100 26
203104 26
203108 27
203111 8
203113 22
203114 3
203131 19
203132 13
203151 3
203152 18
203154 9
203158 3
203159 27
203162 24
203202 0
203203 5
203204 25
203206 13
203207 6
203208 6
203209 9
203211 27
203222 13
203223 6
203226 16
203232 25
203236 0
203250 19
203287 7
203316 13
203351 7
203459 7
203715 13
203719 16
203721 13
203725 10
203726 10
203734 10
203735 16
203749 10
203752 16
203754 27
203775 16
203812 13
203825 16
203829 27
203833 27
203879 13
204100 16
204101 0
204113 19
204202 18
204211 18
204217 10
204232 1
204251 19
204306 1
204315 9
204333 19
204355 27
204362 10
204382 27
204422 16
204423 0
204424 27
204441 27
204443 4
204452 13
204482 13
204483 16
204490 7
204725 22
204728 27
204755 13
204792 7
204891 27
205100 24
205103 13
205105 18
205216 0
205232 27
205244 1
205252 13
205282 27
205324 13
205344 7
205358 16
205382 10
205731 7
205742 13
205796 27
206100 22
206101 26
206103 14
206104 7
206111 27
206112 15
206113 13
206161 22
206162 7
206171 26
206172 10
206181 16
206182 3
206191 27
206211 0
206216 27
206217 6
206253 10
206255 13
206261 2
206266 13
206267 25
206281 6
206313 7
206321 13
206324 27
206325 9
206327 19
206331 16
206336 1
206341 26
206342 7
206355 13
206362 10
206364 15
206367 19
206368 9
206370 7
206421 4
206427 16
206428 13
206435 10
206437 27
206476 10
206481 4
206703 7
206722 22
206724 7
206725 13
206731 27
206737 13
206774 27
207100 19
207104 13
207105 13
207106 13
207108 3
207109 17
207110 7
207116 16
207117 13
207118 16
207125 6
207137 27
207162 16
207172 13
207181 0
207187 4
207188 18
207191 27
207195 10
207214 16
207302 10
207305 0
207306 3
207312 18
207402 27
207448 7
207704 22
207706 7
207708 13
207712 27
207766 27
207794 27
208101 21
208140 4
208141 27
208150 27
208263 27
208264 25
208271 18
208272 0
208322 19
208345 7
208346 13
208353 16
208362 1
208373 27
208384 13
208423 4
208444 13
208446 10
208460 27
208738 7
208772 13
208774 27
209203 16
209204 25
209252 0
209253 26
209262 3
209263 9
209270 0
209271 18
209272 1
209352 4
209370 7
209376 16
209382 10
209456 7
209466 10
210200 7
210207 13
210221 10
210251 18
210276 16
210315 7
210331 27
210355 16
210432 19
210448 4
210463 13
210702 13
210705 27
210743 16
210745 16
210748 10
210789 10
211100 5
211315 12
211319 24
211341 13
211342 1
211444 27
211709 13
211889 27
213708 27
213717 7
213718 22
213763 13
214100 10
214301 25
214310 16
214340 9
214341 19
214352 27
214412 10
214491 13
215205 1
215206 0
215207 4
215208 7
215303 27
215312 9
215313 18
215401 27
215482 4
215711 13
215741 7
215742 13
215743 27
215781 27
215783 13
217705 7
217708 13
217752 27
217773 27
218100 15
218234 19
218236 7
218244 13
218262 27
218352 16
218362 10
218372 13
218382 27
226703 7
226709 27
226710 13
226789 27
229123 25
229223 13
251100 27
251211 3
251213 19
251216 13
251242 0
251261 9
251292 6
251312 4
251333 7
251334 4
251342 27
251361 7
251363 1
251371 19
251372 16
251399 10
251411 10
251434 16
251436 13
251452 4
251455 10
251456 27
251461 13
251477 27
251704 7
251707 27
251723 13
251724 27
251746 27
251748 13
251754 22
251760 27
251763 7
251765 13
251773 22
251781 7
252210 27
252212 0
252222 18
252235 21
252282 18
252283 1
252285 24
252311 13
252320 13
252331 25
252353 10
252402 13
252403 7
252404 10
252413 27
252420 16
252423 19
252427 27
252428 19
252429 16
252435 1
252440 27
252459 27
252460 13
252479 13
252489 13
252706 22
252714 13
252727 7
252755 10
252774 27
252781 13
252785 27
252789 27
252792 22
253215 0
253433 16
253441 13
253443 13
253451 7
253452 16
253454 27
253716 10
253721 13
253722 22
253725 22
253734 13
253747 27
253749 16
253752 10
253754 7
253791 7
254182 27
254200 16
254205 3
254206 27
254211 22
254215 18
254216 22
254222 7
254231 13
254232 0
254271 26
254282 10
254325 13
254334 27
254352 3
254362 18
254371 15
254373 9
254400 4
254411 16
254412 27
254415 16
254421 4
254423 10
254424 4
254435 7
254445 16
254451 13
254452 25
254453 27
254466 1
254476 13
254477 27
254478 10
254495 13
254701 27
254721 10
254733 10
254737 16
254771 13
254803 10
254817 13
254857 13
255210 0
255230 27
255301 13
255316 16
255323 27
255328 25
255337 4
255340 18
255422 27
255425 10
255427 16
255432 10
255437 13
255440 10
255447 13
255455 27
255497 27
255714 7
255735 13
255750 22
255766 27
255769 10
255772 27
255779 10
255783 22
256100 6
256271 13
256317 27
256318 16
256334 10
256382 13
256383 19
256462 4
259103 5
259104 25
259106 27
259107 22
259108 6
259193 9
259195 1
259200 13
259201 20
259203 19
259401 7
260704 27
260708 4
260712 16
260719 13
260791 10
261102 26
261111 6
261112 12
261113 9
261205 27
261207 3
261208 1
261214 0
261215 13
261218 19
261305 13
261306 10
261332 27
261342 27
261343 13
261361 27
261430 10
261433 10
261444 27
261446 16
261447 19
261448 7
261449 27
261465 27
261473 1
261494 25
261497 16
261499 10
261742 27
261745 27
261755 27
261763 13
261764 22
261793 7
261795 7
261796 13
263710 13
263721 22
263724 10
263745 10
263751 7
264702 22
264705 7
264755 13
264789 27
265706 7
265709 13
265710 27
266703 13
266801 27
268732 7
268735 27
268741 13
268742 22
269103 13
269105 19
269130 16
269210 1
269341 27
269360 1
269370 7
269421 13
269431 27
269497 4
270701 13
270702 27
305203 7
318322 27
329104 15
330112 0
351100 19
351201 16
351364 7
351371 13
351426 16
352103 19
352311 19
352314 1
352315 7
352331 10
352332 13
352401 16
352412 19
352413 27
352421 4
352422 21
352433 10
352441 7
353313 27
353431 13
353441 10
353471 16
355411 13
356100 23
356101 12
356102 19
356210 10
356261 13
356311 27
356331 16
356431 7
356432 4
356441 10
356442 13
356443 27
356449 27
356455 27
356472 10
356475 27
357101 17
357110 26
357210 18
357323 10
357360 13
357418 27
357442 16
357444 4
359202 21
359205 13
359401 10
359408 27
359431 27
359455 27
360100 12
360210 9
361210 13
361321 16
361322 7
361341 10
361421 16
361433 4
361452 13
361461 4
361475 7
362211 11
363210 4
365425 16
368211 27
368317 13
400110 15
400210 27
401281 4
401383 4
401391 22
403281 16
403383 0
406284 10
406294 27
406386 10
406396 7
408382 26
410381 19
413383 15
413391 9
415393 1
420282 7
421282 22
421292 18
421386 13
421396 16
422381 25
428281 13
428282 19
428381 3
428383 27
461170 18
461471 0
461472 13
461511 16
461521 7
461526 27
461551 10
461566 22
461584 27
462130 23
462412 7
462413 13
462414 10
462503 22
462587 27
462588 13
463201 1
463252 27
463331 13
463332 27
463342 7
463354 10
463506 13
463512 4
463513 16
463543 27
463544 16
463557 10
463559 13
463571 27
463592 19
464302 4
464312 1
464402 7
464403 4
464414 25
464442 1
464443 3
464445 13
464446 10
501201 25
501202 7
501305 6
501306 16
502313 22
502314 7
504202 16
504305 10
506202 18
508304 16
510306 13
512304 27
513113 7
513115 13
513212 13
513216 27
513217 1
513225 16
513284 19
513331 13
513343 7
513364 27
513373 16
513390 10
513446 27
514202 18
514206 19
514222 10
514244 13
514272 1
514322 16
514352 4
514358 7
514382 27
514384 13
515204 25
515205 19
515256 13
515257 7
515337 7
515362 13
515380 27
552216 19
552217 13
552232 6
554413 10
555312 22
557432 7
558101 13
558313 13
558441 27
562101 21
562211 7
601201 26
601202 3
601231 13
601242 19
601342 16
601346 10
601361 13
601423 4
601425 7
601454 4
601455 27
601724 27
601745 13
601775 27
602100 8
602102 8
602103 15
602111 10
602120 25
602121 3
602122 13
602301 27
602314 10
602421 27
602453 19
602454 10
602455 7
602461 16
602471 10
602722 7
602741 27
602751 13
603200 18
603231 10
603321 7
603396 27
603496 27
603725 7
603743 13
603751 27
604101 19
604211 0
604311 27
604314 16
604315 19
604411 4
604415 13
604423 7
604431 13
604455 27
605203 13
605302 16
605313 13
605315 10
605316 10
605331 13
605430 27
605701 13
605711 7
605719 27
605742 13
606211 27
606243 0
606245 7
606264 13
606310 10
606451 16
606452 27
610114 19
651211 7
651212 19
651231 13
651234 27
651313 16
651314 10
651317 27
651319 22
651416 7
651425 13
701100 3
701101 0
701181 10
701183 0
701202 27
701235 25
701243 16
701244 1
701283 21
701295 10
701310 10
701335 16
701341 4
701408 13
701423 27
702100 19
702101 11
702211 27
702213 21
702312 13
702317 7
702321 4
702331 10
702342 27
702354 13
702418 7
703103 11
703202 10
703204 24
703243 13
703244 2
703309 10
703311 27
703322 16
703324 19
703330 10
703331 10
703345 7
703351 16
703361 4
703413 13
703441 27
703499 27
705191 21
705211 13
705311 26
705328 9
705331 7
705332 6
705343 13
705351 9
705431 16
705438 4
705440 16
705441 25
705444 27
705446 19
705448 16
705492 16
705499 1
751100 10
751101 14
751102 0
751106 10
751202 15
751209 27
751301 26
751302 20
751303 27
751304 13
751305 4
751308 9
751309 6
751321 13
751326 27
751330 18
751345 27
751401 13
751403 10
751405 19
751408 7
751413 16
751418 27
751419 13
751421 10
751428 16
751440 26
751443 19
751701 22
751702 7
751703 27
751705 13
751706 7
751708 13
751710 27
751712 27
751716 22
751724 22
751728 6
751732 7
751734 16
751744 10
751745 10
751751 27
751752 10
801100 12
801122 13
801134 7
801201 13
801204 13
801233 19
801236 27
801241 4
801322 27
801371 19
803122 10
803124 19
803131 13
803230 10
803232 27
851100 17
851103 14
851104 26
851105 21
851200 27
851201 18
851202 22
851204 27
851205 15
851241 13
851261 25
851273 1
851305 10
851306 13
851309 16
851310 7
851341 10
851342 7
851344 4
851350 27
851363 21
851366 7
851371 9
851375 25
851400 3
851401 19
851404 10
851443 7
851445 1
851450 4
851467 10
951100 15
951106 9
951124 27
951202 13
951231 16
951321 27
951366 27
951421 10
951497 13
951498 27
953102 27
953104 16
953111 5
953201 27
953202 7
953214 19
953231 18
953232 7
953234 10
953323 10
953494 13
953495 16
954140 25
954141 10
954142 27
954240 4
954244 13
954310 6
954326 27
954340 19
954364 4
954371 13
954372 7
954373 10
954413 4
954420 10
954422 16
954423 13
954443 7
954472 27
954498 16
