001101 16
001102 4
001111 12
001113 15
001201 1
001202 6
001210 4
001212 1
001218 4
001230 15
001231 19
001250 27
001291 10
001293 27
001310 4
001311 2
001312 7
001318 12
001320 9
001321 22
001323 6
001330 4
001342 13
001353 3
001354 0
001362 13
001381 21
001410 22
001423 19
001425 19
001443 10
001444 15
001445 19
001447 27
001461 27
002101 13
002110 27
002191 9
002192 7
002201 3
002211 27
002221 15
002250 19
002301 22
002333 13
002351 15
002361 19
002365 9
002401 4
002473 27
003101 6
003191 7
003201 10
003313 19
003320 25
003331 0
003367 22
004241 19
004282 0
004301 16
004303 7
004324 18
004432 10
004473 16
004475 26
004483 13
006103 9
006126 7
006206 9
006226 15
006242 10
006253 18
006303 9
006325 0
006326 4
006330 10
006344 22
006346 7
006355 19
006425 15
006426 10
006428 9
006443 13
006448 10
006454 22
008214 27
008303 19
008314 27
008411 4
008417 4
009103 21
009105 4
009212 27
009230 21
009231 19
009326 22
009328 9
009426 19
009431 27
009445 27
011100 19
011151 27
011152 13
011153 26
011251 12
011257 3
011259 10
011269 9
011276 18
011353 6
011356 16
011358 13
011362 9
011374 10
011461 22
011464 10
011479 27
012100 10
012173 11
012200 6
012273 13
012371 10
012475 22
013103 0
013110 10
013203 7
013204 18
013206 21
013209 10
013301 3
013302 24
013303 27
013305 24
013306 27
013307 18
013317 10
013321 16
013326 19
013329 27
013330 22
013335 27
013337 22
013413 27
013427 22
013433 4
014210 10
014211 4
014270 9
014310 18
014311 13
014322 24
014323 3
014324 27
014370 21
014371 22
014381 16
014382 27
014401 25
014471 9
014481 22
014485 19
015101 27
016101 6
017101 10
017102 27
017111 13
017112 19
017210 4
018103 22
018111 13
018113 10
018125 19
018203 13
018211 19
018213 10
018231 27
018235 22
018271 6
018301 22
018335 13
018351 6
018353 15
018433 27
018435 19
018438 4
018467 22
019101 24
019103 4
019105 14
019106 19
019108 27
019111 10
019203 19
019205 27
019206 19
019208 16
019211 26
019221 9
019303 22
019311 4
019331 13
019361 0
019371 10
019373 10
019381 15
019411 15
019442 13
019471 19
019473 22
020101 12
020102 4
020211 10
020212 27
020231 3
020311 15
020321 10
020333 22
020341 13
020362 25
020363 4
021101 12
021102 27
021203 27
021270 9
025108 27
025110 27
025310 27
025480 27
026101 7
026102 7
026111 27
026112 4
026201 10
026271 27
029701 19
029711 27
050100 19
050103 11
050104 20
050106 3
050111 26
051302 27
051304 11
051306 26
051313 10
051412 27
051418 4
052201 13
052202 26
052314 22
052350 10
052352 16
052357 19
052400 22
052419 19
052443 16
052445 27
052447 10
052725 19
055701 27
055706 13
055707 22
055771 13
055797 19
057121 24
057122 25
057123 8
057125 6
057126 5
057127 22
057128 25
057129 25
057130 3
057131 9
057132 13
057133 6
057134 10
057135 7
057137 4
057138 13
057139 6
057140 1
057201 0
057205 27
057215 13
057274 9
057279 6
057283 7
057284 10
057285 22
057288 19
057293 6
057294 27
057300 16
057302 19
057305 25
057351 10
057366 27
057403 25
057405 0
057410 16
057411 27
057420 4
057425 13
057426 10
057428 9
059419 7
061106 10
061201 27
061223 19
061306 16
061307 9
061312 22
061313 19
061317 25
061401 22
061403 4
061404 16
062342 7
062343 10
062344 16
062345 22
062346 13
062360 16
062380 19
062411 7
062452 16
062460 4
062470 7
063703 19
063813 27
064207 22
064231 27
064251 27
064281 16
064291 10
064301 10
064303 22
064410 6
064412 19
064417 10
064418 27
064424 9
064474 16
065210 27
065212 3
065310 1
065320 13
065332 16
065421 4
065434 16
065435 4
065436 27
065437 1
065797 27
065799 27
066221 9
066323 0
066410 19
066414 27
066425 16
066755 19
067202 22
067303 0
067311 27
067372 7
067373 4
067432 21
070301 10
070303 4
070304 13
070305 27
070308 19
070400 27
070401 27
070403 4
070404 22
070410 16
070411 4
070415 10
070416 19
070720 13
070721 22
070726 19
070727 19
070731 27
070792 27
071412 22
071413 27
071414 4
071420 19
071422 10
071423 16
071425 6
071712 22
071811 19
074100 6
074101 22
074414 4
076314 13
076414 9
076425 19
076427 9
076428 6
076429 4
076444 9
076466 13
078444 7
078454 6
079444 25
088708 27
091800 27
099101 10
099102 13
100102 10
100103 27
100104 22
100105 19
100109 13
100110 7
100111 4
100112 4
100206 27
100207 4
100208 14
100209 19
100210 25
100211 22
100212 12
100213 21
100218 4
100219 4
100220 13
100225 4
100226 19
100281 7
100306 21
100307 26
100308 12
100309 10
100310 5
100501 18
101100 6
101105 27
101201 3
101211 7
101400 26
101405 6
103112 22
103191 19
103271 13
104200 13
104201 10
104300 7
104301 0
104340 27
104410 16
104424 19
104495 27
105304 27
109100 7
109115 18
112101 27
112102 4
112103 27
112108 19
112201 4
112203 22
112213 13
112300 16
112411 27
112412 19
115200 27
115301 13
115302 19
116400 27
126101 22
126216 0
126321 21
126330 18
126333 10
126334 22
126428 8
126432 6
126443 19
127100 10
127101 24
127203 27
127204 21
127207 0
127303 25
127312 24
127314 22
127315 27
127316 0
127329 13
127337 18
127711 13
127717 22
127718 19
127719 27
128100 17
128101 13
128202 16
128203 22
128204 25
128307 24
128309 9
128334 6
128352 21
128354 4
128403 22
128701 13
128710 22
128730 19
128740 27
128762 27
140101 16
140102 19
140105 4
152321 27
154104 10
154141 4
154151 8
154231 19
154262 27
154281 15
154311 13
154330 4
154340 16
154351 27
154353 10
154363 27
154375 22
154377 10
154388 16
154433 19
154443 19
154488 22
159100 0
159101 9
159151 22
159203 26
159221 13
159302 7
159303 4
159305 19
159332 27
159356 19
159362 22
159403 10
159411 27
159412 19
159431 10
160341 6
164200 9
164341 16
168101 16
168410 19
176100 27
176101 6
176104 10
176220 6
177103 3
177214 16
177215 6
177216 3
177217 13
177242 27
177281 19
177283 1
177285 26
177321 1
177330 19
177336 4
177341 6
177361 10
177393 22
177404 3
177414 27
177427 19
177430 16
177434 7
177446 0
177447 7
177450 27
177465 27
177467 4
177481 1
177494 19
179403 16
201100 14
201110 12
201114 22
201115 21
201116 7
202100 25
202101 0
202141 21
202143 4
202145 10
202184 26
202231 23
202260 27
202310 27
202311 27
202332 19
202334 27
202342 16
202361 9
202371 7
202410 19
202434 4
202438 19
202443 22
202473 10
202474 4
202477 19
202495 16
202737 19
202765 19
202773 22
202776 27
202783 4
202833 27
202844 22
202848 27
203100 27
203103 22
203111 14
203116 24
203151 6
203162 25
203201 18
203203 14
203204 7
203206 15
203207 18
203208 15
203209 12
203222 16
203226 3
203231 22
203235 20
203236 27
203255 4
203300 6
203303 6
203315 16
203323 12
203324 27
203331 4
203332 26
203333 4
203351 13
203352 24
203475 4
203705 19
203709 4
203713 22
203714 4
203716 19
203723 4
203732 19
203736 22
203739 4
203743 4
203753 22
203803 13
203807 22
203821 22
203828 19
203879 27
204100 27
204101 26
204111 22
204202 12
204211 21
204216 19
204217 27
204231 16
204321 24
204325 19
204335 7
204341 4
204361 3
204363 27
204365 10
204381 4
204383 1
204432 21
204442 4
204451 26
204453 19
204471 22
204721 22
204725 27
204735 19
204764 27
204891 27
205100 25
205103 12
205104 9
205105 9
205235 16
205239 19
205275 3
205303 0
205337 16
205355 4
205393 19
205441 19
205461 27
205765 13
205805 27
206100 23
206101 21
206103 24
206107 26
206108 18
206111 26
206113 19
206161 20
206171 2
206181 27
206191 22
206203 16
206207 9
206211 22
206216 10
206217 12
206254 6
206261 14
206267 19
206281 26
206300 27
206321 18
206324 22
206325 9
206327 19
206328 3
206331 4
206335 4
206336 6
206341 19
206355 7
206362 6
206370 22
206381 22
206412 19
206432 22
206436 16
206437 27
206441 21
206457 22
206470 16
206705 19
206707 22
206713 27
206717 19
206720 19
206726 22
206738 19
206739 27
206743 19
206753 19
206785 27
207100 18
207103 10
207105 3
207106 22
207107 27
207109 18
207110 21
207115 14
207117 9
207123 18
207131 12
207135 22
207171 4
207173 6
207183 22
207187 27
207203 27
207205 27
207208 4
207213 3
207308 7
207310 25
207313 26
207323 22
207348 7
207401 0
207403 22
207406 22
207419 13
207422 19
207455 19
207458 27
207463 27
207701 13
207703 22
207705 19
207711 27
207808 27
208101 23
208140 27
208150 10
208263 17
208270 21
208271 17
208280 10
208321 18
208329 26
208343 19
208348 9
208383 19
208425 21
208439 4
208440 4
208469 19
208711 13
208760 22
208761 19
208770 27
208871 19
208872 27
209201 25
209251 16
209301 7
209302 10
209303 22
209331 1
209351 16
209358 13
209361 1
209368 19
209375 19
209451 13
209453 22
209461 19
209463 27
209483 19
209485 27
209705 13
209707 22
209771 4
209773 7
209779 27
209785 19
210201 6
210202 12
210204 22
210343 10
210351 27
210383 13
210425 19
210433 22
210434 7
210445 4
210485 27
210703 13
210704 22
210705 19
210707 27
210731 27
211100 20
211311 22
211315 8
211319 21
211440 19
211443 27
211702 27
211889 19
212701 13
212703 19
212711 27
212741 22
213706 27
213707 19
213711 27
213714 22
214100 1
214261 4
214312 19
214341 16
214381 27
214401 10
214411 19
214414 4
214415 6
214430 22
214445 4
215205 3
215206 20
215207 10
215208 27
215302 7
215381 22
215411 16
215431 4
215734 4
215744 22
215752 27
215762 4
215782 4
215785 19
216781 4
217701 22
217703 19
217707 27
217726 19
217775 27
217781 27
218100 9
218101 16
218233 13
218235 7
218321 0
218323 22
218351 4
218471 7
218474 22
218475 19
219720 27
219731 22
220703 27
226701 27
226702 27
226709 27
226710 19
229123 27
229323 10
251211 20
251213 18
251216 19
251261 27
251281 23
251312 3
251313 13
251333 13
251361 22
251363 27
251371 16
251372 0
251374 19
251384 16
251411 19
251437 13
251438 7
251439 4
251461 16
251475 27
251479 27
251701 13
251702 22
251703 27
251711 13
251714 22
251715 4
251717 19
251718 13
251745 4
251751 22
251752 4
251757 19
251758 13
251776 13
251783 22
251785 4
251790 27
252201 7
252211 21
252232 24
252282 10
252283 27
252285 0
252286 24
252301 0
252302 10
252317 18
252320 22
252322 23
252325 16
252327 22
252330 8
252342 6
252363 13
252420 1
252421 13
252425 4
252427 19
252439 4
252444 27
252450 16
252460 7
252498 27
252702 13
252708 13
252711 19
252719 13
252724 19
252725 22
252752 22
252785 22
252789 10
252791 27
253303 27
253314 15
253315 24
253432 22
253455 7
253456 19
253481 16
253701 22
253717 19
253722 27
253732 13
253734 19
253736 10
253747 22
253748 10
253752 27
253754 13
254181 27
254205 27
254206 16
254211 24
254215 10
254216 12
254222 13
254231 19
254232 19
254252 9
254282 6
254302 18
254325 22
254333 11
254372 0
254373 10
254421 4
254426 10
254436 3
254439 7
254441 1
254451 16
254456 19
254457 27
254459 13
254461 10
254471 9
254473 19
254494 1
254496 4
254700 19
254702 10
254703 27
254710 22
254734 27
254770 10
254804 13
254872 22
254875 13
255201 22
255215 18
255251 19
255290 3
255300 23
255320 15
255321 11
255330 0
255359 21
255415 4
255417 27
255420 10
255422 19
255424 27
255431 4
255432 7
255434 22
255438 22
255449 10
255454 19
255455 27
255460 22
255462 27
255471 27
255492 19
255722 22
255734 19
255750 10
255752 13
255758 27
255764 27
255766 13
255770 19
255771 22
255772-001 13
255772-801 19
255772-803 13
255772-804 27
256100 9
256212 26
256271 27
256281 13
256316 4
256333 22
256373 19
256384 16
256412 7
256418 27
256441 10
256457 19
256462 27
256473 19
256700 19
256751 27
259103 6
259104 1
259106 9
259107 16
259108 4
259109 12
259201 18
259203 9
260312 27
260701 4
260705 19
260709 27
260716 10
260718 22
260772 13
261103 25
261111 18
261200 6
261210 16
261212 25
261216 27
261217 10
261304 16
261305 26
261335 8
261336 0
261342 24
261343 12
261361 9
261405 6
261434 22
261447 4
261456 19
261457 27
261458 7
261469 27
261473 22
261497 27
261701 13
261702 22
261706 19
261739 27
261746 22
261754 27
261769 27
261781 27
261791 19
261792 27
263701 22
263702 19
263720 13
263760 27
263771 13
264701 13
264706 22
264710 19
264741 4
264789 19
264791 27
266702 27
268721 27
269101 22
269102 27
269111 4
269200 10
269201 27
269202 4
269340 21
269430 27
269462 19
269470 16
269494 19
270701 19
270702 27
270711 22
270712 19
270791 22
301254 15
305202 13
311352 6
318322 27
318351 16
320351 27
321251 27
324703 27
328310 19
328313 7
330110 11
330111 1
351100 25
351200 22
351201 22
351202 21
351301 19
351302 13
351321 27
351331 9
351410 4
351425 27
351441 19
351442 4
351451 22
351463 16
351466 10
352103 7
352301 3
352311 27
352321 25
352323 13
352421 19
352422 6
352431 21
353301 13
353311 3
353421 22
353431 27
353451 9
353452 27
354311 6
356100 5
356101 8
356102 7
356202 4
356210 0
356212 16
356261 19
356303 7
356304 16
356312 4
356361 10
356411 6
356416 4
356432 10
356477 22
357110 26
357210 4
357322 10
357325 4
357360 19
357417 16
357441 13
357491 22
359202 26
359203 27
359204 16
359206 10
359301 4
359311 19
359380 27
359405 16
359409 10
359410 6
359413 27
359421 13
359465 22
360100 9
360210 27
360301 16
360304 19
360402 27
360403 27
360423 4
360460 1
361210 10
361211 10
361301 19
361321 22
361351 27
361453 27
361471 27
362211 7
363210 1
365201 16
365211 13
365321 22
365421 10
365427 19
365428 4
365431 19
368200 16
368317 22
368431 0
400110 26
400211 0
401382 4
403382 19
406385 13
406395 22
409281 1
409292 7
411281 10
411291 13
415291 22
420281 4
421281 16
421291 19
421385 1
421395 0
423382 10
428382 7
461100 7
461170 13
461471 13
461511 4
461523 16
461526 27
461527 1
461529 27
462130 19
462151 1
462505 16
462523 19
462541 1
462586 27
462587 1
462588 19
463251 4
463311 27
463331 4
463341 7
463353 16
463402 16
463433 22
463455 4
463491 7
463503 4
463504 7
463545 16
463556 22
463558 22
464301 10
464311 19
464341 22
464401 19
464413 10
464441 27
464443 7
464444 13
464445 1
464501 16
464502 19
464503 4
464508 27
464509 27
464510 27
464541 19
464542 10
464546 27
464549 13
501301 27
501302 4
502211 4
504302 22
506303 10
506361 10
508203 16
508303 19
510201 26
510202 18
510411 22
510414 19
510415 10
510417 13
512303 13
513111 26
513114 6
513223 22
513224 4
513283 19
513315 27
513324 13
513328 16
513363 4
513371 22
513412 10
513429 13
513445 22
513451 19
513471 27
514211 4
514241 19
514317 7
514323 13
514335 19
514341 22
514343 27
514381 16
514383 1
514395 10
514397 4
514466 27
515201 4
515250 16
515307 22
515312 7
515334 13
515361 16
515364 4
515376 19
515403 22
515455 19
515490 27
551311 16
552216 27
552217 19
552222 27
553312 22
554314 19
555313 19
556311 27
558431 27
561312 27
562211 27
571115 21
601201 10
601302 26
601321 27
601341 13
601344 4
601351 9
601422 16
601452 19
601456 0
601462 19
601702 13
601731 22
601742 27
601758 27
601765 13
601767 19
602100 27
602102 25
602103 10
602111 27
602211 7
602315 10
602321 16
602322 0
602431 16
602432 19
602441 22
602464 27
602731 27
602753 19
602761 19
603211 0
603322 22
603332 19
603352 16
603371 4
603421 27
603441 27
603711 22
603723 19
603731 27
604304 3
604305 9
604312 27
604313 10
604351 4
604352 0
604412 13
604414 4
604416 19
604422 27
604451 22
604715 19
605201 10
605204 7
605301 16
605313 26
605314 21
605321 4
605322 22
605341 1
605412 13
605432 22
605444 16
605445 4
605461 27
605701 19
605702 27
605717 27
605741 22
605745 19
605751 19
606231 4
606242 0
606244 16
606263 10
606343 4
606362 16
606363 10
610114 20
651105 7
651109 27
651120 1
651210 19
651311 4
651312 19
651315 27
651316 16
701101 27
701181 6
701182 19
701183 15
701201 27
701211 13
701281 0
701295 19
701313 13
701321 3
701331 16
701341 10
701342 0
701344 27
701407 16
701425 27
701455 4
701494 19
702100 7
702101 9
702205 19
702211 25
702213 7
702312 18
702316 27
702317 10
702318 10
702341 18
702351 13
702411 22
702416 16
702431 19
703103 11
703202 14
703243 19
703244 22
703305 3
703308 12
703309 16
703310 4
703311 9
703322 16
703323 27
703324 22
703330 27
703331 27
703391 3
703404 19
703412 4
703447 22
703454 27
703498 10
705191 4
705211 11
705311 16
705328 19
705329 3
705331 10
705342 3
705351 24
705437 7
705438 6
705440 19
705441 3
705442 26
705444 27
705446 22
705447 10
705461 19
705493 16
751100 13
751101 3
751102 26
751106 18
751202 10
751209 23
751301 16
751302 13
751303 7
751305 8
751308 3
751309 0
751321 27
751326 19
751327 9
751330 18
751345 6
751401 22
751403 16
751405 10
751408 16
751417 10
751419 27
751425 16
751428 9
751441 27
751443 13
751447 27
751451 6
751701 13
751702 22
751703 10
751704 19
751705 3
751706 13
751708 22
751710 10
751712 27
751716 19
751718 4
751726 27
751734 3
751742 19
751743 10
801100 18
801201 27
801225 16
801235 7
801324 10
801331 16
801333 19
801334 27
801336 4
801421 0
801471 25
801481 22
803121 19
803123 27
803231 10
803331 19
851100 6
851104 27
851105 10
851108 22
851200 6
851201 4
851202 8
851204 6
851205 26
851243 9
851251 27
851262 26
851273 15
851305 10
851309 13
851313 12
851343 12
851344 22
851345 27
851360 24
851362 16
851367 12
851372 18
851375 25
851400 21
851404 1
851406 9
851407 16
851462 24
852101 4
852102 19
852103 27
951100 8
951102 27
951106 19
951125 0
951203 16
951302 0
951323 4
951331 16
951344 4
951348 16
951352 27
951497-020 19
951497-021 10
953103 22
953111 26
953211 4
953212 27
953233 10
953261 7
953321 22
953322 16
953331 19
953361 22
953421 19
953494 7
954100 19
954140 27
954143 19
954170 12
954246 6
954326 27
954370 3
954374 6
954410 27
954413 15
954416 26
954426 10
954443 13
954449 19
954462 4
954471 16
954477 13
954491 22
954498 27
955102 4
955103 12
955104 22
958111 4
