001101 2
001102 1
001112 19
001118 12
001201 1
001202 6
001210 19
001212 18
001218 9
001222 26
001223 2
001224 1
001225 12
001226 2
001227 23
001228 1
001229 15
001230 16
001231 10
001234 7
001250 15
001281 17
001291 26
001292 7
001310 19
001311 20
001312 7
001314 19
001315 26
001320 7
001321 4
001323 10
001330 15
001341 27
001342 25
001352 8
001355 15
001361 16
001362 4
001391 4
001410 25
001440 4
001445 27
001463 27
001472 10
002102 13
002111 16
002191 22
002202 3
002230 6
002260 4
002302 7
002321 16
002362 4
003102 4
003191 9
003202 25
003213 22
003261 16
003454 10
004465 15
004472 6
004474 27
004476 4
006103 7
006226 13
006241 27
006253 27
006307 7
006325 16
006443 27
006448 27
008314 10
008402 27
008411 27
009103 27
009213 16
009232 4
009254 3
009301 27
009327 27
009344 27
009355 16
009358 10
009363 4
011100 9
011101 27
011153 16
011154 26
011156 5
011157 27
011251 10
011257 9
011268 3
011269 15
011276 21
011277 7
011278 4
011358 22
011367 16
011457 10
012173 15
012200 22
012271 27
012272 10
012374 27
013103 24
013110 7
013203 15
013204 10
013206 0
013207 13
013208 21
013209 18
013216 13
013301 27
013303 4
013305 22
013314 16
013337 16
013413 4
013425 27
013431 10
013432 27
013433 17
014210 4
014211 13
014270 27
014310 15
014311 7
014370 4
014371 4
014390 7
014401 4
014410 27
014423 25
014471 16
014481 3
015101 9
015102 10
016101 27
017101 4
017102 16
017111 27
017201 13
017231 27
018104 13
018111 27
018112 10
018114 18
018126 7
018204 22
018271 16
018323 6
018332 4
018352 22
018372 15
019101 21
019104 4
019105 27
019106 26
019112 13
019204 4
019205 22
019206 27
019211 10
019212 27
019221 22
019222 21
019332 7
019351 16
019362 4
019371 7
019382 27
019441 10
020101 10
020102 13
020211 10
020212 26
020231 16
020232 4
020261 22
020341 10
021101 10
021102 10
021203 10
021204 27
021270 27
024752 27
025110 22
025381 22
025481 10
026101 27
026102 9
026111 10
026112 27
026201 27
050100 19
050103 22
050104 8
050106 26
050112 23
050113 10
051300 21
051302 27
051304 22
051306 3
051310 22
051313 13
052201 22
052203 27
052310 25
052323 4
052331 10
052351 15
052353 15
052355 7
052417 4
052422 3
052442 27
052449 7
052466 4
057121 6
057122 25
057123 21
057125 17
057126 12
057127 22
057128 22
057129 4
057130 6
057131 15
057132 9
057133 10
057134 4
057135 10
057136 22
057137 27
057138 4
057205 13
057213 7
057276 25
057283 4
057286 7
057287 16
057289 10
057290 27
057295 10
057297 6
057298 7
057301 26
057302 26
057305 12
057316 6
057366 7
057404 4
057407 9
057425 22
057428 25
059405 27
059419 16
061103 25
061106 7
061201 13
061205 10
061223 22
061306 22
061312 27
061313 16
061317 7
061401 4
061403 13
061430 7
062320 16
062341 27
062342 9
062343 25
062344 6
062345 16
062346 26
062360 7
062380 25
062411 9
062452 7
062460 22
062470 16
064202 27
064204 6
064207 4
064272 27
064273 7
064303 16
064410 4
064413 4
064417 4
064418 7
064422 16
064424 4
065120 27
065121 9
065211 25
065212 27
065311 7
065333 25
065420 15
065795 4
065797 27
065799 27
066222 16
066324 9
066412 10
066416 27
066426 16
067201 10
067203 27
067311 21
067371 6
067433 10
067435 13
067436 7
067491 4
067492 27
070100 27
070200 27
070301 4
070303 10
070304 16
070305 27
070308 4
070400 4
070403 16
070404 4
070410 10
070411 22
070413 7
070414 9
070415 27
070416 9
070711 4
070726 4
070740 27
070741 27
070792 27
071412 22
071413 6
071414 27
071415 25
071417 22
074100 3
074101 16
074201 7
076312 9
076314 16
076414 27
076426 10
076427 27
076428 22
076429 9
076444 27
076466 16
078444 3
078454 21
079444 22
099101 16
099102 9
100104 22
100105 19
100106 14
100107 3
100108 19
100205 26
100206 26
100207 12
100208 3
100209 18
100211 20
100306 10
100307 19
100308 5
100309 0
100310 27
100501 10
101201 22
101202 27
101205 24
101325 6
101490 4
103112 10
103271 25
104100 10
104302 16
104310 13
104320 8
104327 10
104334 27
104450 16
104490 27
109100 15
109114 26
112101 13
112105 16
112106 10
112109 22
112202 27
112205 27
112321 10
112322 22
112406 3
112424 16
115200 25
115300 10
115301 27
116301 27
126101 15
126102 27
126212 6
126213 25
126214 19
126325 5
126326 10
126328 16
126331 27
126332 15
126431 27
126436 4
126442 10
127100 3
127101 7
127202 21
127204 26
127205 25
127303 27
127313 18
127330 23
127359 27
127411 4
127412 10
127414 13
127716 22
127720 4
127721 27
127726 10
128100 6
128101 22
128201 27
128304 23
128305 8
128306 25
128308 0
128310 4
128351 7
128355 26
128423 22
128427 16
128434 10
128443 16
128700 10
128727 22
128734 4
128751 27
140104 17
152211 10
152301 27
152331 10
154104 9
154141 21
154152 3
154153 27
154173 10
154181 6
154251 9
154276 15
154281 11
154301 10
154330 4
154340 22
154363 27
154385 4
154431 7
154457 4
154481 16
159100 8
159101 16
159102 22
159151 27
159202 10
159204 21
159231 4
159331 13
159332 4
159401 4
159411 7
159412 26
159431 27
159434 16
160242 27
164261 27
168335 27
176100 10
176101 3
176104 4
177104 16
177113 21
177114 7
177141 16
177142 25
177181 3
177215 13
177217 10
177227 6
177228 4
177229 24
177300 15
177321 25
177332 26
177335 9
177341 27
177362 3
177443 16
177460 10
177463 16
177471 10
177472 7
177483 4
177491 4
179443 27
201100 17
201110 26
201114 13
201116 17
201117 4
202100 24
202101 15
202102 18
202147 15
202231 14
202302 27
202303 25
202305 16
202356 15
202362 4
202371 7
202405 10
202421 7
202446 27
202471 26
202475 25
202476 27
202484 27
202701 27
202731 27
202736 4
202744 27
202749 27
202775 22
202776 4
202803 4
202833 27
202849 27
203100 21
203104 3
203108 13
203111 8
203113 16
203114 24
203131 3
203132 15
203151 10
203152 8
203154 24
203158 26
203159 23
203162 3
203202 25
203203 3
203204 8
203206 26
203207 6
203208 21
203209 8
203211 9
203222 10
203223 24
203226 22
203232 15
203236 3
203250 10
203287 13
203316 16
203351 7
203459 26
203715 10
203719 16
203721 4
203725 10
203726 10
203734 4
203735 16
203749 4
203752 16
203754 27
203775 16
203812 4
203825 16
203829 27
203833 27
203879 10
204100 16
204101 3
204113 3
204202 10
204211 18
204217 4
204232 17
204251 16
204306 7
204315 8
204333 27
204355 27
204362 25
204382 27
204422 10
204423 26
204424 10
204441 27
204443 15
204452 10
204482 16
204483 10
204490 4
204725 10
204728 27
204755 4
204792 22
204891 27
205100 22
205103 27
205105 3
205216 15
205232 9
205244 26
205252 3
205282 27
205324 27
205344 7
205358 16
205382 10
205731 22
205742 4
205796 27
206100 20
206101 21
206103 27
206104 27
206111 13
206112 11
206113 10
206161 24
206162 19
206171 20
206172 4
206181 15
206182 3
206191 22
206211 3
206216 16
206217 22
206253 3
206255 7
206261 25
206266 25
206267 7
206281 9
206313 22
206321 6
206324 4
206325 17
206327 22
206331 4
206336 26
206341 8
206342 4
206355 27
206362 25
206364 4
206367 16
206368 15
206370 15
206421 7
206427 16
206428 27
206435 4
206437 10
206476 22
206481 13
206703 22
206722 10
206724 22
206725 4
206731 27
206737 4
206774 27
207100 4
207104 5
207105 10
207106 11
207108 24
207109 9
207110 27
207116 12
207117 20
207118 25
207125 6
207137 16
207162 22
207172 16
207181 24
207187 0
207188 10
207191 5
207195 13
207214 27
207302 6
207305 10
207306 6
207312 7
207402 4
207448 26
207704 10
207706 22
207708 4
207712 27
207766 27
207794 27
208101 14
208140 0
208141 16
208150 27
208263 13
208264 16
208271 3
208272 0
208322 6
208345 25
208346 10
208353 15
208362 10
208373 26
208384 27
208423 25
208444 27
208446 4
208460 16
208738 22
208772 4
208774 27
209203 6
209204 16
209252 15
209253 26
209262 3
209263 27
209270 26
209271 9
209272 25
209352 7
209370 7
209376 16
209382 4
209456 16
209466 4
210200 25
210207 4
210221 26
210251 27
210276 6
210315 16
210331 10
210355 27
210432 25
210448 22
210463 4
210702 4
210705 27
210743 16
210745 16
210748 10
210789 10
211100 24
211315 4
211319 8
211341 10
211342 7
211444 27
211709 4
211889 27
213708 27
213717 22
213718 10
213763 4
214100 27
214301 3
214310 27
214340 25
214341 4
214352 27
214412 4
214491 10
215205 2
215206 14
215207 10
215208 13
215303 27
215312 18
215313 6
215401 27
215482 22
215711 4
215741 22
215742 4
215743 27
215781 27
215783 22
217705 22
217708 4
217752 27
217773 27
218100 6
218234 25
218236 3
218244 15
218262 9
218352 16
218362 10
218372 13
218382 22
226703 22
226709 27
226710 4
226789 27
229123 7
229223 27
251100 21
251211 10
251213 6
251216 10
251242 4
251261 27
251292 22
251312 16
251333 22
251334 16
251342 4
251361 26
251363 3
251371 7
251372 25
251399 15
251411 4
251434 7
251436 10
251452 16
251455 4
251456 27
251461 10
251477 27
251704 22
251707 27
251723 4
251724 27
251746 27
251748 4
251754 10
251760 27
251763 22
251765 4
251773 10
251781 22
252210 0
252212 6
252222 23
252235 10
252282 20
252283 19
252285 27
252311 19
252320 27
252331 26
252353 4
252402 15
252403 10
252404 27
252413 10
252420 4
252423 16
252427 10
252428 7
252429 15
252435 22
252440 16
252459 7
252460 27
252479 27
252489 27
252706 4
252714 10
252727 7
252755 22
252774 27
252781 10
252785 27
252789 27
252792 4
253215 3
253433 7
253441 7
253443 10
253451 16
253452 4
253454 4
253716 7
253721 4
253722 10
253725 10
253734 4
253747 27
253749 16
253752 7
253754 22
253791 22
254182 27
254200 16
254205 8
254206 24
254211 24
254215 20
254216 17
254222 5
254231 26
254232 6
254271 21
254282 7
254325 10
254334 15
254352 0
254362 1
254371 10
254373 7
254400 27
254411 7
254412 16
254415 27
254421 16
254423 10
254424 4
254435 10
254445 10
254451 6
254452 9
254453 10
254466 4
254476 16
254477 26
254478 27
254495 27
254701 10
254721 4
254733 27
254737 16
254771 27
254803 4
254817 27
254857 4
255210 8
255230 5
255301 26
255316 10
255323 27
255328 15
255337 4
255340 13
255422 27
255425 27
255427 16
255432 4
255437 10
255440 4
255447 10
255455 22
255497 27
255714 10
255735 22
255750 10
255766 4
255769 27
255772 27
255779 27
255783 7
256100 10
256271 6
256317 9
256318 25
256334 15
256382 7
256383 22
256462 4
259103 8
259104 15
259106 9
259107 16
259108 22
259193 27
259195 4
259200 10
259201 14
259203 26
259401 6
260704 27
260708 7
260712 16
260719 10
260791 4
261102 16
261111 12
261112 3
261113 7
261205 10
261207 9
261208 16
261214 3
261215 22
261218 8
261305 7
261306 10
261332 6
261342 16
261343 3
261361 10
261430 4
261433 4
261444 27
261446 27
261447 15
261448 27
261449 10
261465 27
261473 16
261494 4
261497 27
261499 10
261742 27
261745 27
261755 27
261763 4
261764 10
261793 22
261795 22
261796 4
263710 4
263721 10
263724 7
263745 7
263751 22
264702 10
264705 22
264755 4
264789 27
265706 22
265709 4
265710 27
266703 4
266801 27
268732 27
268735 4
268741 22
268742 10
269103 16
269105 13
269130 27
269210 6
269341 3
269360 10
269370 7
269421 4
269431 7
269497 4
270701 4
270702 27
305203 4
318322 27
329104 20
330112 26
351100 22
351201 27
351364 10
351371 4
351426 16
352103 27
352311 27
352314 4
352315 16
352331 4
352332 10
352401 7
352412 13
352413 27
352421 25
352422 27
352433 10
352441 22
353313 13
353431 10
353441 27
353471 16
355411 10
356100 23
356101 21
356102 3
356210 10
356261 10
356311 10
356331 26
356431 25
356432 4
356441 16
356442 10
356443 27
356449 27
356455 27
356472 4
356475 27
357101 7
357110 27
357210 13
357323 16
357360 4
357418 10
357442 25
357444 27
359202 27
359205 27
359401 10
359408 27
359431 10
359455 27
360100 0
360210 11
361210 13
361321 7
361322 7
361341 27
361421 7
361433 16
361452 10
361461 27
361475 22
362211 6
363210 22
365425 4
368211 16
368317 4
400110 18
400210 4
401281 7
401383 7
401391 10
403281 22
403383 9
406284 25
406294 15
406386 15
406396 3
408382 18
410381 22
413383 26
413391 19
415393 27
420282 9
421282 27
421292 10
421386 4
421396 16
422381 6
428281 4
428282 16
428381 1
428383 25
461170 18
461471 26
461472 25
461511 9
461521 22
461526 22
461551 7
461566 10
461584 27
462130 22
462412 22
462413 4
462414 7
462503 10
462587 27
462588 4
463201 27
463252 3
463331 7
463332 22
463342 16
463354 27
463506 25
463512 15
463513 6
463543 22
463544 7
463557 4
463559 10
463571 22
463592 27
464302 4
464312 10
464402 16
464403 4
464414 25
464442 10
464443 15
464445 27
464446 7
501201 13
501202 22
501305 19
501306 16
502313 10
502314 22
504202 16
504305 7
506202 10
508304 16
510306 4
512304 27
513113 6
513115 13
513212 7
513216 27
513217 16
513225 4
513284 10
513331 16
513343 7
513364 27
513373 4
513390 10
513446 27
514202 26
514206 25
514222 7
514244 10
514272 16
514322 25
514352 16
514358 4
514382 27
514384 10
515204 25
515205 4
515256 16
515257 27
515337 22
515362 4
515380 27
552216 4
552217 27
552232 10
554413 7
555312 10
557432 22
558101 14
558313 4
558441 27
562101 15
562211 27
601201 25
601202 0
601231 4
601242 19
601342 10
601346 4
601361 27
601423 16
601425 22
601454 7
601455 16
601724 27
601745 4
601775 27
602100 5
602102 5
602103 2
602111 22
602120 23
602121 13
602122 4
602301 27
602314 6
602421 22
602453 16
602454 10
602455 4
602461 4
602471 10
602722 4
602741 27
602751 22
603200 22
603231 10
603321 21
603396 27
603496 27
603725 22
603743 4
603751 27
604101 16
604211 18
604311 25
604314 26
604315 6
604411 22
604415 27
604423 3
604431 27
604455 10
605203 21
605302 25
605313 27
605315 16
605316 15
605331 4
605430 10
605701 4
605711 22
605719 27
605742 4
606211 16
606243 27
606245 3
606264 10
606310 4
606451 7
606452 27
610114 18
651211 16
651212 4
651231 27
651234 27
651313 16
651314 7
651317 27
651319 10
651416 22
651425 4
701100 7
701101 10
701181 4
701183 3
701202 26
701235 9
701243 27
701244 6
701283 9
701295 9
701310 27
701335 10
701341 6
701408 16
701423 7
702100 10
702101 23
702211 22
702213 10
702312 7
702317 15
702321 4
702331 25
702342 6
702354 10
702418 7
703103 10
703202 4
703204 4
703243 10
703244 27
703309 4
703311 7
703322 16
703324 16
703330 27
703331 15
703345 10
703351 25
703361 27
703413 10
703441 4
703499 4
705191 26
705211 24
705311 25
705328 13
705331 6
705332 16
705343 7
705351 27
705431 15
705438 22
705440 27
705441 27
705444 22
705446 6
705448 16
705492 13
705499 4
751100 4
751101 0
751102 9
751106 4
751202 14
751209 26
751301 25
751302 27
751303 16
751304 27
751305 27
751308 21
751309 12
751321 27
751326 10
751330 9
751345 10
751401 25
751403 3
751405 6
751408 4
751413 10
751418 26
751419 16
751421 27
751428 22
751440 9
751443 7
751701 7
751702 10
751703 4
751705 27
751706 10
751708 27
751710 16
751712 16
751716 7
751724 10
751728 16
751732 22
751734 4
751744 22
751745 22
751751 4
751752 22
801100 15
801122 13
801134 27
801201 27
801204 16
801233 10
801236 7
801241 25
801322 10
801371 3
803122 10
803124 13
803131 27
803230 4
803232 27
851100 26
851103 5
851104 6
851105 27
851200 6
851201 9
851202 6
851204 22
851205 15
851241 16
851261 8
851273 18
851305 3
851306 4
851309 17
851310 26
851341 27
851342 7
851344 27
851350 4
851363 7
851366 26
851371 21
851375 15
851400 10
851401 16
851404 7
851443 10
851445 27
851450 10
851467 27
951100 11
951106 21
951124 13
951202 13
951231 7
951321 27
951366 27
951421 4
951497 10
951498 27
953102 16
953104 27
953111 17
953201 4
953202 22
953214 10
953231 13
953232 15
953234 16
953323 10
953494 7
953495 16
954140 8
954141 3
954142 21
954240 25
954244 16
954310 21
954326 4
954340 10
954364 4
954371 27
954372 26
954373 10
954413 7
954420 10
954422 16
954423 27
954443 16
954472 7
954498 16
