001101 1
001102 5
001111 27
001113 19
001201 4
001202 25
001210 0
001230 12
001231 22
001250 6
001281 15
001291 7
001293 19
001310 27
001311 7
001312 7
001318 27
001320 16
001321 22
001323 27
001330 19
001342 22
001353 16
001354 7
001361 16
001362 27
001381 13
001410 10
001425 27
001443 27
001444 27
001445 10
002101 26
002110 27
002191 22
002201 22
002211 1
002221 10
002250 7
002301 10
002333 16
002365 27
003101 0
003191 18
003201 27
003414 22
003421 7
003436 16
004282 16
004301 10
004303 27
004324 27
004432 19
004473 13
004475 27
004483 0
006103 19
006126 22
006206 16
006226 19
006241 27
006242 13
006253 0
006303 13
006331 7
006346 7
006448 16
008214 27
008303 16
008314 7
008411 22
008417 27
009103 25
009105 19
009212 16
009230 16
009231 27
009326 16
009328 27
011100 12
011152 27
011153 21
011251 19
011257 23
011259 22
011269 17
011276 7
011353 16
011356 27
011362 27
011363 13
011374 22
011461 10
011464 7
011479 19
012100 19
012173 26
012200 22
012273 22
012371 16
013103 18
013110 19
013203 12
013204 16
013207 27
013209 22
013302 13
013306 10
013307 10
013317 19
013326 10
013329 16
013330 27
013413 16
013420 27
013433 16
014210 0
014211 7
014270 19
014310 16
014322 10
014323 27
014370 27
014371 10
014381 7
014401 22
014481 16
015101 22
016101 10
016102 10
017101 13
017102 19
017111 27
017210 10
018103 4
018111 9
018113 22
018125 22
018203 16
018211 25
018213 19
018231 7
018235 27
018271 7
018321 10
018351 19
019101 3
019102 10
019103 25
019105 3
019106 16
019108 19
019111 16
019203 27
019205 16
019211 10
019221 19
019303 13
019311 16
019331 10
019361 7
019371 10
019381 19
019471 27
020101 0
020102 13
020211 27
020231 7
020341 10
020362 0
021101 26
021102 19
021203 27
025108 16
025110 27
025310 16
025480 16
026101 11
026102 13
026111 22
029701 16
029711 27
050100 7
050103 26
050104 18
050106 11
050111 10
051300 22
051306 7
051313 16
051412 10
051418 27
051421 10
052202 16
052314 21
052350 25
052352 3
052357 10
052421 16
055701 27
055704 27
055771 27
057121 2
057122 17
057123 8
057125 9
057126 14
057127 9
057128 0
057129 7
057130 6
057131 26
057132 8
057133 26
057134 24
057135 20
057136 9
057137 22
057201 16
057213 4
057215 25
057284 19
057285 10
057288 7
057293 10
057294 7
057296 27
057300 25
057305 9
057403 13
057405 16
057410 16
057420 10
057425 18
057426 27
057428 19
057450 16
059419 21
061106 27
061201 7
061223 19
061306 3
061309 3
061312 10
061317 25
061403 18
062200 0
062320 1
062341 10
062342 22
062343 4
062344 10
062346 10
062360 13
062380 1
062411 13
062452 22
062460 10
062499 16
063710 16
064201 19
064206 19
064207 16
064271 19
064272 27
064281 16
064301 4
064410 19
064423 16
064424 18
065210 16
065212 19
065310 25
065320 10
065332 3
065436 27
065799 27
066221 19
066323 4
066410 13
066414 19
066425 18
067202 16
067303 18
067311 1
067372 10
067373 16
067432 16
070100 7
070201 27
070301 7
070303 4
070304 7
070308 16
070400 7
070401 13
070404 19
070413 4
070414 19
070415 16
070416 27
070711 22
070720 7
070721 16
070727 16
070731 27
070740 27
071411 10
071412 27
071413 19
071415 19
071416 18
071419 16
071420 19
071423 10
071425 27
071426 16
071724 27
074100 18
074101 12
074414 25
076312 13
076314 19
076414 13
076427 19
076428 13
076429 7
076444 16
076466 16
077422 27
078444 3
078454 3
099101 25
099102 10
100102 0
100103 1
100104 1
100105 3
100106 15
100107 9
100108 21
100205 0
100206 12
100207 9
100208 19
100209 15
100306 0
100307 22
100308 7
100309 27
100310 13
100501 7
101100 26
101105 3
101201 10
101211 22
101400 19
101405 27
103191 27
103271 11
104200 7
104201 19
104300 10
104301 27
104325 7
104340 27
104410 16
104495 27
105304 10
109100 24
109115 26
112101 19
112102 7
112103 19
112108 27
112110 16
112201 0
112203 27
112213 22
112300 27
112314 10
112411 22
115200 27
115300 16
115301 7
115302 19
126101 18
126321 10
126330 16
126428 19
126443 27
127100 7
127101 10
127203 19
127206 7
127207 1
127303 10
127312 27
127314 16
127315 7
127316 19
127320 22
127326 13
127329 27
127413 27
127711 22
127717 7
127718 16
127719 27
128100 26
128101 15
128202 16
128203 19
128204 1
128307 16
128309 7
128352 19
128354 10
128403 27
128701 27
128710 22
128730 7
128734 16
128740 16
128762 27
140103 25
152321 27
154104 0
154141 27
154151 21
154231 19
154262 27
154281 0
154311 22
154330 10
154352 13
154371 19
154384 7
154388 16
154443 16
154455 27
154482 19
154488 16
159100 6
159101 12
159151 15
159203 19
159221 7
159301 19
159351 7
159356 16
159403 10
159411 16
159412 16
159431 27
159454 10
164200 27
164341 27
168101 27
168313 16
176100 12
176101 19
176220 7
177103 11
177214 1
177216 27
177242 16
177283 10
177285 22
177321 13
177330 27
177336 13
177341 0
177361 16
177393 7
177404 13
177425 27
177426 22
177427 22
177434 7
177446 16
177447 25
177450 10
177464 7
177465 19
177467 10
177481 27
201100 27
201110 22
201114 16
201115 17
201116 20
201117 9
202100 13
202101 16
202141 24
202143 15
202145 10
202184 15
202231 24
202260 27
202321 27
202334 7
202342 10
202353 13
202361 22
202434 27
202473 19
202495 7
202742 19
202764 16
202765 7
202773 7
202782 7
202833 27
202848 19
202873 19
203100 6
203103 7
203111 10
203116 18
203151 10
203162 8
203201 27
203203 27
203204 22
203206 7
203207 10
203208 13
203209 10
203222 10
203226 1
203231 18
203235 1
203236 0
203255 1
203315 7
203331 27
203351 22
203352 16
203475 16
203714 16
203716 7
203722 10
203732 27
203736 10
203739 16
203743 10
203753 27
203821 22
203828 27
203879 7
204100 22
204101 1
204111 18
204202 27
204219 10
204231 16
204251 1
204321 1
204325 10
204341 19
204361 7
204363 16
204365 16
204381 19
204383 16
204432 16
204435 27
204451 27
204453 4
204471 27
204712 27
204721 7
204732 16
204735 22
205100 25
205103 21
205104 27
205105 7
205235 1
205239 16
205275 18
205303 7
205337 16
205355 19
205393 27
205712 7
205735 16
205783 27
206100 24
206101 3
206103 3
206107 7
206111 25
206113 27
206161 10
206171 27
206181 21
206191 16
206203 15
206211 25
206216 19
206217 22
206261 10
206267 7
206281 27
206300 4
206321 7
206324 4
206325 27
206327 16
206331 19
206335 27
206336 10
206341 22
206355 19
206362 19
206370 7
206381 16
206436 22
206437 16
206441 1
206717 16
206720 7
206721 16
206730 27
206736 27
206753 27
207100 15
207103 16
207105 22
207107 18
207109 16
207110 0
207115 19
207117 12
207123 22
207131 27
207135 16
207171 22
207173 12
207183 27
207187 15
207203 10
207205 10
207208 3
207213 19
207308 16
207310 22
207313 19
207323 7
207348 7
207401 10
207406 27
207701 22
207703 7
207705 16
207711 27
207741 27
208101 25
208140 27
208263 6
208270 0
208271 1
208272 19
208280 25
208321 16
208329 27
208343 16
208348 22
208425 7
208737 27
209201 7
209251 19
209301 16
209302 10
209303 7
209331 13
209351 0
209358 1
209361 13
209368 22
209375 22
210201 27
210202 22
210204 19
210343 19
210351 27
210383 10
210425 22
210434 7
210703 22
210704 7
210707 16
210731 27
210733 27
210743 27
211100 14
211311 10
211315 19
211319 7
211413 22
211440 7
211442 10
211495 27
211702 10
211889 16
213706 16
213707 27
213714 19
214261 22
214312 4
214341 16
214381 22
214414 10
214415 27
214421 16
215205 22
215206 27
215207 22
215208 13
215423 13
215424 19
215431 22
215475 22
215476 7
215485 16
215486 27
215734 19
215744 7
215752 27
215762 19
215785 16
217701 7
217703 16
217707 27
217734 16
217751 27
217775 16
218100 24
218101 7
218233 19
218235 27
218321 10
218323 16
218351 27
219761 16
219789 27
220703 27
226701 22
226702 7
226704 16
226711 16
226801 27
251101 9
251211 27
251213 27
251261 19
251281 13
251312 27
251313 19
251363 10
251374 22
251384 27
251419 7
251437 19
251438 16
251439 16
251451 16
251475 27
251701 22
251702 7
251703 27
251711 16
251715 27
251745 16
251751 19
251752 22
251757 7
251758 16
251776 19
251783 22
251784 7
251785 16
251790 27
252201 27
252211 25
252232 7
252282 22
252283 12
252285 27
252286 13
252301 16
252302 4
252317 13
252322 1
252325 22
252327 7
252330 3
252342 22
252363 7
252420 19
252421 27
252427 10
252444 27
252498 27
252702 22
252726 16
252746 7
252747 16
252791 27
253303 19
253314 4
253315 16
253455 7
253481 10
253701 27
253715 7
253717 4
253731 22
253732 7
253735 13
253736 16
253748 22
253754 19
254181 27
254205 18
254206 24
254211 22
254215 3
254216 22
254222 25
254231 21
254232 4
254252 6
254282 13
254302 7
254325 1
254333 16
254372 27
254373 27
254421 10
254426 16
254435 27
254436 16
254439 10
254442 7
254444 27
254451 7
254456 4
254459 10
254461 19
254471 13
254473 10
254700 27
254702 22
254703 10
254710 16
254711 7
254734 27
254736 22
254770 22
254804 7
254873 7
254875 16
255201 18
255215 16
255251 27
255290 24
255300 27
255320 19
255321 27
255330 25
255359 7
255415 10
255431 10
255432 16
255434 27
255454 27
255455 27
255492 16
255722 22
255734 7
255738 27
255750 16
255764 16
255770 7
255771 27
255772 16
255786 22
255811 16
255820 27
256100 27
256212 7
256281 7
256316 13
256333 19
256373 16
256418 27
256441 27
259103 17
259104 27
259106 4
259107 1
259108 0
259109 3
259201 15
259203 1
260402 7
260413 27
260701 27
260702 19
260705 22
260709 7
260716 22
260718 7
260772 16
261103 7
261111 15
261200 27
261210 16
261212 1
261216 7
261217 18
261304 16
261305 10
261335 22
261336 9
261342 19
261343 27
261361 27
261405 7
261434 16
261447 22
261458 27
261461 13
261469 4
261701 7
261702 16
261706 27
261739 22
261752 27
261754 16
261769 22
261791 7
261895 27
263701 7
263702 27
263720 22
263746 19
263760 16
263770 16
263771 22
264701 19
264703 22
264706 7
264710 7
264733 16
264791 27
266702 27
268721 27
269101 19
269102 7
269111 19
269200 16
269201 7
269202 1
269340 7
269430 19
269452 7
269462 13
269470 27
269493 10
301254 19
305202 25
311352 0
318322 19
318351 13
320351 25
321251 10
324703 27
328310 27
328313 19
330110 27
330111 10
351100 25
351200 2
351201 7
351301 22
351321 27
351331 7
351441 22
351442 7
351451 16
351466 19
351489 19
352103 26
352301 22
352311 27
352321 16
352323 19
352422 13
353210 27
353301 16
353311 4
353418 10
353421 27
353431 27
353451 19
354311 22
356100 3
356101 19
356102 3
356202 10
356210 13
356212 16
356261 22
356303 16
356304 10
356411 27
356416 19
357101 23
357110 26
357210 16
357322 7
357325 16
357417 19
357441 4
357491 27
359202 18
359203 0
359204 0
359210 19
359311 27
359409 7
359421 10
359465 16
360100 20
360400 22
360403 7
360423 16
360460 27
361210 15
361214 22
361301 16
361351 27
361442 10
361453 10
361461 19
361471 4
362211 6
363210 13
365321 7
365322 13
365324 10
365421 16
368200 0
400110 3
401382 1
403382 22
406385 16
406395 4
409281 4
409292 13
411281 7
411291 16
415291 9
420281 27
421281 22
421291 25
421385 7
421395 10
423382 27
428382 19
461100 21
461435 22
461472 16
461514 16
461523 19
462130 14
462151 27
462405 16
462409 27
462445 27
462541 7
462543 16
462584 27
463251 10
463311 13
463331 19
463341 7
463353 16
463402 10
463433 12
463455 6
463491 1
463503 22
463513 10
463545 7
463556 10
463571 27
464301 27
464311 10
464341 3
464401 16
464413 19
464441 27
464443 22
464444 1
464445 25
464502 16
501301 10
501302 7
504302 13
506303 19
506361 19
508203 21
508303 16
510201 1
510202 16
512303 27
513111 16
513114 27
513223 10
513224 16
513283 27
513315 10
513324 13
513328 22
513363 7
513371 16
513411 22
513429 7
513445 16
513471 27
514211 19
514241 16
514317 19
514323 27
514341 7
514343 16
514381 22
514383 10
514451 27
515201 27
515250 1
515306 19
515310 7
515334 16
515361 22
515364 7
515370 16
515373 27
518770 27
551312 13
552216 27
552217 19
552222 19
553311 19
554312 22
556412 7
561313 16
561314 27
562101 1
562211 27
601201 19
601302 27
601341 16
601344 19
601351 7
601422 27
601452 7
601456 22
601731 7
601758 16
601765 22
601842 27
602100 12
602102 23
602103 9
602111 27
602211 27
602315 27
602321 10
602322 16
602431 19
602432 16
602441 27
602464 7
602731 16
602761 27
603211 16
603321 10
603322 16
603351 0
603421 7
603441 16
603471 27
603496 27
603711 7
603723 16
603731 27
604304 13
604305 22
604312 16
604313 13
604351 1
604352 22
604451 27
604711 16
604715 27
605201 27
605204 22
605301 22
605313 16
605314 19
605321 10
605322 27
605701 22
605713 7
605741 16
605745 27
605751 27
606231 16
606242 7
606244 19
606263 27
606310 16
606343 19
610114 3
651104 19
651105 25
651109 27
651120 27
651210 19
651311 22
651312 7
651315 16
651316 27
701100 27
701101 13
701104 27
701181 19
701183 1
701201 25
701205 27
701211 1
701243 27
701281 9
701313 22
701321 10
701331 7
701341 19
701344 27
702100 22
702101 8
702205 10
702211 17
702213 3
702312 10
702316 7
702317 16
702341 19
702351 27
703103 16
703109 16
703202 22
703243 21
703244 16
703305 27
703308 4
703309 7
703310 10
703322 22
703323 16
703330 19
703331 22
703391 22
703404 7
703412 22
703447 10
703454 16
703498 19
705191 16
705211 9
705311 12
705329 16
705331 19
705332 10
705342 16
705351 0
705431 27
705438 7
705440 22
705441 10
705442 27
705444 10
705461 7
705493 19
705499 27
751100 13
751101 23
751102 21
751106 12
751202 27
751209 25
751301 7
751302 15
751303 10
751304 7
751305 10
751308 21
751309 13
751321 22
751326 27
751330 19
751345 16
751401 7
751403 4
751405 19
751408 16
751417 16
751418 4
751419 27
751422 27
751428 3
751440 10
751441 22
751443 16
751447 10
751451 7
751701 16
751702 27
751703 7
751704 22
751705 22
751706 7
751708 22
751712 27
751716 19
751724 16
751725 22
751726 16
751727 19
751729 19
751734 13
751744 7
751752 27
801100 20
801201 1
801225 19
801235 10
801321 16
801331 27
801333 18
801336 7
801421 16
801471 7
801481 27
803121 7
803123 19
803231 27
851100 14
851104 5
851105 19
851108 25
851200 16
851201 10
851202 13
851204 6
851205 20
851273 7
851305 18
851309 1
851313 4
851343 27
851344 16
851345 13
851360 16
851362 16
851367 27
851372 27
851375 9
851400 22
851404 27
851406 19
851407 7
951100 21
951101 27
951102 22
951125 7
951203 18
951302 16
951323 7
951331 10
951344 27
951348 16
951352 7
951497 27
953103 7
953111 8
953211 19
953212 1
953233 7
953261 10
953321 13
953322 22
953331 16
953361 16
953421 27
953494 10
954100 16
954140 3
954141 10
954245 13
954246 22
954260 0
954270 10
954311 22
954312 7
954320 16
954323 27
954343 10
954370 19
954374 4
954412 27
954413 27
954462 22
954471 27
954491 7
954498 10
