001101 1
001102 23
001111 13
001113 16
001201 1
001202 19
001210 23
001212 6
001218 10
001230 2
001231 27
001250 4
001291 3
001293 13
001310 24
001311 25
001312 19
001318 16
001320 4
001321 18
001323 19
001330 7
001342 10
001353 27
001354 4
001362 10
001381 15
001410 27
001423 13
001425 10
001443 27
001444 16
001445 19
001447 27
001461 27
002101 19
002110 27
002191 15
002192 9
002201 4
002211 27
002221 7
002250 19
002301 4
002333 22
002351 10
002361 13
002365 16
002401 4
002473 27
003101 15
003191 12
003201 27
003313 4
003320 16
003331 10
003367 27
004241 27
004282 10
004301 15
004303 19
004324 10
004432 16
004473 13
004475 6
004483 22
006103 22
006126 9
006206 27
006226 16
006242 22
006253 13
006303 4
006325 7
006326 27
006330 7
006344 16
006346 10
006355 13
006425 22
006426 19
006428 19
006443 10
006448 22
006454 19
008214 4
008303 27
008314 21
008411 19
008417 4
009103 16
009105 21
009212 27
009230 16
009231 27
009326 13
009328 27
009426 4
009431 27
009445 4
011100 4
011151 13
011152 6
011153 6
011251 15
011257 22
011259 19
011269 24
011276 12
011353 18
011356 21
011358 10
011362 19
011374 4
011461 4
011464 16
011479 13
012100 18
012173 16
012200 15
012273 27
012371 15
012475 4
013103 20
013110 10
013203 21
013204 27
013206 25
013209 19
013301 13
013302 21
013303 13
013305 8
013306 27
013307 18
013317 19
013321 22
013326 4
013329 27
013330 16
013335 27
013337 4
013413 10
013427 27
013433 27
014210 26
014211 4
014270 6
014310 13
014311 10
014322 21
014323 7
014324 4
014370 16
014371 19
014381 21
014382 13
014401 12
014471 16
014481 19
014485 27
015101 23
016101 7
017101 7
017102 13
017111 27
017112 27
017210 4
018103 27
018111 19
018113 24
018125 13
018203 19
018211 13
018213 10
018231 4
018235 27
018271 7
018301 16
018335 27
018351 4
018353 16
018433 13
018435 27
018438 4
018467 4
019101 9
019103 13
019105 7
019106 12
019108 22
019111 19
019203 4
019205 21
019206 19
019208 10
019211 16
019221 27
019303 10
019311 27
019331 12
019361 15
019371 13
019373 19
019381 4
019411 16
019442 18
019471 13
019473 4
020101 22
020102 27
020211 22
020212 13
020231 18
020311 22
020321 4
020333 10
020341 16
020362 4
020363 21
021101 5
021102 13
021203 19
021270 22
025108 13
025110 27
025310 27
025480 13
026101 11
026102 27
026111 13
026112 15
026201 16
026271 27
029701 4
029711 27
050100 4
050103 3
050104 5
050106 24
050111 7
051302 21
051304 20
051306 27
051313 13
051412 13
051418 4
052201 27
052202 16
052314 19
052350 27
052352 4
052357 19
052400 16
052419 10
052443 13
052445 19
052447 4
052725 4
055701 27
055706 19
055707 13
055771 19
055797 4
057121 26
057122 26
057123 24
057125 20
057126 4
057127 17
057128 26
057129 24
057130 21
057131 19
057132 17
057133 10
057134 19
057135 22
057137 26
057138 9
057139 21
057140 21
057201 15
057205 13
057215 6
057274 4
057279 9
057283 15
057284 12
057285 27
057288 22
057293 7
057294 7
057300 27
057302 22
057305 9
057351 27
057366 18
057403 10
057405 21
057410 13
057411 27
057420 22
057425 13
057426 16
057428 27
059419 15
061106 10
061201 27
061223 19
061306 16
061307 9
061312 27
061313 13
061317 22
061401 13
061403 27
061404 19
062342 22
062343 13
062344 22
062345 10
062346 16
062360 10
062380 19
062411 25
062452 10
062460 19
062470 10
063703 4
063813 27
064207 4
064231 15
064251 10
064281 9
064291 7
064301 4
064303 22
064410 22
064412 19
064417 4
064418 27
064424 26
064474 4
065210 10
065212 12
065310 25
065320 19
065332 12
065421 13
065434 19
065435 27
065436 4
065437 22
065797 27
065799 27
066221 13
066323 22
066410 10
066414 22
066425 4
066755 4
067202 22
067303 25
067311 4
067372 22
067373 19
067432 27
070301 9
070303 19
070304 15
070305 27
070308 4
070400 27
070401 4
070403 27
070404 22
070410 19
070411 4
070415 25
070416 4
070720 19
070721 13
070726 4
070727 4
070731 27
070792 27
071412 22
071413 27
071414 27
071420 10
071422 19
071423 16
071425 13
071712 13
071811 4
074100 18
074101 12
074414 27
076314 15
076414 15
076425 13
076427 16
076428 4
076429 27
076444 15
076466 19
078444 9
078454 19
079444 16
088708 27
091800 27
099101 21
099102 12
100102 4
100103 27
100104 27
100105 27
100109 6
100110 7
100111 16
100112 13
100206 7
100207 13
100208 13
100209 10
100210 13
100211 16
100212 7
100213 4
100218 21
100219 19
100220 22
100225 13
100226 4
100281 18
100306 16
100307 24
100308 20
100309 2
100310 8
100501 25
101100 3
101105 7
101201 19
101211 13
101400 7
101405 13
103112 7
103191 7
103271 18
104200 13
104201 22
104300 19
104301 7
104340 19
104410 27
104424 4
104495 27
105304 27
109100 14
109115 22
112101 27
112102 13
112103 22
112108 19
112201 7
112203 13
112213 22
112300 13
112411 27
112412 19
115200 27
115301 4
115302 10
116400 4
126101 12
126216 25
126321 17
126330 12
126333 22
126334 18
126428 6
126432 9
126443 4
127100 22
127101 7
127203 7
127204 13
127207 22
127303 6
127312 0
127314 10
127315 27
127316 25
127329 27
127337 3
127711 19
127717 13
127718 4
127719 27
128100 9
128101 16
128202 7
128203 16
128204 12
128307 6
128309 25
128334 4
128352 16
128354 4
128403 17
128701 19
128710 13
128730 4
128740 27
128762 27
140101 19
140102 19
140105 26
152321 27
154104 21
154141 21
154151 6
154231 27
154262 22
154281 21
154311 22
154330 18
154340 7
154351 27
154353 10
154363 27
154375 16
154377 15
154388 7
154433 27
154443 4
154488 13
159100 19
159101 21
159151 13
159203 15
159221 7
159302 27
159303 15
159305 25
159332 4
159356 27
159362 4
159403 19
159411 9
159412 4
159431 22
160341 27
164200 16
164341 12
168101 7
168410 27
176100 18
176101 10
176104 9
176220 0
177103 3
177214 16
177215 19
177216 7
177217 27
177242 27
177281 22
177283 15
177285 25
177321 13
177330 7
177336 22
177341 19
177361 13
177393 4
177404 21
177414 27
177427 27
177430 27
177434 9
177446 18
177447 10
177450 10
177465 19
177467 27
177481 15
177494 27
179403 27
201100 17
201110 5
201114 26
201115 3
201116 9
202100 17
202101 13
202141 21
202143 6
202145 16
202184 13
202231 6
202260 27
202310 27
202311 4
202332 16
202334 13
202342 19
202361 27
202371 21
202410 4
202434 18
202438 27
202443 16
202473 16
202474 4
202477 27
202495 7
202737 13
202765 27
202773 13
202776 27
202783 13
202833 4
202844 27
202848 27
203100 15
203103 9
203111 7
203116 18
203151 16
203162 11
203201 27
203203 12
203204 27
203206 7
203207 7
203208 22
203209 5
203222 13
203226 21
203231 12
203235 22
203236 10
203255 7
203300 22
203303 16
203315 27
203323 10
203324 13
203331 22
203332 3
203333 18
203351 21
203352 6
203475 18
203705 13
203709 19
203713 19
203714 13
203716 27
203723 13
203732 27
203736 19
203739 13
203743 13
203753 4
203803 10
203807 27
203821 19
203828 27
203879 4
204100 27
204101 12
204111 19
204202 0
204211 27
204216 19
204217 27
204231 21
204321 8
204325 9
204335 16
204341 22
204361 23
204363 27
204365 19
204381 22
204383 7
204432 7
204442 13
204451 16
204453 10
204471 27
204721 13
204725 27
204735 4
204764 27
204891 27
205100 14
205103 13
205104 27
205105 13
205235 22
205239 13
205275 20
205303 12
205337 3
205355 27
205393 7
205441 13
205461 4
205765 19
205805 27
206100 25
206101 21
206103 25
206107 13
206108 3
206111 25
206113 16
206161 7
206171 22
206181 27
206191 12
206203 22
206207 22
206211 7
206216 21
206217 27
206254 16
206261 19
206267 21
206281 6
206300 9
206321 3
206324 3
206325 13
206327 18
206328 10
206331 15
206335 4
206336 16
206341 22
206355 4
206362 10
206370 10
206381 9
206412 4
206432 7
206436 27
206437 13
206441 13
206457 19
206470 27
206705 4
206707 13
206713 27
206717 4
206720 4
206726 13
206738 4
206739 27
206743 4
206753 4
206785 27
207100 13
207103 19
207105 16
207106 19
207107 13
207109 8
207110 18
207115 13
207117 13
207123 18
207131 27
207135 13
207171 6
207173 27
207183 12
207187 4
207203 6
207205 16
207208 27
207213 7
207308 25
207310 18
207313 12
207323 18
207348 7
207401 16
207403 4
207406 3
207419 15
207422 4
207455 19
207458 4
207463 27
207701 19
207703 13
207705 4
207711 27
207808 27
208101 25
208140 27
208150 13
208263 2
208270 22
208271 0
208280 27
208321 10
208329 27
208343 13
208348 18
208383 19
208425 7
208439 13
208440 19
208469 27
208711 19
208760 13
208761 4
208770 27
208871 4
208872 27
209201 27
209251 18
209301 7
209302 16
209303 4
209331 27
209351 10
209358 15
209361 13
209368 19
209375 13
209451 19
209453 13
209461 4
209463 27
209483 4
209485 27
209705 10
209707 19
209771 4
209773 22
209779 27
209785 13
210201 27
210202 10
210204 22
210343 19
210351 13
210383 4
210425 4
210433 27
210434 10
210445 27
210485 27
210703 19
210704 13
210705 4
210707 27
210731 19
211100 0
211311 16
211315 7
211319 14
211440 13
211443 27
211702 4
211889 27
212701 19
212703 4
212711 27
212741 13
213706 27
213707 4
213711 27
213714 13
214100 21
214261 27
214312 10
214341 27
214381 13
214401 16
214411 16
214414 13
214415 19
214430 22
214445 27
215205 27
215206 0
215207 13
215208 19
215302 12
215381 15
215411 4
215431 27
215734 27
215744 13
215752 4
215762 13
215782 19
215785 27
216781 13
217701 13
217703 4
217707 27
217726 4
217775 27
217781 27
218100 15
218101 16
218233 13
218235 27
218321 16
218323 21
218351 7
218471 16
218474 19
218475 27
219720 27
219731 13
220703 27
226701 27
226702 27
226709 27
226710 4
229123 22
229323 21
251211 17
251213 10
251216 4
251261 7
251281 6
251312 10
251313 4
251333 16
251361 13
251363 15
251371 7
251372 22
251374 27
251384 16
251411 27
251437 27
251438 16
251439 12
251461 19
251475 4
251479 27
251701 25
251702 19
251703 27
251711 25
251714 19
251715 13
251717 4
251718 25
251745 13
251751 19
251752 13
251757 4
251758 25
251776 25
251783 19
251785 13
251790 27
252201 15
252211 0
252232 13
252282 0
252283 23
252285 12
252286 3
252301 12
252302 16
252317 7
252320 21
252322 23
252325 3
252327 27
252330 13
252342 27
252363 6
252420 19
252421 18
252425 15
252427 4
252439 19
252444 7
252450 13
252460 16
252498 22
252702 13
252708 13
252711 4
252719 19
252724 4
252725 13
252752 25
252785 19
252789 19
252791 27
253303 18
253314 18
253315 21
253432 18
253455 4
253456 27
253481 4
253701 13
253717 4
253722 27
253732 19
253734 4
253736 25
253747 13
253748 25
253752 27
253754 19
254181 13
254205 13
254206 7
254211 17
254215 21
254216 23
254222 4
254231 6
254232 22
254252 11
254282 27
254302 18
254325 27
254333 7
254372 16
254373 4
254421 21
254426 4
254436 10
254439 13
254441 12
254451 19
254456 16
254457 7
254459 9
254461 15
254471 9
254473 16
254494 19
254496 22
254700 13
254702 25
254703 27
254710 4
254734 27
254770 25
254804 19
254872 4
254875 19
255201 12
255215 10
255251 16
255290 4
255300 27
255320 12
255321 3
255330 22
255359 6
255415 27
255417 13
255420 27
255422 13
255424 4
255431 16
255432 4
255434 12
255438 27
255449 4
255454 19
255455 13
255460 4
255462 4
255471 18
255492 27
255722 19
255734 4
255750 25
255752 13
255758 27
255764 27
255766 19
255770 4
255771 13
255772-001 13
255772-801 4
255772-803 19
255772-804 27
256100 0
256212 10
256271 27
256281 16
256316 18
256333 13
256373 4
256384 19
256412 27
256418 27
256441 22
256457 4
256462 27
256473 13
256700 4
256751 27
259103 27
259104 22
259106 5
259107 5
259108 9
259109 25
259201 8
259203 22
260312 27
260701 10
260705 4
260709 27
260716 25
260718 13
260772 19
261103 0
261111 24
261200 16
261210 22
261212 4
261216 6
261217 12
261304 25
261305 15
261335 27
261336 18
261342 6
261343 13
261361 22
261405 16
261434 27
261447 4
261456 18
261457 13
261458 4
261469 19
261473 27
261497 19
261701 13
261702 4
261706 27
261739 27
261746 4
261754 19
261769 4
261781 19
261791 27
261792 4
263701 13
263702 4
263720 19
263760 27
263771 19
264701 25
264706 19
264710 4
264741 13
264789 4
264791 27
266702 27
268721 27
269101 19
269102 27
269111 10
269200 7
269201 4
269202 21
269340 13
269430 19
269462 21
269470 13
269494 22
270701 4
270702 27
270711 13
270712 4
270791 13
301254 9
305202 10
311352 15
318322 19
318351 13
320351 27
321251 27
324703 27
328310 19
328313 16
330110 11
330111 5
351100 27
351200 4
351201 6
351202 21
351301 19
351302 10
351321 13
351331 27
351410 7
351425 16
351441 19
351442 22
351451 4
351463 27
351466 13
352103 18
352301 6
352311 27
352321 10
352323 22
352421 16
352422 19
352431 16
353301 10
353311 13
353421 13
353431 27
353451 16
353452 27
354311 0
356100 12
356101 14
356102 15
356202 19
356210 16
356212 4
356261 16
356303 13
356304 27
356312 15
356361 10
356411 9
356416 25
356432 10
356477 12
357110 21
357210 12
357322 13
357325 12
357360 21
357417 15
357441 4
357491 19
359202 11
359203 22
359204 10
359206 22
359301 4
359311 19
359380 27
359405 27
359409 13
359410 21
359413 13
359421 18
359465 27
360100 9
360210 18
360301 16
360304 22
360402 27
360403 27
360423 4
360460 10
361210 18
361211 4
361301 19
361321 22
361351 27
361453 16
361471 27
362211 9
363210 19
365201 22
365211 15
365321 4
365421 19
365427 27
365428 10
365431 16
368200 10
368317 27
368431 7
400110 21
400211 13
401382 19
403382 4
406385 16
406395 22
409281 7
409292 25
411281 16
411291 22
415291 10
420281 19
421281 13
421291 4
421385 7
421395 21
423382 10
428382 25
461100 19
461170 17
461471 22
461511 10
461523 4
461526 13
461527 15
461529 19
462130 4
462151 7
462505 13
462523 4
462541 13
462586 27
462587 13
462588 27
463251 12
463311 4
463331 22
463341 27
463353 25
463402 22
463433 16
463455 10
463491 25
463503 4
463504 22
463545 16
463556 10
463558 16
464301 16
464311 19
464341 10
464401 13
464413 4
464441 27
464443 25
464444 19
464445 19
464501 10
464502 27
464503 19
464508 13
464509 13
464510 25
464541 4
464542 27
464546 9
464549 7
501301 27
501302 10
502211 10
504302 13
506303 25
506361 21
508203 6
508303 4
510201 25
510202 13
510411 13
510414 4
510415 25
510417 19
512303 19
513111 13
513114 7
513223 19
513224 13
513283 4
513315 27
513324 22
513328 10
513363 4
513371 13
513412 25
513429 19
513445 13
513451 4
513471 27
514211 13
514241 4
514317 27
514323 16
514335 10
514341 7
514343 22
514381 13
514383 25
514395 4
514397 19
514466 27
515201 27
515250 22
515307 27
515312 16
515334 18
515361 9
515364 21
515376 7
515403 13
515455 4
515490 27
551311 13
552216 4
552217 13
552222 27
553312 13
554314 4
555313 4
556311 27
558431 27
561312 27
562211 27
571115 22
601201 19
601302 16
601321 4
601341 18
601344 7
601351 22
601422 13
601452 27
601456 27
601462 13
601702 19
601731 13
601742 27
601758 27
601765 19
601767 4
602100 15
602102 20
602103 26
602111 22
602211 6
602315 3
602321 13
602322 4
602431 4
602432 27
602441 9
602464 7
602731 27
602753 4
602761 4
603211 16
603322 22
603332 4
603352 27
603371 13
603421 19
603441 27
603711 13
603723 4
603731 27
604304 22
604305 27
604312 13
604313 10
604351 22
604352 18
604412 10
604414 13
604416 4
604422 27
604451 19
604715 4
605201 16
605204 13
605301 21
605313 12
605314 27
605321 15
605322 22
605341 27
605412 16
605432 10
605444 19
605445 13
605461 27
605701 4
605702 27
605717 27
605741 13
605745 4
605751 4
606231 16
606242 16
606244 22
606263 19
606343 10
606362 7
606363 27
610114 2
651105 13
651109 13
651120 16
651210 27
651311 19
651312 13
651315 4
651316 27
701101 4
701181 18
701182 19
701183 16
701201 18
701211 27
701281 22
701295 9
701313 13
701321 7
701331 19
701341 9
701342 16
701344 22
701407 10
701425 27
701455 19
701494 4
702100 23
702101 15
702205 7
702211 25
702213 5
702312 6
702316 27
702317 15
702318 10
702341 10
702351 16
702411 19
702416 13
702431 4
703103 13
703202 18
703243 7
703244 9
703305 22
703308 19
703309 9
703310 13
703311 27
703322 13
703323 4
703324 13
703330 15
703331 21
703391 9
703404 13
703412 22
703447 7
703454 27
703498 19
705191 12
705211 13
705311 19
705328 3
705329 10
705331 4
705342 19
705351 12
705437 22
705438 27
705440 27
705441 7
705442 10
705444 13
705446 21
705447 9
705461 4
705493 27
751100 19
751101 18
751102 24
751106 19
751202 19
751209 20
751301 6
751302 12
751303 13
751305 16
751308 24
751309 8
751321 15
751326 13
751327 27
751330 10
751345 13
751401 22
751403 10
751405 4
751408 19
751417 19
751419 13
751425 27
751428 10
751441 13
751443 18
751447 27
751451 7
751701 4
751702 27
751703 13
751704 19
751705 19
751706 4
751708 27
751710 19
751712 25
751716 13
751718 7
751726 13
751734 13
751742 10
751743 25
801100 8
801201 16
801225 27
801235 22
801324 4
801331 7
801333 18
801334 27
801336 22
801421 15
801471 7
801481 13
803121 7
803123 27
803231 27
803331 4
851100 20
851104 27
851105 16
851108 11
851200 11
851201 7
851202 19
851204 18
851205 8
851243 16
851251 21
851262 22
851273 27
851305 19
851309 9
851313 4
851343 22
851344 19
851345 22
851360 7
851362 7
851367 4
851372 15
851375 6
851400 16
851404 16
851406 10
851407 27
851462 22
852101 27
852102 13
852103 7
951100 14
951102 6
951106 16
951125 7
951203 13
951302 13
951323 27
951331 7
951344 27
951348 16
951352 19
951497-020 9
951497-021 4
953103 22
953111 3
953211 27
953212 7
953233 27
953261 4
953321 22
953322 19
953331 4
953361 18
953421 4
953494 13
954100 16
954140 27
954143 7
954170 18
954246 21
954326 19
954370 16
954374 18
954410 19
954413 22
954416 3
954426 27
954443 27
954449 4
954462 13
954471 15
954477 7
954491 21
954498 27
955102 27
955103 6
955104 12
958111 27
