001101 20
001102 1
001111 11
001113 22
001201 1
001202 16
001210 7
001212 1
001218 24
001230 13
001231 23
001250 26
001291 27
001293 27
001310 7
001311 1
001312 3
001318 6
001320 10
001321 9
001323 13
001330 11
001342 22
001353 4
001354 1
001362 22
001381 12
001410 27
001423 27
001425 4
001443 22
001444 3
001445 7
001447 27
001461 27
002101 19
002110 22
002191 19
002192 27
002201 13
002211 10
002221 22
002250 19
002301 10
002333 22
002351 16
002361 4
002365 3
002401 22
002473 10
003101 27
003191 16
003201 27
003313 16
003320 6
003331 4
003367 19
004241 4
004282 9
004301 22
004303 27
004324 14
004432 10
004473 22
004475 26
004483 17
006103 4
006126 27
006206 4
006226 0
006242 22
006253 3
006303 7
006325 16
006326 10
006330 16
006344 16
006346 27
006355 22
006425 13
006426 19
006428 22
006443 19
006448 22
006454 22
008214 10
008303 22
008314 10
008411 13
008417 10
009103 17
009105 0
009212 22
009230 16
009231 3
009326 10
009328 4
009426 10
009431 27
009445 22
011100 24
011151 22
011152 4
011153 8
011251 20
011257 4
011259 0
011269 26
011276 10
011353 4
011356 13
011358 16
011362 22
011374 27
011461 4
011464 13
011479 10
012100 27
012173 12
012200 0
012273 25
012371 22
012475 27
013103 5
013110 7
013203 26
013204 22
013206 17
013209 15
013301 9
013302 3
013303 10
013305 21
013306 10
013307 0
013317 27
013321 6
013326 10
013329 27
013330 10
013335 27
013337 22
013413 13
013427 25
013433 27
014210 0
014211 7
014270 6
014310 18
014311 16
014322 3
014323 25
014324 27
014370 3
014371 4
014381 3
014382 13
014401 22
014471 19
014481 4
014485 10
015101 22
016101 27
017101 25
017102 27
017111 27
017112 10
017210 13
018103 13
018111 10
018113 27
018125 22
018203 4
018211 10
018213 22
018231 27
018235 16
018271 16
018301 27
018335 4
018351 25
018353 10
018433 10
018435 27
018438 22
018467 22
019101 11
019103 22
019105 27
019106 13
019108 10
019111 4
019203 4
019205 13
019206 10
019208 18
019211 9
019221 22
019303 22
019311 27
019331 4
019361 7
019371 19
019373 27
019381 13
019411 3
019442 10
019471 13
019473 27
020101 19
020102 27
020211 15
020212 10
020231 4
020311 16
020321 19
020333 7
020341 10
020362 19
020363 22
021101 12
021102 0
021203 13
021270 16
025108 27
025110 27
025310 27
025480 10
026101 25
026102 13
026111 27
026112 13
026201 19
026271 22
029701 10
029711 27
050100 13
050103 12
050104 3
050106 15
050111 15
051302 27
051304 26
051306 24
051313 19
051412 22
051418 13
052201 6
052202 7
052314 10
052350 22
052352 13
052357 19
052400 16
052419 4
052443 13
052445 10
052447 27
052725 10
055701 27
055706 13
055707 22
055771 13
055797 10
057121 20
057122 19
057123 3
057125 6
057126 18
057127 16
057128 19
057129 3
057130 15
057131 24
057132 10
057133 24
057134 16
057135 27
057137 27
057138 4
057139 15
057140 7
057201 0
057205 22
057215 7
057274 19
057279 26
057283 9
057284 16
057285 4
057288 27
057293 13
057294 27
057300 7
057302 13
057305 17
057351 10
057366 15
057403 25
057405 18
057410 4
057411 10
057420 16
057425 0
057426 22
057428 7
059419 16
061106 22
061201 27
061223 13
061306 7
061307 0
061312 13
061313 10
061317 4
061401 19
061403 22
061404 7
062342 16
062343 27
062344 16
062345 4
062346 4
062360 13
062380 13
062411 25
062452 4
062460 13
062470 4
063703 10
063813 27
064207 27
064231 27
064251 10
064281 25
064291 10
064301 10
064303 27
064410 4
064412 16
064417 27
064418 10
064424 19
064474 27
065210 0
065212 27
065310 0
065320 16
065332 7
065421 10
065434 27
065435 10
065436 22
065437 7
065797 27
065799 27
066221 27
066323 13
066410 0
066414 13
066425 22
066755 10
067202 10
067303 9
067311 27
067372 6
067373 0
067432 4
070301 7
070303 22
070304 7
070305 10
070308 10
070400 27
070401 22
070403 10
070404 16
070410 13
070411 22
070415 7
070416 22
070720 13
070721 22
070726 10
070727 10
070731 27
070792 27
071412 27
071413 7
071414 7
071420 13
071422 10
071423 16
071425 22
071712 22
071811 10
074100 9
074101 15
074414 22
076314 22
076414 22
076425 27
076427 7
076428 16
076429 27
076444 7
076466 13
078444 11
078454 10
079444 10
088708 27
091800 27
099101 7
099102 6
100102 10
100103 27
100104 1
100105 13
100109 6
100110 26
100111 10
100112 3
100206 16
100207 15
100208 15
100209 27
100210 3
100211 22
100212 19
100213 19
100218 13
100219 18
100220 10
100225 9
100226 27
100281 15
100306 18
100307 12
100308 27
100309 10
100310 26
100501 0
101100 19
101105 3
101201 17
101211 0
101400 17
101405 7
103112 13
103191 10
103271 10
104200 13
104201 10
104300 19
104301 27
104340 10
104410 0
104424 27
104495 10
105304 7
109100 4
109115 4
112101 27
112102 22
112103 27
112108 10
112201 10
112203 27
112213 19
112300 10
112411 19
112412 27
115200 22
115301 13
115302 18
116400 19
126101 9
126216 3
126321 22
126330 24
126333 7
126334 7
126428 14
126432 25
126443 3
127100 7
127101 19
127203 24
127204 27
127207 22
127303 22
127312 17
127314 17
127315 27
127316 7
127329 18
127337 0
127711 13
127717 22
127718 10
127719 27
128100 11
128101 27
128202 19
128203 4
128204 7
128307 17
128309 12
128334 22
128352 3
128354 4
128403 8
128701 13
128710 22
128730 10
128740 27
128762 27
140101 13
140102 13
140105 3
152321 27
154104 12
154141 16
154151 25
154231 7
154262 13
154281 26
154311 0
154330 7
154340 18
154351 10
154353 19
154363 27
154375 27
154377 4
154388 9
154433 10
154443 10
154488 4
159100 18
159101 0
159151 27
159203 26
159221 27
159302 9
159303 13
159305 19
159332 27
159356 22
159362 16
159403 25
159411 15
159412 10
159431 16
160341 24
164200 16
164341 27
168101 10
168410 22
176100 22
176101 23
176104 27
176220 15
177103 4
177214 0
177215 13
177216 22
177217 10
177242 10
177281 26
177283 3
177285 27
177321 25
177330 22
177336 26
177341 13
177361 16
177393 24
177404 6
177414 10
177427 27
177430 27
177434 19
177446 7
177447 7
177450 4
177465 27
177467 10
177481 27
177494 10
179403 27
201100 27
201110 0
201114 16
201115 17
201116 24
202100 3
202101 23
202141 15
202143 0
202145 7
202184 2
202231 27
202260 22
202310 27
202311 10
202332 13
202334 26
202342 25
202361 10
202371 3
202410 22
202434 7
202438 22
202443 27
202473 13
202474 4
202477 22
202495 25
202737 22
202765 27
202773 22
202776 10
202783 22
202833 10
202844 27
202848 27
203100 21
203103 18
203111 3
203116 27
203151 17
203162 27
203201 16
203203 6
203204 4
203206 8
203207 25
203208 19
203209 23
203222 24
203226 5
203231 26
203235 8
203236 22
203255 6
203300 27
203303 22
203315 24
203323 26
203324 27
203331 15
203332 6
203333 9
203351 10
203352 22
203475 7
203705 22
203709 13
203713 13
203714 22
203716 27
203723 22
203732 27
203736 13
203739 22
203743 22
203753 13
203803 4
203807 27
203821 13
203828 27
203879 10
204100 22
204101 27
204111 10
204202 24
204211 13
204216 27
204217 27
204231 3
204321 17
204325 25
204335 6
204341 18
204361 7
204363 10
204365 27
204381 22
204383 27
204432 4
204442 10
204451 0
204453 4
204471 22
204721 22
204725 27
204735 10
204764 27
204891 27
205100 25
205103 22
205104 25
205105 9
205235 22
205239 27
205275 10
205303 25
205337 9
205355 13
205393 18
205441 10
205461 27
205765 13
205805 27
206100 9
206101 22
206103 0
206107 3
206108 6
206111 21
206113 4
206161 0
206171 8
206181 26
206191 27
206203 19
206207 6
206211 19
206216 13
206217 26
206254 27
206261 21
206267 16
206281 16
206300 3
206321 4
206324 4
206325 18
206327 22
206328 6
206331 15
206335 10
206336 25
206341 22
206355 13
206362 27
206370 16
206381 3
206412 27
206432 6
206436 4
206437 27
206441 7
206457 27
206470 16
206705 10
206707 22
206713 27
206717 10
206720 10
206726 22
206738 10
206739 27
206743 10
206753 10
206785 27
207100 26
207103 27
207105 8
207106 27
207107 22
207109 4
207110 17
207115 3
207117 4
207123 25
207131 3
207135 22
207171 8
207173 16
207183 27
207187 13
207203 13
207205 13
207208 10
207213 3
207308 0
207310 3
207313 7
207323 16
207348 22
207401 19
207403 27
207406 16
207419 4
207422 22
207455 22
207458 13
207463 27
207701 13
207703 22
207705 10
207711 27
207808 27
208101 26
208140 27
208150 22
208263 27
208270 4
208271 20
208280 15
208321 7
208329 7
208343 25
208348 16
208383 13
208425 26
208439 10
208440 27
208469 27
208711 13
208760 22
208761 10
208770 27
208871 10
208872 27
209201 27
209251 22
209301 13
209302 22
209303 19
209331 4
209351 1
209358 25
209361 16
209368 4
209375 27
209451 13
209453 22
209461 10
209463 27
209483 13
209485 27
209705 4
209707 13
209771 10
209773 16
209779 27
209785 22
210201 4
210202 22
210204 19
210343 22
210351 13
210383 10
210425 27
210433 4
210434 27
210445 27
210485 27
210703 13
210704 22
210705 10
210707 27
210731 10
211100 9
211311 26
211315 18
211319 14
211440 27
211443 27
211702 10
211889 27
212701 13
212703 10
212711 27
212741 22
213706 27
213707 10
213711 27
213714 22
214100 27
214261 13
214312 7
214341 4
214381 22
214401 27
214411 27
214414 22
214415 13
214430 19
214445 4
215205 0
215206 26
215207 13
215208 19
215302 0
215381 16
215411 22
215431 7
215734 27
215744 22
215752 10
215762 22
215782 13
215785 27
216781 22
217701 22
217703 10
217707 27
217726 10
217775 27
217781 27
218100 27
218101 6
218233 4
218235 10
218321 0
218323 19
218351 22
218471 22
218474 19
218475 10
219720 27
219731 22
220703 27
226701 27
226702 27
226709 27
226710 10
229123 4
229323 27
251211 26
251213 18
251216 22
251261 7
251281 19
251312 0
251313 13
251333 4
251361 27
251363 19
251371 7
251372 4
251374 22
251384 9
251411 22
251437 10
251438 10
251439 6
251461 13
251475 10
251479 27
251701 16
251702 13
251703 27
251711 16
251714 13
251715 22
251717 10
251718 16
251745 22
251751 13
251752 22
251757 10
251758 16
251776 16
251783 13
251785 22
251790 27
252201 4
252211 17
252232 18
252282 3
252283 10
252285 8
252286 9
252301 0
252302 13
252317 27
252320 16
252322 11
252325 8
252327 10
252330 9
252342 27
252363 6
252420 7
252421 4
252425 25
252427 16
252439 27
252444 10
252450 27
252460 13
252498 22
252702 13
252708 13
252711 10
252719 13
252724 10
252725 22
252752 22
252785 22
252789 16
252791 27
253303 7
253314 18
253315 16
253432 27
253455 22
253456 10
253481 19
253701 22
253717 10
253722 27
253732 13
253734 10
253736 16
253747 22
253748 16
253752 27
253754 13
254181 13
254205 22
254206 3
254211 18
254215 11
254216 19
254222 0
254231 26
254232 18
254252 13
254282 22
254302 5
254325 14
254333 9
254372 6
254373 10
254421 27
254426 22
254436 7
254439 19
254441 10
254451 22
254456 4
254457 3
254459 27
254461 7
254471 13
254473 27
254494 10
254496 13
254700 10
254702 16
254703 27
254710 22
254734 27
254770 16
254804 13
254872 22
254875 13
255201 22
255215 5
255251 13
255290 7
255300 8
255320 26
255321 5
255330 9
255359 17
255415 4
255417 10
255420 10
255422 22
255424 27
255431 13
255432 27
255434 19
255438 13
255449 27
255454 27
255455 10
255460 27
255462 27
255471 10
255492 27
255722 22
255734 10
255750 16
255752 13
255758 27
255764 27
255766 13
255770 10
255771 22
255772-001 13
255772-801 10
255772-803 13
255772-804 27
256100 22
256212 27
256271 22
256281 10
256316 4
256333 27
256373 13
256384 7
256412 22
256418 22
256441 19
256457 13
256462 22
256473 27
256700 10
256751 27
259103 24
259104 12
259106 19
259107 12
259108 25
259109 15
259201 6
259203 4
260312 10
260701 7
260705 10
260709 27
260716 16
260718 22
260772 13
261103 27
261111 15
261200 27
261210 19
261212 24
261216 13
261217 22
261304 23
261305 3
261335 26
261336 3
261342 6
261343 9
261361 16
261405 16
261434 26
261447 27
261456 22
261457 10
261458 19
261469 27
261473 7
261497 27
261701 13
261702 22
261706 10
261739 27
261746 22
261754 27
261769 27
261781 27
261791 10
261792 27
263701 22
263702 10
263720 13
263760 27
263771 13
264701 16
264706 13
264710 10
264741 22
264789 10
264791 27
266702 27
268721 27
269101 10
269102 27
269111 13
269200 19
269201 13
269202 10
269340 6
269430 27
269462 10
269470 22
269494 4
270701 10
270702 27
270711 22
270712 10
270791 22
301254 0
305202 13
311352 26
318322 13
318351 22
320351 27
321251 27
324703 27
328310 13
328313 10
330110 9
330111 27
351100 19
351200 10
351201 15
351202 9
351301 13
351302 16
351321 19
351331 10
351410 22
351425 10
351441 13
351442 7
351451 22
351463 27
351466 19
352103 27
352301 26
352311 10
352321 7
352323 18
352421 10
352422 4
352431 25
353301 0
353311 13
353421 13
353431 9
353451 10
353452 27
354311 27
356100 24
356101 18
356102 4
356202 22
356210 5
356212 19
356261 27
356303 0
356304 16
356312 22
356361 10
356411 13
356416 19
356432 10
356477 13
357110 27
357210 19
357322 22
357325 19
357360 16
357417 0
357441 19
357491 13
359202 21
359203 3
359204 10
359206 27
359301 16
359311 13
359380 10
359405 6
359409 19
359410 27
359413 10
359421 22
359465 10
360100 0
360210 22
360301 4
360304 16
360402 10
360403 3
360423 7
360460 25
361210 22
361211 19
361301 22
361321 13
361351 10
361453 10
361471 27
362211 27
363210 6
365201 16
365211 27
365321 4
365421 13
365427 22
365428 7
365431 22
368200 13
368317 0
368431 7
400110 16
400211 15
401382 13
403382 10
406385 16
406395 4
409281 25
409292 1
411281 4
411291 7
415291 16
420281 13
421281 22
421291 10
421385 1
421395 3
423382 25
428382 7
461100 16
461170 10
461471 4
461511 13
461523 10
461526 27
461527 25
461529 27
462130 13
462151 13
462505 22
462523 10
462541 25
462586 27
462587 25
462588 22
463251 27
463311 22
463331 27
463341 7
463353 13
463402 10
463433 7
463455 27
463491 3
463503 13
463504 7
463545 7
463556 10
463558 16
464301 4
464311 16
464341 10
464401 16
464413 13
464441 22
464443 4
464444 25
464445 25
464501 4
464502 22
464503 13
464508 27
464509 27
464510 27
464541 22
464542 10
464546 27
464549 1
501301 27
501302 7
502211 7
504302 22
506303 16
506361 27
508203 18
508303 10
510201 26
510202 13
510411 22
510414 10
510415 16
510417 13
512303 13
513111 6
513114 26
513223 22
513224 19
513283 10
513315 27
513324 7
513328 16
513363 4
513371 22
513412 16
513429 13
513445 22
513451 10
513471 27
514211 19
514241 10
514317 13
514323 25
514335 7
514341 22
514343 27
514381 4
514383 1
514395 10
514397 16
514466 27
515201 22
515250 19
515307 10
515312 25
515334 6
515361 16
515364 22
515376 27
515403 22
515455 10
515490 27
551311 19
552216 27
552217 10
552222 27
553312 22
554314 10
555313 10
556311 27
558431 27
561312 27
562211 10
571115 19
601201 10
601302 9
601321 22
601341 0
601344 4
601351 10
601422 13
601452 10
601456 19
601462 10
601702 13
601731 22
601742 27
601758 27
601765 13
601767 10
602100 3
602102 19
602103 16
602111 27
602211 4
602315 13
602321 7
602322 4
602431 4
602432 27
602441 13
602464 22
602731 27
602753 10
602761 10
603211 17
603322 7
603332 13
603352 0
603371 22
603421 10
603441 27
603711 22
603723 10
603731 27
604304 3
604305 0
604312 7
604313 0
604351 4
604352 18
604412 4
604414 13
604416 22
604422 10
604451 27
604715 10
605201 22
605204 25
605301 16
605313 6
605314 22
605321 4
605322 7
605341 25
605412 4
605432 7
605444 10
605445 22
605461 27
605701 10
605702 27
605717 27
605741 22
605745 10
605751 10
606231 27
606242 7
606244 13
606263 10
606343 22
606362 4
606363 27
610114 23
651105 10
651109 27
651120 6
651210 10
651311 13
651312 10
651315 27
651316 22
701101 7
701181 24
701182 27
701183 21
701201 22
701211 19
701281 25
701295 22
701313 3
701321 6
701331 10
701341 10
701342 15
701344 22
701407 4
701425 10
701455 16
701494 13
702100 27
702101 19
702205 27
702211 19
702213 0
702312 26
702316 22
702317 27
702318 16
702341 4
702351 10
702411 4
702416 13
702431 27
703103 2
703202 9
703243 6
703244 16
703305 3
703308 13
703309 19
703310 10
703311 0
703322 14
703323 27
703324 27
703330 4
703331 22
703391 27
703404 13
703412 22
703447 10
703454 4
703498 27
705191 13
705211 5
705311 13
705328 15
705329 9
705331 7
705342 19
705351 19
705437 4
705438 18
705440 10
705441 6
705442 25
705444 27
705446 3
705447 22
705461 22
705493 10
751100 10
751101 6
751102 16
751106 15
751202 10
751209 11
751301 12
751302 24
751303 10
751305 16
751308 6
751309 14
751321 22
751326 13
751327 10
751330 9
751345 10
751401 0
751403 4
751405 22
751408 6
751417 13
751419 13
751425 22
751428 27
751441 27
751443 18
751447 27
751451 3
751701 16
751702 13
751703 7
751704 10
751705 4
751706 16
751708 13
751710 7
751712 27
751716 10
751718 22
751726 27
751734 4
751742 10
751743 22
801100 14
801201 22
801225 10
801235 16
801324 13
801331 7
801333 16
801334 19
801336 0
801421 19
801471 13
801481 27
803121 10
803123 22
803231 7
803331 10
851100 18
851104 27
851105 22
851108 10
851200 3
851201 10
851202 22
851204 0
851205 15
851243 22
851251 15
851262 25
851273 18
851305 13
851309 10
851313 17
851343 25
851344 22
851345 25
851360 13
851362 11
851367 25
851372 19
851375 24
851400 0
851404 1
851406 21
851407 16
851462 18
852101 22
852102 10
852103 27
951100 25
951102 0
951106 22
951125 3
951203 22
951302 25
951323 22
951331 13
951344 9
951348 13
951352 27
951497-020 19
951497-021 7
953103 13
953111 0
953211 27
953212 22
953233 19
953261 7
953321 10
953322 0
953331 7
953361 13
953421 10
953494 16
954100 25
954140 10
954143 13
954170 26
954246 6
954326 19
954370 25
954374 7
954410 3
954413 13
954416 22
954426 10
954443 10
954449 4
954462 26
954471 27
954477 0
954491 16
954498 27
955102 13
955103 1
955104 27
958111 27
