001101 20
001102 1
001111 27
001113 0
001201 1
001202 22
001210 4
001230 24
001231 8
001250 0
001281 27
001291 13
001293 16
001310 15
001311 10
001312 15
001318 22
001320 22
001321 4
001323 22
001330 4
001342 10
001353 0
001354 9
001361 13
001362 22
001381 13
001410 27
001425 27
001443 22
001444 13
001445 16
002101 27
002110 22
002191 16
002201 10
002211 3
002221 22
002250 27
002301 4
002333 16
002365 27
003101 22
003191 22
003201 27
003414 10
003421 16
003436 22
004282 16
004301 6
004303 19
004324 3
004432 16
004473 22
004475 27
004483 27
006103 4
006126 16
006206 4
006226 22
006241 27
006242 22
006253 13
006303 10
006331 16
006346 10
006448 22
008214 27
008303 10
008314 22
008411 15
008417 27
009103 27
009105 13
009212 27
009230 3
009231 19
009326 22
009328 27
011100 12
011152 4
011153 21
011251 18
011257 27
011259 27
011269 23
011276 13
011353 27
011356 22
011362 22
011363 7
011374 10
011461 4
011464 16
011479 13
012100 7
012173 16
012200 19
012273 4
012371 27
013103 8
013110 4
013203 10
013204 19
013207 6
013209 4
013302 15
013306 3
013307 4
013317 16
013326 16
013329 22
013330 22
013413 27
013420 27
013433 16
014210 22
014211 4
014270 21
014310 10
014322 4
014323 15
014370 12
014371 27
014381 27
014401 0
014481 27
015101 16
016101 27
016102 7
017101 22
017102 22
017111 22
017210 27
018103 22
018111 7
018113 22
018125 15
018203 22
018211 16
018213 27
018231 7
018235 10
018271 16
018321 22
018351 27
019101 15
019102 16
019103 10
019105 12
019106 27
019108 22
019111 27
019203 7
019205 27
019211 19
019221 27
019303 7
019311 0
019331 13
019361 10
019371 27
019381 22
019471 27
020101 13
020102 22
020211 27
020231 7
020341 22
020362 22
021101 16
021102 16
021203 16
025108 10
025110 27
025310 16
025480 27
026101 15
026102 13
026111 16
029701 22
029711 27
050100 16
050103 6
050104 22
050106 27
050111 4
051300 27
051306 15
051313 16
051412 16
051418 6
051421 22
052202 12
052314 10
052350 6
052352 3
052357 19
052421 6
055701 27
055704 27
055771 27
057121 22
057122 18
057123 0
057125 9
057126 0
057127 13
057128 0
057129 26
057130 19
057131 21
057132 5
057133 11
057134 16
057135 7
057136 22
057137 13
057201 13
057213 16
057215 10
057284 7
057285 10
057288 27
057293 27
057294 22
057296 22
057300 0
057305 7
057403 10
057405 16
057410 22
057420 22
057425 13
057426 27
057428 13
057450 10
059419 22
061106 19
061201 16
061223 3
061306 13
061309 3
061312 6
061317 12
061403 7
062200 4
062320 22
062341 27
062342 0
062343 0
062344 4
062346 4
062360 1
062380 13
062411 1
062452 13
062460 15
062499 10
063710 22
064201 27
064206 27
064207 27
064271 4
064272 16
064281 0
064301 1
064410 13
064423 10
064424 26
065210 19
065212 27
065310 10
065320 7
065332 19
065436 22
065799 27
066221 27
066323 16
066410 13
066414 27
066425 10
067202 22
067303 12
067311 27
067372 10
067373 6
067432 27
070100 16
070201 19
070301 16
070303 10
070304 16
070308 16
070400 22
070401 16
070404 22
070413 10
070414 10
070415 27
070416 27
070711 7
070720 16
070721 22
070727 22
070731 27
070740 27
071411 0
071412 15
071413 7
071415 7
071416 24
071419 13
071420 22
071423 16
071425 27
071426 10
071724 27
074100 15
074101 27
074414 10
076312 7
076314 13
076414 10
076427 10
076428 21
076429 25
076444 1
076466 19
077422 27
078444 16
078454 27
099101 22
099102 9
100102 3
100103 16
100104 12
100105 0
100106 3
100107 12
100108 15
100205 3
100206 24
100207 7
100208 27
100209 17
100306 22
100307 4
100308 25
100309 18
100310 16
100501 22
101100 27
101105 27
101201 6
101211 21
101400 16
101405 27
103191 27
103271 27
104200 13
104201 16
104300 16
104301 25
104325 10
104340 27
104410 22
104495 10
105304 7
109100 7
109115 21
112101 16
112102 22
112103 4
112108 16
112110 22
112201 22
112203 10
112213 25
112300 16
112314 27
112411 16
115200 7
115300 22
115301 15
115302 13
126101 22
126321 10
126330 4
126428 16
126443 27
127100 1
127101 2
127203 9
127206 27
127207 21
127303 4
127312 3
127314 13
127315 16
127316 22
127320 10
127326 10
127329 22
127413 27
127711 7
127717 16
127718 22
127719 27
128100 19
128101 18
128202 3
128203 26
128204 22
128307 10
128309 22
128352 16
128354 13
128403 27
128701 27
128710 7
128730 16
128734 22
128740 22
128762 27
140103 27
152321 27
154104 3
154141 24
154151 21
154231 10
154262 25
154281 3
154311 26
154330 19
154352 10
154371 27
154384 12
154388 16
154443 22
154455 13
154482 27
154488 10
159100 23
159101 13
159151 15
159203 13
159221 22
159301 16
159351 13
159356 22
159403 22
159411 10
159412 22
159431 27
159454 22
164200 4
164341 27
168101 27
168313 27
176100 5
176101 5
176220 18
177103 13
177214 25
177216 16
177242 22
177283 10
177285 4
177321 1
177330 16
177336 4
177341 0
177361 22
177393 7
177404 4
177425 16
177426 13
177427 15
177434 10
177446 27
177447 19
177450 22
177464 4
177465 27
177467 10
177481 16
201100 19
201110 24
201114 10
201115 3
201116 14
201117 16
202100 13
202101 22
202141 0
202143 18
202145 12
202184 24
202231 15
202260 27
202321 22
202334 16
202342 12
202353 27
202361 15
202434 27
202473 16
202495 10
202742 22
202764 22
202765 10
202773 22
202782 22
202833 27
202848 10
202873 22
203100 25
203103 10
203111 6
203116 15
203151 17
203162 15
203201 12
203203 20
203204 13
203206 20
203207 11
203208 7
203209 8
203222 25
203226 10
203231 27
203235 6
203236 27
203255 7
203315 15
203331 27
203351 10
203352 19
203475 4
203714 10
203716 22
203722 16
203732 27
203736 10
203739 22
203743 10
203753 27
203821 13
203828 27
203879 22
204100 24
204101 14
204111 26
204202 4
204219 16
204231 13
204251 21
204321 22
204325 13
204341 27
204361 16
204363 22
204365 4
204381 22
204383 4
204432 10
204435 27
204451 25
204453 10
204471 27
204712 27
204721 16
204732 22
204735 7
205100 21
205103 13
205104 10
205105 4
205235 25
205239 21
205275 18
205303 10
205337 22
205355 27
205393 4
205712 16
205735 22
205783 27
206100 10
206101 14
206103 3
206107 13
206111 9
206113 16
206161 18
206171 14
206181 3
206191 0
206203 3
206211 10
206216 27
206217 21
206261 25
206267 6
206281 14
206300 22
206321 10
206324 1
206325 18
206327 21
206331 27
206335 15
206336 16
206341 22
206355 13
206362 3
206370 7
206381 16
206436 4
206437 27
206441 15
206717 22
206720 16
206721 22
206730 27
206736 27
206753 27
207100 12
207103 22
207105 26
207107 27
207109 22
207110 16
207115 21
207117 18
207123 15
207131 21
207135 13
207171 2
207173 27
207183 27
207187 12
207203 18
207205 27
207208 27
207213 10
207308 12
207310 10
207313 16
207323 10
207348 10
207401 4
207406 22
207701 7
207703 16
207705 22
207711 27
207741 27
208101 9
208140 27
208263 19
208270 21
208271 17
208272 27
208280 6
208321 10
208329 27
208343 27
208348 16
208425 10
208737 27
209201 4
209251 13
209301 4
209302 22
209303 16
209331 13
209351 19
209358 13
209361 7
209368 10
209375 10
210201 22
210202 25
210204 16
210343 16
210351 27
210383 7
210425 10
210434 22
210703 7
210704 16
210707 22
210731 27
210733 27
210743 27
211100 11
211311 7
211315 4
211319 16
211413 10
211440 4
211442 22
211495 16
211702 10
211889 22
213706 10
213707 27
213714 22
214261 6
214312 10
214341 1
214381 27
214414 13
214415 22
214421 10
215205 11
215206 24
215207 7
215208 4
215423 6
215424 10
215431 10
215475 7
215476 16
215485 22
215486 27
215734 22
215744 10
215752 27
215762 22
215785 22
217701 16
217703 22
217707 27
217734 22
217751 27
217775 22
218100 19
218101 19
218233 10
218235 27
218321 4
218323 22
218351 27
219761 22
219789 27
220703 27
226701 7
226702 16
226704 22
226711 22
226801 27
251101 16
251211 6
251213 16
251261 13
251281 27
251312 16
251313 13
251363 10
251374 16
251384 27
251419 22
251437 16
251438 27
251439 4
251451 13
251475 27
251701 16
251702 7
251703 27
251711 22
251715 27
251745 22
251751 10
251752 16
251757 7
251758 22
251776 6
251783 16
251784 7
251785 22
251790 27
252201 21
252211 8
252232 19
252282 27
252283 4
252285 4
252286 12
252301 12
252302 3
252317 18
252322 16
252325 7
252327 15
252330 13
252342 16
252363 22
252420 10
252421 22
252427 27
252444 27
252498 22
252702 7
252726 22
252746 16
252747 22
252791 27
253303 1
253314 10
253315 22
253455 27
253481 16
253701 27
253715 6
253717 10
253731 13
253732 6
253735 16
253736 22
253748 13
253754 7
254181 22
254205 19
254206 6
254211 27
254215 15
254216 21
254222 10
254231 18
254232 27
254252 2
254282 7
254302 0
254325 13
254333 7
254372 16
254373 27
254421 10
254426 27
254435 16
254436 27
254439 1
254442 4
254444 27
254451 27
254456 10
254459 27
254461 4
254471 22
254473 22
254700 27
254702 13
254703 22
254710 10
254711 16
254734 27
254736 13
254770 13
254804 16
254873 16
254875 10
255201 21
255215 11
255251 13
255290 19
255300 27
255320 21
255321 13
255330 16
255359 15
255415 4
255431 22
255432 22
255434 27
255454 22
255455 27
255492 22
255722 16
255734 7
255738 22
255750 27
255764 27
255770 7
255771 22
255772 27
255786 16
255811 22
255820 27
256100 27
256212 10
256281 22
256316 26
256333 4
256373 16
256418 27
256441 27
259103 23
259104 0
259106 6
259107 6
259108 10
259109 4
259201 9
259203 22
260402 22
260413 27
260701 27
260702 10
260705 7
260709 16
260716 7
260718 16
260772 22
261103 16
261111 12
261200 10
261210 0
261212 13
261216 15
261217 21
261304 22
261305 4
261335 27
261336 16
261342 4
261343 10
261361 16
261405 16
261434 27
261447 27
261458 10
261461 7
261469 7
261701 22
261702 27
261706 16
261739 7
261752 16
261754 27
261769 7
261791 22
261895 22
263701 16
263702 27
263720 10
263746 7
263760 22
263770 22
263771 10
264701 6
264703 16
264706 7
264710 7
264733 22
264791 27
266702 27
268721 22
269101 22
269102 27
269111 4
269200 4
269201 7
269202 13
269340 15
269430 15
269452 22
269462 22
269470 10
269493 27
301254 13
305202 10
311352 9
318322 4
318351 1
320351 0
321251 10
324703 27
328310 27
328313 10
330110 11
330111 25
351100 18
351200 15
351201 0
351301 22
351321 16
351331 4
351441 3
351442 10
351451 4
351466 22
351489 4
352103 6
352301 4
352311 7
352321 21
352323 25
352422 10
353210 22
353301 22
353311 10
353418 22
353421 27
353431 15
353451 4
354311 13
356100 12
356101 27
356102 6
356202 4
356210 13
356212 22
356261 7
356303 22
356304 10
356411 27
356416 16
357101 27
357110 27
357210 9
357322 1
357325 10
357417 4
357441 16
357491 10
359202 25
359203 3
359204 21
359210 27
359311 27
359409 27
359421 27
359465 22
360100 16
360400 7
360403 16
360423 22
360460 27
361210 6
361214 10
361301 27
361351 16
361442 22
361453 4
361461 7
361471 15
362211 25
363210 7
365321 22
365322 13
365324 10
365421 27
368200 16
400110 3
401382 3
403382 4
406385 22
406395 7
409281 7
409292 1
411281 16
411291 22
415291 15
420281 27
421281 4
421291 12
421385 16
421395 10
423382 27
428382 13
461100 15
461435 7
461472 13
461514 22
461523 10
462130 13
462151 27
462405 22
462409 27
462445 27
462541 16
462543 22
462584 27
463251 26
463311 0
463331 13
463341 16
463353 22
463402 10
463433 16
463455 22
463491 4
463503 4
463513 10
463545 22
463556 13
463571 27
464301 27
464311 10
464341 4
464401 1
464413 13
464441 27
464443 7
464444 4
464445 3
464502 16
501301 13
501302 16
504302 4
506303 22
506361 22
508203 10
508303 10
510201 19
510202 0
512303 27
513111 1
513114 6
513223 4
513224 16
513283 22
513315 13
513324 1
513328 4
513363 16
513371 22
513411 7
513429 16
513445 22
513471 27
514211 22
514241 16
514317 22
514323 27
514341 10
514343 13
514381 4
514383 16
514451 27
515201 22
515250 13
515306 10
515310 16
515334 27
515361 7
515364 16
515370 22
515373 27
518770 27
551312 6
552216 27
552217 22
552222 27
553311 10
554312 7
556412 16
561313 22
561314 27
562101 16
562211 27
601201 21
601302 22
601341 10
601344 4
601351 16
601422 22
601452 27
601456 27
601731 16
601758 22
601765 7
601842 27
602100 16
602102 22
602103 27
602111 22
602211 22
602315 27
602321 10
602322 7
602431 4
602432 10
602441 22
602464 16
602731 22
602761 27
603211 7
603321 7
603322 10
603351 27
603421 16
603441 22
603471 27
603496 27
603711 16
603723 22
603731 27
604304 13
604305 22
604312 10
604313 15
604351 4
604352 27
604451 22
604711 22
604715 27
605201 16
605204 25
605301 9
605313 15
605314 16
605321 10
605322 22
605701 7
605713 16
605741 22
605745 27
605751 27
606231 13
606242 4
606244 22
606263 27
606310 16
606343 22
610114 17
651104 4
651105 19
651109 27
651120 3
651210 16
651311 7
651312 16
651315 22
651316 27
701100 10
701101 19
701104 27
701181 10
701183 26
701201 24
701205 16
701211 27
701243 27
701281 9
701313 27
701321 25
701331 7
701341 22
701344 10
702100 0
702101 3
702205 16
702211 6
702213 6
702312 3
702316 10
702317 16
702341 22
702351 27
703103 22
703109 16
703202 16
703243 13
703244 4
703305 22
703308 16
703309 10
703310 1
703322 13
703323 13
703330 16
703331 15
703391 27
703404 22
703412 1
703447 4
703454 16
703498 13
705191 21
705211 6
705311 25
705329 16
705331 22
705332 19
705342 4
705351 19
705431 1
705438 27
705440 22
705441 22
705442 3
705444 16
705461 10
705493 13
705499 27
751100 7
751101 26
751102 15
751106 7
751202 22
751209 12
751301 4
751302 27
751303 13
751304 27
751305 9
751308 7
751309 7
751321 4
751326 27
751330 16
751345 10
751401 10
751403 3
751405 22
751408 27
751417 16
751418 10
751419 10
751422 15
751428 15
751440 16
751441 13
751443 22
751447 16
751451 4
751701 22
751702 27
751703 7
751704 13
751705 16
751706 7
751708 6
751712 27
751716 10
751724 22
751725 16
751726 22
751727 10
751729 10
751734 16
751744 7
751752 27
801100 21
801201 16
801225 10
801235 27
801321 13
801331 22
801333 27
801336 10
801421 13
801471 10
801481 22
803121 10
803123 22
803231 27
851100 12
851104 27
851105 21
851108 4
851200 0
851201 3
851202 18
851204 22
851205 15
851273 0
851305 27
851309 16
851313 10
851343 10
851344 10
851345 27
851360 16
851362 27
851367 22
851372 10
851375 27
851400 21
851404 22
851406 13
851407 16
951100 10
951101 15
951102 24
951125 6
951203 3
951302 27
951323 4
951331 22
951344 27
951348 10
951352 22
951497 16
953103 22
953111 26
953211 27
953212 10
953233 22
953261 7
953321 10
953322 22
953331 27
953361 27
953421 22
953494 15
954100 15
954140 25
954141 27
954245 24
954246 10
954260 6
954270 15
954311 10
954312 16
954320 4
954323 15
954343 15
954370 27
954374 22
954412 27
954413 4
954462 22
954471 15
954491 16
954498 27
