001101 13
001102 4
001111 10
001113 4
001201 1
001202 19
001210 12
001212 1
001218 8
001230 4
001231 15
001250 10
001291 3
001293 19
001310 16
001311 27
001312 22
001315 26
001318 12
001320 12
001321 4
001323 27
001330 10
001342 10
001353 19
001354 18
001362 21
001410 3
001423 27
001425 10
001443 13
001444 0
001445 16
001447 6
001461 15
001464 4
002101 16
002110 4
002191 27
002192 19
002201 21
002211 19
002221 16
002250 6
002301 6
002333 10
002351 4
002365 13
002372 21
002401 7
002441 16
002473 10
003101 7
003191 20
003201 22
003314 27
003320 16
003331 19
003414 15
003421 7
003436 13
004241 22
004301 10
004303 13
004324 23
004351 7
004432 6
004473 19
004475 3
006103 25
006126 21
006206 10
006226 25
006242 13
006253 16
006303 4
006307 16
006326 6
006330 22
006331 19
006344 0
006346 27
006355 19
006425 13
006432 10
006433 15
006443 18
006448 19
008214 27
008303 16
008314 4
008326 22
008411 22
008417 27
009103 18
009105 22
009212 3
009230 10
009231 19
009326 4
009425 27
009426 16
009431 19
011100 14
011151 27
011152 16
011153 0
011251 24
011257 3
011259 19
011269 14
011276 21
011353 15
011356 4
011358 22
011362 6
011374 16
011461 21
011464 10
011751 27
012100 16
012173 17
012200 17
012271 19
012272 22
012273 4
012371 4
012475 27
013103 5
013110 5
013203 3
013204 16
013206 9
013207 5
013217 19
013301 25
013302 10
013303 19
013304 4
013305 7
013306 25
013307 22
013317 19
013326 16
013329 19
013330 7
013335 15
013338 16
013420 27
013421 4
013422 13
013427 25
013433 19
013435 27
014210 17
014270 14
014310 13
014311 19
014322 3
014323 6
014325 0
014370 6
014371 18
014382 19
014390 9
014401 15
014410 21
014421 13
015101 3
016101 4
016232 19
017101 3
017102 27
017111 27
017201 27
017210 7
018103 4
018111 11
018113 24
018125 27
018203 19
018211 10
018213 22
018231 27
018235 4
018271 21
018301 13
018335 10
018351 4
018353 19
018421 7
018433 10
018435 13
018436 25
018438 4
018451 16
018465 10
018467 19
018471 27
019101 19
019103 16
019105 24
019106 13
019108 19
019111 27
019203 10
019205 27
019206 3
019208 7
019211 13
019221 22
019303 19
019311 22
019331 15
019361 16
019373 19
019381 0
019411 25
019442 10
019471 21
019473 19
020101 26
020102 21
020211 25
020231 13
020311 10
020321 16
020333 19
020341 7
020362 21
020363 0
020412 10
020421 13
020481 4
021101 14
021102 7
021203 16
021204 22
021270 27
025108 27
025480 19
026101 14
026102 14
026111 13
026112 4
026201 7
026271 27
029701 16
029703 27
029711 19
030101 22
050100 24
050103 27
050104 22
050106 6
050111 25
051302 22
051304 19
051306 7
051310 10
051313 15
051418 16
052201 22
052202 27
052352 10
052357 22
052420 16
052441 3
052443 7
052445 25
052447 22
052466 27
053712 19
053713 16
053770 19
054810 16
054870 19
055701 27
055703 4
055704 13
055706 16
055707 19
055713 4
055733 27
055734 19
055757 16
055771 27
055797 13
057121 0
057123 3
057125 17
057126 22
057127 17
057128 21
057129 21
057130 17
057131 13
057132 22
057133 9
057134 19
057135 3
057136 3
057137 15
057138 16
057139 6
057140 22
057201 22
057205 25
057213 7
057215 16
057274 19
057284 4
057285 19
057288 27
057293 25
057294 13
057296 10
057300 10
057302 19
057305 10
057316 27
057351 16
057366 19
057403 25
057404 16
057405 7
057410 6
057411 7
057420 13
057426 27
057428 16
059413 15
059419 19
061103 13
061106 3
061201 25
061223 7
061224 27
061306 22
061307 13
061317 3
061319 27
061403 22
061404 25
061407 16
061430 13
062200 4
062210 27
062343 10
062411 16
062452 3
062460 25
062470 4
062499 13
063201 19
063702 16
063704 19
063710 13
064204 22
064232 16
064251 27
064252 16
064303 27
064331 10
064392 15
064412 27
064418 19
064423 10
064424 26
064430 13
064474 13
064490 16
065210 4
065212 4
065310 16
065311 0
065320 27
065332 4
065421 13
065435 16
065436 10
065437 10
065438 19
065797 27
066221 27
066323 25
066410 10
066416 13
066421 12
066425 27
067202 4
067303 4
067311 13
067372 25
067373 13
067432 10
069712 19
070200 27
070304 7
070305 10
070403 27
070404 13
070410 27
070411 19
070416 27
070711 16
070720 19
070721 13
070740 27
070741 27
071411 3
071412 27
071413 1
071415 19
071416 21
071418 27
071419 19
071422 10
071423 25
071425 7
071712 19
071715 16
071730 4
071736 22
071738 16
071811 16
073711 19
073721 16
073770 16
074100 12
074101 16
074414 4
076425 7
076427 22
076430 10
076444 16
076466 13
078444 14
078454 27
079169 4
079220 27
079264 16
091700 13
091800 13
099100 27
099101 6
099102 27
100102 21
100109 3
100110 18
100111 7
100112 16
100207 10
100213 27
100214 27
100220 16
100222 16
100225 4
100228 7
100229 21
100230 15
100231 3
100233 16
100281 7
100306 22
100307 7
100308 19
100309 27
100310 21
100311 7
100312 21
100313 19
100314 3
100501 4
101100 27
101105 16
101201 20
101211 4
101400 10
101405 19
103112 10
103191 19
103271 25
104200 27
104201 15
104300 7
104301 10
104325 16
104410 27
104424 19
104495 13
105304 27
109100 21
109115 27
112101 27
112102 22
112103 19
112108 16
112110 27
112201 7
112203 22
112213 27
112300 13
112314 19
112411 25
112412 27
115200 16
115300 27
115301 10
115302 3
116301 19
116302 19
116400 27
126101 23
126216 16
126321 4
126326 7
126333 3
126334 25
126428 13
126432 27
126443 5
127100 6
127101 0
127203 21
127204 6
127207 10
127303 3
127312 22
127314 16
127315 13
127316 24
127326 18
127337 10
127711 16
127717 27
127718 19
127719 13
127727 27
127728 13
128100 22
128101 4
128202 6
128203 0
128204 12
128307 18
128309 22
128334 16
128354 13
128355 7
128403 4
128701 16
128710 19
128730 13
128740 27
128762 27
140101 19
140102 27
140103 22
140104 2
140105 17
152211 0
152301 16
152321 27
154104 17
154141 10
154151 15
154231 19
154261 26
154262 10
154281 10
154311 0
154330 10
154353 22
154375 3
154377 25
154384 16
154388 13
154443 19
154455 7
154457 13
154481 18
154488 27
154493 4
154494 19
159100 15
159101 25
159151 4
159203 27
159221 18
159231 13
159301 27
159303 18
159305 15
159332 16
159356 3
159362 24
159403 22
159411 15
159431 6
159454 27
160341 21
164200 22
164341 19
168100 16
168101 27
168222 13
176100 21
176101 15
176104 27
176220 17
177103 14
177214 13
177215 27
177216 10
177217 3
177281 15
177283 10
177285 16
177321 19
177330 24
177341 9
177362 6
177393 18
177401 25
177404 17
177405 12
177414 16
177426 27
177427 21
177430 15
177434 22
177446 19
177450 13
177463 1
177464 19
177465 7
177467 4
177468 19
177481 10
177494 7
179402 7
179403 0
201100 11
201110 23
201114 19
201115 6
201116 19
201117 27
201190 16
202100 11
202101 27
202141 8
202143 8
202145 0
202184 1
202231 16
202260 4
202305 6
202311 19
202332 7
202334 13
202342 27
202361 3
202371 22
202434 25
202438 10
202443 7
202473 21
202474 16
202477 19
202481 27
202495 27
202742 19
202765 22
202776 27
202782 19
202833 27
202848 27
202873 16
203100 26
203103 16
203111 18
203116 22
203151 6
203162 19
203171 17
203201 21
203203 25
203204 13
203206 8
203207 7
203208 7
203209 0
203222 18
203226 2
203231 7
203235 3
203236 13
203255 16
203303 4
203315 27
203323 16
203324 25
203331 6
203332 3
203333 13
203351 22
203352 22
203405 10
203406 16
203414 27
203423 13
203431 19
203434 7
203458 22
203471 4
203475 22
203705 16
203709 19
203714 16
203716 22
203722 22
203743 19
203753 27
203807 22
203821 19
203828 16
203879 22
203889 22
204100 8
204101 8
204111 19
204123 25
204202 22
204211 7
204216 16
204231 13
204251 27
204321 8
204325 21
204335 16
204341 9
204361 2
204365 19
204381 27
204383 16
204432 27
204435 18
204442 16
204451 6
204452 27
204453 4
204471 13
204712 22
204721 19
204732 16
204764 27
205100 3
205103 3
205104 22
205105 16
205235 13
205239 27
205275 6
205303 7
205337 13
205355 19
205393 3
205415 22
205421 19
205461 16
205464 27
205475 4
205479 7
205483 13
205486 10
205496 19
205712 19
205735 27
205761 4
205783 16
206100 27
206101 27
206103 23
206104 5
206107 22
206108 14
206111 11
206112 19
206113 19
206161 23
206162 11
206171 11
206172 9
206181 21
206191 27
206203 24
206207 3
206211 27
206216 7
206217 25
206261 8
206267 5
206281 23
206300 22
206321 13
206324 23
206325 26
206327 15
206328 18
206331 22
206336 21
206341 19
206355 6
206362 16
206370 25
206381 21
206412 27
206436 5
206437 12
206441 19
206455 7
206707 16
206713 19
206720 22
206721 16
206730 16
206736 27
206738 27
206739 19
206743 16
206753 27
206766 10
206783 27
207100 16
207103 4
207105 17
207106 5
207107 15
207109 12
207115 26
207117 27
207123 19
207131 16
207135 16
207164 27
207171 25
207173 21
207174 19
207183 3
207187 15
207203 15
207205 27
207208 25
207213 21
207308 4
207310 19
207313 0
207323 16
207348 22
207401 16
207403 13
207406 22
207416 7
207419 18
207422 10
207436 16
207701 19
207703 4
207705 16
207711 27
207741 27
207743 19
207808 27
208101 18
208140 27
208150 27
208250 22
208251 19
208263 20
208265 22
208270 3
208271 20
208272 6
208280 16
208321 15
208329 24
208343 10
208348 6
208370 4
208383 21
208425 15
208439 10
208440 19
208469 27
208711 4
208760 16
208761 27
208770 19
208871 16
208872 19
209201 15
209251 13
209301 4
209302 13
209303 7
209331 27
209351 25
209358 10
209361 16
209368 27
209375 10
209403 19
209442 27
209451 12
209453 21
209461 10
209463 13
209471 22
209483 4
209485 16
209703 4
209705 4
209707 22
209709 10
209711 22
209713 16
209722 22
209731 16
209771 27
209773 19
209779 16
209785 10
210100 4
210201 16
210202 10
210204 22
210343 13
210351 27
210383 4
210425 19
210433 7
210434 16
210453 7
210465 19
210485 10
210703 4
210704 16
210705 19
210707 27
210723 27
210731 19
211100 21
211311 27
211315 23
211319 9
211413 27
211440 10
211442 13
211443 16
211495 22
211702 19
211889 27
212701 4
212703 16
212711 19
212721 27
212741 27
213201 16
213714 19
213763 22
213779 27
214100 10
214261 25
214312 27
214341 3
214381 13
214401 15
214411 27
214414 10
214415 7
214421 27
214430 4
214441 4
214445 22
215205 26
215206 19
215207 20
215208 18
215301 22
215302 21
215381 13
215411 15
215431 16
215471 18
215481 25
215495 19
215496 4
215497 7
215734 16
215762 27
215785 19
215794 27
217701 4
217703 16
217707 19
217734 19
217751 19
217775 27
217781 27
218100 9
218101 13
218233 19
218235 27
218321 7
218323 19
218351 16
218471 16
218475 27
218483 19
218486 22
219720 22
219731 19
225701 4
225703 16
225705 19
225720 27
226701 19
226709 27
226710 27
226801 10
226889 27
229123 19
229323 3
229352 16
229711 27
251211 2
251213 21
251261 16
251281 14
251312 23
251313 15
251333 19
251334 0
251361 13
251363 22
251371 6
251372 9
251374 10
251384 18
251411 7
251418 16
251437 25
251438 4
251451 4
251455 22
251457 3
251461 27
251475 19
251479 16
251701 4
251702 22
251703 19
251711 4
251714 22
251715 16
251717 19
251718 19
251745 16
251751 4
251752 22
251757 16
251758 19
251773 4
251783 22
251785 16
251790 27
252201 15
252211 27
252232 6
252282 13
252283 21
252285 5
252286 0
252301 4
252302 13
252317 3
252320 27
252322 24
252325 0
252327 24
252330 25
252342 0
252363 6
252420 1
252421 19
252424 19
252425 27
252426 22
252427 3
252444 27
252450 21
252455 4
252460 6
252489 10
252498 22
252702 27
252708 10
252723 19
252724 19
252741 19
252748 27
252781 4
252785 16
252789 27
252791 27
253303 3
253314 27
253315 7
253432 19
253455 7
253456 4
253481 27
253701 19
253715 27
253717 13
253722 4
253731 10
253732 27
253734 19
253735 22
253736 13
253748 10
253752 27
253754 16
254181 27
254205 9
254206 10
254211 16
254215 4
254216 4
254222 6
254231 16
254232 7
254252 27
254282 10
254302 13
254325 22
254333 19
254372 25
254421 13
254425 27
254426 3
254435 19
254436 10
254438 27
254439 4
254441 8
254442 10
254451 21
254456 27
254457 19
254458 4
254459 7
254461 16
254471 24
254473 3
254492 19
254494 27
254700 27
254702 10
254703 4
254710 16
254711 19
254734 13
254770 4
254777 19
254804 10
254875 16
255201 3
255215 12
255251 24
255290 9
255300 22
255320 2
255321 14
255330 6
255359 20
255415 3
255417 13
255420 15
255422 0
255424 19
255430 17
255432 26
255434 24
255437 4
255438 18
255439 4
255441 7
255447 10
255449 25
255454 13
255460 1
255462 19
255464 27
255471 27
255492 16
255499 18
255712 10
255722 4
255734 4
255739 27
255750 27
255764 27
255766 10
255770 16
255771 16
255772 19
255786 10
255791 19
255830 27
256100 27
256212 19
256271 22
256281 4
256316 3
256333 16
256373 15
256383 21
256412 7
256415 22
256441 13
256457 4
256462 27
256473 25
256700 16
256761 19
256762 27
259103 20
259104 27
259106 6
259107 17
259108 12
259109 21
259201 9
259203 6
260312 19
260404 16
260413 16
260424 27
260434 27
260717 19
260772 27
261103 19
261111 7
261200 4
261210 10
261212 6
261216 13
261217 15
261304 13
261305 16
261335 22
261336 24
261342 25
261343 17
261361 27
261405 7
261406 10
261434 4
261447 20
261456 3
261457 15
261458 22
261461 10
261469 19
261494 27
261497 18
261499 1
261701 19
261702 22
261706 4
261735 16
261739 19
261753 16
261754 16
261767 19
261769 19
261791 27
263701 4
263702 16
263720 10
263746 19
263760 27
263771 10
264701 4
264706 22
264707 19
264710 19
264741 16
264791 16
266703 27
268721 19
269101 16
269102 19
269200 27
269201 16
269202 19
269340 19
269430 13
269462 27
269470 6
269497 16
270701 16
270702 19
270711 19
270791 19
301254 25
305202 4
311352 1
318322 13
318351 6
320351 27
321251 27
324703 27
328310 13
328313 16
330110 1
330111 7
351100 26
351201 22
351202 12
351301 0
351321 3
351331 12
351410 19
351441 13
351442 22
351451 15
351463 27
351466 7
352301 13
352311 13
352321 3
352323 22
352332 4
352422 7
352431 27
353301 19
353421 27
353431 10
353451 21
353452 13
354311 15
356100 21
356101 16
356102 15
356202 16
356210 14
356212 13
356303 7
356304 27
356306 27
356312 13
356361 16
356412 19
356414 13
356416 13
356432 13
356441 16
356442 10
356443 13
356471 19
356496 27
357101 15
357110 4
357210 9
357322 16
357360 16
357417 19
357441 27
357491 13
359202 6
359203 13
359204 16
359206 27
359301 16
359311 27
359405 6
359409 13
359410 10
359413 27
359414 16
359421 19
359431 19
359451 7
360100 7
360210 10
360400 22
360402 19
360404 19
360407 4
360411 13
360431 16
360460 22
360470 27
361210 19
361214 27
361301 27
361321 16
361351 13
361453 22
361461 19
361471 27
363210 3
365301 27
365321 22
365331 16
365421 19
365427 27
365428 13
368200 19
368317 10
368331 0
368412 22
368433 27
368441 4
368487 15
400110 3
400211 25
401382 22
403382 19
406385 13
406395 4
409281 10
409292 4
411281 22
411291 16
415291 21
420281 19
421281 13
421291 7
421385 25
421395 7
423382 10
428382 16
461100 9
461170 3
461471 4
461472 22
461511 4
461527 25
461529 22
462130 22
462541 25
462587 25
462588 7
463251 25
463311 16
463331 19
463341 13
463353 27
463402 13
463433 19
463455 27
463491 6
463503 19
463504 22
463545 16
463556 13
463558 16
464301 10
464311 4
464341 7
464401 25
464413 4
464441 10
464443 21
464444 22
464445 16
464501 19
464502 27
464503 10
464509 7
464510 7
464541 13
464542 27
464544 4
464549 6
466141 1
501301 4
501302 16
502211 19
502311 21
503402 25
504302 7
506303 19
506361 10
507402 7
508203 9
508207 3
508303 13
509402 10
510201 13
510202 3
510307 21
510411 3
510414 16
510415 13
510416 22
510417 4
512303 22
512402 27
513111 3
513114 4
513223 22
513224 16
513283 19
513315 22
513324 19
513328 27
513363 4
513371 10
513412 10
513429 4
513445 16
513451 19
513471 27
514211 16
514241 19
514317 16
514323 7
514335 13
514341 19
514343 4
514381 22
514383 25
514395 10
514397 27
514425 4
514442 27
514451 10
514453 16
514466 22
514475 19
515201 16
515250 4
515307 27
515312 19
515334 4
515361 22
515364 10
515370 27
515376 7
515403 19
515490 27
551461 4
552216 27
552217 13
552222 27
553312 22
554314 16
555313 13
556311 19
557433 22
558411 16
558432 13
558442 19
561312 27
562211 27
571115 3
601201 27
601302 16
601321 10
601322 7
601341 19
601344 18
601351 13
601422 22
601427 19
601428 13
601452 4
601460 10
601462 27
601702 19
601731 16
601758 13
601765 19
601767 16
602100 4
602102 0
602111 27
602211 7
602315 3
602321 19
602322 7
602431 21
602432 3
602441 22
602464 27
602731 13
602761 27
603211 25
603322 7
603332 19
603352 10
603371 13
603421 4
603441 22
603453 10
603465 7
603471 13
603494 27
603495 16
603711 19
603723 13
603731 27
604304 6
604305 15
604312 18
604313 23
604351 13
604352 27
604412 25
604414 10
604416 22
604422 16
604441 19
604451 19
604711 19
604715 27
604731 13
605201 16
605204 15
605301 18
605313 4
605314 20
605321 0
605322 16
605341 13
605412 22
605432 19
605446 27
605459 13
605461 10
605476 16
605701 19
605702 13
605713 27
605751 27
606231 27
606242 19
606244 22
606263 13
606343 22
606362 4
606363 27
610114 16
651105 25
651109 27
651120 4
651210 19
651311 16
651312 13
651315 27
651316 19
701101 7
701181 15
701182 27
701183 23
701201 6
701211 22
701281 2
701313 27
701321 10
701331 6
701342 18
701344 19
701402 13
701403 10
701407 27
701409 13
701425 7
701455 7
701494 4
702101 23
702205 25
702211 16
702312 0
702313 23
702316 27
702318 6
702341 16
702351 19
702411 7
702416 4
702418 21
702423 15
702431 22
703103 3
703202 13
703204 4
703243 9
703244 13
703305 13
703308 10
703311 21
703313 25
703322 24
703324 22
703330 4
703331 3
703345 19
703352 22
703391 11
703404 6
703412 13
703435 27
703447 10
703454 12
703498 22
703499 27
704101 16
704141 13
704201 19
704345 27
705191 4
705211 6
705311 20
705329 22
705331 27
705351 22
705411 10
705437 13
705441 3
705442 24
705444 5
705492 27
705499 4
751100 10
751101 25
751102 5
751106 10
751202 8
751209 2
751301 16
751302 14
751303 11
751304 19
751305 18
751308 25
751309 3
751321 13
751326 27
751327 19
751330 17
751345 26
751401 4
751403 25
751405 27
751408 22
751413 19
751419 7
751421 26
751422 16
751424 27
751428 5
751443 7
751447 15
751451 27
751701 27
751702 19
751703 16
751704 16
751705 4
751706 27
751708 16
751712 4
751718 13
751724 19
751726 13
751751 13
801100 25
801201 19
801225 13
801235 27
801321 13
801324 19
801331 13
801333 4
801334 13
801336 27
801421 13
801471 19
801481 16
803121 19
803123 27
803231 7
803331 27
803360 13
803431 19
851100 16
851104 3
851105 19
851108 16
851200 10
851201 8
851202 7
851243 12
851251 3
851262 13
851273 22
851305 5
851306 23
851309 15
851342 13
851352 26
851354 4
851355 21
851360 3
851362 4
851375 21
851376 2
851400 7
851404 9
851407 17
851441 18
851462 6
852100 16
852101 6
852102 21
852103 4
852201 7
852202 10
852203 16
852204 13
951100 26
951102 19
951106 16
951124 27
951203 19
951302 22
951323 13
951331 10
951344 4
951348 19
951352 27
951497 3
953103 27
953111 9
953212 10
953231 16
953233 4
953261 22
953321 25
953322 13
953331 19
953361 16
953421 22
953444 16
953494 27
953495 4
954100 19
954244 13
954246 16
954310 27
954370 3
954374 13
954410 7
954413 16
954416 15
954426 10
954443 4
954449 16
954462 19
954464 27
954471 19
954477 6
954491-001 21
954491-002 18
954491-003 10
954491-004 27
954498 22
955102 27
955103 24
955104 19
958111 22
958201 16
958221 7
958225 10
958261 22
958373 27
