001101 4
001102 1
001112 25
001118 6
001201 4
001202 4
001210 2
001212 21
001218 9
001222 8
001223 25
001224 0
001225 10
001226 13
001227 0
001228 0
001229 10
001230 18
001231 16
001234 13
001250 14
001281 13
001291 27
001292 19
001310 7
001311 4
001312 19
001314 12
001315 22
001320 13
001321 10
001323 16
001330 4
001341 7
001342 7
001352 19
001355 19
001361 16
001362 27
001391 7
001410 7
001440 27
001445 10
001463 4
001472 16
002102 4
002111 19
002191 10
002202 0
002230 22
002260 19
002302 19
002321 22
002362 16
003102 7
003191 8
003202 19
003213 3
003261 22
003454 27
004465 9
004472 27
004474 10
004476 7
006103 12
006226 7
006241 27
006253 4
006307 19
006325 13
006443 7
006448 27
008314 4
008402 27
008411 16
009103 20
009213 13
009232 7
009254 19
009301 4
009327 27
009344 27
009355 4
009358 22
009363 7
011100 12
011101 9
011153 22
011154 13
011156 27
011157 27
011251 12
011257 9
011268 10
011269 15
011276 14
011277 8
011278 7
011358 27
011367 4
011457 19
012173 12
012200 3
012271 18
012272 7
012374 13
013103 7
013110 13
013203 14
013204 10
013206 3
013207 13
013208 22
013209 9
013216 7
013301 22
013303 4
013305 19
013314 7
013337 16
013413 22
013425 27
013431 4
013432 7
013433 18
014210 25
014211 27
014270 10
014310 19
014311 19
014370 7
014371 27
014390 19
014401 27
014410 27
014423 27
014471 4
014481 15
015101 13
015102 4
016101 7
017101 12
017102 27
017111 7
017201 19
017231 27
018104 10
018111 7
018112 16
018114 27
018126 13
018204 22
018271 6
018323 25
018332 22
018352 0
018372 3
019101 6
019104 7
019105 10
019106 16
019112 4
019204 22
019205 27
019206 27
019211 19
019212 7
019221 27
019222 26
019332 10
019351 22
019362 19
019371 4
019382 7
019441 4
020101 10
020102 3
020211 16
020212 10
020231 22
020232 16
020261 27
020341 4
021101 10
021102 10
021203 4
021204 27
021270 7
024752 27
025110 7
025381 27
025481 4
026101 12
026102 13
026111 12
026112 27
026201 7
050100 25
050103 27
050104 5
050106 26
050112 16
050113 16
051300 13
051302 10
051304 7
051306 7
051310 27
051313 27
052201 19
052203 27
052310 13
052323 25
052331 16
052351 13
052353 10
052355 19
052417 4
052422 15
052442 27
052449 19
052466 6
057121 19
057122 17
057123 2
057125 15
057126 18
057127 27
057128 27
057129 27
057130 19
057131 9
057132 12
057133 6
057134 7
057135 19
057136 27
057137 7
057138 21
057205 10
057213 13
057276 8
057283 16
057286 13
057287 16
057289 19
057290 27
057295 4
057297 10
057298 19
057301 6
057302 19
057305 13
057316 1
057366 13
057404 19
057407 26
057425 25
057428 9
059405 16
059419 22
061103 15
061106 9
061201 19
061205 25
061223 27
061306 27
061312 4
061313 13
061317 7
061401 27
061403 19
061430 10
062320 22
062341 19
062342 13
062343 13
062344 19
062345 7
062346 10
062360 19
062380 16
062411 22
062452 10
062460 19
062470 4
064202 19
064204 7
064207 7
064272 7
064273 27
064303 4
064410 10
064413 19
064417 10
064418 10
064422 19
064424 13
065120 9
065121 4
065211 4
065212 22
065311 13
065333 10
065420 6
065795 7
065797 27
065799 27
066222 25
066324 21
066412 4
066416 22
066426 25
067201 4
067203 7
067311 21
067371 10
067433 4
067435 25
067436 22
067491 16
067492 4
070100 27
070200 7
070301 27
070303 10
070304 4
070305 16
070308 7
070400 7
070403 13
070404 7
070410 27
070411 4
070413 10
070414 12
070415 27
070416 16
070711 7
070726 7
070740 27
070741 27
070792 27
071412 7
071413 27
071414 27
071415 24
071417 27
074100 2
074101 7
074201 10
076312 25
076314 3
076414 22
076426 7
076427 4
076428 27
076429 19
076444 16
076466 7
078444 6
078454 19
079444 27
099101 27
099102 26
100104 7
100105 21
100106 15
100107 12
100108 25
100205 16
100206 11
100207 15
100208 12
100209 21
100211 16
100306 16
100307 3
100308 14
100309 0
100310 22
100501 7
101201 27
101202 9
101205 18
101325 7
101490 13
103112 27
103271 23
104100 16
104302 22
104310 7
104320 10
104327 27
104334 27
104450 4
104490 7
109100 11
109114 21
112101 19
112105 22
112106 16
112109 7
112202 27
112205 27
112321 4
112322 7
112406 27
112424 7
115200 25
115300 10
115301 16
116301 19
126101 15
126102 7
126212 4
126213 18
126214 25
126325 25
126326 27
126328 22
126331 12
126332 13
126431 7
126436 16
126442 7
127100 7
127101 6
127202 16
127204 25
127205 13
127303 27
127313 22
127330 3
127359 27
127411 13
127412 16
127414 19
127716 10
127720 7
127721 27
127726 13
128100 23
128101 18
128201 21
128304 3
128305 27
128306 22
128308 19
128310 7
128351 27
128355 10
128423 16
128427 19
128434 16
128443 4
128700 13
128727 10
128734 7
128751 27
140104 22
152211 7
152301 27
152331 13
154104 12
154141 10
154152 12
154153 13
154173 16
154181 19
154251 12
154276 3
154281 25
154301 19
154330 7
154340 10
154363 10
154385 7
154431 22
154457 7
154481 16
159100 21
159101 7
159102 15
159151 12
159202 27
159204 13
159231 7
159331 19
159332 7
159401 7
159411 19
159412 16
159431 27
159434 27
160242 10
164261 10
168335 7
176100 3
176101 3
176104 7
177104 21
177113 25
177114 27
177141 15
177142 10
177181 13
177215 22
177217 19
177227 10
177228 12
177229 4
177300 25
177321 15
177332 13
177335 26
177341 10
177362 22
177443 22
177460 19
177463 22
177471 7
177472 4
177483 27
177491 7
179443 27
201100 10
201110 14
201114 19
201116 14
201117 7
202100 18
202101 21
202102 3
202147 22
202231 22
202302 27
202303 10
202305 19
202356 13
202362 7
202371 27
202405 13
202421 16
202446 27
202471 27
202475 22
202476 27
202484 27
202701 27
202731 27
202736 7
202744 27
202749 27
202775 10
202776 7
202803 7
202833 27
202849 27
203100 20
203104 21
203108 10
203111 18
203113 22
203114 17
203131 10
203132 15
203151 16
203152 21
203154 6
203158 16
203159 3
203162 6
203202 9
203203 12
203204 3
203206 18
203207 18
203208 18
203209 26
203211 18
203222 27
203223 26
203226 27
203232 4
203236 5
203250 4
203287 12
203316 7
203351 27
203459 27
203715 7
203719 16
203721 4
203725 7
203726 7
203734 4
203735 16
203749 4
203752 16
203754 27
203775 16
203812 4
203825 16
203829 27
203833 27
203879 7
204100 22
204101 22
204113 22
204202 16
204211 26
204217 7
204232 9
204251 22
204306 27
204315 0
204333 4
204355 19
204362 13
204382 10
204422 16
204423 4
204424 7
204441 4
204443 22
204452 7
204482 7
204483 19
204490 12
204725 13
204728 27
204755 7
204792 10
204891 27
205100 27
205103 13
205105 10
205216 1
205232 27
205244 15
205252 25
205282 19
205324 27
205344 16
205358 22
205382 4
205731 10
205742 7
205796 27
206100 5
206101 3
206103 16
206104 6
206111 6
206112 24
206113 7
206161 18
206162 18
206171 20
206172 17
206181 19
206182 16
206191 27
206211 27
206216 18
206217 27
206253 4
206255 19
206261 15
206266 22
206267 13
206281 8
206313 22
206321 15
206324 27
206325 19
206327 19
206331 7
206336 9
206341 21
206342 27
206355 7
206362 12
206364 7
206367 19
206368 1
206370 13
206421 16
206427 4
206428 19
206435 7
206437 27
206476 27
206481 22
206703 10
206722 13
206724 10
206725 7
206731 27
206737 7
206774 27
207100 22
207104 3
207105 12
207106 5
207108 5
207109 14
207110 22
207116 11
207117 0
207118 4
207125 0
207137 10
207162 10
207172 19
207181 21
207187 10
207188 3
207191 24
207195 10
207214 22
207302 16
207305 4
207306 16
207312 4
207402 27
207448 7
207704 13
207706 10
207708 7
207712 27
207766 27
207794 27
208101 24
208140 4
208141 15
208150 27
208263 24
208264 4
208271 13
208272 13
208322 22
208345 3
208346 7
208353 13
208362 16
208373 22
208384 27
208423 4
208444 27
208446 7
208460 4
208738 10
208772 7
208774 27
209203 4
209204 15
209252 21
209253 3
209262 26
209263 16
209270 16
209271 19
209272 22
209352 19
209370 22
209376 16
209382 4
209456 22
209466 16
210200 19
210207 7
210221 15
210251 3
210276 26
210315 19
210331 22
210355 13
210432 4
210448 27
210463 27
210702 7
210705 27
210743 16
210745 16
210748 4
210789 4
211100 19
211315 7
211319 18
211341 7
211342 19
211444 7
211709 7
211889 27
213708 27
213717 10
213718 13
213763 7
214100 27
214301 0
214310 27
214340 4
214341 19
214352 7
214412 4
214491 7
215205 26
215206 5
215207 22
215208 10
215303 4
215312 22
215313 19
215401 27
215482 22
215711 7
215741 10
215742 7
215743 27
215781 27
215783 10
217705 10
217708 7
217752 27
217773 27
218100 0
218234 25
218236 27
218244 21
218262 4
218352 19
218362 22
218372 4
218382 7
226703 10
226709 27
226710 7
226789 27
229123 16
229223 19
251100 15
251211 19
251213 22
251216 4
251242 16
251261 9
251292 27
251312 19
251333 19
251334 22
251342 13
251361 27
251363 10
251371 22
251372 16
251399 7
251411 16
251434 27
251436 4
251452 22
251455 16
251456 7
251461 4
251477 7
251704 10
251707 27
251723 7
251724 27
251746 27
251748 7
251754 13
251760 27
251763 10
251765 7
251773 13
251781 10
252210 21
252212 4
252222 26
252235 19
252282 22
252283 12
252285 9
252311 18
252320 7
252331 16
252353 27
252402 10
252403 4
252404 16
252413 16
252420 27
252423 22
252427 19
252428 25
252429 13
252435 4
252440 7
252459 25
252460 27
252479 7
252489 7
252706 7
252714 13
252727 19
252755 10
252774 27
252781 13
252785 27
252789 27
252792 7
253215 16
253433 16
253441 27
253443 27
253451 4
253452 7
253454 7
253716 19
253721 7
253722 13
253725 13
253734 7
253747 27
253749 4
253752 19
253754 10
253791 10
254182 16
254200 7
254205 19
254206 8
254211 26
254215 22
254216 26
254222 18
254231 16
254232 27
254271 24
254282 25
254325 4
254334 13
254352 25
254362 4
254371 7
254373 15
254400 7
254411 4
254412 7
254415 22
254421 27
254423 27
254424 16
254435 4
254445 27
254451 10
254452 19
254453 27
254466 22
254476 7
254477 13
254478 7
254495 3
254701 27
254721 4
254733 4
254737 16
254771 7
254803 4
254817 7
254857 7
255210 25
255230 8
255301 21
255316 0
255323 27
255328 4
255337 13
255340 27
255422 27
255425 27
255427 16
255432 4
255437 7
255440 4
255447 7
255455 16
255497 27
255714 13
255735 10
255750 13
255766 7
255769 27
255772 27
255779 27
255783 19
256100 4
256271 19
256317 3
256318 13
256334 10
256382 27
256383 4
256462 16
259103 25
259104 13
259106 16
259107 22
259108 3
259193 7
259195 21
259200 27
259201 0
259203 12
259401 16
260704 27
260708 22
260712 16
260719 7
260791 4
261102 22
261111 11
261112 16
261113 13
261205 7
261207 0
261208 3
261214 12
261215 27
261218 25
261305 27
261306 22
261332 19
261342 7
261343 22
261361 22
261430 7
261433 27
261444 7
261446 10
261447 13
261448 13
261449 7
261465 4
261473 19
261494 7
261497 27
261499 16
261742 27
261745 27
261755 27
261763 7
261764 13
261793 10
261795 10
261796 7
263710 7
263721 13
263724 19
263745 19
263751 10
264702 13
264705 10
264755 7
264789 27
265706 10
265709 7
265710 27
266703 7
266801 27
268732 27
268735 7
268741 10
268742 13
269103 19
269105 4
269130 13
269210 16
269341 19
269360 16
269370 4
269421 27
269431 7
269497 19
270701 7
270702 27
305203 1
318322 7
329104 0
330112 26
351100 16
351201 27
351364 19
351371 27
351426 4
352103 19
352311 13
352314 16
352315 4
352331 10
352332 7
352401 16
352412 10
352413 27
352421 16
352422 7
352433 4
352441 7
353313 10
353431 22
353441 7
353471 19
355411 22
356100 11
356101 27
356102 9
356210 3
356261 7
356311 27
356331 22
356431 13
356432 7
356441 10
356442 19
356443 27
356449 27
356455 27
356472 4
356475 7
357101 13
357110 16
357210 11
357323 4
357360 7
357418 27
357442 19
357444 16
359202 8
359205 27
359401 7
359408 27
359431 7
359455 27
360100 3
360210 2
361210 18
361321 22
361322 16
361341 4
361421 16
361433 19
361452 7
361461 27
361475 27
362211 10
363210 27
365425 27
368211 10
368317 27
400110 14
400210 16
401281 16
401383 22
401391 7
403281 4
403383 10
406284 18
406294 13
406386 3
406396 21
408382 26
410381 19
413383 0
413391 25
415393 27
420282 10
421282 27
421292 7
421386 4
421396 16
422381 15
428281 19
428282 22
428381 1
428383 13
461170 21
461471 0
461472 4
461511 1
461521 10
461526 19
461551 19
461566 13
461584 27
462130 27
462412 10
462413 7
462414 19
462503 13
462587 27
462588 7
463201 7
463252 27
463331 22
463332 19
463342 4
463354 27
463506 4
463512 10
463513 1
463543 19
463544 22
463557 16
463559 4
463571 19
463592 27
464302 16
464312 7
464402 7
464403 10
464414 4
464442 22
464443 16
464445 27
464446 13
501201 16
501202 27
501305 16
501306 4
502313 13
502314 10
504202 19
504305 19
506202 4
508304 4
510306 7
512304 27
513113 13
513115 16
513212 4
513216 27
513217 16
513225 19
513284 7
513331 4
513343 22
513364 27
513373 16
513390 7
513446 27
514202 16
514206 22
514222 10
514244 19
514272 4
514322 19
514352 22
514358 27
514382 7
514384 10
515204 22
515205 16
515256 4
515257 7
515337 10
515362 7
515380 27
552216 7
552217 27
552232 19
554413 19
555312 13
557432 10
558101 0
558313 7
558441 27
562101 24
562211 27
601201 9
601202 3
601231 0
601242 21
601342 4
601346 7
601361 27
601423 16
601425 19
601454 22
601455 16
601724 27
601745 7
601775 27
602100 21
602102 8
602103 14
602111 16
602120 24
602121 5
602122 10
602301 27
602314 22
602421 22
602453 16
602454 7
602455 4
602461 4
602471 7
602722 7
602741 27
602751 10
603200 27
603231 22
603321 7
603396 4
603496 27
603725 10
603743 7
603751 27
604101 7
604211 25
604311 10
604314 26
604315 25
604411 7
604415 27
604423 4
604431 27
604455 16
605203 13
605302 13
605313 27
605315 10
605316 19
605331 4
605430 7
605701 7
605711 10
605719 27
605742 7
606211 22
606243 4
606245 10
606264 22
606310 7
606451 27
606452 7
610114 6
651211 16
651212 4
651231 19
651234 27
651313 4
651314 19
651317 27
651319 13
651416 10
651425 7
701100 9
701101 22
701181 7
701183 8
701202 4
701235 22
701243 7
701244 19
701283 12
701295 7
701310 27
701335 22
701341 10
701408 4
701423 7
702100 10
702101 21
702211 26
702213 6
702312 13
702317 19
702321 22
702331 4
702342 27
702354 4
702418 19
703103 16
703202 7
703204 19
703243 10
703244 16
703309 27
703311 27
703322 27
703324 18
703330 19
703331 13
703345 10
703351 27
703361 22
703413 27
703441 10
703499 7
705191 15
705211 15
705311 18
705328 27
705331 19
705332 7
705343 13
705351 10
705431 10
705438 27
705440 4
705441 27
705444 7
705446 21
705448 22
705492 22
705499 27
751100 7
751101 21
751102 8
751106 19
751202 18
751209 3
751301 24
751302 16
751303 19
751304 27
751305 13
751308 10
751309 12
751321 7
751326 27
751330 10
751345 27
751401 16
751403 7
751405 22
751408 27
751413 13
751418 4
751419 7
751421 7
751428 13
751440 10
751443 19
751701 19
751702 13
751703 7
751705 27
751706 13
751708 27
751710 4
751712 4
751716 19
751724 13
751728 4
751732 10
751734 7
751744 10
751745 10
751751 7
751752 10
801100 17
801122 16
801134 4
801201 7
801204 22
801233 19
801236 27
801241 16
801322 27
801371 4
803122 22
803124 16
803131 7
803230 7
803232 27
851100 15
851103 26
851104 15
851105 4
851200 3
851201 14
851202 8
851204 27
851205 10
851241 22
851261 6
851273 3
851305 9
851306 22
851309 13
851310 4
851341 6
851342 19
851344 7
851350 27
851363 15
851366 16
851371 26
851375 10
851400 12
851401 19
851404 7
851443 27
851445 4
851450 25
851467 27
951100 9
951106 9
951124 19
951202 22
951231 16
951321 19
951366 27
951421 4
951497 7
951498 27
953102 7
953104 27
953111 15
953201 7
953202 13
953214 4
953231 22
953232 22
953234 13
953323 16
953494 4
953495 27
954140 4
954141 9
954142 16
954240 19
954244 12
954310 22
954326 22
954340 15
954364 19
954371 7
954372 16
954373 27
954413 4
954420 7
954422 4
954423 27
954443 19
954472 22
954498 10
