001101 1
001102 27
001111 27
001113 12
001201 1
001202 27
001210 19
001230 9
001231 21
001250 15
001281 7
001291 27
001293 27
001310 27
001311 10
001312 16
001318 13
001320 13
001321 13
001323 13
001330 27
001342 7
001353 19
001354 4
001361 10
001362 13
001381 16
001410 4
001425 27
001443 27
001444 10
001445 13
002101 27
002110 22
002191 27
002201 10
002211 4
002221 13
002250 27
002301 22
002333 19
002365 27
003101 27
003191 21
003201 7
003414 16
003421 22
003436 13
004282 13
004301 19
004303 4
004324 22
004432 27
004473 7
004475 27
004483 21
006103 21
006126 16
006206 13
006226 19
006241 7
006242 27
006253 4
006303 13
006331 16
006346 27
006448 27
008214 16
008303 4
008314 15
008411 13
008417 13
009103 22
009105 22
009212 27
009230 25
009231 10
009326 13
009328 27
011100 23
011152 16
011153 6
011251 2
011257 3
011259 22
011269 14
011276 16
011353 4
011356 22
011362 7
011363 10
011374 7
011461 27
011464 27
011479 13
012100 4
012173 18
012200 22
012273 16
012371 13
013103 15
013110 16
013203 22
013204 27
013207 13
013209 13
013302 22
013306 10
013307 13
013317 19
013326 22
013329 13
013330 7
013413 13
013420 27
013433 19
014210 13
014211 18
014270 27
014310 6
014322 7
014323 7
014370 10
014371 7
014381 4
014401 7
014481 27
015101 7
016101 27
016102 22
017101 27
017102 13
017111 27
017210 7
018103 27
018111 15
018113 16
018125 21
018203 0
018211 22
018213 27
018231 4
018235 13
018271 4
018321 4
018351 19
019101 12
019102 13
019103 13
019105 27
019106 27
019108 22
019111 27
019203 4
019205 7
019211 7
019221 16
019303 12
019311 16
019331 19
019361 4
019371 27
019381 7
019471 13
020101 22
020102 27
020211 16
020231 4
020341 13
020362 19
021101 22
021102 16
021203 27
025108 16
025110 27
025310 27
025480 19
026101 0
026102 22
026111 22
029701 7
029711 27
050100 4
050103 24
050104 18
050106 8
050111 7
051300 27
051306 27
051313 13
051412 7
051418 16
051421 16
052202 9
052314 6
052350 3
052352 13
052357 27
052421 19
055701 27
055704 27
055771 27
057121 17
057122 17
057123 20
057125 3
057126 26
057127 6
057128 8
057129 4
057130 9
057131 15
057132 5
057133 24
057134 0
057135 15
057136 4
057137 15
057201 19
057213 19
057215 16
057284 22
057285 4
057288 7
057293 7
057294 7
057296 27
057300 16
057305 13
057403 19
057405 22
057410 7
057420 7
057425 19
057426 27
057428 13
057450 27
059419 16
061106 15
061201 27
061223 16
061306 19
061309 22
061312 19
061317 10
061403 0
062200 16
062320 15
062341 4
062342 16
062343 19
062344 19
062346 22
062360 4
062380 10
062411 10
062452 7
062460 4
062499 16
063710 7
064201 27
064206 16
064207 7
064271 19
064272 7
064281 27
064301 16
064410 13
064423 22
064424 27
065210 16
065212 13
065310 13
065320 19
065332 7
065436 27
065799 27
066221 13
066323 7
066410 22
066414 27
066425 27
067202 7
067303 9
067311 19
067372 19
067373 27
067432 4
070100 13
070201 27
070301 7
070303 7
070304 13
070308 13
070400 27
070401 13
070404 22
070413 10
070414 16
070415 27
070416 27
070711 22
070720 4
070721 7
070727 7
070731 27
070740 27
071411 7
071412 7
071413 22
071415 13
071416 21
071419 16
071420 27
071423 19
071425 7
071426 16
071724 27
074100 7
074101 9
074414 16
076312 22
076314 13
076414 13
076427 22
076428 22
076429 19
076444 4
076466 27
077422 16
078444 21
078454 13
099101 4
099102 25
100102 3
100103 4
100104 10
100105 27
100106 9
100107 21
100108 12
100205 13
100206 22
100207 10
100208 3
100209 0
100306 23
100307 26
100308 4
100309 18
100310 6
100501 22
101100 24
101105 22
101201 7
101211 13
101400 22
101405 7
103191 27
103271 21
104200 4
104201 16
104300 16
104301 0
104325 10
104340 27
104410 13
104495 13
105304 19
109100 24
109115 2
112101 0
112102 7
112103 13
112108 27
112110 4
112201 22
112203 27
112213 13
112300 27
112314 15
112411 19
115200 13
115300 27
115301 16
115302 22
126101 13
126321 4
126330 22
126428 13
126443 27
127100 13
127101 7
127203 16
127206 4
127207 22
127303 4
127312 25
127314 16
127315 22
127316 27
127320 13
127326 13
127329 7
127413 19
127711 22
127717 4
127718 7
127719 27
128100 18
128101 24
128202 16
128203 18
128204 4
128307 22
128309 7
128352 13
128354 13
128403 27
128701 27
128710 22
128730 4
128734 7
128740 7
128762 27
140103 21
152321 27
154104 0
154141 27
154151 7
154231 16
154262 13
154281 10
154311 22
154330 19
154352 4
154371 27
154384 27
154388 13
154443 13
154455 12
154482 27
154488 13
159100 3
159101 9
159151 0
159203 15
159221 22
159301 27
159351 4
159356 27
159403 13
159411 13
159412 22
159431 7
159454 22
164200 4
164341 22
168101 27
168313 10
176100 5
176101 16
176220 27
177103 27
177214 4
177216 19
177242 22
177283 12
177285 16
177321 7
177330 7
177336 10
177341 16
177361 22
177393 13
177404 22
177425 7
177426 19
177427 7
177434 10
177446 27
177447 9
177450 13
177464 16
177465 27
177467 22
177481 27
201100 25
201110 19
201114 13
201115 21
201116 14
201117 27
202100 26
202101 13
202141 4
202143 27
202145 18
202184 12
202231 26
202260 21
202321 27
202334 4
202342 19
202353 15
202361 4
202434 27
202473 7
202495 27
202742 13
202764 13
202765 7
202773 13
202782 13
202833 27
202848 7
202873 13
203100 11
203103 27
203111 7
203116 27
203151 7
203162 21
203201 21
203203 7
203204 22
203206 4
203207 9
203208 27
203209 7
203222 13
203226 17
203231 27
203235 18
203236 10
203255 7
203315 4
203331 27
203351 4
203352 19
203475 13
203714 13
203716 4
203722 7
203732 27
203736 7
203739 13
203743 7
203753 27
203821 4
203828 27
203879 19
204100 19
204101 4
204111 27
204202 27
204219 9
204231 27
204251 19
204321 22
204325 7
204341 19
204361 16
204363 27
204365 27
204381 27
204383 27
204432 27
204435 27
204451 10
204453 13
204471 13
204712 27
204721 4
204732 7
204735 22
205100 22
205103 4
205104 19
205105 7
205235 13
205239 7
205275 3
205303 4
205337 16
205355 13
205393 22
205712 4
205735 7
205783 27
206100 23
206101 21
206103 15
206107 18
206111 22
206113 27
206161 7
206171 25
206181 22
206191 19
206203 15
206211 13
206216 6
206217 27
206261 7
206267 21
206281 21
206300 22
206321 13
206324 10
206325 22
206327 27
206331 7
206335 10
206336 16
206341 13
206355 9
206362 6
206370 19
206381 27
206436 7
206437 13
206441 4
206717 7
206720 4
206721 7
206730 27
206736 27
206753 27
207100 12
207103 3
207105 19
207107 27
207109 0
207110 7
207115 16
207117 3
207123 11
207131 25
207135 4
207171 5
207173 18
207183 13
207187 25
207203 12
207205 10
207208 10
207213 13
207308 19
207310 22
207313 13
207323 4
207348 4
207401 7
207406 27
207701 22
207703 4
207705 7
207711 27
207741 27
208101 22
208140 27
208263 2
208270 9
208271 18
208272 27
208280 19
208321 13
208329 22
208343 27
208348 7
208425 13
208737 27
209201 22
209251 27
209301 4
209302 13
209303 22
209331 19
209351 16
209358 19
209361 10
209368 7
209375 7
210201 7
210202 27
210204 19
210343 7
210351 27
210383 22
210425 16
210434 10
210703 22
210704 4
210707 7
210731 27
210733 27
210743 27
211100 24
211311 22
211315 13
211319 7
211413 4
211440 22
211442 13
211495 27
211702 7
211889 13
213706 7
213707 27
213714 13
214261 27
214312 10
214341 22
214381 4
214414 19
214415 27
214421 7
215205 19
215206 25
215207 19
215208 21
215423 19
215424 13
215431 13
215475 22
215476 4
215485 7
215486 27
215734 13
215744 7
215752 27
215762 13
215785 13
217701 4
217703 7
217707 27
217734 7
217751 27
217775 7
218100 19
218101 21
218233 16
218235 27
218321 10
218323 13
218351 16
219761 7
219789 27
220703 27
226701 22
226702 4
226704 7
226711 7
226801 27
251101 10
251211 15
251213 4
251261 27
251281 22
251312 22
251313 7
251363 16
251374 4
251384 16
251419 27
251437 4
251438 13
251439 22
251451 7
251475 13
251701 4
251702 6
251703 27
251711 7
251715 27
251745 7
251751 22
251752 4
251757 6
251758 7
251776 22
251783 4
251784 6
251785 7
251790 27
252201 19
252211 24
252232 4
252282 19
252283 5
252285 12
252286 25
252301 10
252302 27
252317 22
252322 15
252325 13
252327 15
252330 12
252342 13
252363 4
252420 7
252421 4
252427 27
252444 15
252498 7
252702 22
252726 7
252746 4
252747 7
252791 27
253303 15
253314 22
253315 13
253455 16
253481 10
253701 27
253715 4
253717 10
253731 22
253732 4
253735 19
253736 7
253748 22
253754 13
254181 16
254205 15
254206 4
254211 27
254215 0
254216 16
254222 26
254231 10
254232 22
254252 22
254282 21
254302 7
254325 19
254333 9
254372 13
254373 13
254421 13
254426 27
254435 13
254436 4
254439 21
254442 7
254444 13
254451 7
254456 22
254459 22
254461 27
254471 10
254473 7
254700 27
254702 19
254703 7
254710 13
254711 4
254734 27
254736 19
254770 19
254804 4
254873 4
254875 13
255201 24
255215 11
255251 2
255290 13
255300 19
255320 16
255321 6
255330 22
255359 4
255415 13
255431 13
255432 22
255434 27
255454 27
255455 27
255492 13
255722 22
255734 4
255738 27
255750 7
255764 7
255770 4
255771 27
255772 7
255786 22
255811 7
255820 27
256100 16
256212 27
256281 4
256316 27
256333 16
256373 22
256418 13
256441 27
259103 27
259104 25
259106 4
259107 26
259108 9
259109 12
259201 20
259203 13
260402 16
260413 27
260701 27
260702 13
260705 22
260709 4
260716 22
260718 4
260772 7
261103 27
261111 0
261200 27
261210 19
261212 13
261216 22
261217 4
261304 13
261305 22
261335 15
261336 10
261342 16
261343 27
261361 27
261405 4
261434 7
261447 19
261458 27
261461 4
261469 10
261701 4
261702 7
261706 27
261739 22
261752 27
261754 7
261769 22
261791 4
261895 27
263701 4
263702 27
263720 22
263746 13
263760 7
263770 7
263771 22
264701 22
264703 4
264706 6
264710 6
264733 7
264791 27
266702 27
268721 27
269101 16
269102 27
269111 7
269200 19
269201 4
269202 13
269340 13
269430 10
269452 4
269462 16
269470 27
269493 16
301254 13
305202 7
311352 18
318322 19
318351 16
320351 15
321251 7
324703 27
328310 27
328313 13
330110 25
330111 7
351100 22
351200 17
351201 0
351301 16
351321 19
351331 13
351441 21
351442 22
351451 16
351466 27
351489 27
352103 6
352301 22
352311 27
352321 19
352323 16
352422 13
353210 16
353301 16
353311 21
353418 16
353421 27
353431 19
353451 18
354311 13
356100 26
356101 19
356102 18
356202 13
356210 10
356212 22
356261 16
356303 19
356304 22
356411 27
356416 22
357101 11
357110 4
357210 13
357322 16
357325 13
357417 22
357441 18
357491 27
359202 20
359203 0
359204 6
359210 19
359311 7
359409 27
359421 7
359465 13
360100 14
360400 22
360403 4
360423 7
360460 27
361210 0
361214 10
361301 7
361351 13
361442 22
361453 4
361461 27
361471 16
362211 18
363210 27
365321 16
365322 19
365324 10
365421 22
368200 16
400110 15
401382 12
403382 19
406385 13
406395 10
409281 19
409292 3
411281 22
411291 4
415291 16
420281 27
421281 21
421291 10
421385 4
421395 7
423382 27
428382 22
461100 12
461435 22
461472 27
461514 7
461523 27
462130 12
462151 21
462405 7
462409 27
462445 13
462541 4
462543 7
462584 27
463251 7
463311 27
463331 19
463341 7
463353 13
463402 10
463433 7
463455 19
463491 12
463503 19
463513 7
463545 13
463556 4
463571 13
464301 21
464311 10
464341 16
464401 16
464413 4
464441 22
464443 9
464444 13
464445 27
464502 7
501301 19
501302 4
504302 13
506303 10
506361 13
508203 13
508303 27
510201 27
510202 15
512303 7
513111 7
513114 27
513223 4
513224 13
513283 27
513315 4
513324 16
513328 19
513363 22
513371 7
513411 22
513429 4
513445 7
513471 27
514211 22
514241 19
514317 13
514323 27
514341 7
514343 19
514381 22
514383 4
514451 27
515201 27
515250 7
515306 13
515310 13
515334 22
515361 22
515364 4
515370 7
515373 27
518770 27
551312 19
552216 27
552217 7
552222 22
553311 13
554312 22
556412 4
561313 7
561314 27
562101 22
562211 27
601201 18
601302 16
601341 7
601344 4
601351 27
601422 13
601452 7
601456 19
601731 4
601758 7
601765 22
601842 27
602100 23
602102 3
602103 21
602111 27
602211 13
602315 22
602321 10
602322 27
602431 4
602432 27
602441 16
602464 13
602731 7
602761 27
603211 9
603321 22
603322 19
603351 27
603421 4
603441 7
603471 27
603496 27
603711 4
603723 7
603731 27
604304 19
604305 4
604312 13
604313 10
604351 27
604352 9
604451 27
604711 7
604715 27
605201 27
605204 19
605301 19
605313 27
605314 22
605321 4
605322 22
605701 22
605713 4
605741 7
605745 27
605751 27
606231 13
606242 13
606244 16
606263 27
606310 22
606343 7
610114 8
651104 7
651105 22
651109 15
651120 27
651210 27
651311 22
651312 4
651315 7
651316 27
701100 10
701101 10
701104 7
701181 7
701183 7
701201 22
701205 16
701211 7
701243 13
701281 12
701313 7
701321 4
701331 13
701341 27
701344 22
702100 22
702101 16
702205 4
702211 21
702213 27
702312 4
702316 16
702317 22
702341 13
702351 27
703103 13
703109 7
703202 23
703243 9
703244 9
703305 7
703308 10
703309 22
703310 13
703322 10
703323 19
703330 16
703331 27
703391 27
703404 22
703412 19
703447 4
703454 13
703498 27
705191 13
705211 6
705311 5
705329 4
705331 22
705332 15
705342 7
705351 15
705431 19
705438 19
705440 13
705441 22
705442 7
705444 12
705461 27
705493 13
705499 22
751100 10
751101 11
751102 6
751106 9
751202 19
751209 3
751301 4
751302 4
751303 7
751304 13
751305 12
751308 22
751309 22
751321 10
751326 7
751330 27
751345 13
751401 22
751403 19
751405 16
751408 13
751417 27
751418 19
751419 10
751422 15
751428 27
751440 27
751441 22
751443 13
751447 4
751451 7
751701 7
751702 27
751703 6
751704 22
751705 22
751706 4
751708 22
751712 27
751716 13
751724 7
751725 4
751726 7
751727 13
751729 13
751734 6
751744 4
751752 27
801100 26
801201 19
801225 21
801235 13
801321 4
801331 27
801333 13
801336 22
801421 10
801471 7
801481 27
803121 7
803123 27
803231 16
851100 14
851104 27
851105 16
851108 19
851200 4
851201 10
851202 7
851204 14
851205 6
851273 26
851305 3
851309 27
851313 19
851343 21
851344 22
851345 4
851360 4
851362 22
851367 13
851372 22
851375 12
851400 7
851404 15
851406 16
851407 27
951100 20
951101 27
951102 7
951125 22
951203 19
951302 13
951323 7
951331 4
951344 13
951348 7
951352 22
951497 22
953103 13
953111 5
953211 7
953212 13
953233 19
953261 15
953321 22
953322 19
953331 13
953361 4
953421 27
953494 13
954100 27
954140 22
954141 4
954245 22
954246 19
954260 7
954270 13
954311 22
954312 16
954320 27
954323 13
954343 13
954370 7
954374 4
954412 27
954413 27
954462 13
954471 13
954491 16
954498 4
