001101 4
001102 1
001112 13
001118 4
001201 1
001202 27
001210 27
001222 20
001223 4
001224 0
001225 4
001226 21
001227 0
001228 4
001229 4
001230 10
001231 10
001234 9
001250 7
001291 26
001292 25
001310 0
001311 4
001312 16
001314 13
001315 4
001320 25
001321 25
001323 6
001330 3
001341 22
001342 19
001352 25
001355 15
001361 21
001362 7
001391 15
001410 13
001423 12
001440 27
001445 10
001446 25
001463 27
001471 27
001472 25
002102 9
002111 13
002191 9
002202 18
002230 13
002260 7
002302 10
002311 19
002321 4
002331 12
002362 25
002402 10
002441 13
002471 7
003102 10
003191 21
003202 27
003314 13
003331 27
003332 25
003361 22
003367 27
003454 27
004282 22
004465 25
004472 19
004474 13
004476 21
006103 15
006226 18
006241 21
006253 27
006307 13
006326 25
006330 9
006349 16
006353 19
006423 7
006432 7
006443 18
006448 22
006475 25
008214 10
008314 22
008326 7
008402 13
008411 27
009103 27
009213 27
009234 13
009236 9
009254 18
009325 19
009327 3
009344 3
009355 22
009356 24
009358 27
009363 13
009446 27
011100 21
011101 6
011154 22
011156 10
011157 9
011251 27
011257 6
011268 27
011269 27
011276 18
011277 9
011278 13
011355 7
011367 25
011457 25
011479 27
012173 10
012200 21
012271 15
012272 7
013103 7
013110 10
013203 10
013204 16
013207 25
013208 13
013209 15
013216 19
013217 27
013301 21
013303 27
013306 7
013321 22
013335 24
013337 4
013410 3
013413 19
013422 13
013428 22
013431 22
013432 13
014210 16
014211 13
014270 21
014310 27
014311 9
014323 13
014370 25
014383 19
014390 27
014401 6
014410 9
014422 13
014423 27
014471 7
014481 25
015101 6
015102 27
016101 13
016102 16
017101 21
017102 10
017111 22
017112 27
017231 19
018104 18
018111 7
018112 22
018114 27
018126 10
018204 22
018271 21
018323 7
018352 13
018372 22
018468 27
019101 27
019104 22
019105 7
019106 27
019112 4
019204 18
019205 7
019206 10
019212 13
019222 27
019332 25
019351 10
019362 22
019373 19
019441 13
020101 18
020102 10
020212 18
020231 7
020232 13
020261 22
021101 8
021102 22
021203 7
021204 27
021270 27
024752 27
025110 27
025381 13
025481 27
026101 6
026102 19
026111 7
026112 27
026201 10
026202 10
050100 13
050103 26
050104 14
050106 12
050112 19
050113 10
051302 25
051304 7
051306 19
051310 7
051313 10
051412 10
051418 27
052203 25
052310 19
052323 4
052331 10
052350 22
052351 13
052353 7
052355 3
052400 16
052417 13
052420 3
052422 24
052441 10
052442 25
052445 19
052448 27
052449 18
052725 7
054821 27
054822 27
055702 7
055703 27
055711 22
055739 22
057121 23
057122 20
057123 18
057125 15
057126 24
057127 19
057128 21
057129 24
057130 14
057131 15
057132 9
057133 10
057134 16
057135 22
057136 27
057137 25
057138 10
057139 7
057213 6
057283 10
057286 16
057287 19
057290 27
057295 16
057297 27
057298 25
057301 15
057302 27
057305 22
057307 10
057316 25
057366 6
057401 25
057404 7
057407 13
057413 19
057419 10
057425 27
057427 13
057428 3
057450 27
059405 16
059413 27
059419 24
061106 7
061201 27
061205 13
061223 7
061224 27
061306 15
061312 9
061313 22
061317 22
061319 24
061401 25
061403 27
061405 22
061430 15
062342 16
062346 10
062360 19
062380 16
062411 10
062452 19
062460 13
062470 13
062499 7
063201 7
064204 10
064231 27
064232 19
064252 7
064303 7
064411 19
064412 19
064413 16
064417 24
064422 7
064423 18
064424 27
064474 13
065120 19
065121 15
065211 27
065212 22
065311 9
065320 25
065333 3
065420 10
065436 13
065437 13
065438 13
065782 22
065795 7
065797 27
065799 27
066222 13
066324 24
066412 13
066416 22
066426 18
067201 7
067203 27
067303 10
067311 9
067371 7
067433 13
067435 16
067436 4
067491 7
070200 18
070304 7
070305 7
070400 7
070401 10
070403 13
070404 4
070410 27
070411 27
070413 27
070414 6
070415 22
070416 13
070727 7
070731 27
070741 27
071411 16
071412 27
071413 4
071414 24
071415 7
071416 26
071417 7
071419 20
071420 27
071426 25
071724 27
074100 15
074101 24
076414 19
076426 22
076427 24
076428 7
076429 7
076430 15
076444 13
076466 16
078444 18
079444 22
088708 27
099101 9
099102 22
099103 16
100102 7
100104 7
100109 3
100110 13
100111 19
100112 24
100205 10
100206 27
100207 6
100208 13
100210 16
100212 24
100213 19
100214 7
100218 27
100219 23
100220 12
100222 7
100225 4
100227 7
100281 21
100306 10
100307 27
100308 22
100309 19
100310 4
100501 15
101201 22
101202 24
101205 23
101325 19
101405 7
101490 7
103271 22
104100 19
104201 27
104302 25
104310 7
104320 19
104327 10
104334 19
104435 7
104450 27
104490 27
109100 7
109114 12
112101 7
112105 27
112106 19
112109 10
112202 13
112205 27
112303 27
112321 7
112322 7
112406 19
112424 27
115300 13
116301 25
116302 27
126101 26
126102 27
126212 16
126213 22
126214 7
126324 25
126325 27
126328 24
126330 15
126331 16
126332 7
126400 7
126431 25
126434 22
126436 20
126437 27
126438 22
126442 8
127100 22
127101 24
127202 22
127205 9
127206 24
127303 23
127313 13
127320 22
127330 10
127332 13
127333 9
127336 3
127359 20
127411 15
127412 19
127413 10
127414 13
127415 7
127416 19
127424 13
127433 13
127492 27
127716 22
127720 7
127721 19
127730 27
128100 9
128101 16
128201 22
128304 13
128305 4
128306 23
128308 23
128310 13
128353 7
128401 25
128423 27
128425 16
128427 24
128429 22
128434 27
128445 22
128451 27
128462 19
128471 13
128484 7
128700 22
128712 19
128727 7
128734 27
128751 19
140101 27
140102 15
140103 9
140104 12
140105 18
152211 7
152301 27
152321 27
152331 27
154100 27
154104 10
154141 6
154152 22
154153 12
154173 13
154181 16
154251 25
154276 19
154281 21
154301 10
154330 22
154431 13
154479 27
154482 7
154492 22
159100 9
159101 11
159102 22
159151 16
159202 24
159203 27
159204 10
159331 25
159411 13
159412 27
159434 12
159462 19
160342 4
164261 27
164341 13
168101 7
168410 7
176100 19
176101 20
176104 3
177104 13
177113 21
177114 19
177141 10
177142 7
177181 27
177220 19
177222 22
177227 10
177228 22
177229 15
177300 13
177321 9
177332 27
177335 19
177341 25
177361 16
177362 4
177413 7
177420 16
177425 7
177429 25
177430 24
177431 10
177433 21
177460 22
177464 13
177465 10
177466 16
177470 3
177471 13
177483 16
177491 7
177494 25
177495 25
179402 7
179403 7
179404 13
179406 27
179443 3
201100 18
201110 3
201114 16
201116 25
201117 23
201190 27
202100 22
202101 9
202102 0
202147 20
202231 18
202303 7
202305 22
202311 13
202331 7
202356 7
202371 9
202405 9
202432 15
202442 27
202461 22
202471 16
202475 13
202476 25
202484 19
202731 7
202736 7
202749 27
202770 22
202804 27
202807 27
202833 27
202843 7
203100 11
203104 6
203108 14
203111 11
203113 12
203114 20
203131 22
203132 12
203151 4
203152 3
203154 4
203158 4
203159 19
203162 19
203202 8
203203 25
203204 22
203206 14
203207 22
203208 9
203209 25
203211 25
203222 24
203223 20
203226 15
203232 16
203236 20
203250 13
203287 9
203300 22
203304 27
203316 9
203351 7
203352 14
203413 13
203424 7
203425 13
203435 13
203459 10
203708 7
203715 27
203719 22
203721 27
203734 22
203735 7
203749 22
203754 27
203775 7
203804 27
203812 7
203825 22
203829 7
204100 25
204101 27
204113 10
204123 13
204202 27
204217 25
204232 3
204251 21
204306 19
204315 18
204320 7
204333 13
204355 7
204362 9
204382 10
204422 22
204425 10
204441 7
204443 12
204452 27
204456 15
204482 27
204483 16
204490 25
205100 16
205103 25
205105 21
205216 25
205232 7
205244 27
205252 16
205282 18
205324 10
205344 27
205358 7
205361 13
205382 13
205421 7
205473 27
206100 15
206103 26
206104 18
206108 22
206111 17
206112 6
206161 9
206162 13
206171 14
206172 14
206181 10
206182 13
206191 7
206211 27
206216 20
206217 10
206253 12
206255 27
206261 21
206266 23
206281 7
206311 27
206313 27
206321 18
206325 3
206327 12
206331 22
206336 21
206341 25
206342 7
206355 16
206357 7
206362 8
206364 27
206367 15
206368 9
206370 6
206421 13
206435 7
206437 22
206467 24
206471 25
206476 9
206481 13
206725 22
206726 7
206728 27
206729 27
206731 22
206734 7
206736 22
206737 22
206774 7
207100 27
207104 5
207105 25
207106 3
207108 14
207109 6
207110 7
207116 0
207117 16
207118 22
207125 15
207137 4
207162 22
207172 13
207181 21
207187 5
207188 19
207191 27
207195 25
207214 22
207302 10
207305 19
207306 6
207312 16
207321 13
207402 7
207408 27
207415 22
207442 27
207448 25
207449 7
207704 19
207706 22
207708 7
207712 27
207741 27
207766 27
207776 27
208101 2
208140 10
208141 10
208161 7
208250 7
208263 16
208264 19
208271 27
208272 17
208322 11
208345 10
208346 7
208353 12
208362 13
208373 13
208384 27
208423 7
208444 25
208446 22
208460 27
208738 19
208740 27
208770 7
208772 7
208774 22
208776 7
208873 27
209203 15
209204 9
209252 1
209253 3
209262 19
209263 22
209270 3
209271 25
209272 16
209322 16
209332 16
209341 10
209352 19
209370 22
209376 19
209382 13
209424 7
209452 10
209454 3
209456 13
209466 22
209486 27
209714 22
209772 27
209787 7
209789 22
210100 10
210200 15
210207 25
210221 13
210251 27
210276 19
210315 12
210331 7
210355 22
210432 13
210435 13
210448 7
210463 27
210702 27
210717 7
210734 22
210741 7
210743 22
210748 7
210787 22
211100 3
211303 7
211312 13
211315 26
211318 19
211319 19
211341 4
211342 22
211448 27
211449 25
211495 19
211709 27
212712 27
212714 7
212731 22
213708 27
213717 7
213718 7
213763 22
214301 12
214310 19
214340 27
214341 25
214352 27
214403 7
214412 25
214431 27
214442 10
214462 27
214491 13
215205 0
215206 5
215207 22
215208 10
215303 27
215312 23
215313 16
215314 24
215401 16
215462 13
215482 7
215711 7
215783 27
217705 22
217708 7
217773 27
218100 24
218234 16
218236 27
218244 13
218262 25
218352 25
218362 13
218372 22
218382 24
218481 7
218486 7
218496 27
219753 22
219781 7
226703 27
226704 7
226710 7
226805 27
229223 26
229351 16
251100 15
251211 10
251213 27
251216 19
251242 27
251261 9
251292 24
251312 13
251313 18
251333 16
251334 3
251342 25
251361 7
251363 22
251371 15
251372 10
251374 15
251399 12
251411 27
251417 27
251434 27
251436 7
251451 22
251455 6
251456 27
251457 7
251461 7
251465 13
251704 13
251707 27
251713 27
251716 19
251723 22
251724 7
251738 27
251746 19
251748 22
251754 19
251760 22
251763 27
251765 7
251773 19
251781 22
251784 7
252210 0
252212 18
252222 12
252235 21
252281 25
252282 19
252283 16
252285 7
252311 9
252320 12
252331 10
252353 16
252401 13
252402 6
252403 3
252404 10
252413 7
252420 22
252421 22
252422 7
252423 15
252427 13
252428 9
252429 3
252435 13
252440 22
252442 16
252443 22
252448 13
252450 25
252456 22
252459 27
252460 7
252479 7
252489 25
252706 7
252707 22
252714 19
252721 19
252727 22
252755 22
252765 7
252781 7
252792 27
253215 19
253318 13
253321 25
253332 16
253423 4
253433 10
253441 27
253443 13
253451 7
253452 19
253454 27
253721 27
253725 19
253731 19
253734 22
253735 22
253747 13
253749 10
253752 13
253754 7
253791 7
254182 10
254200 24
254205 16
254206 18
254207 22
254211 25
254215 12
254216 10
254222 15
254231 19
254232 3
254271 6
254282 22
254334 18
254352 25
254362 12
254371 13
254373 21
254400 7
254411 7
254412 13
254415 10
254421 10
254423 27
254424 22
254427 27
254435 19
254441 27
254443 27
254445 7
254446 13
254451 22
254452 22
254453 19
254466 10
254476 19
254477 13
254478 7
254495 7
254701 27
254721 7
254733 19
254737 22
254771 22
254816 27
254857 7
255210 11
255230 8
255300 7
255301 17
255316 0
255323 27
255328 5
255337 27
255340 3
255393 25
255422 22
255425 27
255430 27
255432 9
255433 27
255437 19
255440 13
255442 13
255445 13
255447 7
255451 7
255455 16
255463 27
255471 10
255497 7
255714 13
255735 22
255746 27
255750 19
255751 19
255769 7
255772 7
255783 19
255786 7
255791 10
255792 7
256100 9
256271 16
256281 15
256317 16
256318 24
256334 7
256415 13
256419 27
256442 7
256443 9
256456 19
256473 25
256474 27
256713 19
256741 27
256752 22
256753 7
256791 27
259103 20
259104 21
259106 6
259107 25
259108 22
259193 18
259195 9
259200 13
259201 17
259203 25
259401 7
260313 7
260334 27
260421 27
260702 19
260712 22
260719 7
260791 27
261102 18
261111 26
261112 6
261113 27
261205 7
261207 22
261208 9
261214 18
261215 16
261218 19
261305 22
261306 19
261332 23
261342 27
261343 19
261361 15
261411 13
261421 27
261430 25
261433 7
261444 7
261446 10
261447 7
261448 27
261449 7
261453 25
261465 10
261473 7
261479 27
261494 10
261497 24
261498 7
261499 13
261731 27
261736 27
261742 13
261745 19
261751 27
261752 22
261755 7
261763 19
261792 13
261796 22
261891 19
263710 19
263721 22
263724 7
263745 27
263751 27
264702 22
264703 7
264705 27
264755 19
264791 13
265706 22
265709 7
265710 27
266703 27
266801 7
268735 19
268741 22
268742 27
269103 22
269105 19
269130 27
269210 10
269341 19
269360 25
269370 22
269497 13
269498 13
270721 22
270791 22
305203 25
318322 7
329104 5
330112 4
351100 6
351201 7
351302 10
351331 4
351364 27
351371 25
351425 24
351426 7
351464 19
352103 6
352311 13
352314 10
352315 12
352323 13
352331 4
352332 16
352401 19
352412 25
352413 27
352421 7
352422 7
352433 13
352441 16
353313 7
353418 19
353431 10
353441 10
353471 13
353482 22
354311 10
354312 27
355411 19
356100 23
356101 14
356102 27
356210 0
356261 10
356306 27
356331 16
356333 16
356373 10
356375 22
356411 19
356412 27
356415 13
356416 19
356431 25
356432 13
356441 7
356442 22
356443 18
356444 10
356446 27
356447 13
356448 27
356449 7
356455 27
356472 13
356474 7
357110 24
357210 6
357322 7
357323 19
357418 4
357421 19
357432 16
357442 25
357444 16
357446 22
359202 26
359205 13
359206 27
359302 4
359305 13
359341 27
359350 16
359360 19
359401 27
359403 22
359419 7
359422 13
359452 25
359455 7
359460 4
359461 13
360100 15
360301 10
360402 7
360403 7
360411 27
360423 7
360441 10
360460 13
361210 22
361211 25
361214 7
361341 13
361414 27
361421 25
361433 19
361442 27
361461 22
361475 10
363210 16
365201 13
365211 7
365301 13
365324 19
365331 10
365422 7
365425 25
365426 27
368211 10
368310 7
368412 24
368417 15
368433 7
400110 12
400210 21
401281 4
401383 22
401391 19
403281 25
403383 7
406284 7
406294 9
406386 9
406396 12
408382 27
410381 15
413383 3
413391 4
415393 25
420282 27
421282 16
421292 13
421386 10
421396 16
422381 18
428281 19
428282 22
428381 13
428383 24
461170 7
461471 16
461472 10
461511 4
461526 16
462130 24
462531 19
462542 22
462545 7
462582 27
462587 16
462588 27
463201 7
463252 19
463331 10
463332 10
463342 27
463354 19
463512 27
463513 3
463534 4
463543 13
463544 10
463557 7
463559 19
463571 3
463592 27
464302 7
464312 13
464402 25
464403 19
464414 4
464442 22
464443 13
464445 16
464446 7
464500 27
464502 19
464504 10
464505 13
464506 22
464508 27
464544 7
464545 27
464546 27
464549 25
501201 10
501202 19
501305 7
501306 27
502313 16
502314 25
504202 25
504305 19
506202 13
508304 13
510306 22
512304 10
513113 16
513115 19
513212 13
513216 7
513217 19
513225 10
513284 27
513331 27
513343 13
513364 7
513373 19
513390 10
513411 7
513446 27
514202 13
514206 16
514222 19
514244 27
514272 22
514322 16
514336 22
514352 7
514358 10
514382 13
514384 25
514396 27
514398 19
515204 25
515205 7
515256 10
515257 27
515330 27
515337 16
515339 19
515362 13
515377 10
515378 22
515380 7
515407 19
515440 22
515441 7
515442 27
518724 27
518770 7
551311 22
552216 7
552217 27
552232 13
553312 13
554314 7
555313 7
556311 27
557433 19
558101 23
558432 10
561312 27
562101 25
562211 27
571115 27
601201 15
601202 13
601231 7
601242 13
601342 7
601346 25
601351 13
601361 10
601423 27
601424 13
601425 13
601436 13
601452 13
601471 7
601472 27
601745 7
601769 22
601775 27
602100 11
602102 8
602103 7
602120 16
602121 21
602122 7
602314 24
602421 27
602432 16
602453 19
602454 27
602455 7
602461 10
602463 22
602471 13
602741 7
602751 27
603200 21
603231 4
603321 13
603341 13
603396 10
603423 27
603496 7
603725 22
603743 7
603751 27
604101 8
604211 6
604311 3
604314 9
604315 4
604411 18
604415 13
604423 11
604431 12
604443 7
604454 13
604455 27
605203 27
605302 27
605313 25
605315 25
605316 16
605321 13
605331 25
605340 7
605412 27
605430 4
605711 7
605719 27
606211 27
606243 27
606245 13
606264 19
606310 25
606341 19
606342 22
606344 7
606451 10
606452 27
610114 18
651211 13
651212 7
651231 22
651234 27
651306 13
651313 10
651314 13
651317 27
651319 19
651416 22
651425 7
701100 5
701101 27
701181 17
701202 25
701211 27
701235 18
701243 7
701244 13
701283 8
701310 10
701335 27
701408 7
701409 7
701410 13
701496 27
702100 23
702101 6
702211 19
702213 15
702312 24
702317 19
702321 24
702331 13
702342 22
702354 21
702423 10
702443 13
702499 27
703103 22
703202 3
703204 25
703243 16
703244 18
703322 22
703324 9
703330 7
703331 12
703345 22
703351 21
703361 13
703413 27
703441 25
703444 10
703499 10
705191 7
705211 22
705311 19
705328 22
705331 6
705332 13
705343 27
705431 25
705438 16
705440 10
705441 4
705444 7
705446 27
705447 13
705461 9
705492 19
705499 7
751100 7
751101 5
751102 19
751106 25
751202 12
751209 15
751301 2
751302 0
751303 7
751305 10
751308 9
751309 13
751321 7
751326 7
751330 10
751345 24
751401 22
751403 6
751405 8
751408 25
751417 27
751418 27
751419 27
751421 13
751422 27
751424 19
751428 3
751440 27
751443 19
751447 9
751451 25
751701 10
751702 27
751703 13
751705 16
751706 27
751708 7
751710 22
751716 19
751718 19
751719 13
751727 19
751742 22
751744 22
801100 15
801122 27
801134 10
801204 19
801233 13
801236 10
801241 16
801322 27
801334 7
801371 19
803122 13
803124 27
803131 10
803230 7
803232 27
803260 7
851100 26
851103 9
851104 16
851105 22
851200 19
851201 12
851202 7
851204 7
851207 8
851241 27
851252 24
851253 20
851261 6
851263 15
851273 13
851305 25
851306 9
851309 21
851313 7
851363 27
851366 23
851375 24
851400 22
851401 15
851404 12
851406 27
851443 25
851445 27
851450 3
851462 13
851467 13
951100 3
951202 25
951231 25
951321 16
951324 10
951366 19
951421 7
951498-020 27
951498-021 13
953102 10
953104 7
953111 24
953201 10
953202 27
953214 16
953231 13
953232 13
953234 22
953323 13
953361 7
953421 10
953444 27
953494 4
953495 19
954100 27
954140 26
954142 13
954143 25
954170 7
954240 12
954244 7
954310 22
954340 9
954347 7
954371 19
954372 27
954374 7
954413 7
954421 7
954423 22
954464 9
954472 25
954491 10
954498 13
955102 25
955104 27
