001101 1
001102 5
001111 4
001113 16
001201 4
001202 19
001210 24
001212 22
001218 24
001230 12
001231 0
001250 3
001291 7
001293 22
001310 1
001311 27
001312 16
001318 22
001320 21
001321 4
001323 27
001330 19
001342 16
001353 3
001354 7
001362 0
001381 26
001410 22
001423 27
001425 13
001443 10
001444 19
001445 25
001447 19
001461 10
002101 16
002110 22
002191 3
002192 19
002201 21
002211 19
002221 0
002250 22
002301 19
002333 10
002351 13
002361 0
002365 22
002401 19
002473 27
003101 13
003191 7
003201 10
003313 0
003320 6
003331 10
003367 22
004241 19
004282 18
004301 27
004303 22
004324 21
004432 16
004473 13
004475 4
004483 7
006103 26
006126 6
006206 26
006226 22
006242 19
006253 13
006303 10
006325 10
006326 22
006330 3
006344 16
006346 7
006355 13
006425 25
006426 19
006428 6
006443 27
006448 13
006454 12
008214 13
008303 3
008314 16
008411 19
008417 27
009103 19
009105 26
009212 13
009230 3
009231 0
009326 19
009328 0
009426 22
009431 19
009445 19
011100 3
011151 7
011152 21
011153 27
011251 14
011257 19
011259 19
011269 11
011276 9
011353 19
011356 13
011358 13
011362 10
011374 22
011461 27
011464 16
011479 22
012100 13
012173 26
012200 9
012273 7
012371 23
012475 10
013103 22
013110 13
013203 13
013204 12
013206 0
013209 9
013301 15
013302 12
013303 10
013305 10
013306 27
013307 0
013317 6
013321 4
013326 19
013329 27
013330 7
013335 27
013337 22
013413 10
013427 19
013433 19
014210 13
014211 27
014270 27
014310 27
014311 3
014322 0
014323 19
014324 27
014370 13
014371 21
014381 0
014382 22
014401 3
014471 26
014481 7
014485 7
015101 6
016101 16
017101 12
017102 16
017111 6
017112 27
017210 19
018103 4
018111 18
018113 1
018125 22
018203 13
018211 27
018213 22
018231 19
018235 0
018271 10
018301 16
018335 22
018351 19
018353 10
018433 19
018435 27
018438 22
018467 22
019101 18
019103 22
019105 11
019106 9
019108 19
019111 27
019203 13
019205 6
019206 27
019208 26
019211 0
019221 27
019303 0
019311 22
019331 13
019361 25
019371 10
019373 27
019381 4
019411 13
019442 10
019471 22
019473 19
020101 12
020102 19
020211 22
020212 10
020231 0
020311 7
020321 19
020333 22
020341 0
020362 19
020363 10
021101 15
021102 18
021203 16
021270 6
025108 27
025110 27
025310 27
025480 27
026101 15
026102 23
026111 6
026112 10
026201 7
026271 27
029701 19
029711 27
050100 7
050103 9
050104 21
050106 9
050111 10
051302 4
051304 1
051306 21
051313 13
051412 27
051418 10
052201 21
052202 12
052314 13
052350 19
052352 3
052357 27
052400 0
052419 3
052443 22
052445 13
052447 19
052725 19
055701 27
055706 10
055707 22
055771 10
055797 19
057121 14
057122 14
057123 16
057125 9
057126 7
057127 17
057128 17
057129 7
057130 10
057131 20
057132 9
057133 26
057134 13
057135 9
057137 5
057138 7
057139 26
057140 3
057201 7
057205 25
057215 3
057274 3
057279 6
057283 25
057284 10
057285 13
057288 19
057293 27
057294 19
057300 19
057302 13
057305 23
057351 10
057366 12
057403 0
057405 18
057410 1
057411 21
057420 7
057425 0
057426 13
057428 24
059419 26
061106 13
061201 22
061223 12
061306 4
061307 1
061312 0
061313 22
061317 26
061401 3
061403 10
061404 19
062342 4
062343 27
062344 7
062345 16
062346 10
062360 13
062380 10
062411 16
062452 13
062460 10
062470 4
063703 19
063813 27
064207 10
064231 19
064251 19
064281 27
064291 19
064301 13
064303 22
064410 4
064412 13
064417 19
064418 3
064424 14
064474 22
065210 19
065212 10
065310 18
065320 26
065332 4
065421 19
065434 22
065435 10
065436 4
065437 16
065797 27
065799 27
066221 22
066323 0
066410 7
066414 12
066425 21
066755 19
067202 22
067303 21
067311 22
067372 12
067373 27
067432 19
070301 16
070303 22
070304 7
070305 19
070308 19
070400 27
070401 27
070403 4
070404 4
070410 13
070411 10
070415 1
070416 22
070720 10
070721 22
070726 19
070727 19
070731 27
070792 27
071412 19
071413 19
071414 22
071420 27
071422 13
071423 7
071425 3
071712 22
071811 19
074100 23
074101 15
074414 12
076314 16
076414 12
076425 27
076427 16
076428 12
076429 22
076444 16
076466 4
078444 21
078454 7
079444 21
088708 27
091800 27
099101 13
099102 21
100102 22
100103 19
100104 16
100105 27
100109 4
100110 4
100111 22
100112 27
100206 24
100207 7
100208 19
100209 27
100210 24
100211 27
100212 1
100213 22
100218 10
100219 6
100220 22
100225 25
100226 22
100281 7
100306 25
100307 10
100308 22
100309 13
100310 1
100501 27
101100 25
101105 12
101201 19
101211 19
101400 27
101405 27
103112 22
103191 27
103271 18
104200 22
104201 27
104300 7
104301 10
104340 19
104410 10
104424 22
104495 19
105304 19
109100 15
109115 20
112101 27
112102 19
112103 12
112108 27
112201 22
112203 27
112213 10
112300 1
112411 10
112412 19
115200 19
115301 22
115302 13
116400 10
126101 25
126216 22
126321 0
126330 12
126333 27
126334 25
126428 10
126432 1
126443 21
127100 25
127101 10
127203 10
127204 27
127207 12
127303 7
127312 24
127314 21
127315 27
127316 24
127329 22
127337 1
127711 10
127717 22
127718 19
127719 27
128100 21
128101 3
128202 3
128203 1
128204 0
128307 16
128309 22
128334 12
128352 27
128354 7
128403 3
128701 10
128710 22
128730 19
128740 27
128762 27
140101 27
140102 19
140105 0
152321 27
154104 13
154141 27
154151 16
154231 0
154262 13
154281 0
154311 1
154330 22
154340 12
154351 3
154353 0
154363 27
154375 13
154377 10
154388 25
154433 27
154443 4
154488 10
159100 9
159101 18
159151 27
159203 27
159221 22
159302 25
159303 26
159305 10
159332 22
159356 13
159362 27
159403 13
159411 4
159412 19
159431 27
160341 12
164200 3
164341 25
168101 25
168410 27
176100 23
176101 13
176104 26
176220 10
177103 6
177214 10
177215 27
177216 0
177217 19
177242 19
177281 25
177283 4
177285 13
177321 13
177330 25
177336 7
177341 27
177361 1
177393 3
177404 12
177414 19
177427 19
177430 19
177434 22
177446 0
177447 22
177450 16
177465 19
177467 27
177481 13
177494 27
179403 4
201100 20
201110 8
201114 17
201115 6
201116 21
202100 0
202101 16
202141 6
202143 3
202145 19
202184 10
202231 21
202260 19
202310 27
202311 12
202332 16
202334 4
202342 27
202361 10
202371 13
202410 10
202434 16
202438 27
202443 22
202473 4
202474 19
202477 19
202495 19
202737 22
202765 19
202773 22
202776 27
202783 22
202833 27
202844 19
202848 27
203100 8
203103 12
203111 10
203116 19
203151 25
203162 6
203201 16
203203 26
203204 16
203206 10
203207 1
203208 27
203209 25
203222 19
203226 0
203231 1
203235 16
203236 26
203255 27
203300 22
203303 0
203315 3
203323 21
203324 19
203331 1
203332 16
203333 1
203351 13
203352 12
203475 10
203705 22
203709 10
203713 10
203714 22
203716 19
203723 22
203732 19
203736 10
203739 22
203743 22
203753 27
203803 4
203807 19
203821 10
203828 19
203879 27
204100 23
204101 8
204111 22
204202 25
204211 10
204216 22
204217 27
204231 25
204321 25
204325 7
204335 4
204341 0
204361 13
204363 19
204365 6
204381 19
204383 16
204432 10
204442 13
204451 3
204453 22
204471 19
204721 22
204725 27
204735 19
204764 27
204891 27
205100 8
205103 24
205104 19
205105 16
205235 25
205239 0
205275 24
205303 3
205337 1
205355 27
205393 0
205441 22
205461 19
205765 10
205805 27
206100 27
206101 27
206103 27
206107 10
206108 23
206111 27
206113 27
206161 10
206171 25
206181 22
206191 3
206203 27
206207 6
206211 21
206216 13
206217 12
206254 10
206261 22
206267 0
206281 3
206300 12
206321 6
206324 21
206325 25
206327 3
206328 7
206331 27
206335 19
206336 1
206341 21
206355 0
206362 13
206370 19
206381 26
206412 19
206432 27
206436 25
206437 27
206441 4
206457 27
206470 16
206705 19
206707 22
206713 27
206717 19
206720 19
206726 22
206738 19
206739 27
206743 19
206753 19
206785 27
207100 6
207103 25
207105 19
207106 10
207107 13
207109 15
207110 26
207115 4
207117 4
207123 6
207131 6
207135 13
207171 3
207173 19
207183 27
207187 22
207203 3
207205 27
207208 26
207213 1
207308 10
207310 10
207313 7
207323 7
207348 12
207401 19
207403 27
207406 18
207419 4
207422 27
207455 22
207458 27
207463 27
207701 10
207703 22
207705 19
207711 27
207808 27
208101 27
208140 27
208150 4
208263 2
208270 1
208271 21
208280 13
208321 27
208329 25
208343 4
208348 13
208383 22
208425 27
208439 19
208440 19
208469 27
208711 10
208760 22
208761 19
208770 27
208871 19
208872 27
209201 27
209251 0
209301 13
209302 25
209303 19
209331 22
209351 7
209358 10
209361 4
209368 22
209375 27
209451 10
209453 22
209461 19
209463 27
209483 19
209485 27
209705 4
209707 10
209771 19
209773 13
209779 27
209785 22
210201 26
210202 12
210204 22
210343 19
210351 27
210383 13
210425 27
210433 22
210434 4
210445 27
210485 27
210703 10
210704 22
210705 19
210707 27
210731 10
211100 14
211311 3
211315 25
211319 7
211440 19
211443 22
211702 27
211889 19
212701 10
212703 19
212711 27
212741 22
213706 27
213707 19
213711 27
213714 22
214100 10
214261 12
214312 22
214341 19
214381 0
214401 4
214411 22
214414 0
214415 16
214430 21
214445 22
215205 16
215206 0
215207 22
215208 13
215302 0
215381 3
215411 1
215431 19
215734 19
215744 22
215752 27
215762 22
215782 10
215785 19
216781 22
217701 22
217703 19
217707 27
217726 19
217775 27
217781 27
218100 21
218101 3
218233 22
218235 19
218321 26
218323 12
218351 10
218471 13
218474 10
218475 19
219720 27
219731 22
220703 27
226701 27
226702 27
226709 27
226710 19
229123 19
229323 10
251211 0
251213 12
251216 22
251261 13
251281 27
251312 19
251313 22
251333 4
251361 3
251363 1
251371 21
251372 13
251374 27
251384 27
251411 19
251437 22
251438 10
251439 27
251461 10
251475 22
251479 19
251701 4
251702 10
251703 27
251711 4
251714 10
251715 22
251717 19
251718 4
251745 22
251751 10
251752 22
251757 19
251758 4
251776 4
251783 10
251785 22
251790 27
252201 0
252211 27
252232 25
252282 25
252283 15
252285 26
252286 6
252301 9
252302 19
252317 6
252320 4
252322 1
252325 27
252327 4
252330 3
252342 12
252363 25
252420 22
252421 27
252425 7
252427 16
252439 19
252444 18
252450 19
252460 19
252498 13
252702 22
252708 22
252711 19
252719 10
252724 19
252725 22
252752 4
252785 10
252789 10
252791 27
253303 3
253314 12
253315 25
253432 4
253455 10
253456 19
253481 22
253701 22
253717 19
253722 27
253732 10
253734 19
253736 4
253747 22
253748 4
253752 27
253754 10
254181 13
254205 25
254206 27
254211 3
254215 10
254216 21
254222 16
254231 0
254232 12
254252 3
254282 23
254302 1
254325 9
254333 24
254372 20
254373 10
254421 10
254426 10
254436 27
254439 19
254441 0
254451 22
254456 7
254457 4
254459 22
254461 6
254471 3
254473 19
254494 1
254496 7
254700 22
254702 4
254703 27
254710 19
254734 27
254770 4
254804 10
254872 19
254875 10
255201 0
255215 11
255251 13
255290 26
255300 3
255320 0
255321 12
255330 18
255359 27
255415 19
255417 27
255420 13
255422 22
255424 16
255431 19
255432 13
255434 27
255438 27
255449 16
255454 22
255455 22
255460 27
255462 19
255471 4
255492 22
255722 10
255734 27
255750 4
255752 22
255758 27
255764 4
255766 22
255770 19
255771 19
255772-001 22
255772-801 19
255772-803 10
255772-804 22
256100 23
256212 13
256271 22
256281 13
256316 19
256333 27
256373 4
256384 22
256412 16
256418 4
256441 19
256457 10
256462 7
256473 27
256700 19
256751 27
259103 15
259104 25
259106 27
259107 10
259108 7
259109 16
259201 11
259203 19
260312 27
260701 13
260705 19
260709 27
260716 4
260718 22
260772 10
261103 24
261111 15
261200 7
261210 25
261212 21
261216 0
261217 3
261304 26
261305 1
261335 1
261336 16
261342 6
261343 23
261361 4
261405 19
261434 27
261447 4
261456 27
261457 10
261458 13
261469 22
261473 16
261497 27
261701 22
261702 19
261706 27
261739 27
261746 19
261754 10
261769 19
261781 10
261791 27
261792 19
263701 22
263702 19
263720 10
263760 27
263771 10
264701 4
264706 10
264710 19
264741 22
264789 19
264791 27
266702 27
268721 27
269101 22
269102 27
269111 13
269200 27
269201 19
269202 22
269340 25
269430 4
269462 22
269470 10
269494 13
270701 19
270702 27
270711 22
270712 19
270791 22
301254 25
305202 25
311352 0
318322 22
318351 22
320351 27
321251 27
324703 27
328310 22
328313 19
330110 11
330111 20
351100 3
351200 27
351201 19
351202 12
351301 19
351302 16
351321 13
351331 22
351410 10
351425 4
351441 10
351442 13
351451 22
351463 19
351466 27
352103 6
352301 13
352311 19
352321 27
352323 26
352421 27
352422 6
352431 25
353301 13
353311 27
353421 27
353431 0
353451 19
353452 19
354311 22
356100 12
356101 9
356102 8
356202 1
356210 24
356212 13
356261 12
356303 0
356304 22
356312 19
356361 27
356411 19
356416 3
356432 27
356477 16
357110 20
357210 3
357322 0
357325 16
357360 1
357417 7
357441 13
357491 16
359202 18
359203 6
359204 22
359206 13
359301 3
359311 27
359380 19
359405 19
359409 10
359410 22
359413 13
359421 1
359465 19
360100 12
360210 19
360301 1
360304 13
360402 27
360403 10
360423 19
360460 4
361210 7
361211 19
361301 13
361321 7
361351 16
361453 13
361471 27
362211 0
363210 4
365201 7
365211 16
365321 13
365421 19
365427 10
365428 4
365431 10
368200 22
368317 3
368431 10
400110 17
400211 27
401382 10
403382 19
406385 13
406395 4
409281 1
409292 7
411281 16
411291 13
415291 4
420281 10
421281 22
421291 19
421385 1
421395 25
423382 7
428382 16
461100 12
461170 18
461471 16
461511 10
461523 22
461526 10
461527 10
461529 4
462130 26
462151 16
462505 22
462523 19
462541 19
462586 27
462587 19
462588 27
463251 12
463311 27
463331 13
463341 25
463353 22
463402 22
463433 13
463455 10
463491 1
463503 19
463504 1
463545 22
463556 13
463558 25
464301 16
464311 4
464341 9
464401 4
464413 16
464441 27
464443 1
464444 25
464445 19
464501 13
464502 27
464503 4
464508 19
464509 19
464510 26
464541 22
464542 27
464546 16
464549 10
501301 27
501302 13
502211 13
504302 22
506303 4
506361 13
508203 7
508303 19
510201 1
510202 16
510411 22
510414 19
510415 4
510417 10
512303 10
513111 25
513114 4
513223 1
513224 22
513283 13
513315 4
513324 25
513328 1
513363 27
513371 13
513412 4
513429 10
513445 22
513451 19
513471 27
514211 1
514241 13
514317 12
514323 25
514335 4
514341 22
514343 19
514381 13
514383 1
514395 27
514397 0
514466 19
515201 27
515250 25
515307 27
515312 7
515334 1
515361 25
515364 12
515376 4
515403 22
515455 19
515490 27
551311 16
552216 27
552217 22
552222 27
553312 22
554314 19
555313 22
556311 27
558431 27
561312 27
562211 27
571115 19
601201 22
601302 22
601321 22
601341 27
601344 0
601351 25
601422 10
601452 19
601456 19
601462 27
601702 10
601731 22
601742 27
601758 27
601765 10
601767 19
602100 8
602102 21
602103 18
602111 22
602211 3
602315 13
602321 1
602322 19
602431 22
602432 27
602441 19
602464 10
602731 27
602753 19
602761 19
603211 16
603322 3
603332 13
603352 19
603371 27
603421 22
603441 27
603711 22
603723 19
603731 27
604304 22
604305 27
604312 1
604313 13
604351 27
604352 3
604412 13
604414 4
604416 22
604422 19
604451 10
604715 19
605201 25
605204 27
605301 4
605313 1
605314 19
605321 19
605322 27
605341 10
605412 4
605432 10
605444 22
605445 19
605461 27
605701 19
605702 27
605717 27
605741 22
605745 19
605751 19
606231 19
606242 1
606244 13
606263 22
606343 13
606362 10
606363 19
610114 6
651105 22
651109 22
651120 27
651210 27
651311 4
651312 13
651315 22
651316 27
701101 7
701181 0
701182 22
701183 25
701201 27
701211 18
701281 27
701295 19
701313 10
701321 3
701331 19
701341 10
701342 24
701344 7
701407 4
701425 10
701455 22
701494 27
702100 10
702101 2
702205 10
702211 3
702213 7
702312 0
702316 22
702317 26
702318 13
702341 13
702351 4
702411 10
702416 19
702431 27
703103 16
703202 19
703243 19
703244 27
703305 16
703308 24
703309 3
703310 10
703311 22
703322 1
703323 27
703324 19
703330 10
703331 3
703391 1
703404 4
703412 10
703447 22
703454 27
703498 19
705191 16
705211 16
705311 1
705328 7
705329 3
705331 16
705342 16
705351 12
705437 26
705438 25
705440 27
705441 15
705442 18
705444 13
705446 0
705447 27
705461 19
705493 22
751100 22
751101 19
751102 18
751106 3
751202 18
751209 1
751301 11
751302 5
751303 19
751305 22
751308 27
751309 18
751321 12
751326 22
751327 6
751330 21
751345 19
751401 13
751403 22
751405 27
751408 4
751417 13
751419 0
751425 27
751428 1
751441 10
751443 10
751447 19
751451 19
751701 19
751702 27
751703 22
751704 10
751705 10
751706 19
751708 27
751710 10
751712 4
751716 22
751718 16
751726 22
751734 22
751742 13
751743 4
801100 26
801201 19
801225 1
801235 21
801324 27
801331 13
801333 3
801334 22
801336 1
801421 22
801471 12
801481 27
803121 4
803123 22
803231 10
803331 19
851100 12
851104 27
851105 19
851108 12
851200 0
851201 22
851202 23
851204 10
851205 18
851243 12
851251 26
851262 25
851273 6
851305 13
851309 21
851313 3
851343 19
851344 22
851345 7
851360 12
851362 27
851367 22
851372 27
851375 16
851400 11
851404 4
851406 25
851407 10
851462 6
852101 22
852102 4
852103 27
951100 15
951102 25
951106 21
951125 21
951203 16
951302 1
951323 10
951331 22
951344 27
951348 22
951352 19
951497-020 12
951497-021 16
953103 4
953111 6
953211 19
953212 10
953233 25
953261 7
953321 19
953322 22
953331 27
953361 19
953421 27
953494 4
954100 3
954140 27
954143 16
954170 10
954246 12
954326 19
954370 13
954374 24
954410 19
954413 7
954416 22
954426 27
954443 22
954449 10
954462 4
954471 1
954477 3
954491 0
954498 27
955102 27
955103 19
955104 4
958111 4
