001101 1
001102 23
001111 10
001113 27
001201 4
001202 9
001210 0
001212 4
001218 27
001230 23
001231 16
001250 2
001291 8
001293 7
001310 5
001311 1
001312 21
001315 19
001318 1
001320 7
001321 25
001323 13
001330 0
001342 10
001353 22
001354 21
001362 24
001410 7
001423 22
001425 27
001443 10
001444 16
001445 7
001447 12
001461 12
001464 21
002101 7
002110 22
002191 6
002192 22
002201 16
002211 22
002221 7
002250 3
002301 22
002333 16
002351 27
002365 7
002372 3
002401 22
002441 19
002473 16
003101 7
003191 6
003201 18
003314 25
003320 27
003331 16
003414 7
003421 22
003436 27
004241 22
004301 13
004303 7
004324 19
004351 16
004432 1
004473 18
004475 10
006103 27
006126 22
006206 27
006226 0
006242 25
006253 7
006303 17
006307 24
006326 0
006330 16
006331 7
006344 13
006346 9
006355 25
006425 7
006432 19
006433 22
006443 16
006448 10
008214 27
008303 16
008314 27
008326 22
008411 22
008417 27
009103 8
009105 18
009212 0
009230 16
009231 22
009326 22
009425 19
009426 22
009431 27
011100 12
011151 22
011152 13
011153 2
011251 16
011257 12
011259 18
011269 5
011276 9
011353 10
011356 13
011358 27
011362 3
011374 12
011461 22
011464 16
011751 27
012100 25
012173 8
012200 22
012271 9
012272 27
012273 25
012371 22
012475 19
013103 20
013110 18
013203 27
013204 22
013206 10
013207 20
013217 9
013301 4
013302 16
013303 3
013304 7
013305 7
013306 18
013307 27
013317 3
013326 16
013329 7
013330 19
013335 10
013338 22
013420 27
013421 22
013422 22
013427 24
013433 27
013435 7
014210 7
014270 25
014310 3
014311 27
014322 7
014323 27
014325 12
014370 16
014371 16
014382 10
014390 19
014401 24
014410 22
014421 16
015101 21
016101 12
016232 7
017101 24
017102 27
017111 22
017201 13
017210 27
018103 18
018111 14
018113 3
018125 27
018203 22
018211 25
018213 3
018231 7
018235 16
018271 12
018301 7
018335 22
018351 13
018353 19
018421 19
018433 13
018435 22
018436 27
018438 16
018451 27
018465 25
018467 25
018471 27
019101 17
019103 22
019105 11
019106 15
019108 7
019111 27
019203 16
019205 18
019206 4
019208 7
019211 22
019221 10
019303 7
019311 22
019331 19
019361 16
019373 7
019381 3
019411 25
019442 27
019471 16
019473 7
020101 26
020102 27
020211 0
020231 3
020311 19
020321 16
020333 22
020341 7
020362 27
020363 0
020412 3
020421 25
020481 16
021101 19
021102 27
021203 10
021204 4
021270 25
025108 7
025480 27
026101 12
026102 25
026111 3
026112 9
026201 13
026271 7
029701 16
029703 27
029711 7
030101 9
050100 16
050103 14
050104 3
050106 13
050111 5
051302 27
051304 13
051306 19
051310 0
051313 25
051418 1
052201 19
052202 7
052352 12
052357 25
052420 16
052441 16
052443 1
052445 19
052447 7
052466 27
053712 16
053713 22
053770 16
054810 22
054870 16
055701 27
055703 25
055704 7
055706 22
055707 16
055713 25
055733 27
055734 16
055757 22
055771 27
055797 7
057121 3
057123 13
057125 26
057126 3
057127 9
057128 12
057129 3
057130 19
057131 25
057132 0
057133 11
057134 6
057135 10
057136 24
057137 27
057138 16
057139 17
057140 18
057201 1
057205 10
057213 16
057215 25
057274 19
057284 19
057285 22
057288 27
057293 19
057294 16
057296 25
057300 16
057302 22
057305 18
057316 27
057351 0
057366 7
057403 3
057404 16
057405 25
057410 27
057411 25
057420 7
057426 22
057428 16
059413 10
059419 25
061103 27
061106 27
061201 27
061223 7
061224 16
061306 1
061307 1
061317 19
061319 27
061403 25
061404 4
061407 22
061430 7
062200 22
062210 27
062343 10
062411 16
062452 24
062460 4
062470 13
062499 7
063201 0
063702 22
063704 16
063710 7
064204 4
064232 22
064251 16
064252 27
064303 7
064331 25
064392 0
064412 7
064418 7
064423 22
064424 11
064430 12
064474 25
064490 16
065210 13
065212 27
065310 3
065311 1
065320 25
065332 16
065421 25
065435 16
065436 22
065437 7
065438 19
065797 27
066221 27
066323 16
066410 27
066416 4
066421 4
066425 13
067202 22
067303 25
067311 7
067372 1
067373 3
067432 25
069712 16
070200 7
070304 10
070305 19
070403 27
070404 7
070410 22
070411 16
070416 22
070711 22
070720 16
070721 7
070740 27
070741 27
071411 7
071412 27
071413 24
071415 27
071416 9
071418 27
071419 22
071422 7
071423 27
071425 4
071712 16
071715 22
071730 19
071736 25
071738 22
071811 22
073711 16
073721 22
073770 22
074100 0
074101 11
074414 0
076425 22
076427 19
076430 16
076444 27
076466 7
078444 25
078454 16
079169 19
079220 0
079264 22
091700 7
091800 7
099100 19
099101 0
099102 14
100102 10
100109 7
100110 23
100111 6
100112 3
100207 22
100213 27
100214 19
100220 16
100222 22
100225 25
100228 7
100229 10
100230 9
100231 1
100233 22
100281 13
100306 25
100307 19
100308 3
100309 9
100310 27
100311 13
100312 19
100313 2
100314 7
100501 13
101100 19
101105 18
101201 6
101211 22
101400 13
101405 3
103112 7
103191 27
103271 20
104200 7
104201 27
104300 22
104301 16
104325 27
104410 7
104424 7
104495 25
105304 7
109100 5
109115 22
112101 7
112102 16
112103 27
112108 22
112110 22
112201 16
112203 27
112213 7
112300 25
112314 7
112411 22
112412 27
115200 24
115300 27
115301 22
115302 22
116301 25
116302 16
116400 27
126101 17
126216 22
126321 10
126326 16
126333 4
126334 1
126428 19
126432 22
126443 15
127100 19
127101 24
127203 16
127204 18
127207 0
127303 10
127312 22
127314 9
127315 27
127316 24
127326 0
127337 15
127711 22
127717 27
127718 16
127719 7
127727 27
127728 7
128100 26
128101 19
128202 12
128203 1
128204 24
128307 7
128309 0
128334 16
128354 13
128355 16
128403 22
128701 22
128710 16
128730 7
128740 27
128762 27
140101 27
140102 27
140103 10
140104 7
140105 27
152211 7
152301 18
152321 22
154104 19
154141 27
154151 7
154231 7
154261 21
154262 16
154281 10
154311 19
154330 10
154353 25
154375 16
154377 3
154384 16
154388 24
154443 16
154455 22
154457 19
154481 27
154488 25
154493 3
154494 7
159100 15
159101 27
159151 7
159203 7
159221 0
159231 1
159301 16
159303 16
159305 9
159332 22
159356 1
159362 24
159403 7
159411 25
159431 3
159454 27
160341 19
164200 16
164341 19
168100 25
168101 25
168222 27
176100 3
176101 11
176104 18
176220 7
177103 6
177214 24
177215 18
177216 12
177217 7
177281 1
177283 3
177285 19
177321 19
177330 19
177341 12
177362 3
177393 0
177401 1
177404 22
177405 6
177414 18
177426 16
177427 21
177430 7
177434 27
177446 24
177450 10
177463 4
177464 27
177465 13
177467 25
177468 27
177481 12
177494 1
179402 13
179403 9
201100 22
201110 9
201114 15
201115 6
201116 24
201117 0
201190 16
202100 18
202101 17
202141 0
202143 0
202145 19
202184 4
202231 7
202260 27
202305 13
202311 7
202332 24
202334 4
202342 1
202361 19
202371 9
202434 10
202438 0
202443 13
202473 22
202474 16
202477 7
202481 25
202495 25
202742 7
202765 22
202776 27
202782 27
202833 27
202848 27
202873 16
203100 22
203103 9
203111 19
203116 16
203151 10
203162 13
203171 4
203201 27
203203 18
203204 24
203206 2
203207 24
203208 27
203209 18
203222 7
203226 27
203231 13
203235 10
203236 12
203255 10
203303 0
203315 22
203323 24
203324 1
203331 22
203332 10
203333 19
203351 27
203352 3
203405 4
203406 16
203414 22
203423 16
203431 25
203434 7
203458 27
203471 13
203475 16
203705 16
203709 7
203714 16
203716 22
203722 22
203743 7
203753 27
203807 22
203821 7
203828 16
203879 22
203889 22
204100 10
204101 27
204111 27
204123 0
204202 18
204211 10
204216 22
204231 12
204251 27
204321 17
204325 0
204335 27
204341 5
204361 22
204365 13
204381 15
204383 22
204432 4
204435 24
204442 7
204451 10
204452 27
204453 16
204471 25
204712 22
204721 7
204732 16
204764 27
205100 20
205103 24
205104 0
205105 16
205235 22
205239 27
205275 7
205303 13
205337 19
205355 22
205393 7
205415 22
205421 7
205461 19
205464 13
205475 7
205479 25
205483 4
205486 16
205496 27
205712 7
205735 27
205761 22
205783 16
206100 21
206101 18
206103 6
206104 26
206107 24
206108 25
206111 14
206112 21
206113 7
206161 19
206162 2
206171 22
206172 26
206181 22
206191 25
206203 19
206207 7
206211 0
206216 9
206217 24
206261 10
206267 18
206281 1
206300 27
206321 9
206324 13
206325 22
206327 18
206328 4
206331 16
206336 10
206341 19
206355 14
206362 21
206370 16
206381 18
206412 16
206436 22
206437 7
206441 10
206455 13
206707 7
206713 27
206720 22
206721 7
206730 7
206736 27
206738 25
206739 27
206743 7
206753 27
206766 25
206783 22
207100 0
207103 9
207105 27
207106 25
207107 27
207109 0
207115 5
207117 0
207123 25
207131 27
207135 27
207164 27
207171 16
207173 21
207174 22
207183 13
207187 22
207203 10
207205 25
207208 22
207213 6
207308 1
207310 13
207313 9
207323 16
207348 10
207401 16
207403 21
207406 19
207416 22
207419 27
207422 25
207436 27
207701 7
207703 22
207705 16
207711 27
207741 27
207743 7
207808 27
208101 6
208140 27
208150 10
208250 27
208251 7
208263 7
208265 7
208270 22
208271 27
208272 7
208280 16
208321 7
208329 7
208343 22
208348 1
208370 18
208383 15
208425 16
208439 7
208440 25
208469 27
208711 22
208760 16
208761 7
208770 27
208871 16
208872 27
209201 27
209251 7
209301 13
209302 1
209303 9
209331 27
209351 4
209358 19
209361 16
209368 7
209375 24
209403 25
209442 7
209451 18
209453 24
209461 13
209463 16
209471 4
209483 22
209485 16
209703 25
209705 19
209707 25
209709 22
209711 22
209713 16
209722 22
209731 16
209771 27
209773 7
209779 16
209785 22
210100 22
210201 7
210202 16
210204 27
210343 22
210351 25
210383 27
210425 13
210433 19
210434 19
210453 27
210465 7
210485 3
210703 22
210704 16
210705 7
210707 27
210723 27
210731 7
211100 24
211311 1
211315 20
211319 17
211413 16
211440 13
211442 19
211443 25
211495 27
211702 7
211889 27
212701 22
212703 16
212711 7
212721 27
212741 27
213201 22
213714 7
213763 22
213779 27
214100 16
214261 10
214312 22
214341 13
214381 27
214401 3
214411 25
214414 0
214415 16
214421 7
214430 22
214441 13
214445 16
215205 27
215206 15
215207 16
215208 7
215301 25
215302 7
215381 10
215411 0
215431 27
215471 16
215481 10
215495 3
215496 22
215497 24
215734 16
215762 27
215785 7
215794 27
217701 16
217703 7
217707 27
217734 7
217751 7
217775 27
217781 27
218100 17
218101 0
218233 16
218235 7
218321 0
218323 7
218351 16
218471 7
218475 22
218483 16
218486 27
219720 16
219731 27
225701 22
225703 16
225705 7
225720 27
226701 27
226709 7
226710 22
226801 25
226889 27
229123 19
229323 24
229352 22
229711 27
251211 1
251213 14
251261 13
251281 20
251312 27
251313 22
251333 13
251334 27
251361 3
251363 19
251371 15
251372 2
251374 16
251384 0
251411 7
251418 16
251437 22
251438 10
251451 10
251455 19
251457 4
251461 25
251475 27
251479 3
251701 25
251702 22
251703 7
251711 25
251714 22
251715 16
251717 7
251718 25
251745 16
251751 22
251752 16
251757 7
251758 25
251773 22
251783 16
251785 7
251790 27
252201 24
252211 7
252232 27
252282 21
252283 16
252285 22
252286 24
252301 1
252302 4
252317 22
252320 3
252322 7
252325 20
252327 27
252330 16
252342 22
252363 19
252420 16
252421 27
252424 21
252425 9
252426 22
252427 10
252444 10
252450 13
252455 25
252460 7
252489 18
252498 19
252702 27
252708 25
252723 7
252724 7
252741 7
252748 27
252781 22
252785 16
252789 27
252791 27
253303 25
253314 16
253315 27
253432 9
253455 27
253456 7
253481 22
253701 7
253715 27
253717 19
253722 22
253731 25
253732 27
253734 7
253735 13
253736 19
253748 25
253752 27
253754 16
254181 22
254205 15
254206 3
254211 3
254215 16
254216 16
254222 12
254231 9
254232 19
254252 7
254282 12
254302 1
254325 25
254333 27
254372 22
254421 1
254425 16
254426 4
254435 19
254436 22
254438 22
254439 16
254441 27
254442 22
254451 10
254456 3
254457 13
254458 16
254459 24
254461 4
254471 7
254473 19
254492 16
254494 7
254700 27
254702 25
254703 22
254710 16
254711 7
254734 19
254770 22
254777 7
254804 25
254875 16
255201 26
255215 27
255251 22
255290 0
255300 18
255320 11
255321 24
255330 7
255359 1
255415 10
255417 7
255420 24
255422 1
255424 25
255430 14
255432 22
255434 21
255437 0
255438 12
255439 10
255441 13
255447 15
255449 27
255454 27
255460 4
255462 19
255464 9
255471 9
255492 15
255499 3
255712 16
255722 25
255734 25
255739 22
255750 7
255764 16
255766 22
255770 27
255771 27
255772 7
255786 19
255791 7
255830 27
256100 15
256212 7
256271 3
256281 18
256316 24
256333 7
256373 10
256383 19
256412 16
256415 19
256441 13
256457 22
256462 0
256473 7
256700 16
256761 7
256762 27
259103 12
259104 15
259106 10
259107 17
259108 0
259109 14
259201 27
259203 22
260312 16
260404 22
260413 22
260424 27
260434 7
260717 7
260772 27
261103 22
261111 13
261200 0
261210 25
261212 24
261216 16
261217 3
261304 1
261305 22
261335 22
261336 27
261342 18
261343 9
261361 25
261405 13
261406 16
261434 4
261447 24
261456 25
261457 10
261458 27
261461 19
261469 22
261494 7
261497 21
261499 9
261701 7
261702 22
261706 25
261735 16
261739 7
261753 16
261754 16
261767 7
261769 7
261791 27
263701 22
263702 16
263720 25
263746 7
263760 27
263771 25
264701 22
264706 16
264707 25
264710 7
264741 7
264791 16
266703 27
268721 7
269101 22
269102 7
269200 19
269201 16
269202 7
269340 16
269430 7
269462 3
269470 10
269497 16
270701 16
270702 7
270711 7
270791 7
301254 4
305202 10
311352 22
318322 25
318351 9
320351 16
321251 16
324703 27
328310 10
328313 7
330110 4
330111 7
351100 20
351201 7
351202 6
351301 9
351321 10
351331 25
351410 16
351441 12
351442 22
351451 1
351463 3
351466 13
352301 3
352311 7
352321 22
352323 27
352332 7
352422 1
352431 16
353301 27
353421 7
353431 25
353451 22
353452 16
354311 27
356100 3
356101 11
356102 9
356202 16
356210 15
356212 13
356303 16
356304 27
356306 7
356312 22
356361 25
356412 27
356414 25
356416 7
356432 16
356441 22
356442 22
356443 25
356471 22
356496 27
357101 14
357110 21
357210 27
357322 25
357360 3
357417 16
357441 16
357491 7
359202 13
359203 21
359204 0
359206 27
359301 27
359311 16
359405 13
359409 1
359410 24
359413 27
359414 16
359421 10
359431 4
359451 7
360100 9
360210 0
360400 7
360402 22
360404 22
360407 27
360411 19
360431 3
360460 0
360470 22
361210 6
361214 27
361301 22
361321 3
361351 1
361453 22
361461 27
361471 27
363210 23
365301 16
365321 19
365331 7
365421 22
365427 22
365428 27
368200 3
368317 0
368331 25
368412 7
368433 22
368441 27
368487 1
400110 13
400211 10
401382 19
403382 7
406385 27
406395 10
409281 13
409292 19
411281 25
411291 22
415291 1
420281 7
421281 27
421291 10
421385 1
421395 4
423382 13
428382 25
461100 24
461170 13
461471 19
461472 16
461511 16
461527 4
461529 13
462130 12
462541 4
462587 24
462588 22
463251 13
463311 13
463331 25
463341 19
463353 22
463402 4
463433 7
463455 22
463491 19
463503 7
463504 10
463545 25
463556 22
463558 19
464301 27
464311 16
464341 7
464401 25
464413 27
464441 16
464443 10
464444 13
464445 19
464501 25
464502 27
464503 13
464509 22
464510 22
464541 16
464542 7
464544 27
464549 4
466141 16
501301 1
501302 27
502211 13
502311 22
503402 12
504302 16
506303 13
506361 13
507402 4
508203 24
508207 22
508303 22
509402 10
510201 1
510202 13
510307 24
510411 22
510414 27
510415 16
510416 19
510417 7
512303 12
512402 25
513111 22
513114 27
513223 7
513224 16
513283 22
513315 16
513324 22
513328 27
513363 25
513371 4
513412 25
513429 22
513445 16
513451 7
513471 27
514211 7
514241 22
514317 7
514323 4
514335 22
514341 27
514343 19
514381 13
514383 10
514395 25
514397 16
514425 22
514442 16
514451 19
514453 7
514466 25
514475 27
515201 27
515250 13
515307 27
515312 13
515334 16
515361 19
515364 4
515370 27
515376 7
515403 7
515490 27
551461 19
552216 22
552217 16
552222 27
553312 10
554314 25
555313 16
556311 27
557433 25
558411 22
558432 16
558442 27
561312 7
562211 22
571115 10
601201 6
601302 3
601321 22
601322 10
601341 4
601344 27
601351 16
601422 13
601427 7
601428 25
601452 16
601460 27
601462 22
601702 7
601731 22
601758 27
601765 7
601767 16
602100 23
602102 16
602111 27
602211 18
602315 10
602321 3
602322 13
602431 1
602432 3
602441 16
602464 13
602731 7
602761 27
603211 16
603322 19
603332 25
603352 1
603371 13
603421 3
603441 13
603453 4
603465 19
603471 16
603494 22
603495 27
603711 16
603723 7
603731 27
604304 1
604305 27
604312 27
604313 10
604351 19
604352 7
604412 10
604414 4
604416 25
604422 27
604441 19
604451 13
604711 7
604715 16
604731 27
605201 16
605204 0
605301 19
605313 22
605314 1
605321 1
605322 3
605341 27
605412 19
605432 1
605446 3
605459 7
605461 7
605476 22
605701 16
605702 7
605713 27
605751 27
606231 7
606242 1
606244 27
606263 22
606343 7
606362 22
606363 27
610114 5
651105 0
651109 22
651120 27
651210 27
651311 22
651312 16
651315 7
651316 27
701101 5
701181 24
701182 7
701183 0
701201 27
701211 19
701281 19
701313 1
701321 20
701331 21
701342 26
701344 7
701402 13
701403 10
701407 27
701409 7
701425 22
701455 22
701494 19
702101 12
702205 13
702211 9
702312 24
702313 14
702316 4
702318 27
702341 16
702351 22
702411 12
702416 0
702418 16
702423 19
702431 7
703103 20
703202 8
703204 25
703243 27
703244 6
703305 16
703308 1
703311 17
703313 7
703322 24
703324 25
703330 14
703331 17
703345 18
703352 1
703391 24
703404 3
703412 16
703435 25
703447 27
703454 12
703498 22
703499 27
704101 7
704141 16
704201 22
704345 27
705191 9
705211 11
705311 25
705329 10
705331 22
705351 18
705411 12
705437 21
705441 3
705442 14
705444 6
705492 24
705499 22
751100 25
751101 27
751102 27
751106 5
751202 7
751209 1
751301 2
751302 3
751303 2
751304 27
751305 19
751308 18
751309 18
751321 27
751326 4
751327 0
751330 21
751345 16
751401 23
751403 3
751405 25
751408 13
751413 4
751419 27
751421 16
751422 27
751424 16
751428 12
751443 20
751447 27
751451 16
751701 27
751702 7
751703 16
751704 16
751705 25
751706 27
751708 16
751712 25
751718 22
751724 7
751726 22
751751 22
801100 22
801201 7
801225 27
801235 22
801321 7
801324 19
801331 1
801333 22
801334 7
801336 27
801421 16
801471 25
801481 12
803121 7
803123 22
803231 19
803331 22
803360 7
803431 27
851100 26
851104 9
851105 6
851108 24
851200 7
851201 1
851202 16
851243 9
851251 17
851262 13
851273 10
851305 7
851306 19
851309 18
851342 27
851352 26
851354 22
851355 3
851360 0
851362 7
851375 17
851376 17
851400 2
851404 21
851407 24
851441 0
851462 16
852100 25
852101 0
852102 19
852103 16
852201 25
852202 22
852203 16
852204 7
951100 9
951102 24
951106 27
951124 0
951203 27
951302 1
951323 25
951331 3
951344 7
951348 16
951352 22
951497 16
953103 27
953111 27
953212 3
953231 22
953233 27
953261 16
953321 1
953322 19
953331 3
953361 22
953421 27
953444 27
953494 16
953495 7
954100 12
954244 1
954246 27
954310 24
954370 25
954374 16
954410 27
954413 7
954416 21
954426 4
954443 24
954449 22
954462 1
954464 0
954471 10
954477 18
954491-001 27
954491-002 10
954491-003 19
954491-004 7
954498 3
955102 24
955103 16
955104 27
958111 27
958201 7
958221 0
958225 18
958261 22
958373 16
