001101 13
001102 4
001111 10
001113 4
001201 1
001202 19
001210 12
001212 1
001218 8
001230 4
001231 15
001250 10
001291 3
001293 13
001310 16
001311 27
001312 24
001315 21
001318 26
001320 27
001321 4
001323 9
001330 12
001342 7
001353 10
001354 18
001362 25
001410 4
001423 0
001425 21
001443 19
001444 22
001445 27
001447 10
001461 10
001464 4
002101 4
002110 16
002191 27
002192 19
002201 21
002211 16
002221 19
002250 0
002301 18
002333 6
002351 16
002365 10
002372 21
002401 19
002441 4
002473 22
003101 19
003191 20
003201 22
003314 27
003320 19
003331 16
003414 13
003421 22
003436 19
004241 18
004301 10
004303 13
004324 23
004351 7
004432 22
004473 19
004475 3
006103 25
006126 21
006206 16
006226 25
006242 9
006253 13
006303 4
006307 15
006326 16
006330 22
006331 19
006344 10
006346 27
006355 4
006425 10
006432 7
006433 4
006443 6
006448 15
008214 27
008303 22
008314 16
008326 16
008411 19
008417 27
009103 18
009105 22
009212 3
009230 10
009231 19
009326 4
009425 27
009426 19
009431 16
011100 14
011151 25
011152 16
011153 0
011251 24
011257 3
011259 16
011269 14
011276 21
011353 15
011356 4
011358 26
011362 22
011374 10
011461 21
011464 19
011751 27
012100 16
012173 17
012200 17
012271 19
012272 13
012273 19
012371 10
012475 22
013103 5
013110 5
013203 3
013204 16
013206 26
013207 5
013217 1
013301 13
013302 10
013303 22
013304 25
013305 7
013306 15
013307 4
013317 21
013326 10
013329 16
013330 19
013335 19
013338 16
013420 27
013421 19
013422 3
013427 13
013433 16
013435 27
014210 17
014270 14
014310 6
014311 27
014322 22
014323 25
014325 13
014370 13
014371 18
014382 19
014390 0
014401 6
014410 15
014421 3
015101 3
016101 4
016232 16
017101 3
017102 27
017111 27
017201 27
017210 25
018103 19
018111 11
018113 24
018125 27
018203 4
018211 10
018213 19
018231 27
018235 22
018271 22
018301 4
018335 10
018351 15
018353 19
018421 25
018433 7
018435 10
018436 27
018438 19
018451 16
018465 13
018467 13
018471 27
019101 19
019103 16
019105 24
019106 13
019108 19
019111 27
019203 25
019205 27
019206 24
019208 7
019211 10
019221 22
019303 19
019311 22
019331 0
019361 16
019373 16
019381 15
019411 4
019442 27
019471 21
019473 10
020101 26
020102 7
020211 21
020231 13
020311 10
020321 16
020333 19
020341 18
020362 25
020363 7
020412 13
020421 10
020481 4
021101 14
021102 25
021203 25
021204 15
021270 27
025108 27
025480 4
026101 14
026102 14
026111 22
026112 4
026201 7
026271 27
029701 16
029703 27
029711 19
030101 22
050100 24
050103 27
050104 22
050106 6
050111 25
051302 25
051304 19
051306 7
051310 26
051313 22
051418 10
052201 22
052202 27
052352 25
052357 22
052420 16
052441 3
052443 10
052445 7
052447 22
052466 27
053712 16
053713 13
053770 16
054810 13
054870 16
055701 27
055703 10
055704 19
055706 13
055707 16
055713 10
055733 27
055734 16
055757 13
055771 27
055797 19
057121 0
057123 3
057125 17
057126 22
057127 17
057128 21
057129 21
057130 17
057131 22
057132 22
057133 9
057134 19
057135 3
057136 3
057137 15
057138 16
057139 6
057140 10
057201 19
057205 25
057213 7
057215 22
057274 22
057284 22
057285 19
057288 27
057293 25
057294 13
057296 4
057300 10
057302 16
057305 10
057316 27
057351 16
057366 16
057403 7
057404 16
057405 25
057410 6
057411 7
057420 13
057426 27
057428 16
059413 15
059419 19
061103 27
061106 3
061201 25
061223 7
061224 27
061306 22
061307 13
061317 27
061319 27
061403 21
061404 25
061407 16
061430 16
062200 16
062210 27
062343 7
062411 10
062452 15
062460 21
062470 4
062499 27
063201 19
063702 13
063704 16
063710 19
064204 10
064232 16
064251 27
064252 27
064303 19
064331 13
064392 13
064412 22
064418 19
064423 25
064424 26
064430 22
064474 27
064490 16
065210 4
065212 19
065310 24
065311 16
065320 27
065332 4
065421 13
065435 16
065436 10
065437 10
065438 15
065797 27
066221 27
066323 13
066410 22
066416 25
066421 25
066425 19
067202 19
067303 10
067311 13
067372 4
067373 13
067432 10
069712 16
070200 27
070304 3
070305 7
070403 27
070404 27
070410 25
070411 19
070416 13
070711 13
070720 16
070721 19
070740 27
070741 27
071411 25
071412 27
071413 24
071415 19
071416 21
071418 27
071419 7
071422 10
071423 7
071425 27
071712 16
071715 13
071730 22
071736 10
071738 13
071811 13
073711 16
073721 13
073770 13
074100 12
074101 16
074414 4
076425 27
076427 22
076430 10
076444 16
076466 13
078444 14
078454 16
079169 4
079220 27
079264 19
091700 19
091800 19
099100 27
099101 27
099102 27
100102 27
100109 3
100110 18
100111 7
100112 16
100207 10
100213 27
100214 27
100220 16
100222 27
100225 4
100228 15
100229 21
100230 7
100231 3
100233 16
100281 7
100306 22
100307 13
100308 19
100309 9
100310 16
100311 7
100312 21
100313 19
100314 3
100501 4
101100 27
101105 16
101201 20
101211 16
101400 10
101405 27
103112 3
103191 16
103271 25
104200 27
104201 6
104300 10
104301 15
104325 16
104410 4
104424 22
104495 7
105304 27
109100 21
109115 27
112101 27
112102 19
112103 4
112108 16
112110 27
112201 22
112203 19
112213 27
112300 16
112314 13
112411 25
112412 27
115200 16
115300 27
115301 10
115302 13
116301 19
116302 16
116400 27
126101 23
126216 16
126321 4
126326 7
126333 3
126334 27
126428 13
126432 22
126443 23
127100 6
127101 0
127203 10
127204 6
127207 3
127303 3
127312 22
127314 16
127315 22
127316 24
127326 10
127337 12
127711 13
127717 27
127718 16
127719 19
127727 27
127728 19
128100 22
128101 4
128202 22
128203 6
128204 0
128307 8
128309 18
128334 16
128354 6
128355 22
128403 4
128701 13
128710 16
128730 19
128740 27
128762 27
140101 27
140102 27
140103 22
140104 2
140105 25
152211 0
152301 16
152321 27
154104 17
154141 10
154151 15
154231 19
154261 26
154262 10
154281 10
154311 0
154330 3
154353 22
154375 10
154377 21
154384 16
154388 13
154443 22
154455 25
154457 13
154481 24
154488 27
154493 4
154494 22
159100 15
159101 25
159151 16
159203 27
159221 18
159231 13
159301 27
159303 18
159305 15
159332 16
159356 3
159362 24
159403 3
159411 15
159431 6
159454 27
160341 21
164200 3
164341 16
168100 19
168101 27
168222 16
176100 21
176101 15
176104 27
176220 17
177103 14
177214 12
177215 27
177216 10
177217 3
177281 15
177283 10
177285 16
177321 19
177330 21
177341 22
177362 6
177393 18
177401 9
177404 22
177405 26
177414 16
177426 27
177427 0
177430 15
177434 13
177446 19
177450 24
177463 25
177464 19
177465 7
177467 4
177468 16
177481 25
177494 7
179402 7
179403 10
201100 11
201110 23
201114 19
201115 6
201116 19
201117 27
201190 16
202100 11
202101 27
202141 1
202143 1
202145 0
202184 18
202231 16
202260 4
202305 25
202311 15
202332 7
202334 24
202342 1
202361 27
202371 22
202434 10
202438 13
202443 25
202473 3
202474 16
202477 15
202481 27
202495 27
202742 16
202765 19
202776 27
202782 16
202833 27
202848 27
202873 16
203100 26
203103 16
203111 18
203116 22
203151 9
203162 19
203171 9
203201 25
203203 25
203204 3
203206 8
203207 13
203208 25
203209 0
203222 22
203226 2
203231 6
203235 3
203236 13
203255 16
203303 4
203315 27
203323 16
203324 13
203331 6
203332 3
203333 25
203351 21
203352 7
203405 22
203406 16
203414 10
203423 13
203431 25
203434 27
203458 19
203471 4
203475 25
203705 16
203709 19
203714 16
203716 10
203722 10
203743 19
203753 27
203807 10
203821 19
203828 16
203879 10
203889 10
204100 8
204101 8
204111 19
204123 25
204202 22
204211 7
204216 16
204231 13
204251 27
204321 8
204325 21
204335 16
204341 9
204361 2
204365 19
204381 27
204383 10
204432 27
204435 25
204442 16
204451 6
204452 27
204453 4
204471 19
204712 10
204721 19
204732 16
204764 27
205100 3
205103 3
205104 22
205105 16
205235 13
205239 27
205275 6
205303 13
205337 25
205355 19
205393 3
205415 22
205421 19
205461 16
205464 25
205475 27
205479 4
205483 13
205486 10
205496 19
205712 19
205735 27
205761 10
205783 16
206100 27
206101 27
206103 23
206104 5
206107 7
206108 10
206111 11
206112 19
206113 19
206161 23
206162 11
206171 11
206172 9
206181 15
206191 27
206203 13
206207 19
206211 27
206216 7
206217 25
206261 8
206267 5
206281 23
206300 22
206321 13
206324 23
206325 15
206327 25
206328 15
206331 16
206336 21
206341 4
206355 6
206362 16
206370 19
206381 25
206412 27
206436 5
206437 19
206441 16
206455 7
206707 16
206713 19
206720 10
206721 16
206730 16
206736 27
206738 27
206739 19
206743 19
206753 27
206766 22
206783 27
207100 16
207103 4
207105 17
207106 5
207107 25
207109 12
207115 26
207117 27
207123 19
207131 16
207135 16
207164 27
207171 25
207173 7
207174 19
207183 25
207187 15
207203 6
207205 22
207208 25
207213 21
207308 4
207310 19
207313 0
207323 16
207348 3
207401 16
207403 10
207406 7
207416 25
207419 18
207422 15
207436 19
207701 19
207703 10
207705 16
207711 27
207741 27
207743 19
207808 27
208101 18
208140 27
208150 27
208250 22
208251 16
208263 20
208265 4
208270 22
208271 20
208272 6
208280 16
208321 15
208329 4
208343 22
208348 6
208370 7
208383 7
208425 15
208439 16
208440 19
208469 27
208711 10
208760 16
208761 27
208770 19
208871 16
208872 19
209201 7
209251 22
209301 4
209302 13
209303 15
209331 27
209351 25
209358 10
209361 16
209368 27
209375 10
209403 19
209442 27
209451 24
209453 21
209461 13
209463 10
209471 4
209483 22
209485 16
209703 22
209705 25
209707 22
209709 10
209711 10
209713 16
209722 10
209731 16
209771 27
209773 19
209779 16
209785 10
210100 19
210201 27
210202 10
210204 16
210343 10
210351 27
210383 4
210425 19
210433 13
210434 16
210453 13
210465 19
210485 22
210703 10
210704 16
210705 19
210707 27
210723 27
210731 19
211100 21
211311 27
211315 23
211319 9
211413 27
211440 10
211442 22
211443 16
211495 25
211702 19
211889 27
212701 10
212703 16
212711 19
212721 27
212741 27
213201 16
213714 19
213763 10
213779 27
214100 10
214261 6
214312 4
214341 19
214381 25
214401 21
214411 6
214414 7
214415 27
214421 19
214430 22
214441 19
214445 22
215205 26
215206 19
215207 24
215208 18
215301 22
215302 21
215381 25
215411 22
215431 16
215471 6
215481 0
215495 19
215496 4
215497 10
215734 19
215762 27
215785 19
215794 27
217701 10
217703 16
217707 19
217734 19
217751 19
217775 27
217781 27
218100 9
218101 13
218233 19
218235 27
218321 25
218323 19
218351 16
218471 16
218475 27
218483 4
218486 22
219720 10
219731 16
225701 10
225703 16
225705 19
225720 27
226701 19
226709 27
226710 27
226801 22
226889 27
229123 19
229323 3
229352 10
229711 27
251211 2
251213 21
251261 16
251281 14
251312 23
251313 25
251333 19
251334 10
251361 13
251363 22
251371 6
251372 9
251374 3
251384 27
251411 6
251418 16
251437 25
251438 4
251451 4
251455 22
251457 7
251461 27
251475 19
251479 16
251701 22
251702 10
251703 19
251711 22
251714 10
251715 16
251717 19
251718 19
251745 16
251751 22
251752 10
251757 16
251758 19
251773 22
251783 10
251785 16
251790 27
252201 15
252211 27
252232 6
252282 13
252283 21
252285 24
252286 0
252301 4
252302 9
252317 19
252320 27
252322 13
252325 26
252327 24
252330 6
252342 13
252363 25
252420 19
252421 27
252424 1
252425 21
252426 22
252427 3
252444 27
252450 0
252455 27
252460 13
252489 10
252498 22
252702 27
252708 22
252723 19
252724 19
252741 19
252748 27
252781 10
252785 16
252789 27
252791 27
253303 3
253314 7
253315 25
253432 19
253455 3
253456 4
253481 27
253701 19
253715 27
253717 25
253722 10
253731 22
253732 27
253734 19
253735 13
253736 25
253748 22
253752 27
253754 16
254181 27
254205 10
254206 6
254211 16
254215 4
254216 4
254222 6
254231 16
254232 7
254252 27
254282 10
254302 13
254325 22
254333 19
254372 25
254421 13
254425 27
254426 3
254435 19
254436 10
254438 27
254439 4
254441 8
254442 19
254451 21
254456 27
254457 15
254458 4
254459 27
254461 16
254471 24
254473 19
254492 10
254494 16
254700 27
254702 22
254703 10
254710 16
254711 19
254734 25
254770 10
254777 19
254804 22
254875 16
255201 3
255215 12
255251 24
255290 9
255300 22
255320 2
255321 14
255330 6
255359 20
255415 3
255417 6
255420 15
255422 17
255424 19
255430 18
255432 26
255434 24
255437 4
255438 25
255439 10
255441 13
255447 10
255449 7
255454 7
255460 9
255462 19
255464 27
255471 27
255492 16
255499 23
255712 22
255722 10
255734 10
255739 27
255750 27
255764 27
255766 22
255770 16
255771 16
255772 19
255786 22
255791 19
255830 27
256100 27
256212 19
256271 22
256281 4
256316 3
256333 16
256373 13
256383 21
256412 7
256415 22
256441 3
256457 4
256462 27
256473 25
256700 16
256761 19
256762 27
259103 20
259104 27
259106 6
259107 17
259108 12
259109 21
259201 9
259203 6
260312 16
260404 16
260413 19
260424 27
260434 27
260717 19
260772 27
261103 16
261111 7
261200 15
261210 10
261212 0
261216 25
261217 4
261304 13
261305 16
261335 22
261336 24
261342 25
261343 17
261361 19
261405 7
261406 10
261434 22
261447 18
261456 3
261457 21
261458 4
261461 10
261469 19
261494 27
261497 15
261499 24
261701 19
261702 10
261706 22
261735 16
261739 19
261753 16
261754 16
261767 19
261769 19
261791 27
263701 10
263702 16
263720 22
263746 19
263760 27
263771 22
264701 22
264706 10
264707 19
264710 19
264741 16
264791 16
266703 27
268721 19
269101 16
269102 4
269200 19
269201 16
269202 27
269340 27
269430 4
269462 21
269470 13
269497 16
270701 16
270702 19
270711 19
270791 19
301254 4
305202 19
311352 1
318322 19
318351 15
320351 27
321251 27
324703 27
328310 19
328313 25
330110 1
330111 7
351100 26
351201 22
351202 23
351301 10
351321 3
351331 12
351410 19
351441 13
351442 22
351451 7
351463 27
351466 10
352301 13
352311 19
352321 3
352323 22
352332 4
352422 7
352431 27
353301 19
353421 27
353431 25
353451 21
353452 13
354311 24
356100 21
356101 16
356102 15
356202 4
356210 14
356212 16
356303 16
356304 27
356306 27
356312 13
356361 22
356412 19
356414 22
356416 16
356432 16
356441 4
356442 25
356443 13
356471 19
356496 27
357101 15
357110 4
357210 9
357322 19
357360 22
357417 13
357441 27
357491 16
359202 6
359203 13
359204 10
359206 27
359301 19
359311 27
359405 10
359409 7
359410 3
359413 27
359414 16
359421 16
359431 19
359451 18
360100 7
360210 12
360400 4
360402 22
360404 22
360407 13
360411 4
360431 16
360460 13
360470 27
361210 19
361214 27
361301 27
361321 16
361351 13
361453 0
361461 19
361471 27
363210 19
365301 27
365321 19
365331 22
365421 13
365427 27
365428 16
368200 13
368317 0
368331 15
368412 22
368433 27
368441 4
368487 10
400110 3
400211 14
401382 10
403382 16
406385 19
406395 22
409281 25
409292 22
411281 10
411291 13
415291 1
420281 16
421281 19
421291 7
421385 7
421395 4
423382 25
428382 13
461100 9
461170 3
461471 10
461472 13
461511 13
461527 7
461529 10
462130 22
462541 7
462587 7
462588 22
463251 13
463311 25
463331 19
463341 22
463353 10
463402 4
463433 16
463455 19
463491 3
463503 16
463504 25
463545 22
463556 19
463558 13
464301 27
464311 13
464341 16
464401 13
464413 27
464441 22
464443 10
464444 7
464445 25
464501 10
464502 27
464503 4
464509 22
464510 22
464541 19
464542 16
464544 27
464549 15
466141 12
501301 22
501302 4
502211 19
502311 10
503402 21
504302 25
506303 13
506361 13
507402 3
508203 23
508207 10
508303 16
509402 7
510201 13
510202 3
510307 10
510411 13
510414 16
510415 4
510416 25
510417 22
512303 19
512402 27
513111 4
513114 12
513223 4
513224 16
513283 13
513315 27
513324 4
513328 10
513363 16
513371 22
513412 22
513429 10
513445 16
513451 19
513471 27
514211 16
514241 13
514317 19
514323 13
514335 22
514341 16
514343 10
514381 4
514383 7
514395 25
514397 27
514425 22
514442 27
514451 25
514453 19
514466 10
514475 16
515201 16
515250 4
515307 27
515312 13
515334 4
515361 22
515364 25
515370 27
515376 10
515403 16
515490 27
551461 10
552216 27
552217 13
552222 27
553312 19
554314 4
555313 16
556311 13
557433 13
558411 22
558432 19
558442 16
561312 27
562211 27
571115 22
601201 27
601302 16
601321 10
601322 22
601341 24
601344 26
601351 19
601422 13
601427 16
601428 13
601452 19
601460 4
601462 27
601702 16
601731 13
601758 19
601765 16
601767 22
602100 4
602102 0
602111 27
602211 7
602315 3
602321 19
602322 0
602431 0
602432 3
602441 22
602464 27
602731 19
602761 27
603211 25
603322 25
603332 4
603352 10
603371 19
603421 13
603441 22
603453 3
603465 25
603471 10
603494 27
603495 16
603711 16
603723 19
603731 27
604304 6
604305 15
604312 18
604313 20
604351 13
604352 27
604412 10
604414 3
604416 16
604422 22
604441 13
604451 4
604711 16
604715 27
604731 19
605201 22
605204 3
605301 0
605313 4
605314 23
605321 21
605322 16
605341 3
605412 22
605432 19
605446 27
605459 16
605461 13
605476 4
605701 16
605702 19
605713 27
605751 27
606231 27
606242 19
606244 22
606263 13
606343 22
606362 4
606363 27
610114 16
651105 25
651109 27
651120 4
651210 13
651311 13
651312 19
651315 27
651316 16
701101 7
701181 15
701182 27
701183 23
701201 6
701211 22
701281 2
701313 27
701321 10
701331 18
701342 6
701344 16
701402 13
701403 10
701407 27
701409 16
701425 25
701455 7
701494 4
702101 23
702205 25
702211 16
702312 0
702313 21
702316 27
702318 24
702341 4
702351 16
702411 15
702416 7
702418 19
702423 13
702431 4
703103 3
703202 13
703204 22
703243 9
703244 13
703305 21
703308 10
703311 13
703313 3
703322 24
703324 22
703330 4
703331 3
703345 19
703352 19
703391 11
703404 0
703412 10
703435 27
703447 6
703454 12
703498 22
703499 27
704101 4
704141 16
704201 13
704345 27
705191 4
705211 6
705311 20
705329 22
705331 27
705351 22
705411 6
705437 13
705441 3
705442 24
705444 5
705492 27
705499 4
751100 10
751101 25
751102 5
751106 10
751202 8
751209 2
751301 16
751302 14
751303 11
751304 19
751305 18
751308 25
751309 3
751321 16
751326 27
751327 19
751330 17
751345 26
751401 4
751403 6
751405 27
751408 23
751413 24
751419 22
751421 26
751422 16
751424 27
751428 5
751443 7
751447 25
751451 27
751701 27
751702 16
751703 13
751704 13
751705 10
751706 27
751708 13
751712 10
751718 19
751724 16
751726 19
751751 19
801100 25
801201 19
801225 13
801235 27
801321 19
801324 19
801331 4
801333 13
801334 13
801336 27
801421 10
801471 19
801481 16
803121 16
803123 27
803231 25
803331 27
803360 13
803431 16
851100 16
851104 3
851105 19
851108 16
851200 10
851201 8
851202 2
851243 13
851251 7
851262 22
851273 3
851305 5
851306 23
851309 15
851342 16
851352 26
851354 4
851355 21
851360 6
851362 4
851375 21
851376 2
851400 7
851404 9
851407 17
851441 12
851462 18
852100 16
852101 24
852102 21
852103 4
852201 25
852202 10
852203 13
852204 16
951100 26
951102 19
951106 22
951124 27
951203 16
951302 3
951323 22
951331 4
951344 4
951348 13
951352 27
951497 13
953103 27
953111 9
953212 22
953231 16
953233 4
953261 13
953321 27
953322 22
953331 19
953361 16
953421 4
953444 16
953494 27
953495 10
954100 19
954244 13
954246 16
954310 27
954370 22
954374 19
954410 13
954413 16
954416 12
954426 24
954443 25
954449 16
954462 4
954464 27
954471 4
954477 25
954491-001 13
954491-002 10
954491-003 10
954491-004 27
954498 3
955102 27
955103 23
955104 19
958111 22
958201 16
958221 25
958225 10
958261 22
958373 27
