001101 10
001102 4
001111 19
001113 13
001201 1
001202 21
001210 7
001230 9
001231 15
001250 13
001281 4
001291 15
001293 22
001310 4
001311 27
001312 3
001318 18
001320 22
001321 22
001323 4
001330 3
001342 16
001353 7
001354 26
001361 4
001362 27
001381 4
001410 4
001425 27
001443 27
001444 4
001445 22
002101 7
002110 27
002191 13
002201 0
002211 19
002221 16
002250 27
002301 13
002333 4
002365 22
003101 7
003191 21
003201 19
003414 16
003421 13
003436 27
004282 13
004301 7
004303 25
004324 16
004432 22
004473 16
004475 27
004483 0
006103 12
006126 26
006206 19
006226 4
006241 16
006242 13
006253 7
006303 7
006331 27
006346 27
006448 27
008214 27
008303 7
008314 13
008411 4
008417 27
009103 24
009105 7
009212 4
009230 6
009231 15
009326 22
009328 27
011100 24
011152 7
011153 5
011251 8
011257 24
011259 22
011269 3
011276 27
011353 26
011356 4
011362 19
011363 13
011374 4
011461 4
011464 13
011479 27
012100 13
012173 22
012200 26
012273 13
012371 16
013103 12
013110 7
013203 16
013204 4
013207 25
013209 7
013302 0
013306 7
013307 4
013317 27
013326 4
013329 22
013330 16
013413 22
013420 27
013433 13
014210 21
014211 6
014270 7
014310 25
014322 13
014323 1
014370 16
014371 22
014381 13
014401 26
014481 22
015101 22
016101 13
016102 13
017101 27
017102 27
017111 22
017210 27
018103 7
018111 13
018113 13
018125 27
018203 16
018211 22
018213 13
018231 4
018235 27
018271 3
018321 13
018351 16
019101 26
019102 22
019103 7
019105 12
019106 22
019108 13
019111 27
019203 13
019205 27
019211 4
019221 25
019303 19
019311 0
019331 16
019361 13
019371 22
019381 27
019471 13
020101 21
020102 27
020211 27
020231 7
020341 22
020362 4
021101 22
021102 13
021203 22
025108 4
025110 27
025310 27
025480 4
026101 9
026102 0
026111 22
029701 22
029711 27
050100 22
050103 0
050104 8
050106 8
050111 2
051300 22
051306 27
051313 27
051412 22
051418 13
051421 27
052202 16
052314 6
052350 21
052352 4
052357 7
052421 16
055701 27
055704 27
055771 27
057121 27
057122 17
057123 0
057125 27
057126 5
057127 19
057128 0
057129 6
057130 6
057131 0
057132 24
057133 13
057134 22
057135 21
057136 27
057137 27
057201 16
057213 4
057215 13
057284 22
057285 16
057288 7
057293 7
057294 27
057296 13
057300 19
057305 21
057403 22
057405 27
057410 27
057420 16
057425 3
057426 13
057428 3
057450 4
059419 22
061106 15
061201 27
061223 16
061306 21
061309 27
061312 13
061317 15
061403 25
062200 7
062320 19
062341 22
062342 4
062343 0
062344 7
062346 7
062360 1
062380 16
062411 4
062452 7
062460 1
062499 16
063710 22
064201 7
064206 22
064207 1
064271 27
064272 13
064281 13
064301 1
064410 21
064423 27
064424 13
065210 3
065212 27
065310 7
065320 25
065332 19
065436 13
065799 27
066221 22
066323 19
066410 13
066414 13
066425 16
067202 16
067303 18
067311 13
067372 16
067373 4
067432 6
070100 22
070201 13
070301 22
070303 13
070304 13
070308 22
070400 27
070401 13
070404 22
070413 25
070414 4
070415 22
070416 27
070711 7
070720 13
070721 22
070727 22
070731 27
070740 27
071411 7
071412 27
071413 6
071415 0
071416 21
071419 13
071420 27
071423 13
071425 16
071426 22
071724 27
074100 5
074101 3
074414 13
076312 7
076314 7
076414 7
076427 22
076428 26
076429 19
076444 4
076466 4
077422 27
078444 22
078454 22
099101 0
099102 25
100102 6
100103 22
100104 13
100105 3
100106 26
100107 12
100108 27
100205 11
100206 11
100207 26
100208 6
100209 27
100306 27
100307 9
100308 12
100309 10
100310 22
100501 27
101100 5
101105 7
101201 13
101211 0
101400 22
101405 7
103191 27
103271 23
104200 3
104201 22
104300 13
104301 19
104325 27
104340 27
104410 16
104495 13
105304 13
109100 21
109115 25
112101 22
112102 13
112103 7
112108 27
112110 22
112201 27
112203 16
112213 19
112300 27
112314 4
112411 22
115200 19
115300 27
115301 4
115302 22
126101 27
126321 16
126330 13
126428 4
126443 27
127100 3
127101 2
127203 3
127206 25
127207 19
127303 4
127312 27
127314 13
127315 7
127316 22
127320 16
127326 16
127329 4
127413 27
127711 7
127717 13
127718 22
127719 27
128100 13
128101 12
128202 15
128203 21
128204 27
128307 1
128309 13
128352 22
128354 22
128403 7
128701 27
128710 7
128730 13
128734 22
128740 22
128762 27
140103 27
152321 27
154104 7
154141 4
154151 15
154231 25
154262 19
154281 7
154311 3
154330 22
154352 4
154371 13
154384 25
154388 7
154443 22
154455 4
154482 13
154488 27
159100 23
159101 18
159151 6
159203 25
159221 27
159301 22
159351 4
159356 22
159403 27
159411 13
159412 22
159431 7
159454 27
164200 15
164341 27
168101 13
168313 13
176100 6
176101 6
176220 4
177103 7
177214 4
177216 13
177242 27
177283 18
177285 22
177321 1
177330 22
177336 27
177341 0
177361 19
177393 16
177404 1
177425 22
177426 4
177427 16
177434 16
177446 7
177447 6
177450 27
177464 13
177465 13
177467 4
177481 22
201100 25
201110 26
201114 16
201115 25
201116 26
201117 15
202100 18
202101 11
202141 19
202143 19
202145 25
202184 23
202231 0
202260 13
202321 16
202334 22
202342 13
202353 27
202361 1
202434 27
202473 22
202495 16
202742 22
202764 22
202765 22
202773 4
202782 4
202833 27
202848 22
202873 4
203100 3
203103 7
203111 12
203116 1
203151 8
203162 12
203201 4
203203 18
203204 19
203206 9
203207 20
203208 13
203209 12
203222 25
203226 16
203231 13
203235 16
203236 13
203255 19
203315 7
203331 13
203351 0
203352 15
203475 4
203714 22
203716 13
203722 4
203732 27
203736 4
203739 22
203743 4
203753 27
203821 16
203828 27
203879 13
204100 20
204101 10
204111 27
204202 15
204219 13
204231 6
204251 4
204321 4
204325 1
204341 27
204361 7
204363 4
204365 13
204381 1
204383 22
204432 13
204435 27
204451 16
204453 22
204471 27
204712 27
204721 13
204732 22
204735 7
205100 21
205103 3
205104 6
205105 7
205235 16
205239 3
205275 3
205303 4
205337 22
205355 27
205393 7
205712 13
205735 22
205783 27
206100 16
206101 2
206103 0
206107 0
206111 15
206113 22
206161 0
206171 18
206181 26
206191 27
206203 25
206211 15
206216 27
206217 7
206261 9
206267 8
206281 10
206300 22
206321 22
206324 4
206325 16
206327 4
206331 0
206335 16
206336 7
206341 27
206355 13
206362 26
206370 26
206381 22
206436 4
206437 27
206441 1
206717 22
206720 13
206721 22
206730 27
206736 27
206753 27
207100 16
207103 19
207105 3
207107 4
207109 27
207110 22
207115 26
207117 8
207123 26
207131 12
207135 1
207171 18
207173 22
207183 13
207187 3
207203 12
207205 22
207208 15
207213 16
207308 27
207310 7
207313 4
207323 1
207348 7
207401 13
207406 22
207701 7
207703 13
207705 22
207711 27
207741 27
208101 8
208140 27
208263 25
208270 7
208271 10
208272 27
208280 7
208321 22
208329 22
208343 27
208348 7
208425 13
208737 27
209201 25
209251 4
209301 16
209302 22
209303 27
209331 1
209351 18
209358 19
209361 0
209368 4
209375 4
210201 26
210202 13
210204 27
210343 13
210351 22
210383 7
210425 16
210434 27
210703 7
210704 13
210707 22
210731 27
210733 27
210743 27
211100 15
211311 27
211315 22
211319 7
211413 16
211440 13
211442 4
211495 27
211702 4
211889 22
213706 22
213707 27
213714 4
214261 16
214312 6
214341 1
214381 27
214414 16
214415 13
214421 4
215205 2
215206 18
215207 25
215208 7
215423 6
215424 4
215431 27
215475 7
215476 13
215485 22
215486 27
215734 22
215744 4
215752 27
215762 22
215785 22
217701 13
217703 22
217707 27
217734 22
217751 27
217775 22
218100 21
218101 4
218233 16
218235 19
218321 16
218323 7
218351 27
219761 22
219789 27
220703 27
226701 7
226702 13
226704 22
226711 22
226801 27
251101 22
251211 27
251213 27
251261 13
251281 15
251312 4
251313 4
251363 13
251374 22
251384 27
251419 27
251437 22
251438 7
251439 16
251451 16
251475 4
251701 7
251702 13
251703 27
251711 22
251715 27
251745 22
251751 6
251752 7
251757 13
251758 22
251776 6
251783 7
251784 13
251785 22
251790 27
252201 3
252211 25
252232 6
252282 23
252283 3
252285 3
252286 25
252301 27
252302 13
252317 13
252322 22
252325 26
252327 4
252330 16
252342 1
252363 4
252420 27
252421 16
252427 13
252444 22
252498 27
252702 7
252726 22
252746 13
252747 22
252791 27
253303 7
253314 16
253315 7
253455 1
253481 4
253701 27
253715 4
253717 6
253731 16
253732 4
253735 7
253736 22
253748 16
253754 13
254181 27
254205 5
254206 21
254211 7
254215 12
254216 13
254222 0
254231 23
254232 16
254252 8
254282 0
254302 27
254325 7
254333 4
254372 22
254373 27
254421 16
254426 16
254435 22
254436 16
254439 19
254442 27
254444 27
254451 27
254456 13
254459 4
254461 19
254471 1
254473 27
254700 27
254702 16
254703 22
254710 4
254711 13
254734 27
254736 16
254770 16
254804 13
254873 13
254875 4
255201 25
255215 14
255251 16
255290 19
255300 27
255320 22
255321 16
255330 13
255359 27
255415 16
255431 7
255432 13
255434 22
255454 27
255455 27
255492 1
255722 7
255734 13
255738 22
255750 27
255764 27
255770 13
255771 22
255772 27
255786 7
255811 22
255820 27
256100 19
256212 6
256281 25
256316 16
256333 7
256373 22
256418 27
256441 27
259103 18
259104 19
259106 23
259107 4
259108 7
259109 22
259201 15
259203 13
260402 22
260413 27
260701 27
260702 4
260705 7
260709 13
260716 7
260718 13
260772 22
261103 16
261111 17
261200 16
261210 3
261212 27
261216 12
261217 7
261304 27
261305 1
261335 13
261336 22
261342 16
261343 7
261361 22
261405 22
261434 4
261447 13
261458 27
261461 4
261469 4
261701 22
261702 27
261706 13
261739 7
261752 13
261754 27
261769 7
261791 22
261895 22
263701 13
263702 27
263720 4
263746 7
263760 22
263770 22
263771 4
264701 6
264703 7
264706 13
264710 13
264733 22
264791 27
266702 27
268721 22
269101 22
269102 27
269111 22
269200 4
269201 27
269202 7
269340 7
269430 16
269452 7
269462 1
269470 13
269493 27
301254 16
305202 16
311352 25
318322 13
318351 1
320351 18
321251 4
324703 27
328310 27
328313 16
330110 1
330111 25
351100 23
351200 15
351201 15
351301 16
351321 7
351331 13
351441 4
351442 16
351451 13
351466 22
351489 7
352103 15
352301 16
352311 7
352321 13
352323 27
352422 4
353210 27
353301 7
353311 16
353418 16
353421 27
353431 1
353451 13
354311 27
356100 5
356101 7
356102 21
356202 13
356210 19
356212 4
356261 16
356303 13
356304 4
356411 27
356416 22
357101 14
357110 27
357210 23
357322 1
357325 22
357417 7
357441 22
357491 16
359202 5
359203 16
359204 4
359210 27
359311 27
359409 27
359421 22
359465 4
360100 22
360400 7
360403 13
360423 22
360460 27
361210 24
361214 16
361301 22
361351 27
361442 7
361453 22
361461 13
361471 4
362211 4
363210 13
365321 7
365322 1
365324 13
365421 16
368200 22
400110 21
401382 0
403382 7
406385 22
406395 19
409281 19
409292 1
411281 13
411291 22
415291 3
420281 27
421281 7
421291 15
421385 13
421395 4
423382 27
428382 16
461100 21
461435 7
461472 13
461514 22
461523 13
462130 19
462151 22
462405 22
462409 27
462445 27
462541 13
462543 22
462584 27
463251 26
463311 13
463331 16
463341 22
463353 27
463402 7
463433 22
463455 27
463491 16
463503 7
463513 22
463545 27
463556 16
463571 4
464301 4
464311 7
464341 1
464401 1
464413 19
464441 4
464443 25
464444 16
464445 13
464502 22
501301 7
501302 22
504302 16
506303 13
506361 22
508203 25
508303 4
510201 16
510202 4
512303 27
513111 15
513114 25
513223 13
513224 4
513283 27
513315 13
513324 1
513328 4
513363 7
513371 22
513411 7
513429 13
513445 22
513471 27
514211 22
514241 13
514317 13
514323 27
514341 22
514343 4
514381 16
514383 7
514451 27
515201 27
515250 4
515306 4
515310 4
515334 22
515361 7
515364 13
515370 22
515373 27
518770 27
551312 16
552216 27
552217 22
552222 22
553311 4
554312 7
556412 13
561313 22
561314 27
562101 13
562211 16
601201 16
601302 27
601341 7
601344 16
601351 22
601422 13
601452 22
601456 4
601731 13
601758 22
601765 7
601842 27
602100 22
602102 27
602103 6
602111 27
602211 27
602315 13
602321 4
602322 16
602431 7
602432 27
602441 16
602464 22
602731 22
602761 27
603211 13
603321 16
603322 13
603351 4
603421 13
603441 22
603471 27
603496 27
603711 13
603723 22
603731 27
604304 1
604305 27
604312 7
604313 19
604351 13
604352 16
604451 27
604711 22
604715 27
605201 27
605204 6
605301 19
605313 27
605314 22
605321 4
605322 16
605701 7
605713 13
605741 22
605745 27
605751 27
606231 19
606242 16
606244 27
606263 7
606310 22
606343 27
610114 10
651104 22
651105 25
651109 27
651120 1
651210 22
651311 7
651312 13
651315 22
651316 27
701100 13
701101 13
701104 27
701181 0
701183 15
701201 6
701205 22
701211 13
701243 13
701281 8
701313 13
701321 4
701331 7
701341 27
701344 22
702100 22
702101 21
702205 22
702211 24
702213 12
702312 27
702316 16
702317 22
702341 13
702351 27
703103 27
703109 22
703202 22
703243 23
703244 0
703305 22
703308 16
703309 19
703310 4
703322 3
703323 7
703330 16
703331 13
703391 22
703404 22
703412 4
703447 7
703454 16
703498 13
705191 15
705211 3
705311 9
705329 22
705331 16
705332 25
705342 7
705351 15
705431 4
705438 0
705440 27
705441 16
705442 16
705444 22
705461 27
705493 13
705499 27
751100 13
751101 15
751102 3
751106 21
751202 16
751209 8
751301 22
751302 27
751303 22
751304 27
751305 22
751308 13
751309 13
751321 4
751326 16
751330 26
751345 27
751401 7
751403 13
751405 16
751408 27
751417 4
751418 0
751419 4
751422 4
751428 4
751440 22
751441 1
751443 22
751447 22
751451 7
751701 22
751702 27
751703 13
751704 6
751705 7
751706 13
751708 4
751712 27
751716 6
751724 22
751725 7
751726 22
751727 4
751729 6
751734 7
751744 13
751752 27
801100 26
801201 22
801225 16
801235 19
801321 13
801331 27
801333 7
801336 16
801421 13
801471 4
801481 27
803121 22
803123 27
803231 27
851100 14
851104 7
851105 13
851108 27
851200 22
851201 6
851202 24
851204 21
851205 4
851273 14
851305 27
851309 22
851313 7
851343 19
851344 13
851345 1
851360 22
851362 27
851367 7
851372 13
851375 25
851400 21
851404 27
851406 16
851407 13
951100 16
951101 15
951102 19
951125 18
951203 21
951302 27
951323 16
951331 4
951344 27
951348 4
951352 22
951497 22
953103 7
953111 24
953211 27
953212 4
953233 13
953261 16
953321 7
953322 13
953331 27
953361 27
953421 22
953494 16
954100 13
954140 4
954141 27
954245 3
954246 7
954260 21
954270 16
954311 1
954312 7
954320 27
954323 16
954343 16
954370 13
954374 22
954412 27
954413 27
954462 13
954471 4
954491 7
954498 4
