001101 1
001102 1
001112 9
001118 27
001201 1
001202 27
001210 12
001222 21
001223 0
001224 1
001225 13
001226 24
001227 22
001228 18
001229 11
001230 27
001231 7
001234 10
001250 6
001291 15
001292 25
001310 12
001311 8
001312 0
001314 13
001320 7
001321 27
001323 7
001330 10
001341 27
001342 16
001352 22
001355 12
001361 4
001362 3
001410 25
001423 6
001440 24
001445 10
001447 9
001471 27
001472 6
002102 19
002111 16
002191 15
002192 27
002202 10
002230 27
002260 13
002302 16
002311 9
002321 10
002331 27
002362 13
002402 10
002441 7
002471 4
002472 16
003101 16
003102 25
003191 16
003202 25
003332 27
003414 10
003421 16
003436 13
003454 25
004282 26
004465 11
004470 3
004472 16
004474 25
004476 19
006103 24
006126 16
006226 19
006241 7
006253 18
006307 4
006326 4
006330 6
006349 13
006443 9
006448 15
006454 7
006475 10
008214 15
008314 27
008326 27
008402 10
008411 25
009103 11
009213 10
009234 4
009236 15
009254 27
009301 7
009344 16
009355 9
009356 15
009358 25
009363 4
009446 27
011100 9
011101 3
011151 16
011154 24
011156 4
011157 27
011251 19
011268 25
011269 26
011276 27
011277 4
011278 19
011355 13
011367 16
011457 9
011479 7
012173 25
012174 25
012200 14
012374 9
012475 6
013103 9
013110 4
013203 26
013204 6
013207 10
013208 9
013209 10
013216 4
013217 15
013301 25
013303 20
013306 11
013321 19
013335 16
013337 13
013410 9
013413 7
013428 25
013431 27
013432 16
013433 27
014211 10
014270 4
014310 27
014311 4
014323 10
014370 6
014371 3
014383 27
014401 24
014422 13
014423 9
014471 18
014481 22
014483 10
015101 17
015102 25
016101 16
016102 27
017101 18
017102 7
017111 13
017231 16
018104 13
018112 18
018114 25
018126 9
018204 16
018271 24
018323 27
018352 27
018372 27
018467 25
018471 16
019101 6
019104 27
019105 27
019106 25
019112 3
019204 13
019205 26
019206 16
019212 6
019222 10
019332 4
019351 19
019362 10
019371 13
019373 25
019441 13
020101 15
020102 25
020212 27
020231 3
020232 22
020261 19
021101 25
021102 25
021203 25
021204 25
021270 15
024752 27
025110 27
025310 27
025481 13
026101 24
026102 16
026111 7
026112 15
026201 20
029732 25
030101 6
050100 27
050103 16
050104 19
050106 12
050112 25
050113 15
051302 24
051304 16
051306 16
051310 25
051313 7
051418 27
052203 19
052310 10
052314 9
052323 25
052331 16
052350 16
052351 27
052353 7
052355 15
052400 24
052417 6
052419 16
052422 6
052442 9
052447 7
052448 25
052449 24
053713 27
054821 27
055702 16
055734 13
055739 25
055757 27
057121 15
057122 17
057123 27
057125 6
057126 0
057127 8
057128 26
057129 2
057130 14
057131 12
057132 3
057133 0
057134 4
057135 27
057136 27
057137 26
057138 3
057139 17
057213 25
057283 4
057286 7
057287 25
057290 13
057295 19
057297 22
057298 13
057301 4
057302 15
057305 23
057316 10
057366 16
057401 3
057404 27
057407 13
057411 27
057413 19
057419 22
057427 25
057428 7
059405 13
059419 18
061103 25
061106 3
061201 27
061223 27
061224 19
061306 19
061307 27
061312 7
061313 5
061403 3
061405 16
062200 19
062210 25
062320 22
062343 27
062499 25
063201 16
064204 13
064231 7
064331 27
064411 25
064412 27
064421 25
064422 25
064423 25
064424 18
064430 25
064474 27
065120 16
065121 3
065211 19
065212 13
065311 27
065320 16
065333 15
065420 16
065435 10
065436 27
065437 27
065438 27
065797 27
066222 27
066324 3
066412 10
066414 27
067201 4
067203 27
067311 25
067371 16
067433 13
067435 12
067436 25
067491 27
070200 6
070201 27
070301 19
070303 19
070305 7
070401 27
070411 16
070413 2
070414 3
070416 10
070792 27
071411 27
071412 10
071414 16
071415 25
071416 7
071418 27
071419 27
071420 4
071423 25
071426 10
073721 27
074100 0
074101 3
074414 13
076425 16
076426 25
076427 13
076430 9
076444 25
076466 19
078444 25
078454 27
079220 27
099101 25
099102 27
099103 16
100104 9
100109 21
100110 0
100111 8
100112 18
100207 6
100220 4
100222 3
100228 4
100229 7
100230 19
100231 15
100233 16
100307 27
100308 13
100309 4
100310 27
100311 9
100312 19
100313 8
100314 13
100501 15
101201 4
101202 18
101205 6
101325 10
101405 27
101490 25
103271 5
104100 4
104302 7
104310 16
104320 9
104327 13
104334 13
104340 16
104435 27
104471 10
104490 27
109100 7
109114 17
112101 27
112105 16
112106 19
112109 13
112202 4
112205 13
112303 16
112321 19
112322 16
112406 19
112424 25
115301 16
115401 13
116301 19
116302 13
126101 3
126102 13
126212 21
126213 10
126214 27
126324 14
126326 9
126328 27
126330 11
126332 19
126400 4
126431 13
126436 16
126442 25
127100 16
127101 20
127202 25
127205 13
127313 23
127329 16
127330 24
127332 4
127333 10
127359 25
127411 19
127415 4
127416 6
127424 16
127433 25
127492 27
127493 9
127716 13
127720 25
127721 16
127727 27
128100 14
128101 15
128201 15
128304 0
128305 9
128306 10
128308 19
128310 22
128401 27
128423 7
128425 12
128427 15
128434 16
128443 12
128445 7
128451 9
128471 4
128481 3
128484 10
128700 25
128714 13
128727 27
128734 16
140101 27
140102 10
140103 24
140104 13
140105 21
152211 25
152301 27
152321 22
152331 16
154100 27
154104 5
154141 21
154152 10
154153 26
154173 3
154181 27
154251 10
154262 4
154276 13
154281 27
154301 25
154330 25
154431 7
154479 27
154492 16
159100 16
159101 18
159102 8
159151 27
159202 10
159204 18
159331 4
159351 27
159411 7
159434 3
160342 16
164261 13
164341 27
168100 25
168101 19
168410 13
176100 2
176101 23
176104 8
177103 27
177104 16
177113 6
177114 25
177141 3
177142 19
177181 10
177220 27
177222 9
177227 27
177228 25
177229 0
177300 7
177321 26
177332 18
177335 12
177336 27
177341 16
177361 4
177413 24
177420 25
177425 19
177429 6
177430 4
177431 13
177433 12
177441 25
177447 16
177460 3
177464 10
177465 27
177466 16
177470 24
177483 25
177491 13
177494 9
177495 27
179404 10
179406 27
179443 15
201100 17
201110 7
201114 22
201116 19
201117 3
201190 13
202100 14
202101 26
202102 26
202147 24
202231 24
202302 27
202303 10
202305 7
202311 15
202356 6
202362 9
202371 10
202405 16
202421 10
202432 13
202446 6
202461 27
202471 3
202475 15
202476 4
202484 10
202731 13
202744 25
202749 27
202802 27
202833 13
202843 27
203100 24
203104 23
203108 7
203111 11
203113 15
203114 6
203131 12
203132 21
203151 16
203152 18
203154 15
203158 3
203159 13
203162 6
203202 10
203204 6
203206 23
203208 10
203209 20
203211 6
203222 16
203223 22
203226 16
203232 18
203236 10
203250 15
203287 9
203300 12
203304 9
203316 27
203351 3
203352 7
203404 25
203413 25
203424 27
203425 7
203435 4
203459 19
203474 10
203708 25
203715 27
203719 13
203721 13
203725 27
203734 27
203735 27
203754 25
203775 25
203812 25
203825 25
203829 27
203879 27
204100 10
204101 25
204113 9
204123 15
204202 15
204217 10
204232 7
204251 22
204306 11
204315 10
204320 16
204333 19
204355 27
204362 9
204382 15
204422 13
204423 16
204424 27
204425 3
204443 25
204456 10
204482 7
204483 16
204490 6
204725 27
204735 13
204792 25
205100 16
205103 16
205105 27
205216 18
205232 22
205244 22
205252 19
205282 7
205324 9
205344 6
205358 7
205382 27
205421 16
205441 10
205473 25
205476 15
205731 13
205742 25
205764 13
205789 25
205796 27
206100 22
206103 3
206104 2
206108 15
206111 4
206112 20
206161 14
206162 8
206171 4
206172 6
206181 19
206182 15
206191 4
206203 4
206216 25
206217 27
206253 19
206255 25
206261 17
206266 25
206267 3
206281 23
206311 27
206313 16
206321 6
206324 3
206327 10
206331 8
206336 12
206341 7
206342 25
206362 24
206364 10
206367 16
206368 8
206370 9
206428 4
206435 7
206437 10
206457 13
206476 25
206481 18
206703 13
206714 13
206724 13
206734 27
206736 25
206737 25
206774 27
207104 6
207105 24
207106 27
207108 9
207109 26
207110 27
207116 11
207117 19
207118 27
207125 19
207162 27
207172 13
207181 10
207187 12
207188 25
207191 8
207195 7
207214 7
207302 6
207305 15
207306 22
207312 25
207321 27
207402 7
207408 27
207415 24
207442 4
207448 3
207481 10
207704 13
207706 25
207708 27
207712 27
207766 27
208101 8
208140 19
208141 10
208250 27
208263 21
208264 15
208272 19
208322 22
208345 7
208346 25
208353 19
208362 21
208373 19
208423 27
208444 4
208446 10
208460 6
208738 25
208772 27
208873 27
209203 10
209204 9
209252 3
209253 25
209262 10
209263 27
209270 6
209271 7
209272 15
209322 27
209332 6
209341 27
209352 6
209370 7
209376 10
209382 15
209424 16
209452 4
209454 27
209456 24
209466 15
209486 25
209712 13
209714 25
209716 25
209772 27
209787 13
210100 9
210200 25
210207 10
210221 6
210251 9
210276 3
210315 25
210331 27
210355 7
210432 16
210435 25
210463 10
210497 27
210702 27
210717 25
210741 25
210743 13
210744 25
210748 25
211100 16
211303 9
211312 24
211315 21
211318 3
211319 18
211341 12
211342 7
211444 25
211445 15
211446 27
211448 25
211449 16
211709 25
211843 27
212712 16
212721 27
212731 25
213706 13
213707 27
213708 25
213717 27
214301 3
214310 16
214340 6
214341 27
214352 27
214403 27
214412 10
214431 16
214491 25
215205 22
215206 0
215207 4
215208 25
215303 25
215311 16
215312 27
215313 16
215314 24
215401 10
215462 6
215482 25
215495 27
215497 15
215711 27
215742 27
217705 25
217708 27
217773 13
218100 0
218234 25
218236 7
218244 27
218262 10
218352 7
218362 25
218372 27
218382 16
218474 10
218481 16
218496 3
219741 27
219753 13
219766 25
219789 27
225702 16
225704 13
225706 25
225707 27
226703 27
226704 27
226711 13
226805 27
229223 18
229351 24
251100 16
251211 3
251213 10
251216 6
251242 4
251261 24
251292 4
251312 13
251313 10
251333 7
251334 16
251342 9
251361 16
251363 15
251371 25
251372 27
251374 3
251399 27
251411 6
251417 27
251434 12
251436 15
251451 10
251455 25
251456 9
251457 13
251461 24
251476 25
251477 4
251704 10
251707 27
251713 27
251716 25
251723 10
251724 13
251746 13
251748 25
251754 16
251760 13
251763 25
251765 27
251776 10
251781 13
251784 25
252210 15
252212 10
252222 18
252235 24
252281 6
252282 15
252283 26
252285 19
252311 27
252320 27
252328 24
252331 7
252353 16
252401 12
252402 9
252403 6
252404 4
252413 10
252420 12
252421 4
252422 6
252423 25
252427 15
252428 5
252429 10
252435 3
252440 25
252442 6
252443 3
252448 15
252450 16
252456 27
252459 19
252460 7
252479 7
252489 25
252706 13
252707 16
252727 27
252785 16
252789 13
252792 25
253215 10
253318 27
253321 7
253332 6
253416 13
253417 25
253423 6
253433 16
253441 10
253443 10
253451 27
253452 25
253454 9
253716 25
253721 27
253725 10
253734 7
253735 10
253747 25
253749 16
253752 10
253754 13
253791 13
254182 7
254200 3
254205 16
254206 18
254207 16
254211 20
254215 21
254216 26
254222 27
254231 8
254232 7
254271 4
254282 27
254302 16
254325 16
254334 14
254352 0
254362 15
254371 21
254373 24
254400 27
254411 9
254412 16
254415 12
254421 3
254422 6
254423 18
254424 25
254435 7
254441 12
254443 10
254445 7
254451 25
254452 3
254453 25
254454 25
254466 16
254476 15
254477 27
254478 9
254495 16
254701 27
254702 27
254721 27
254733 16
254737 27
254791 16
254816 25
254817 13
254857 13
255201 19
255210 10
255230 21
255300 25
255301 11
255316 6
255323 9
255328 2
255337 15
255340 5
255393 16
255422 14
255425 1
255429 8
255430 7
255431 0
255432 16
255433 10
255440 4
255442 8
255444 15
255445 27
255447 12
255451 24
255455 9
255462 7
255463 18
255471 6
255492 27
255497 19
255499 25
255714 27
255735 10
255750 27
255751 7
255769 13
255772 13
255783 25
256100 6
256271 19
256317 16
256318 10
256334 9
256418 25
256419 13
256441 7
256444 16
256456 27
256473 10
256474 25
256791 27
259103 0
259104 3
259106 2
259107 12
259108 9
259193 24
259195 10
259200 27
259201 23
259203 5
259401 6
260313 16
260334 25
260416 27
260421 27
260432 10
260702 27
261102 21
261111 7
261112 12
261113 3
261205 27
261207 7
261208 9
261214 19
261215 6
261218 18
261305 27
261306 18
261332 10
261342 10
261343 27
261361 16
261421 15
261430 10
261433 25
261438 12
261444 4
261446 25
261447 10
261448 7
261449 24
261453 25
261465 27
261473 6
261479 10
261494 25
261497-002 7
261497-008 25
261497-802 27
261497-808 25
261499 15
261736 13
261738 10
261745 27
261751 10
261752 13
261755 25
261763 25
261781 25
261795 13
261891 10
263710 10
263721 27
263724 16
263745 13
263751 25
264702 10
264705 13
264709 25
264755 27
265706 10
265709 13
265710 25
266801 27
268732 27
268735 10
268741 25
269103 19
269105 16
269111 27
269130 7
269210 16
269341 16
269360 9
269370 16
269452 7
269498 27
270712 13
270721 10
305203 10
318322 16
329105 14
329106 21
330115 10
351100 15
351201 19
351302 7
351321 25
351364 27
351371 3
351425 13
351426 10
351464 25
352103 9
352311 3
352313 10
352314 4
352401 3
352412 22
352421 19
352422 25
352433 27
352441 13
353313 16
353418 16
353431 27
353441 25
353471 15
353482 27
354311 4
354312 10
355411 25
356100 7
356101 25
356102 20
356210 19
356261 25
356333 27
356361 19
356373 13
356374 16
356411 4
356414 7
356415 19
356416 13
356431 25
356432 27
356441 13
356442 9
356443 22
356444 4
356446 9
356447 24
356449 10
356451 16
356455 27
356471 19
356472 25
356474 3
356496 25
357101 15
357110 3
357210 25
357322 16
357323 4
357418 4
357421 7
357432 25
357441 24
357444 27
357446 10
359202 0
359205 16
359206 16
359302 7
359303 16
359305 7
359341 27
359350 13
359360 25
359380 27
359401 8
359403 13
359408 10
359422 12
359423 25
359452 27
359460 9
359461 24
359465 16
360100 27
360301 13
360304 13
360441 9
361210 8
361211 13
361214 4
361341 22
361413 19
361414 27
361421 25
361433 7
361442 13
361452 7
361461 16
361475 4
363210 27
363401 10
363402 16
365201 16
365211 4
365322 27
365324 19
365422 13
365425 27
365426 25
368211 16
368310 22
368412 7
368417 16
400110 26
400210 9
401281 9
401383 3
401391 9
403281 6
403383 27
406284 4
406294 16
406386 16
406396 13
408382 15
410381 19
413383 24
413391 12
415393 10
420282 7
421282 10
421292 13
421386 6
421396 4
422381 18
428281 25
428282 27
428381 25
428383 7
461170 19
461471 6
461472 7
461511 9
461523 7
461526 7
461527 9
461532 7
462130 16
462544 27
462587 13
462588 27
463201 25
463252 27
463331 16
463332 4
463342 25
463354 27
463433 6
463512 16
463513 4
463543 10
463544 7
463557 15
463559 13
463571 9
463592 24
464302 13
464312 10
464402 27
464403 25
464414 15
464442 16
464443 7
464445 13
464446 10
464500 13
464502 27
464504 16
464505 25
464506 10
464508 13
464545 9
464549 13
501201 9
501202 7
501305 9
501306 7
502313 24
502314 6
504202 27
504305 16
506202 25
508304 25
510306 27
512304 15
513113 25
513115 4
513212 10
513216 16
513217 13
513225 19
513284 27
513331 10
513343 25
513364 16
513373 27
513390 13
513411 25
513446 27
514202 13
514206 9
514222 27
514244 7
514272 15
514322 9
514336 10
514352 25
514358 16
514382 7
514384 4
514396 13
514398 27
514436 27
514462 25
514742 13
514752 25
515204 16
515205 10
515256 13
515257 25
515330 27
515337 7
515339 9
515362 25
515377 10
515378 16
515380 13
518724 27
518770 25
551461 25
552216 10
552217 16
552232 27
557433 10
558101 0
558411 16
558432 27
562101 21
562211 27
601201 6
601202 10
601231 18
601242 25
601342 10
601346 25
601351 7
601361 4
601423 16
601424 7
601431 25
601436 15
601452 6
601471 3
601472 27
601724 27
601731 13
601745 25
601769 13
601775 27
602100 11
602102 24
602103 3
602120 8
602121 27
602122 7
602301 10
602314 19
602421 7
602453 9
602454 16
602455 6
602461 25
602472 3
602741 27
602751 27
603200 25
603231 17
603321 18
603341 19
603396 7
603423 13
603496 27
603743 13
604101 19
604211 13
604311 18
604314 3
604315 13
604411 12
604415 8
604423 24
604431 5
604443 4
604454 27
605203 22
605302 6
605313 10
605315 7
605316 27
605321 15
605331 7
605340 25
605412 10
605413 10
605430 13
605476 27
605701 27
605711 16
605719 25
605742 27
606211 9
606243 16
606245 4
606264 13
606310 27
606341 10
606342 16
606344 13
606451 25
606452 27
610114 26
651210 27
651211 15
651212 10
651234 16
651306 25
651313 7
651314 13
651317 10
651319 27
651416 25
651425 16
701100 24
701181 17
701202 15
701235 10
701244 3
701283 21
701335 25
701408 25
701423 27
701496 27
702100 11
702101 3
702211 8
702312 9
702313 15
702317 8
702321 27
702331 25
702342 16
702354 4
702418 27
702443 13
702499 8
703103 19
703109 27
703202 18
703204 10
703243 19
703244 23
703309 14
703322 27
703324 24
703330 7
703331 3
703345 0
703351 27
703361 15
703413 16
703441 4
703499 10
705191 6
705211 26
705311 16
705328 3
705331 25
705332 15
705343 19
705431 16
705438 17
705440 25
705441 2
705442 9
705444 5
705447 27
705448 16
705499 27
751100 25
751101 17
751102 2
751106 25
751202 12
751209 21
751301 4
751302 2
751303 20
751305 14
751308 14
751309 11
751320 25
751326 10
751327 25
751330 10
751401 0
751403 14
751405 7
751408 1
751417 6
751418 4
751421 16
751422 25
751428 13
751440 27
751443 3
751701 7
751702 25
751703 13
751705 16
751706 25
751708 7
751716 16
751718 10
751719 10
751728 27
751734 13
751752 27
801100 18
801122 27
801134 16
801204 6
801233 7
801236 27
801241 19
801322 25
801334 16
801371 25
803122 27
803124 16
803131 7
803230 19
803232 27
803260 19
851100 18
851103 3
851104 24
851105 16
851201 16
851202 19
851204 25
851207 13
851241 27
851252 15
851253 15
851261 6
851263 21
851273 23
851305 26
851309 10
851345 7
851363 10
851366 25
851400 4
851404 3
851406 16
851407 21
851441 24
851462 13
851467 24
852100 4
951100 15
951231 10
951324 27
951344 16
951366 16
951421 25
951498-004 27
951498-007 27
951498-011 27
951498-015 27
951498-020 7
951498-021 15
953102 19
953111 9
953201 16
953202 3
953211 7
953214 7
953231 10
953232 15
953234 4
953323 9
953422 7
953494 27
954100 27
954140 15
954142 25
954143 19
954170 7
954240 27
954326 10
954340 3
954371 25
954374 16
954423 10
954462 27
954464 13
954472 16
954491-001 7
954491-002 15
954491-003 10
954498 19
955102 19
955104 16
