001101 24
001102 12
001112 19
001118 4
001201 1
001202 27
001210 27
001222 4
001223 4
001224 4
001225 4
001226 21
001227 18
001228 4
001229 4
001230 10
001231 22
001234 16
001250 19
001291 2
001292 0
001310 15
001311 8
001312 24
001314 4
001315 15
001320 21
001321 1
001323 4
001330 27
001341 10
001342 0
001352 9
001355 7
001361 16
001362 10
001391 4
001410 21
001423 22
001440 27
001445 21
001446 9
001463 19
001471 27
001472 9
002102 9
002111 15
002191 9
002202 3
002230 9
002260 7
002302 22
002311 9
002321 3
002331 27
002362 7
002402 7
002441 10
002471 19
003102 19
003191 21
003202 19
003314 27
003331 19
003332 22
003361 7
003367 10
003454 10
004282 10
004465 12
004472 9
004474 21
004476 13
006103 19
006226 16
006241 22
006253 8
006307 0
006326 22
006330 3
006349 10
006353 4
006423 22
006432 27
006443 16
006448 13
006475 7
008214 0
008314 16
008326 19
008402 6
008411 27
009103 27
009213 27
009234 10
009236 12
009254 25
009325 7
009327 21
009344 3
009355 22
009356 6
009358 19
009363 10
009446 27
011100 21
011101 7
011154 22
011156 20
011157 1
011251 27
011257 6
011268 27
011269 27
011276 9
011277 3
011278 13
011355 10
011367 22
011457 10
011479 27
012173 6
012200 0
012271 6
012272 27
013103 1
013110 10
013203 10
013204 1
013207 15
013208 10
013209 12
013216 13
013217 27
013301 22
013303 6
013306 19
013321 16
013335 1
013337 4
013410 4
013413 0
013422 7
013428 19
013431 16
013432 22
014210 0
014211 16
014270 6
014310 9
014311 13
014323 21
014370 9
014383 10
014390 27
014401 6
014410 9
014422 4
014423 27
014471 3
014481 21
015101 23
015102 27
016101 22
016102 19
017101 26
017102 10
017111 19
017112 27
017231 19
018104 6
018111 22
018112 6
018114 19
018126 10
018204 27
018271 9
018323 19
018352 27
018372 7
018468 27
019101 27
019104 6
019105 1
019106 27
019112 9
019204 16
019205 10
019206 22
019212 27
019222 7
019332 10
019351 7
019362 22
019373 1
019441 27
020101 22
020102 0
020212 9
020231 3
020232 21
020261 6
021101 22
021102 21
021203 19
021204 10
021270 10
024752 27
025110 27
025381 19
025481 27
026101 9
026102 0
026111 19
026112 9
026201 1
026202 19
050100 13
050103 6
050104 15
050106 15
050112 17
050113 14
051302 19
051304 27
051306 22
051310 10
051313 22
051412 22
051418 27
052203 21
052310 18
052323 6
052331 10
052350 27
052351 0
052353 7
052355 13
052400 22
052417 0
052420 25
052422 13
052441 19
052442 9
052445 10
052448 21
052449 16
052725 19
054821 27
054822 27
055702 19
055703 27
055711 22
055739 22
057121 23
057122 20
057123 8
057125 7
057126 3
057127 19
057128 21
057129 24
057130 20
057131 6
057132 20
057133 10
057134 7
057135 22
057136 27
057137 13
057138 0
057139 7
057213 12
057283 7
057286 4
057287 10
057290 27
057295 19
057297 6
057298 10
057301 1
057302 27
057305 22
057307 21
057316 21
057366 0
057401 4
057404 19
057407 3
057413 22
057419 16
057425 27
057427 0
057428 9
057450 27
059405 16
059413 27
059419 1
061106 19
061201 27
061205 19
061223 18
061224 9
061306 25
061312 0
061313 9
061317 6
061319 6
061401 27
061403 9
061405 4
061430 7
062342 9
062346 10
062360 6
062380 21
062411 9
062452 6
062460 7
062470 22
062499 0
063201 6
064204 10
064231 27
064232 4
064252 22
064303 19
064411 19
064412 10
064413 3
064417 7
064422 16
064423 9
064424 3
064474 7
065120 19
065121 26
065211 9
065212 3
065311 7
065320 9
065333 0
065420 1
065436 27
065437 6
065438 22
065782 22
065795 19
065797 27
065799 27
066222 22
066324 7
066412 19
066416 1
066426 6
067201 7
067203 27
067303 22
067311 0
067371 16
067433 13
067435 16
067436 3
067491 7
070200 16
070304 10
070305 19
070400 7
070401 10
070403 27
070404 19
070410 4
070411 22
070413 27
070414 19
070415 19
070416 16
070727 19
070731 27
070741 27
071411 27
071412 27
071413 7
071414 22
071415 0
071416 16
071417 19
071419 25
071420 21
071426 16
071724 27
074100 13
074101 0
076414 25
076426 22
076427 27
076428 19
076429 16
076430 6
076444 0
076466 7
078444 12
079444 27
088708 27
099101 27
099102 27
099103 19
100102 22
100104 3
100109 22
100110 16
100111 1
100112 0
100205 13
100206 4
100207 1
100208 0
100210 19
100212 15
100213 4
100214 7
100218 7
100219 12
100220 7
100222 7
100225 27
100227 22
100281 0
100306 19
100307 4
100308 22
100309 26
100310 10
100501 6
101201 7
101202 13
101205 7
101325 0
101405 0
101490 22
103271 22
104100 10
104201 27
104302 3
104310 21
104320 7
104327 21
104334 7
104435 6
104450 27
104490 27
109100 23
109114 25
112101 27
112105 19
112106 7
112109 22
112202 10
112205 27
112303 19
112321 22
112322 22
112406 27
112424 7
115300 10
116301 7
116302 27
126101 7
126102 27
126212 13
126213 7
126214 16
126324 0
126325 27
126328 20
126330 25
126331 27
126332 2
126400 10
126431 9
126434 27
126436 18
126437 22
126438 19
126442 17
127100 22
127101 26
127202 22
127205 7
127206 10
127303 3
127313 18
127320 9
127330 12
127332 6
127333 3
127336 21
127359 25
127411 7
127412 21
127413 22
127414 10
127415 16
127416 6
127424 22
127433 19
127492 27
127716 22
127720 19
127721 4
127730 27
128100 5
128101 22
128201 9
128304 16
128305 13
128306 23
128308 5
128310 3
128353 0
128401 22
128423 19
128425 7
128427 21
128429 19
128434 16
128445 7
128451 27
128462 19
128471 10
128484 7
128700 4
128712 19
128727 22
128734 27
128751 19
140101 19
140102 0
140103 19
140104 19
140105 26
152211 22
152301 27
152321 27
152331 27
154100 27
154104 10
154141 9
154152 3
154153 15
154173 22
154181 16
154251 16
154276 22
154281 21
154301 25
154330 19
154431 10
154479 27
154482 7
154492 16
159100 3
159101 21
159102 22
159151 7
159202 10
159203 27
159204 6
159331 13
159411 15
159412 7
159434 1
159462 27
160342 22
164261 27
164341 19
168101 7
168410 27
176100 19
176101 3
176104 19
177104 16
177113 6
177114 4
177141 21
177142 19
177181 22
177220 6
177222 27
177227 16
177228 27
177229 21
177300 10
177321 0
177332 13
177335 22
177341 1
177361 15
177362 3
177413 19
177420 7
177425 7
177429 7
177430 19
177431 6
177433 0
177460 27
177464 10
177465 21
177466 7
177470 4
177471 10
177483 6
177491 7
177494 25
177495 19
179402 19
179403 19
179404 27
179406 27
179443 9
201100 18
201110 10
201114 16
201116 12
201117 11
201190 6
202100 22
202101 0
202102 5
202147 1
202231 1
202303 7
202305 13
202311 21
202331 19
202356 19
202371 27
202405 16
202432 4
202442 27
202461 22
202471 27
202475 19
202476 22
202484 0
202731 19
202736 22
202749 27
202770 22
202804 27
202807 27
202833 27
202843 19
203100 11
203104 8
203108 14
203111 9
203113 15
203114 20
203131 22
203132 4
203151 0
203152 15
203154 4
203158 0
203159 9
203162 1
203202 3
203203 21
203204 22
203206 14
203207 9
203208 9
203209 25
203211 12
203222 25
203223 9
203226 0
203232 16
203236 26
203250 6
203287 26
203300 22
203304 9
203316 27
203351 18
203352 8
203413 19
203424 13
203425 10
203435 27
203459 10
203708 19
203715 27
203719 22
203721 27
203734 19
203735 19
203749 22
203754 27
203775 19
203804 27
203812 19
203825 22
203829 19
204100 25
204101 6
204113 7
204123 27
204202 27
204217 12
204232 9
204251 21
204306 20
204315 26
204320 4
204333 22
204355 19
204362 26
204382 7
204422 21
204425 7
204441 19
204443 10
204452 27
204456 22
204482 27
204483 4
204490 12
205100 6
205103 27
205105 21
205216 22
205232 0
205244 27
205252 9
205282 1
205324 10
205344 27
205358 13
205361 19
205382 22
205421 19
205473 27
206100 2
206103 1
206104 4
206108 9
206111 2
206112 25
206161 18
206162 9
206171 14
206172 14
206181 10
206182 4
206191 0
206211 18
206216 21
206217 12
206253 9
206255 27
206261 26
206266 26
206281 19
206311 27
206313 27
206321 21
206325 13
206327 10
206331 21
206336 13
206341 12
206342 22
206355 27
206357 22
206362 3
206364 19
206367 21
206368 0
206370 22
206421 10
206435 19
206437 6
206467 16
206471 22
206476 0
206481 19
206725 22
206726 19
206728 27
206729 27
206731 22
206734 19
206736 22
206737 22
206774 19
207100 27
207104 3
207105 4
207106 3
207108 1
207109 6
207110 7
207116 17
207117 4
207118 19
207125 16
207137 25
207162 22
207172 6
207181 26
207187 17
207188 21
207191 4
207195 6
207214 9
207302 9
207305 18
207306 25
207312 16
207321 19
207402 16
207408 27
207415 22
207442 27
207448 3
207449 19
207704 4
207706 22
207708 19
207712 27
207741 27
207766 27
207776 27
208101 17
208140 1
208141 18
208161 24
208250 22
208263 16
208264 1
208271 27
208272 0
208322 9
208345 18
208346 22
208353 16
208362 19
208373 0
208384 27
208423 27
208444 6
208446 22
208460 27
208738 4
208740 27
208770 19
208772 19
208774 22
208776 19
208873 27
209203 12
209204 16
209252 26
209253 16
209262 9
209263 19
209270 0
209271 18
209272 1
209322 4
209332 4
209341 7
209352 13
209370 19
209376 13
209382 10
209424 10
209452 10
209454 7
209456 21
209466 19
209486 27
209714 22
209772 27
209787 19
209789 22
210100 1
210200 12
210207 19
210221 13
210251 27
210276 21
210315 7
210331 22
210355 12
210432 19
210435 19
210448 10
210463 27
210702 27
210717 19
210734 22
210741 19
210743 22
210748 19
210787 22
211100 20
211303 10
211312 4
211315 19
211318 19
211319 0
211341 3
211342 7
211448 27
211449 1
211495 22
211709 27
212712 27
212714 19
212731 22
213708 27
213717 19
213718 19
213763 22
214301 1
214310 19
214340 6
214341 7
214352 10
214403 0
214412 27
214431 19
214442 22
214462 7
214491 27
215205 12
215206 18
215207 6
215208 22
215303 19
215312 18
215313 1
215314 22
215401 13
215462 27
215482 10
215711 19
215783 27
217705 22
217708 19
217773 27
218100 0
218234 13
218236 16
218244 10
218262 27
218352 13
218362 22
218372 27
218382 21
218481 22
218486 27
218496 27
219753 22
219781 19
226703 27
226704 19
226710 19
226805 27
229223 0
229351 0
251100 13
251211 21
251213 27
251216 10
251242 27
251261 26
251292 0
251312 19
251313 4
251333 21
251334 13
251342 6
251361 7
251363 22
251371 1
251372 15
251374 16
251399 9
251411 27
251417 27
251434 27
251436 22
251451 10
251455 3
251456 27
251457 22
251461 7
251465 19
251704 7
251707 27
251713 27
251716 4
251723 22
251724 19
251738 27
251746 4
251748 22
251754 4
251760 22
251763 27
251765 19
251773 4
251781 22
251784 19
252210 2
252212 15
252222 13
252235 12
252281 13
252282 3
252283 13
252285 19
252311 6
252320 6
252331 10
252353 13
252401 9
252402 0
252403 1
252404 10
252413 7
252420 7
252421 7
252422 22
252423 0
252427 9
252428 3
252429 18
252435 16
252440 22
252442 6
252443 7
252448 9
252450 21
252456 7
252459 27
252460 22
252479 22
252489 10
252706 19
252707 22
252714 4
252721 4
252727 22
252755 22
252765 19
252781 19
252792 27
253215 19
253318 16
253321 13
253332 6
253423 10
253433 19
253441 27
253443 19
253451 22
253452 19
253454 27
253721 27
253725 4
253731 4
253734 22
253735 22
253747 7
253749 10
253752 7
253754 19
253791 19
254182 22
254200 12
254205 0
254206 16
254207 22
254211 25
254215 25
254216 7
254222 11
254231 10
254232 17
254271 6
254282 22
254334 13
254352 18
254362 0
254371 9
254373 15
254400 12
254411 10
254412 7
254415 19
254421 7
254423 27
254424 19
254427 27
254435 19
254441 27
254443 27
254445 10
254446 22
254451 22
254452 9
254453 22
254466 19
254476 21
254477 7
254478 22
254495 19
254701 27
254721 19
254733 4
254737 22
254771 22
254816 27
254857 19
255210 11
255230 15
255300 9
255301 2
255316 5
255323 27
255328 8
255337 19
255340 24
255393 27
255422 22
255425 27
255430 27
255432 21
255433 27
255437 19
255440 10
255442 7
255445 10
255447 27
255451 19
255455 19
255463 27
255471 22
255497 10
255714 7
255735 22
255746 27
255750 4
255751 4
255769 19
255772 19
255783 4
255786 19
255791 10
255792 19
256100 6
256271 16
256281 19
256317 7
256318 16
256334 19
256415 22
256419 27
256442 19
256443 0
256456 16
256473 13
256474 27
256713 4
256741 27
256752 22
256753 19
256791 27
259103 24
259104 23
259106 0
259107 25
259108 22
259193 12
259195 21
259200 1
259201 20
259203 13
259401 22
260313 19
260334 22
260421 27
260702 4
260712 22
260719 19
260791 27
261102 0
261111 26
261112 18
261113 27
261205 21
261207 25
261208 9
261214 16
261215 13
261218 22
261305 19
261306 18
261332 19
261342 27
261343 7
261361 0
261411 27
261421 27
261430 12
261433 21
261444 21
261446 19
261447 22
261448 13
261449 27
261453 22
261465 10
261473 21
261479 12
261494 10
261497 6
261498 22
261499 27
261731 27
261736 27
261742 4
261745 22
261751 27
261752 19
261755 4
261763 22
261792 7
261796 19
261891 22
263710 4
263721 22
263724 19
263745 27
263751 27
264702 22
264703 19
264705 27
264755 4
264791 7
265706 22
265709 19
265710 27
266703 27
266801 19
268735 4
268741 22
268742 27
269103 7
269105 22
269130 27
269210 19
269341 27
269360 16
269370 0
269497 4
269498 10
270721 22
270791 22
305203 16
318322 0
329104 16
330112 4
351100 27
351201 19
351302 21
351331 4
351364 27
351371 6
351425 7
351426 10
351464 19
352103 9
352311 27
352314 10
352315 22
352323 19
352331 4
352332 16
352401 6
352412 19
352413 27
352421 7
352422 0
352433 7
352441 3
353313 7
353418 16
353431 10
353441 10
353471 21
353482 22
354311 10
354312 27
355411 19
356100 23
356101 14
356102 27
356210 3
356261 27
356306 27
356331 16
356333 13
356373 22
356375 16
356411 22
356412 27
356415 19
356416 0
356431 10
356432 4
356441 22
356442 7
356443 3
356444 9
356446 27
356447 22
356448 27
356449 0
356455 27
356472 4
356474 19
357110 7
357210 4
357322 22
357323 0
357418 13
357421 26
357432 27
357442 16
357444 27
357446 22
359202 13
359205 19
359206 27
359302 16
359305 22
359341 27
359350 27
359360 6
359401 22
359403 3
359419 7
359422 19
359452 0
359455 27
359460 19
359461 21
360100 21
360301 22
360402 27
360403 7
360411 4
360423 19
360441 10
360460 6
361210 21
361211 22
361214 27
361341 10
361414 27
361421 7
361433 4
361442 16
361461 9
361475 22
363210 4
365201 7
365211 27
365301 13
365324 7
365331 10
365422 4
365425 19
365426 22
368211 22
368310 10
368412 7
368417 22
368433 22
400110 13
400210 21
401281 16
401383 7
401391 4
403281 1
403383 19
406284 19
406294 9
406386 9
406396 6
408382 27
410381 3
413383 0
413391 21
415393 16
420282 27
421282 10
421292 7
421386 22
421396 1
422381 15
428281 4
428282 22
428381 10
428383 25
461170 1
461471 19
461472 7
461511 21
461526 19
462130 24
462531 4
462542 22
462545 19
462582 27
462587 19
462588 27
463201 19
463252 7
463331 19
463332 7
463342 27
463354 4
463512 27
463513 1
463534 21
463543 7
463544 10
463557 19
463559 22
463571 1
463592 27
464302 22
464312 10
464402 4
464403 6
464414 21
464442 10
464443 9
464445 19
464446 22
464500 27
464502 7
464504 4
464505 10
464506 22
464508 27
464544 19
464545 27
464546 27
464549 21
501201 7
501202 10
501305 19
501306 27
502313 16
502314 1
504202 3
504305 10
506202 19
508304 22
510306 7
512304 4
513113 21
513115 6
513212 19
513216 27
513217 4
513225 7
513284 10
513331 10
513343 19
513364 27
513373 4
513390 22
513411 19
513446 27
514202 4
514206 13
514222 10
514244 27
514272 7
514322 4
514336 19
514352 9
514358 6
514382 7
514384 10
514396 27
514398 22
515204 19
515205 22
515256 7
515257 27
515330 27
515337 1
515339 4
515362 22
515377 10
515378 6
515380 19
515407 4
515440 22
515441 19
515442 27
518724 27
518770 19
551311 22
552216 19
552217 27
552232 10
553312 10
554314 19
555313 19
556311 27
557433 22
558101 25
558432 7
561312 27
562101 4
562211 19
571115 27
601201 9
601202 15
601231 7
601242 21
601342 10
601346 9
601351 7
601361 21
601423 27
601424 19
601425 19
601436 19
601452 10
601471 19
601472 27
601745 19
601769 22
601775 27
602100 11
602102 8
602103 7
602120 6
602121 21
602122 7
602314 15
602421 27
602432 10
602453 13
602454 27
602455 22
602461 19
602463 7
602471 15
602741 19
602751 27
603200 18
603231 9
603321 21
603341 7
603396 16
603423 27
603496 10
603725 22
603743 19
603751 27
604101 8
604211 16
604311 26
604314 16
604315 4
604411 12
604415 26
604423 25
604431 6
604443 27
604454 19
604455 22
605203 27
605302 22
605313 10
605315 21
605316 16
605321 21
605331 0
605340 22
605412 27
605430 3
605711 19
605719 27
606211 27
606243 10
606245 19
606264 4
606310 6
606341 4
606342 22
606344 19
606451 10
606452 27
610114 8
651211 7
651212 10
651231 22
651234 19
651306 19
651313 10
651314 7
651317 27
651319 4
651416 22
651425 19
701100 8
701101 27
701181 23
701202 7
701211 27
701235 22
701243 19
701244 13
701283 7
701310 10
701335 27
701408 22
701409 22
701410 19
701496 27
702100 26
702101 6
702211 19
702213 1
702312 24
702317 3
702321 21
702331 15
702342 10
702354 6
702423 22
702443 6
702499 27
703103 22
703202 11
703204 21
703243 15
703244 0
703322 16
703324 18
703330 27
703331 1
703345 15
703351 21
703361 19
703413 10
703441 6
703444 22
703499 22
705191 7
705211 22
705311 19
705328 25
705331 18
705332 16
705343 27
705431 1
705438 10
705440 9
705441 22
705444 5
705446 1
705447 6
705461 13
705492 27
705499 10
751100 7
751101 0
751102 0
751106 21
751202 15
751209 13
751301 11
751302 20
751303 15
751305 3
751308 9
751309 7
751321 27
751326 22
751330 22
751345 22
751401 16
751403 0
751405 25
751408 9
751417 7
751418 27
751419 27
751421 10
751422 27
751424 0
751428 27
751440 27
751443 19
751447 10
751451 6
751701 10
751702 27
751703 7
751705 1
751706 27
751708 19
751710 22
751716 4
751718 4
751719 7
751727 4
751742 22
751744 22
801100 26
801122 27
801134 19
801204 19
801233 16
801236 0
801241 10
801322 27
801334 19
801371 22
803122 7
803124 27
803131 22
803230 0
803232 27
803260 0
851100 6
851103 12
851104 22
851105 3
851200 26
851201 0
851202 23
851204 7
851207 15
851241 27
851252 25
851253 26
851261 24
851263 25
851273 13
851305 7
851306 23
851309 21
851313 27
851363 27
851366 20
851375 19
851400 3
851401 16
851404 0
851406 7
851443 7
851445 6
851450 4
851462 22
851467 6
951100 2
951202 0
951231 13
951321 16
951324 0
951366 16
951421 22
951498-020 27
951498-021 7
953102 10
953104 13
953111 0
953201 10
953202 27
953214 21
953231 7
953232 19
953234 22
953323 7
953361 19
953421 10
953444 27
953494 9
953495 6
954100 21
954140 12
954142 25
954143 27
954170 6
954240 12
954244 22
954310 10
954340 1
954347 19
954371 9
954372 22
954374 4
954413 22
954421 10
954423 27
954464 25
954472 27
954491 0
954498 3
955102 9
955104 22
