001101 4
001102 1
001112 4
001118 25
001201 4
001202 27
001210 23
001222 0
001223 15
001224 15
001225 16
001226 9
001227 15
001228 9
001229 3
001230 9
001231 6
001234 21
001250 19
001291 18
001292 18
001310 19
001311 27
001312 25
001314 4
001320 4
001321 10
001323 7
001330 0
001341 0
001342 27
001352 22
001355 22
001361 0
001362 25
001410 7
001423 10
001440 21
001445 1
001447 4
001471 7
001472 27
002102 10
002111 0
002191 3
002192 4
002202 4
002230 25
002260 22
002302 3
002311 0
002321 21
002331 13
002362 22
002402 25
002441 10
002471 27
002472 22
003101 10
003102 18
003191 11
003202 25
003332 25
003414 22
003421 7
003436 10
003454 27
004282 20
004465 7
004470 3
004472 27
004474 22
004476 10
006103 26
006126 10
006226 22
006241 19
006253 18
006307 9
006326 9
006330 25
006349 22
006443 4
006448 25
006454 27
006475 7
008214 10
008314 13
008326 25
008402 4
008411 25
009103 14
009213 7
009234 9
009236 18
009254 0
009301 10
009344 19
009355 21
009356 7
009358 3
009363 18
009446 27
011100 22
011101 0
011151 25
011154 6
011156 21
011157 20
011251 20
011268 27
011269 19
011276 21
011277 7
011278 7
011355 13
011367 27
011457 10
011479 11
012173 21
012174 4
012200 8
012374 19
012475 22
013103 18
013110 7
013203 9
013204 21
013207 6
013208 27
013209 13
013216 22
013217 18
013301 4
013303 25
013306 3
013321 22
013335 25
013337 13
013410 22
013413 19
013428 10
013431 10
013432 7
013433 19
014211 19
014270 6
014310 9
014311 25
014323 4
014370 27
014371 22
014383 0
014401 19
014422 22
014423 9
014471 21
014481 22
014483 10
015101 3
015102 25
016101 4
016102 27
017101 25
017102 7
017111 25
017231 10
018104 0
018112 19
018114 25
018126 21
018204 25
018271 4
018323 7
018352 27
018372 22
018467 25
018471 27
019101 27
019104 9
019105 26
019106 27
019112 21
019204 13
019205 18
019206 19
019212 0
019222 22
019332 13
019351 18
019362 22
019371 9
019373 25
019441 4
020101 19
020102 3
020212 7
020231 10
020232 4
020261 22
021101 27
021102 25
021203 25
021204 10
021270 25
024752 27
025110 27
025310 27
025481 10
026101 26
026102 25
026111 1
026112 18
026201 10
029732 25
030101 7
050100 8
050103 21
050104 7
050106 0
050112 27
050113 22
051302 18
051304 7
051306 19
051310 27
051313 22
051418 27
052203 10
052310 10
052314 7
052323 7
052331 19
052350 25
052351 27
052353 22
052355 1
052400 19
052417 1
052419 22
052422 4
052442 7
052447 4
052448 25
052449 27
053713 27
054821 27
055702 7
055734 10
055739 25
055757 27
057121 10
057122 24
057123 7
057125 11
057126 23
057127 5
057128 15
057129 20
057130 9
057131 4
057132 6
057133 20
057134 1
057135 3
057136 26
057137 22
057138 19
057139 9
057213 10
057283 25
057286 22
057287 13
057290 19
057295 19
057297 4
057298 22
057301 25
057302 1
057305 7
057316 7
057366 10
057401 0
057404 7
057407 22
057411 27
057413 27
057419 3
057427 13
057428 3
059405 7
059419 27
061103 25
061106 27
061201 7
061223 21
061224 19
061306 4
061307 27
061312 27
061313 18
061403 12
061405 25
062200 13
062210 27
062320 25
062343 22
062499 7
063201 3
064204 19
064231 27
064331 7
064411 27
064412 7
064421 10
064422 27
064423 7
064424 7
064430 25
064474 7
065120 18
065121 12
065211 18
065212 3
065311 10
065320 9
065333 24
065420 25
065435 27
065436 10
065437 27
065438 22
065797 27
066222 10
066324 3
066412 19
066414 22
067201 22
067203 7
067311 25
067371 0
067433 13
067435 18
067436 1
067491 13
070200 13
070201 25
070301 7
070303 7
070305 22
070401 10
070411 10
070413 3
070414 25
070416 27
070792 27
071411 25
071412 10
071414 3
071415 25
071416 10
071418 10
071419 7
071420 7
071423 27
071426 9
073721 27
074100 21
074101 22
074414 19
076425 7
076426 27
076427 25
076430 27
076444 27
076466 22
078444 24
078454 22
079220 27
099101 21
099102 6
099103 25
100104 7
100109 0
100110 21
100111 27
100112 10
100207 3
100220 4
100222 7
100228 18
100229 27
100230 25
100231 10
100233 22
100307 7
100308 27
100309 10
100310 27
100311 19
100312 18
100313 8
100314 13
100501 18
101201 25
101202 19
101205 6
101325 13
101405 25
101490 5
103271 20
104100 25
104302 10
104310 7
104320 22
104327 27
104334 25
104340 27
104435 18
104471 25
104490 27
109100 22
109114 9
112101 25
112105 7
112106 22
112109 27
112202 19
112205 27
112303 25
112321 10
112322 22
112406 7
112424 13
115301 25
115401 25
116301 25
116302 19
126101 3
126102 25
126212 9
126213 25
126214 22
126324 21
126326 18
126328 7
126330 1
126332 13
126400 22
126431 21
126436 27
126442 10
127100 9
127101 5
127202 6
127205 20
127313 0
127329 3
127330 6
127332 21
127333 22
127359 13
127411 25
127415 19
127416 9
127424 27
127433 27
127492 4
127493 7
127716 10
127720 25
127721 7
127727 27
128100 17
128101 0
128201 22
128304 20
128305 0
128306 0
128308 16
128310 10
128401 9
128423 6
128425 27
128427 10
128434 22
128443 7
128445 27
128451 1
128471 3
128481 25
128484 25
128700 25
128714 10
128727 27
128734 7
140101 27
140102 18
140103 19
140104 16
140105 20
152211 27
152301 25
152321 21
152331 0
154100 10
154104 26
154141 0
154152 0
154153 17
154173 13
154181 22
154251 25
154262 19
154276 3
154281 8
154301 10
154330 27
154431 7
154479 27
154492 19
159100 9
159101 17
159102 18
159151 8
159202 9
159204 3
159331 21
159351 27
159411 27
159434 16
160342 25
164261 25
164341 27
168100 1
168101 13
168410 25
176100 23
176101 24
176104 10
177103 7
177104 27
177113 9
177114 22
177141 9
177142 19
177181 25
177220 21
177222 13
177227 25
177228 7
177229 25
177300 10
177321 18
177332 0
177335 27
177336 25
177341 6
177361 3
177413 16
177420 26
177425 22
177429 9
177430 3
177431 7
177433 27
177441 25
177447 1
177460 20
177464 22
177465 4
177466 27
177470 26
177483 21
177491 13
177494 1
177495 10
179404 7
179406 10
179443 19
201100 3
201110 26
201114 25
201116 20
201117 22
201190 10
202100 1
202101 0
202102 15
202147 18
202231 9
202302 10
202303 22
202305 20
202311 22
202356 25
202362 7
202371 3
202405 4
202421 27
202432 7
202446 27
202461 25
202471 3
202475 19
202476 27
202484 27
202731 27
202744 25
202749 25
202802 27
202833 7
202843 27
203100 11
203104 6
203108 10
203111 6
203113 25
203114 13
203131 12
203132 26
203151 10
203152 0
203154 26
203158 4
203159 13
203162 2
203202 25
203204 21
203206 13
203208 18
203209 5
203211 13
203222 19
203223 18
203226 25
203232 22
203236 12
203250 27
203287 0
203300 9
203304 25
203316 22
203351 6
203352 20
203404 27
203413 7
203424 10
203425 27
203435 18
203459 20
203474 19
203708 25
203715 7
203719 25
203721 10
203725 7
203734 7
203735 27
203754 27
203775 25
203812 27
203825 25
203829 27
203879 27
204100 13
204101 27
204113 22
204123 21
204202 25
204217 22
204232 13
204251 4
204306 0
204315 25
204320 3
204333 12
204355 7
204362 22
204382 24
204422 20
204423 21
204424 13
204425 1
204443 27
204456 19
204482 25
204483 13
204490 10
204725 27
204735 7
204792 25
205100 19
205103 9
205105 27
205216 4
205232 0
205244 22
205252 0
205282 9
205324 22
205344 13
205358 4
205382 10
205421 25
205441 10
205473 27
205476 7
205731 10
205742 25
205764 10
205789 25
205796 27
206100 25
206103 2
206104 8
206108 27
206111 7
206112 3
206161 5
206162 15
206171 2
206172 6
206181 10
206182 18
206191 10
206203 18
206216 9
206217 22
206253 19
206255 27
206261 3
206266 2
206267 25
206281 6
206311 22
206313 7
206321 19
206324 12
206327 1
206331 21
206336 22
206341 10
206342 27
206362 7
206364 10
206367 10
206368 18
206370 0
206428 10
206435 25
206437 4
206457 1
206476 27
206481 0
206703 10
206714 10
206724 10
206734 27
206736 25
206737 25
206774 27
207104 12
207105 9
207106 23
207108 19
207109 3
207110 27
207116 24
207117 12
207118 27
207125 10
207162 22
207172 25
207181 14
207187 18
207188 3
207191 18
207195 4
207214 19
207302 1
207305 3
207306 4
207312 27
207321 7
207402 26
207408 6
207415 22
207442 22
207448 3
207481 27
207704 10
207706 25
207708 27
207712 27
207766 27
208101 12
208140 3
208141 7
208250 25
208263 9
208264 10
208272 22
208322 13
208345 7
208346 18
208353 25
208362 1
208373 10
208423 7
208444 13
208446 10
208460 22
208738 25
208772 27
208873 27
209203 10
209204 13
209252 0
209253 1
209262 13
209263 10
209270 1
209271 25
209272 4
209322 4
209332 13
209341 22
209352 22
209370 10
209376 25
209382 7
209424 22
209452 7
209454 3
209456 13
209466 4
209486 27
209712 10
209714 25
209716 25
209772 27
209787 10
210100 25
210200 10
210207 27
210221 22
210251 18
210276 4
210315 7
210331 25
210355 22
210432 19
210435 10
210463 13
210497 27
210702 27
210717 25
210741 25
210743 10
210744 25
210748 25
211100 26
211303 27
211312 13
211315 0
211318 0
211319 12
211341 1
211342 19
211444 4
211445 10
211446 22
211448 25
211449 4
211709 25
211843 27
212712 7
212721 25
212731 27
213706 7
213707 27
213708 25
213717 27
214301 13
214310 25
214340 22
214341 10
214352 10
214403 27
214412 19
214431 27
214491 25
215205 4
215206 19
215207 19
215208 27
215303 27
215311 19
215312 9
215313 25
215314 10
215401 4
215462 25
215482 21
215495 27
215497 25
215711 27
215742 27
217705 25
217708 27
217773 10
218100 10
218234 10
218236 4
218244 25
218262 27
218352 4
218362 19
218372 10
218382 27
218474 22
218481 27
218496 1
219741 25
219753 7
219766 27
219789 25
225702 7
225704 10
225706 25
225707 27
226703 27
226704 27
226711 10
226805 27
229223 2
229351 27
251100 0
251211 5
251213 22
251216 25
251242 4
251261 6
251292 4
251312 22
251313 9
251333 19
251334 10
251342 13
251361 19
251363 21
251371 27
251372 7
251374 1
251399 27
251411 22
251417 10
251434 7
251436 3
251451 27
251455 0
251456 18
251457 4
251461 1
251476 0
251477 25
251704 10
251707 27
251713 27
251716 25
251723 10
251724 7
251746 7
251748 25
251754 7
251760 10
251763 25
251765 27
251776 10
251781 7
251784 25
252210 9
252212 6
252222 0
252235 10
252281 10
252282 9
252283 22
252285 22
252311 3
252320 4
252328 19
252331 26
252353 6
252401 10
252402 25
252403 19
252404 4
252413 13
252420 3
252421 25
252422 21
252423 27
252427 7
252428 3
252429 1
252435 0
252440 27
252442 3
252443 19
252448 7
252450 4
252456 1
252459 9
252460 18
252479 18
252489 27
252706 10
252707 7
252727 27
252785 7
252789 10
252792 25
253215 13
253318 25
253321 13
253332 7
253416 7
253417 19
253423 7
253433 10
253441 10
253443 27
253451 4
253452 27
253454 22
253716 25
253721 27
253725 7
253734 13
253735 7
253747 25
253749 22
253752 7
253754 10
253791 10
254182 7
254200 24
254205 19
254206 6
254207 22
254211 5
254215 26
254216 12
254222 10
254231 9
254232 4
254271 20
254282 10
254302 1
254325 22
254334 3
254352 9
254362 8
254371 0
254373 19
254400 10
254411 4
254412 25
254415 22
254421 1
254422 4
254423 7
254424 27
254435 25
254441 6
254443 4
254445 4
254451 27
254452 9
254453 27
254454 27
254466 10
254476 3
254477 10
254478 18
254495 13
254701 27
254702 27
254721 27
254733 7
254737 27
254791 7
254816 25
254817 10
254857 10
255201 6
255210 8
255230 13
255300 27
255301 1
255316 24
255323 27
255328 20
255337 9
255340 21
255393 10
255422 0
255425 19
255429 9
255430 10
255431 25
255432 6
255433 9
255440 7
255442 26
255444 21
255445 19
255447 12
255451 26
255455 4
255462 27
255463 1
255471 19
255492 15
255497 22
255499 27
255714 27
255735 10
255750 27
255751 22
255769 25
255772 25
255783 7
256100 21
256271 22
256317 1
256318 19
256334 7
256418 25
256419 10
256441 27
256444 7
256456 22
256473 4
256474 27
256791 27
259103 8
259104 19
259106 6
259107 12
259108 18
259193 0
259195 21
259200 25
259201 17
259203 25
259401 10
260313 22
260334 10
260416 27
260421 27
260432 25
260702 25
261102 12
261111 10
261112 12
261113 27
261205 27
261207 6
261208 18
261214 25
261215 21
261218 1
261305 9
261306 19
261332 10
261342 27
261343 25
261361 22
261421 7
261430 21
261433 19
261438 10
261444 7
261446 7
261447 22
261448 13
261449 4
261453 27
261465 27
261473 25
261479 7
261494 27
261497-002 7
261497-008 27
261497-802 25
261497-808 27
261499 4
261736 7
261738 10
261745 27
261751 10
261752 7
261755 25
261763 25
261781 25
261795 7
261891 10
263710 13
263721 27
263724 7
263745 10
263751 25
264702 10
264705 7
264709 25
264755 27
265706 10
265709 7
265710 25
266801 27
268732 27
268735 10
268741 7
269103 7
269105 25
269111 19
269130 10
269210 7
269341 10
269360 13
269370 19
269452 4
269498 27
270712 7
270721 10
305203 13
318322 27
329105 17
329106 5
330115 15
351100 22
351201 10
351302 25
351321 22
351364 3
351371 18
351425 27
351426 27
351464 19
352103 19
352311 6
352313 0
352314 9
352401 25
352412 21
352421 7
352422 27
352433 19
352441 7
353313 10
353418 7
353431 25
353441 22
353471 27
353482 4
354311 25
354312 18
355411 7
356100 10
356101 27
356102 23
356210 27
356261 25
356333 27
356361 22
356373 7
356374 19
356411 21
356414 25
356415 6
356416 27
356431 27
356432 25
356441 18
356442 1
356443 21
356444 9
356446 13
356447 21
356449 7
356451 19
356455 25
356471 22
356472 27
356474 7
356496 25
357101 0
357110 21
357210 3
357322 19
357323 22
357418 10
357421 18
357432 1
357441 22
357444 19
357446 25
359202 8
359205 10
359206 27
359302 18
359303 27
359305 4
359341 22
359350 10
359360 25
359380 10
359401 7
359403 0
359408 20
359422 9
359423 10
359452 27
359460 10
359461 9
359465 19
360100 23
360301 25
360304 27
360441 7
361210 25
361211 22
361214 10
361341 18
361413 7
361414 19
361421 27
361433 3
361442 10
361452 25
361461 1
361475 25
363210 27
363401 4
363402 25
365201 25
365211 27
365322 25
365324 10
365422 7
365425 25
365426 27
368211 27
368310 0
368412 22
368417 19
400110 11
400210 21
401281 1
401383 0
401391 1
403281 4
403383 27
406284 19
406294 22
406386 4
406396 7
408382 3
410381 6
413383 18
413391 16
415393 10
420282 13
421282 7
421292 10
421386 13
421396 19
422381 21
428281 25
428282 27
428381 25
428383 22
461170 20
461471 7
461472 1
461511 0
461523 25
461526 4
461527 7
461532 22
462130 19
462544 27
462587 7
462588 27
463201 27
463252 25
463331 25
463332 22
463342 27
463354 7
463433 7
463512 13
463513 7
463543 25
463544 18
463557 4
463559 22
463571 0
463592 3
464302 4
464312 10
464402 10
464403 27
464414 13
464442 25
464443 4
464445 13
464446 19
464500 7
464502 27
464504 25
464505 22
464506 10
464508 7
464545 1
464549 7
501201 19
501202 22
501305 22
501306 10
502313 1
502314 19
504202 7
504305 7
506202 25
508304 27
510306 25
512304 4
513113 10
513115 27
513212 19
513216 4
513217 25
513225 7
513284 27
513331 13
513343 25
513364 7
513373 27
513390 10
513411 25
513446 27
514202 10
514206 19
514222 22
514244 7
514272 4
514322 13
514336 10
514352 25
514358 27
514382 4
514384 19
514396 22
514398 7
514436 25
514462 27
514742 10
514752 25
515204 10
515205 7
515256 22
515257 25
515330 27
515337 7
515339 25
515362 19
515377 22
515378 10
515380 4
518724 27
518770 25
551461 10
552216 25
552217 27
552232 27
557433 7
558101 12
558411 25
558432 27
562101 6
562211 27
601201 18
601202 7
601231 16
601242 21
601342 18
601346 27
601351 22
601361 25
601423 22
601424 10
601431 27
601436 10
601452 9
601471 7
601472 19
601724 27
601731 10
601745 25
601769 10
601775 27
602100 24
602102 11
602103 6
602120 3
602121 26
602122 10
602301 10
602314 19
602421 22
602453 1
602454 27
602455 3
602461 13
602472 18
602741 27
602751 27
603200 27
603231 14
603321 8
603341 7
603396 22
603423 10
603496 27
603743 10
604101 22
604211 0
604311 25
604314 0
604315 12
604411 6
604415 25
604423 4
604431 22
604443 7
604454 27
605203 25
605302 26
605313 10
605315 3
605316 9
605321 22
605331 3
605340 27
605412 10
605413 10
605430 13
605476 22
605701 25
605711 7
605719 27
605742 25
606211 12
606243 7
606245 25
606264 27
606310 10
606341 13
606342 7
606344 10
606451 25
606452 27
610114 2
651210 25
651211 22
651212 7
651234 27
651306 10
651313 4
651314 22
651317 10
651319 27
651416 7
651425 25
701100 11
701181 14
701202 13
701235 0
701244 4
701283 6
701335 27
701408 25
701423 27
701496 27
702100 4
702101 6
702211 3
702312 3
702313 6
702317 7
702321 19
702331 21
702342 27
702354 0
702418 27
702443 1
702499 20
703103 22
703109 27
703202 26
703204 0
703243 22
703244 13
703309 3
703322 19
703324 16
703330 4
703331 26
703345 7
703351 20
703361 22
703413 19
703441 24
703499 10
705191 3
705211 18
705311 19
705328 25
705331 27
705332 18
705343 22
705431 19
705438 3
705440 4
705441 12
705442 18
705444 8
705447 3
705448 27
705499 25
751100 27
751101 14
751102 5
751106 27
751202 12
751209 15
751301 7
751302 27
751303 1
751305 4
751308 17
751309 0
751320 7
751326 7
751327 25
751330 21
751401 5
751403 20
751405 24
751408 10
751417 22
751418 12
751421 19
751422 27
751428 26
751440 27
751443 17
751701 13
751702 25
751703 10
751705 22
751706 25
751708 13
751716 22
751718 7
751719 7
751728 27
751734 10
751752 27
801100 21
801122 25
801134 27
801204 7
801233 22
801236 25
801241 10
801322 22
801334 27
801371 7
803122 7
803124 27
803131 25
803230 3
803232 19
803260 3
851100 22
851103 20
851104 8
851105 6
851201 19
851202 25
851204 27
851207 13
851241 27
851252 1
851253 2
851261 19
851263 0
851273 16
851305 20
851309 11
851345 10
851363 10
851366 27
851400 0
851404 16
851406 27
851407 6
851441 7
851462 10
851467 7
852100 27
951100 18
951231 7
951324 25
951344 10
951366 25
951421 22
951498-004 27
951498-007 25
951498-011 27
951498-015 27
951498-020 10
951498-021 27
953102 4
953111 14
953201 4
953202 25
953211 22
953214 22
953231 10
953232 7
953234 10
953323 7
953422 22
953494 19
954100 25
954140 23
954142 27
954143 18
954170 25
954240 27
954326 10
954340 25
954371 19
954374 21
954423 10
954462 25
954464 7
954472 18
954491-001 13
954491-002 18
954491-003 27
954498 22
955102 27
955104 22
