001101 1
001102 23
001111 4
001113 27
001201 4
001202 1
001210 0
001212 16
001218 3
001230 10
001231 25
001250 12
001291 22
001293 4
001310 19
001311 7
001312 27
001315 19
001318 21
001320 0
001321 16
001323 13
001330 7
001342 19
001353 4
001354 10
001362 12
001410 19
001423 19
001425 4
001443 22
001444 10
001445 7
001447 16
001461 16
001464 0
002101 19
002110 22
002191 21
002192 25
002201 21
002211 3
002221 19
002250 1
002301 10
002333 13
002351 19
002365 0
002372 25
002401 19
002441 4
002473 16
003101 13
003191 6
003201 9
003314 19
003320 16
003331 27
003414 1
003421 9
003436 3
004241 7
004301 16
004303 22
004324 18
004351 19
004432 10
004473 3
004475 22
006103 27
006126 9
006206 27
006226 25
006242 7
006253 22
006303 16
006307 10
006326 25
006330 16
006331 7
006344 13
006346 12
006355 16
006425 19
006432 19
006433 0
006443 22
006448 7
008214 27
008303 12
008314 27
008326 19
008411 27
008417 27
009103 8
009105 25
009212 10
009230 12
009231 16
009326 19
009425 7
009426 22
009431 4
011100 3
011151 4
011152 22
011153 24
011251 2
011257 27
011259 16
011269 17
011276 19
011353 9
011356 16
011358 10
011362 13
011374 3
011461 27
011464 25
011751 27
012100 25
012173 8
012200 17
012271 10
012272 0
012273 27
012371 16
012475 19
013103 20
013110 18
013203 27
013204 7
013206 21
013207 11
013217 4
013301 9
013302 10
013303 18
013304 22
013305 1
013306 9
013307 19
013317 25
013326 22
013329 16
013330 25
013335 21
013338 16
013420 19
013421 4
013422 13
013427 27
013433 27
013435 19
014210 21
014270 6
014310 1
014311 27
014322 7
014323 27
014325 22
014370 16
014371 16
014382 9
014390 25
014401 10
014410 7
014421 16
015101 26
016101 0
016232 19
017101 20
017102 27
017111 16
017201 22
017210 16
018103 4
018111 14
018113 11
018125 27
018203 22
018211 25
018213 10
018231 7
018235 16
018271 25
018301 10
018335 27
018351 4
018353 22
018421 4
018433 10
018435 16
018436 10
018438 22
018451 19
018465 27
018467 25
018471 27
019101 14
019103 22
019105 9
019106 26
019108 4
019111 27
019203 16
019205 3
019206 6
019208 19
019211 7
019221 22
019303 25
019311 10
019331 0
019361 16
019373 19
019381 3
019411 4
019442 27
019471 16
019473 22
020101 8
020102 0
020211 0
020231 16
020311 25
020321 13
020333 10
020341 16
020362 22
020363 3
020412 25
020421 16
020481 27
021101 17
021102 13
021203 27
021204 25
021270 13
025108 19
025480 27
026101 24
026102 3
026111 13
026112 21
026201 1
026271 16
029701 16
029703 27
029711 19
030101 12
050100 16
050103 9
050104 3
050106 13
050111 5
051302 9
051304 4
051306 19
051310 21
051313 3
051418 22
052201 19
052202 4
052352 19
052357 27
052420 10
052441 7
052443 25
052445 1
052447 27
052466 16
053712 19
053713 16
053770 19
054810 16
054870 19
055701 27
055703 22
055704 4
055706 16
055707 19
055713 22
055733 27
055734 19
055757 16
055771 27
055797 4
057121 26
057123 20
057125 19
057126 0
057127 15
057128 5
057129 21
057130 19
057131 4
057132 3
057133 11
057134 15
057135 5
057136 20
057137 5
057138 22
057139 16
057140 22
057201 25
057205 3
057213 7
057215 10
057274 25
057284 19
057285 4
057288 27
057293 25
057294 16
057296 25
057300 19
057302 22
057305 21
057316 27
057351 10
057366 4
057403 7
057404 10
057405 16
057410 27
057411 3
057420 22
057426 19
057428 12
059413 19
059419 3
061103 27
061106 0
061201 27
061223 7
061224 3
061306 25
061307 1
061317 0
061319 16
061403 24
061404 4
061407 27
061430 19
062200 4
062210 27
062343 25
062411 4
062452 1
062460 25
062470 10
062499 27
063201 3
063702 16
063704 19
063710 4
064204 27
064232 22
064251 16
064252 19
064303 4
064331 22
064392 22
064412 4
064418 25
064423 9
064424 13
064430 9
064474 19
064490 4
065210 16
065212 16
065310 19
065311 1
065320 25
065332 22
065421 4
065435 22
065436 27
065437 16
065438 19
065797 27
066221 27
066323 1
066410 10
066416 25
066421 0
066425 27
067202 4
067303 6
067311 7
067372 1
067373 19
067432 16
069712 19
070200 27
070304 10
070305 16
070403 4
070404 27
070410 19
070411 4
070416 19
070711 16
070720 19
070721 4
070740 27
070741 27
071411 22
071412 27
071413 9
071415 27
071416 14
071418 27
071419 25
071422 22
071423 27
071425 4
071712 19
071715 16
071730 25
071736 22
071738 16
071811 16
073711 19
073721 16
073770 16
074100 8
074101 24
074414 3
076425 22
076427 4
076430 19
076444 27
076466 16
078444 16
078454 4
079169 22
079220 19
079264 4
091700 4
091800 4
099100 9
099101 0
099102 0
100102 22
100109 7
100110 23
100111 0
100112 9
100207 4
100213 4
100214 6
100220 25
100222 25
100225 13
100228 19
100229 9
100230 7
100231 22
100233 16
100281 12
100306 13
100307 22
100308 6
100309 16
100310 22
100311 25
100312 13
100313 16
100314 7
100501 13
101100 19
101105 27
101201 6
101211 22
101400 13
101405 19
103112 27
103191 27
103271 20
104200 16
104201 22
104300 10
104301 27
104325 19
104410 16
104424 16
104495 27
105304 16
109100 5
109115 22
112101 7
112102 4
112103 27
112108 22
112110 19
112201 27
112203 22
112213 19
112300 22
112314 16
112411 19
112412 27
115200 7
115300 19
115301 27
115302 22
116301 25
116302 4
116400 27
126101 17
126216 7
126321 27
126326 27
126333 6
126334 1
126428 10
126432 7
126443 19
127100 19
127101 24
127203 19
127204 25
127207 22
127303 16
127312 10
127314 0
127315 27
127316 26
127326 19
127337 27
127711 16
127717 27
127718 19
127719 4
127727 27
127728 4
128100 24
128101 9
128202 7
128203 24
128204 0
128307 16
128309 1
128334 19
128354 0
128355 19
128403 10
128701 16
128710 19
128730 4
128740 27
128762 27
140101 4
140102 4
140103 0
140104 7
140105 22
152211 7
152301 22
152321 22
154104 19
154141 27
154151 7
154231 19
154261 19
154262 10
154281 1
154311 10
154330 25
154353 9
154375 27
154377 0
154384 3
154388 16
154443 4
154455 19
154457 16
154481 27
154488 13
154493 10
154494 19
159100 17
159101 27
159151 19
159203 7
159221 19
159231 21
159301 4
159303 13
159305 9
159332 19
159356 19
159362 6
159403 22
159411 16
159431 17
159454 13
160341 10
164200 13
164341 22
168100 3
168101 25
168222 27
176100 3
176101 11
176104 25
176220 7
177103 6
177214 15
177215 25
177216 10
177217 1
177281 19
177283 19
177285 25
177321 12
177330 0
177341 6
177362 9
177393 3
177401 16
177404 10
177405 21
177414 6
177426 22
177427 1
177430 19
177434 27
177446 12
177450 7
177463 4
177464 27
177465 16
177467 23
177468 27
177481 25
177494 16
179402 4
179403 17
201100 22
201110 11
201114 15
201115 6
201116 11
201117 7
201190 4
202100 6
202101 17
202141 10
202143 10
202145 4
202184 9
202231 7
202260 27
202305 25
202311 19
202332 1
202334 0
202342 4
202361 27
202371 7
202434 19
202438 9
202443 4
202473 22
202474 19
202477 0
202481 25
202495 13
202742 27
202765 19
202776 27
202782 27
202833 4
202848 27
202873 27
203100 14
203103 12
203111 19
203116 10
203151 27
203162 13
203171 16
203201 27
203203 9
203204 22
203206 2
203207 24
203208 27
203209 18
203222 7
203226 27
203231 6
203235 22
203236 21
203255 10
203303 27
203315 10
203323 16
203324 6
203331 13
203332 19
203333 22
203351 4
203352 19
203405 10
203406 19
203414 4
203423 19
203431 22
203434 7
203458 13
203471 27
203475 19
203705 19
203709 4
203714 19
203716 16
203722 16
203743 4
203753 27
203807 16
203821 4
203828 19
203879 16
203889 16
204100 10
204101 27
204111 27
204123 0
204202 9
204211 0
204216 0
204231 6
204251 27
204321 10
204325 13
204335 27
204341 1
204361 11
204365 13
204381 3
204383 16
204432 4
204435 19
204442 4
204451 9
204452 27
204453 16
204471 22
204712 16
204721 4
204732 19
204764 27
205100 11
205103 6
205104 9
205105 21
205235 7
205239 27
205275 25
205303 9
205337 7
205355 19
205393 22
205415 27
205421 4
205461 10
205464 4
205475 19
205479 25
205483 1
205486 16
205496 22
205712 4
205735 27
205761 16
205783 19
206100 21
206101 24
206103 6
206104 1
206107 16
206108 10
206111 14
206112 21
206113 22
206161 19
206162 2
206171 22
206172 8
206181 10
206191 22
206203 19
206207 0
206211 24
206216 6
206217 9
206261 10
206267 10
206281 12
206300 10
206321 3
206324 6
206325 17
206327 9
206328 21
206331 22
206336 12
206341 21
206355 6
206362 6
206370 1
206381 0
206412 16
206436 27
206437 0
206441 22
206455 13
206707 4
206713 27
206720 19
206721 4
206730 4
206736 27
206738 16
206739 27
206743 4
206753 27
206766 22
206783 16
207100 3
207103 22
207105 27
207106 3
207107 27
207109 26
207115 5
207117 25
207123 25
207131 12
207135 27
207164 27
207171 16
207173 21
207174 19
207183 22
207187 10
207203 18
207205 16
207208 1
207213 0
207308 6
207310 27
207313 24
207323 24
207348 9
207401 19
207403 16
207406 10
207416 22
207419 27
207422 4
207436 27
207701 4
207703 16
207705 19
207711 27
207741 27
207743 4
207808 27
208101 6
208140 27
208150 12
208250 19
208251 19
208263 7
208265 16
208270 12
208271 27
208272 19
208280 22
208321 7
208329 7
208343 10
208348 16
208370 22
208383 23
208425 9
208439 27
208440 12
208469 25
208711 16
208760 19
208761 4
208770 27
208871 19
208872 27
209201 27
209251 7
209301 1
209302 25
209303 10
209331 27
209351 12
209358 0
209361 16
209368 4
209375 6
209403 16
209442 4
209451 12
209453 3
209461 1
209463 25
209471 22
209483 19
209485 25
209703 22
209705 22
209707 16
209709 25
209711 16
209713 19
209722 16
209731 19
209771 27
209773 4
209779 19
209785 25
210100 12
210201 7
210202 22
210204 27
210343 22
210351 25
210383 27
210425 13
210433 9
210434 0
210453 22
210465 13
210485 0
210703 16
210704 19
210705 4
210707 27
210723 27
210731 4
211100 10
211311 10
211315 20
211319 26
211413 22
211440 1
211442 10
211443 16
211495 27
211702 4
211889 27
212701 16
212703 19
212711 4
212721 27
212741 27
213201 19
213714 19
213763 16
213779 4
214100 22
214261 6
214312 22
214341 10
214381 16
214401 25
214411 13
214414 7
214415 27
214421 19
214430 16
214441 16
214445 4
215205 27
215206 15
215207 7
215208 10
215301 22
215302 19
215381 25
215411 16
215431 27
215471 16
215481 13
215495 6
215496 10
215497 4
215734 19
215762 27
215785 4
215794 27
217701 19
217703 4
217707 27
217734 4
217751 4
217775 27
217781 27
218100 14
218101 7
218233 16
218235 22
218321 10
218323 7
218351 16
218471 19
218475 27
218483 22
218486 4
219720 19
219731 27
225701 16
225703 19
225705 4
225720 27
226701 27
226709 4
226710 16
226801 22
226889 27
229123 19
229323 27
229352 4
229711 27
251211 22
251213 9
251261 13
251281 24
251312 12
251313 22
251333 13
251334 1
251361 1
251363 19
251371 27
251372 24
251374 16
251384 0
251411 7
251418 19
251437 22
251438 10
251451 10
251455 19
251457 4
251461 27
251475 16
251479 25
251701 22
251702 16
251703 4
251711 22
251714 16
251715 19
251717 4
251718 22
251745 19
251751 16
251752 19
251757 4
251758 22
251773 16
251783 19
251785 4
251790 27
252201 22
252211 7
252232 27
252282 15
252283 12
252285 22
252286 3
252301 12
252302 4
252317 19
252320 21
252322 7
252325 1
252327 19
252330 24
252342 19
252363 9
252420 22
252421 4
252424 10
252425 0
252426 1
252427 27
252444 10
252450 16
252455 25
252460 7
252489 13
252498 9
252702 27
252708 22
252723 4
252724 4
252741 4
252748 27
252781 16
252785 19
252789 27
252791 27
253303 22
253314 19
253315 27
253432 9
253455 27
253456 25
253481 25
253701 4
253715 27
253717 25
253722 16
253731 22
253732 27
253734 4
253735 10
253736 25
253748 22
253752 27
253754 19
254181 22
254205 1
254206 9
254211 21
254215 16
254216 19
254222 12
254231 24
254232 24
254252 7
254282 0
254302 10
254325 25
254333 27
254372 22
254421 10
254425 4
254426 9
254435 0
254436 22
254438 19
254439 19
254441 27
254442 0
254451 16
254456 1
254457 4
254458 19
254459 1
254461 9
254471 7
254473 13
254492 4
254494 4
254700 27
254702 22
254703 16
254710 19
254711 4
254734 25
254770 16
254777 4
254804 22
254875 19
255201 26
255215 0
255251 22
255290 27
255300 11
255320 18
255321 24
255330 7
255359 1
255415 17
255417 19
255420 9
255422 3
255424 25
255430 24
255432 22
255434 16
255437 1
255438 19
255439 1
255441 13
255447 21
255449 27
255454 27
255460 4
255462 25
255464 15
255471 14
255492 10
255499 19
255712 19
255722 22
255734 19
255739 16
255750 4
255764 16
255766 22
255770 27
255771 27
255772 4
255786 22
255791 4
255830 27
256100 8
256212 7
256271 10
256281 13
256316 1
256333 7
256373 22
256383 9
256412 16
256415 10
256441 1
256457 19
256462 0
256473 13
256700 19
256761 4
256762 27
259103 12
259104 15
259106 10
259107 17
259108 0
259109 23
259201 27
259203 16
260312 4
260404 22
260413 19
260424 27
260434 4
260717 4
260772 27
261103 22
261111 13
261200 9
261210 0
261212 16
261216 25
261217 6
261304 19
261305 25
261335 27
261336 22
261342 24
261343 1
261361 13
261405 13
261406 25
261434 3
261447 10
261456 16
261457 9
261458 27
261461 0
261469 22
261494 12
261497 4
261499 1
261701 4
261702 16
261706 22
261735 19
261739 4
261753 19
261754 19
261767 4
261769 4
261791 27
263701 16
263702 19
263720 22
263746 4
263760 27
263771 22
264701 16
264706 19
264707 22
264710 4
264741 4
264791 19
266703 27
268721 4
269101 16
269102 22
269200 10
269201 16
269202 19
269340 22
269430 4
269462 7
269470 16
269497 19
270701 19
270702 4
270711 4
270791 4
301254 13
305202 22
311352 16
318322 9
318351 0
320351 19
321251 19
324703 27
328310 25
328313 19
330110 4
330111 7
351100 20
351201 27
351202 25
351301 27
351321 9
351331 3
351410 16
351441 27
351442 22
351451 1
351463 19
351466 10
352301 25
352311 4
352321 7
352323 16
352332 27
352422 13
352431 4
353301 4
353421 27
353431 1
353451 10
353452 22
354311 16
356100 3
356101 11
356102 9
356202 22
356210 15
356212 10
356303 10
356304 4
356306 22
356312 19
356361 4
356412 27
356414 4
356416 27
356432 4
356441 16
356442 16
356443 19
356471 10
356496 27
357101 14
357110 21
357210 27
357322 19
357360 25
357417 19
357441 22
357491 27
359202 13
359203 0
359204 13
359206 27
359301 9
359311 3
359405 4
359409 7
359410 25
359413 22
359414 16
359421 22
359431 27
359451 19
360100 14
360210 6
360400 22
360402 10
360404 16
360407 19
360411 19
360431 27
360460 25
360470 16
361210 25
361214 27
361301 22
361321 19
361351 27
361453 25
361461 19
361471 27
363210 23
365301 19
365321 25
365331 22
365421 16
365427 27
365428 27
368200 7
368317 21
368331 6
368412 4
368433 22
368441 19
368487 1
400110 13
400211 0
401382 25
403382 4
406385 27
406395 10
409281 10
409292 25
411281 22
411291 16
415291 7
420281 4
421281 27
421291 1
421385 7
421395 1
423382 13
428382 22
461100 26
461170 13
461471 16
461472 19
461511 16
461527 16
461529 19
462130 12
462541 16
462587 13
462588 16
463251 13
463311 13
463331 22
463341 9
463353 10
463402 12
463433 4
463455 10
463491 19
463503 4
463504 22
463545 7
463556 22
463558 10
464301 4
464311 27
464341 7
464401 7
464413 27
464441 25
464443 22
464444 22
464445 19
464501 7
464502 27
464503 9
464509 16
464510 25
464541 19
464542 4
464544 27
464549 16
466141 22
501301 7
501302 19
502211 1
502311 16
503402 25
504302 3
506303 10
506361 1
507402 3
508203 6
508207 16
508303 27
509402 22
510201 22
510202 27
510307 13
510411 16
510414 4
510415 19
510416 10
510417 27
512303 9
512402 7
513111 4
513114 27
513223 7
513224 10
513283 19
513315 7
513324 27
513328 4
513363 10
513371 22
513412 4
513429 22
513445 16
513451 19
513471 27
514211 10
514241 19
514317 4
514323 10
514335 16
514341 27
514343 19
514381 7
514383 3
514395 22
514397 25
514425 19
514442 22
514451 16
514453 4
514466 7
514475 27
515201 10
515250 27
515307 19
515312 4
515334 27
515361 10
515364 7
515370 27
515376 25
515403 27
515490 4
551461 1
552216 27
552217 22
552222 27
553312 1
554314 22
555313 27
556311 16
557433 10
558411 25
558432 22
558442 27
561312 13
562211 27
571115 3
601201 5
601302 7
601321 22
601322 16
601341 4
601344 27
601351 19
601422 25
601427 4
601428 10
601452 22
601460 27
601462 9
601702 4
601731 16
601758 27
601765 4
601767 19
602100 20
602102 6
602111 4
602211 9
602315 10
602321 16
602322 1
602431 25
602432 19
602441 1
602464 16
602731 4
602761 27
603211 0
603322 0
603332 16
603352 25
603371 10
603421 22
603441 10
603453 1
603465 13
603471 4
603494 19
603495 27
603711 19
603723 4
603731 27
604304 19
604305 27
604312 27
604313 1
604351 16
604352 10
604412 1
604414 7
604416 4
604422 27
604441 19
604451 9
604711 4
604715 19
604731 27
605201 4
605204 22
605301 16
605313 22
605314 22
605321 1
605322 19
605341 27
605412 10
605432 16
605446 19
605459 13
605461 25
605476 22
605701 19
605702 4
605713 27
605751 27
606231 22
606242 1
606244 19
606263 27
606343 13
606362 22
606363 27
610114 5
651105 0
651109 27
651120 4
651210 19
651311 10
651312 22
651315 27
651316 4
701101 5
701181 12
701182 4
701183 0
701201 16
701211 12
701281 24
701313 25
701321 16
701331 23
701342 19
701344 4
701402 22
701403 10
701407 27
701409 4
701425 3
701455 3
701494 13
702101 12
702205 13
702211 15
702312 9
702313 3
702316 4
702318 22
702341 10
702351 27
702411 21
702416 0
702418 4
702423 16
702431 19
703103 20
703202 22
703204 25
703243 27
703244 1
703305 22
703308 19
703311 3
703313 22
703322 2
703324 16
703330 14
703331 26
703345 27
703352 16
703391 12
703404 1
703412 4
703435 10
703447 25
703454 16
703498 19
703499 27
704101 7
704141 19
704201 22
704345 27
705191 27
705211 11
705311 25
705329 12
705331 22
705351 10
705411 22
705437 21
705441 6
705442 3
705444 1
705492 25
705499 19
751100 25
751101 27
751102 10
751106 5
751202 10
751209 26
751301 25
751302 2
751303 14
751304 27
751305 21
751308 18
751309 9
751321 27
751326 4
751327 1
751330 17
751345 12
751401 16
751403 19
751405 7
751408 25
751413 4
751419 27
751421 3
751422 27
751424 4
751428 24
751443 23
751447 27
751451 4
751701 27
751702 4
751703 19
751704 19
751705 22
751706 27
751708 19
751712 22
751718 16
751724 4
751726 16
751751 16
801100 22
801201 13
801225 19
801235 27
801321 4
801324 9
801331 19
801333 27
801334 22
801336 7
801421 10
801471 4
801481 19
803121 27
803123 4
803231 19
803331 16
803360 22
803431 27
851100 26
851104 19
851105 6
851108 24
851200 1
851201 21
851202 25
851243 0
851251 12
851262 7
851273 13
851305 5
851306 23
851309 18
851342 27
851352 17
851354 16
851355 14
851360 19
851362 19
851375 25
851376 18
851400 12
851404 0
851407 2
851441 24
851462 16
852100 3
852101 19
852102 22
852103 4
852201 7
852202 19
852203 22
852204 4
951100 9
951102 4
951106 27
951124 22
951203 19
951302 10
951323 25
951331 1
951344 27
951348 19
951352 16
951497 7
953103 27
953111 27
953212 16
953231 27
953233 25
953261 19
953321 10
953322 22
953331 16
953361 27
953421 25
953444 27
953494 19
953495 4
954100 12
954244 10
954246 27
954310 12
954370 10
954374 25
954410 27
954413 7
954416 12
954426 4
954443 3
954449 24
954462 16
954464 1
954471 22
954477 19
954491-001 27
954491-002 0
954491-003 13
954491-004 4
954498 9
955102 24
955103 16
955104 27
958111 27
958201 22
958221 10
958225 25
958261 16
958373 7
