001101 1
001102 1
001112 4
001118 0
001201 2
001202 22
001210 1
001222 6
001223 4
001224 4
001225 4
001226 4
001227 10
001228 4
001229 0
001230 18
001231 3
001234 6
001250 22
001291 10
001292 0
001310 10
001311 19
001312 7
001314 0
001315 1
001320 16
001321 4
001323 18
001330 22
001341 22
001342 10
001352 27
001355 27
001361 4
001362 19
001391 0
001410 18
001423 13
001440 0
001445 13
001446 7
001463 10
001471 27
001472 7
002102 6
002111 27
002191 11
002202 22
002230 13
002260 27
002302 22
002311 27
002321 13
002331 10
002362 4
002402 10
002441 22
002471 13
003102 19
003191 21
003202 10
003314 22
003331 27
003332 4
003361 13
003367 27
003454 10
004282 0
004465 3
004472 27
004474 22
004476 9
006103 17
006226 22
006241 3
006253 19
006307 27
006326 13
006330 16
006349 22
006353 4
006423 10
006432 16
006443 10
006448 13
006475 7
008214 13
008314 13
008326 13
008402 27
008411 19
009103 9
009213 3
009234 22
009236 27
009254 16
009325 10
009327 22
009344 22
009355 13
009356 25
009358 19
009363 27
009446 19
011100 14
011101 11
011154 6
011156 16
011157 7
011251 20
011257 24
011268 7
011269 9
011276 27
011277 14
011278 24
011355 9
011367 13
011457 22
011479 26
012173 25
012200 11
012271 7
012272 19
013103 13
013110 7
013203 18
013204 25
013207 0
013208 15
013209 27
013216 27
013217 5
013301 3
013303 11
013306 23
013321 6
013335 19
013337 10
013410 22
013413 22
013422 13
013428 27
013431 13
013432 27
014210 26
014211 22
014270 15
014310 13
014311 3
014323 3
014370 19
014383 4
014390 27
014401 7
014410 27
014422 22
014423 10
014471 27
014481 9
015101 15
015102 10
016101 19
016102 7
017101 8
017102 22
017111 13
017112 7
017231 10
018104 6
018111 13
018112 13
018114 26
018126 10
018204 22
018271 18
018323 27
018352 13
018372 27
018468 27
019101 21
019104 0
019105 7
019106 8
019112 13
019204 22
019205 26
019206 4
019212 27
019222 6
019332 22
019351 7
019362 13
019373 3
019441 27
020101 20
020102 26
020212 22
020231 13
020232 27
020261 27
021101 11
021102 25
021203 26
021204 16
021270 4
024752 27
025110 27
025381 27
025481 13
026101 7
026102 10
026111 18
026112 18
026201 25
026202 15
050100 27
050103 11
050104 15
050106 23
050112 3
050113 0
051302 25
051304 23
051306 13
051310 13
051313 19
051412 19
051418 19
052203 6
052310 19
052323 22
052331 27
052350 10
052351 13
052353 26
052355 4
052400 7
052417 27
052420 22
052422 1
052441 19
052442 0
052445 13
052448 6
052449 7
052725 13
054821 27
054822 27
055702 13
055703 27
055711 22
055739 22
057121 15
057122 11
057123 20
057125 15
057126 26
057127 26
057128 3
057129 11
057130 22
057131 23
057132 20
057133 20
057134 25
057135 6
057136 27
057137 26
057138 13
057139 15
057213 10
057283 7
057286 4
057287 10
057290 22
057295 7
057297 1
057298 22
057301 6
057302 27
057305 8
057307 13
057316 7
057366 3
057401 7
057404 27
057407 19
057413 10
057419 22
057425 22
057427 13
057428 27
057450 27
059405 27
059413 13
059419 9
061106 23
061201 22
061205 27
061223 7
061224 19
061306 8
061312 9
061313 1
061317 19
061319 3
061401 22
061403 22
061405 22
061430 25
062342 19
062346 10
062360 4
062380 1
062411 19
062452 7
062460 10
062470 7
062499 13
063201 13
064204 7
064231 27
064232 22
064252 13
064303 19
064411 4
064412 13
064413 19
064417 7
064422 13
064423 16
064424 9
064474 27
065120 25
065121 26
065211 13
065212 4
065311 25
065320 3
065333 1
065420 6
065436 22
065437 10
065438 27
065782 22
065795 13
065797 27
065799 27
066222 13
066324 1
066412 13
066416 6
066426 25
067201 22
067203 13
067303 27
067311 25
067371 22
067433 4
067435 22
067436 1
067491 4
070200 7
070304 13
070305 27
070400 13
070401 22
070403 1
070404 3
070410 1
070411 4
070413 8
070414 5
070415 27
070416 10
070727 13
070731 27
070741 27
071411 19
071412 7
071413 13
071414 4
071415 16
071416 22
071417 13
071419 1
071420 13
071426 22
071724 27
074100 17
074101 9
076414 26
076426 4
076427 19
076428 27
076429 22
076430 1
076444 27
076466 7
078444 20
079444 18
088708 27
099101 27
099102 6
099103 22
100102 27
100104 9
100109 4
100110 0
100111 27
100112 13
100205 19
100206 16
100207 11
100208 1
100210 3
100212 25
100213 0
100214 7
100218 10
100219 10
100220 16
100222 26
100225 16
100227 10
100281 15
100306 10
100307 0
100308 4
100309 26
100310 13
100501 25
101201 27
101202 27
101205 3
101325 0
101405 27
101490 7
103271 14
104100 13
104201 27
104302 4
104310 22
104320 22
104327 7
104334 13
104435 27
104450 22
104490 27
109100 23
109114 14
112101 13
112105 27
112106 10
112109 7
112202 22
112205 27
112303 27
112321 13
112322 13
112406 13
112424 27
115300 13
116301 6
116302 27
126101 3
126102 10
126212 0
126213 6
126214 13
126324 19
126325 13
126328 22
126330 10
126331 23
126332 25
126400 13
126431 3
126434 13
126436 16
126437 3
126438 10
126442 18
127100 16
127101 21
127202 13
127205 15
127206 16
127303 1
127313 27
127320 19
127330 22
127332 9
127333 21
127336 4
127359 18
127411 27
127412 7
127413 10
127414 13
127415 10
127416 0
127424 22
127433 19
127492 13
127716 22
127720 13
127721 10
127730 27
128100 8
128101 19
128201 22
128304 27
128305 6
128306 9
128308 0
128310 6
128353 13
128401 10
128423 0
128425 1
128427 22
128429 13
128434 13
128445 13
128451 22
128462 22
128471 13
128484 7
128700 22
128712 10
128727 13
128734 27
128751 10
140101 27
140102 27
140103 26
140104 19
140105 27
152211 27
152301 13
152321 27
152331 27
154100 13
154104 15
154141 27
154152 22
154153 23
154173 13
154181 6
154251 13
154276 16
154281 26
154301 27
154330 19
154431 22
154479 4
154482 10
154492 7
159100 10
159101 26
159102 18
159151 13
159202 7
159203 3
159204 0
159331 26
159411 7
159412 13
159434 13
159462 22
160342 22
164261 27
164341 22
168101 13
168410 13
176100 23
176101 10
176104 26
177104 22
177113 27
177114 4
177141 1
177142 13
177181 7
177220 27
177222 0
177227 27
177228 13
177229 22
177300 16
177321 10
177332 26
177335 7
177341 25
177361 19
177362 3
177413 27
177420 22
177425 4
177429 13
177430 4
177431 22
177433 10
177460 0
177464 13
177465 23
177466 19
177470 4
177471 16
177483 19
177491 18
177494 13
177495 27
179402 13
179403 13
179404 27
179406 22
179443 1
201100 20
201110 11
201114 22
201116 19
201117 23
201190 10
202100 19
202101 6
202102 17
202147 13
202231 22
202303 19
202305 7
202311 1
202331 22
202356 10
202371 10
202405 13
202432 4
202442 10
202461 22
202471 22
202475 19
202476 27
202484 22
202731 13
202736 13
202749 27
202770 13
202804 27
202807 27
202833 27
202843 13
203100 6
203104 21
203108 9
203111 18
203113 12
203114 21
203131 18
203132 25
203151 13
203152 0
203154 26
203158 13
203159 25
203162 23
203202 19
203203 15
203204 13
203206 24
203207 0
203208 10
203209 3
203211 0
203222 25
203223 10
203226 25
203232 6
203236 0
203250 13
203287 22
203300 27
203304 1
203316 22
203351 18
203352 23
203413 10
203424 13
203425 27
203435 27
203459 7
203708 13
203715 27
203719 22
203721 27
203734 22
203735 13
203749 22
203754 27
203775 13
203804 27
203812 13
203825 22
203829 13
204100 19
204101 13
204113 22
204123 7
204202 7
204217 0
204232 6
204251 0
204306 27
204315 3
204320 22
204333 18
204355 22
204362 0
204382 1
204422 16
204425 22
204441 7
204443 19
204452 10
204456 13
204482 19
204483 4
204490 6
205100 17
205103 13
205105 9
205216 10
205232 27
205244 1
205252 0
205282 25
205324 7
205344 22
205358 13
205361 27
205382 27
205421 13
205473 27
206100 25
206103 7
206104 27
206108 4
206111 21
206112 24
206161 20
206162 25
206171 6
206172 6
206181 3
206182 13
206191 27
206211 0
206216 19
206217 16
206253 7
206255 13
206261 20
206266 10
206281 7
206311 4
206313 1
206321 22
206325 1
206327 19
206331 19
206336 27
206341 3
206342 10
206355 23
206357 27
206362 0
206364 27
206367 19
206368 6
206370 10
206421 13
206435 27
206437 0
206467 13
206471 22
206476 16
206481 9
206725 22
206726 13
206728 27
206729 27
206731 22
206734 13
206736 22
206737 22
206774 13
207100 4
207104 26
207105 0
207106 10
207108 22
207109 21
207110 27
207116 13
207117 7
207118 25
207125 18
207137 4
207162 15
207172 27
207181 16
207187 5
207188 7
207191 0
207195 6
207214 3
207302 7
207305 26
207306 9
207312 16
207321 27
207402 13
207408 19
207415 10
207442 22
207448 0
207449 13
207704 22
207706 13
207708 27
207712 27
207741 22
207766 27
207776 27
208101 18
208140 7
208141 15
208161 3
208250 27
208263 22
208264 22
208271 0
208272 0
208322 22
208345 6
208346 13
208353 3
208362 7
208373 27
208384 27
208423 10
208444 13
208446 27
208460 10
208738 10
208740 27
208770 22
208772 22
208774 13
208776 13
208873 27
209203 22
209204 10
209252 0
209253 7
209262 10
209263 22
209270 0
209271 1
209272 16
209322 19
209332 19
209341 4
209352 0
209370 22
209376 10
209382 7
209424 10
209452 3
209454 19
209456 7
209466 10
209486 27
209714 22
209772 27
209787 13
209789 22
210100 22
210200 7
210207 13
210221 10
210251 27
210276 1
210315 0
210331 19
210355 3
210432 13
210435 22
210448 19
210463 27
210702 27
210717 13
210734 22
210741 13
210743 22
210748 13
210787 22
211100 17
211303 22
211312 25
211315 26
211318 19
211319 25
211341 0
211342 27
211448 4
211449 1
211495 27
211709 27
212712 27
212714 13
212731 22
213708 27
213717 22
213718 13
213763 13
214301 22
214310 26
214340 18
214341 27
214352 22
214403 27
214412 10
214431 13
214442 13
214462 13
214491 27
215205 6
215206 1
215207 7
215208 22
215303 10
215312 10
215313 22
215314 22
215401 13
215462 27
215482 10
215711 13
215783 27
217705 13
217708 27
217773 10
218100 13
218234 7
218236 13
218244 22
218262 27
218352 1
218362 10
218372 22
218382 19
218481 13
218486 22
218496 27
219753 22
219781 13
226703 27
226704 13
226710 13
226805 27
229223 18
229351 10
251100 3
251211 0
251213 7
251216 27
251242 22
251261 26
251292 13
251312 0
251313 18
251333 19
251334 22
251342 25
251361 4
251363 15
251371 6
251372 7
251374 6
251399 1
251411 10
251417 27
251434 27
251436 27
251451 4
251455 10
251456 10
251457 10
251461 13
251465 7
251704 7
251707 27
251713 13
251716 10
251723 22
251724 27
251738 27
251746 10
251748 22
251754 10
251760 22
251763 13
251765 27
251773 10
251781 22
251784 27
252210 11
252212 27
252222 7
252235 0
252281 27
252282 13
252283 22
252285 18
252311 18
252320 3
252331 13
252353 27
252401 4
252402 1
252403 6
252404 13
252413 22
252420 10
252421 4
252422 27
252423 1
252427 7
252428 18
252429 0
252435 7
252440 10
252442 19
252443 7
252448 3
252450 27
252456 10
252459 22
252460 10
252479 19
252489 13
252706 13
252707 22
252714 10
252721 10
252727 22
252755 22
252765 13
252781 13
252792 27
253215 1
253318 22
253321 13
253332 4
253423 7
253433 19
253441 27
253443 13
253451 10
253452 10
253454 27
253721 27
253725 10
253731 10
253734 22
253735 22
253747 7
253749 19
253752 7
253754 13
253791 13
254182 7
254200 22
254205 3
254206 27
254207 22
254211 8
254215 6
254216 7
254222 10
254231 13
254232 25
254271 12
254282 16
254334 6
254352 19
254362 26
254371 21
254373 15
254400 13
254411 3
254412 13
254415 27
254421 7
254423 22
254424 10
254427 13
254435 22
254441 10
254443 27
254445 27
254446 22
254451 27
254452 13
254453 7
254466 13
254476 22
254477 27
254478 27
254495 10
254701 27
254721 13
254733 10
254737 22
254771 22
254816 27
254857 13
255210 27
255230 26
255300 10
255301 12
255316 0
255323 27
255328 21
255337 15
255340 3
255393 22
255422 10
255425 13
255430 7
255432 1
255433 27
255437 22
255440 27
255442 13
255445 22
255447 13
255451 22
255455 22
255463 13
255471 7
255497 22
255714 13
255735 27
255746 22
255750 10
255751 10
255769 10
255772 13
255783 7
255786 10
255791 19
255792 27
256100 18
256271 19
256281 1
256317 19
256318 27
256334 10
256415 7
256419 22
256442 27
256443 1
256456 27
256473 13
256474 22
256713 10
256741 27
256752 22
256753 13
256791 27
259103 27
259104 6
259106 4
259107 19
259108 16
259193 24
259195 1
259200 3
259201 17
259203 7
259401 10
260313 22
260334 13
260421 27
260702 10
260712 22
260719 13
260791 27
261102 4
261111 12
261112 15
261113 3
261205 27
261207 15
261208 3
261214 22
261215 26
261218 0
261305 15
261306 1
261332 27
261342 22
261343 19
261361 27
261411 10
261421 10
261430 13
261433 7
261444 0
261446 10
261447 7
261448 22
261449 27
261453 13
261465 7
261473 7
261479 19
261494 13
261497 9
261498 7
261499 10
261731 27
261736 27
261742 10
261745 7
261751 27
261752 13
261755 22
261763 10
261792 7
261796 13
261891 10
263710 10
263721 22
263724 13
263745 27
263751 27
264702 22
264703 13
264705 27
264755 10
264791 7
265706 22
265709 13
265710 27
266703 27
266801 13
268735 13
268741 27
268742 22
269103 4
269105 10
269130 13
269210 10
269341 19
269360 13
269370 27
269497 4
269498 4
270721 13
270791 13
305203 13
318322 27
329104 25
330112 4
351100 16
351201 13
351302 4
351331 19
351364 1
351371 13
351425 25
351426 22
351464 7
352103 5
352311 27
352314 10
352315 19
352323 10
352331 7
352332 13
352401 27
352412 7
352413 22
352421 4
352422 22
352433 1
352441 19
353313 6
353418 27
353431 19
353441 19
353471 13
353482 22
354311 19
354312 4
355411 27
356100 23
356101 18
356102 20
356210 0
356261 7
356306 7
356331 16
356333 19
356373 4
356375 22
356411 13
356412 10
356415 13
356416 10
356431 27
356432 13
356441 0
356442 22
356443 4
356444 7
356446 10
356447 22
356448 19
356449 27
356455 27
356472 13
356474 10
357110 18
357210 6
357322 13
357323 7
357418 10
357421 0
357432 22
357442 22
357444 27
357446 13
359202 11
359205 27
359206 27
359302 22
359305 13
359341 27
359350 27
359360 7
359401 13
359403 0
359419 22
359422 4
359452 22
359455 27
359460 10
359461 4
360100 15
360301 7
360402 4
360403 10
360411 7
360423 13
360441 19
360460 27
361210 4
361211 13
361214 27
361341 7
361414 27
361421 0
361433 10
361442 13
361461 22
361475 19
363210 26
365201 13
365211 27
365301 19
365324 4
365331 7
365422 10
365425 22
365426 13
368211 20
368310 0
368412 25
368417 26
368433 27
400110 5
400210 22
401281 16
401383 0
401391 25
403281 1
403383 7
406284 27
406294 22
406386 19
406396 27
408382 13
410381 3
413383 10
413391 22
415393 26
420282 13
421282 4
421292 19
421386 16
421396 18
422381 1
428281 7
428282 10
428381 4
428383 15
461170 23
461471 1
461472 27
461511 10
461526 10
462130 18
462531 10
462542 22
462545 13
462582 27
462587 22
462588 10
463201 7
463252 27
463331 13
463332 27
463342 4
463354 1
463512 27
463513 19
463534 10
463543 1
463544 22
463557 13
463559 7
463571 19
463592 13
464302 25
464312 7
464402 6
464403 4
464414 13
464442 25
464443 22
464445 1
464446 7
464500 10
464502 22
464504 19
464505 7
464506 13
464508 10
464544 27
464545 10
464546 10
464549 10
501201 7
501202 13
501305 13
501306 27
502313 16
502314 0
504202 19
504305 7
506202 1
508304 1
510306 22
512304 19
513113 0
513115 22
513212 13
513216 7
513217 22
513225 19
513284 27
513331 27
513343 13
513364 7
513373 1
513390 22
513411 13
513446 27
514202 22
514206 3
514222 16
514244 0
514272 10
514322 25
514336 0
514352 13
514358 10
514382 22
514384 4
514396 27
514398 7
515204 13
515205 1
515256 0
515257 27
515330 27
515337 16
515339 1
515362 22
515377 13
515378 7
515380 19
515407 10
515440 22
515441 13
515442 27
518724 27
518770 13
551311 22
552216 13
552217 27
552232 22
553312 13
554314 1
555313 13
556311 27
557433 10
558101 4
558432 22
561312 27
562101 7
562211 27
571115 27
601201 25
601202 19
601231 6
601242 16
601342 27
601346 16
601351 7
601361 7
601423 10
601424 4
601425 13
601436 4
601452 22
601471 13
601472 27
601745 13
601769 22
601775 27
602100 13
602102 5
602103 8
602120 6
602121 0
602122 13
602314 6
602421 1
602432 10
602453 7
602454 27
602455 13
602461 22
602463 27
602471 26
602741 13
602751 27
603200 0
603231 4
603321 27
603341 6
603396 22
603423 10
603496 13
603725 22
603743 13
603751 27
604101 4
604211 15
604311 27
604314 0
604315 4
604411 10
604415 27
604423 1
604431 25
604443 27
604454 13
604455 7
605203 27
605302 6
605313 10
605315 27
605316 22
605321 13
605331 27
605340 27
605412 13
605430 4
605711 13
605719 27
606211 22
606243 27
606245 4
606264 13
606310 7
606341 10
606342 22
606344 13
606451 19
606452 27
610114 24
651211 22
651212 13
651231 22
651234 27
651306 13
651313 19
651314 7
651317 27
651319 10
651416 22
651425 13
701100 25
701101 16
701181 15
701202 16
701211 22
701235 0
701243 27
701244 27
701283 6
701310 22
701335 27
701408 13
701409 13
701410 27
701496 10
702100 13
702101 9
702211 17
702213 25
702312 8
702317 15
702321 0
702331 16
702342 13
702354 25
702423 22
702443 13
702499 27
703103 14
703202 10
703204 0
703243 19
703244 27
703322 13
703324 21
703330 23
703331 22
703345 26
703351 3
703361 13
703413 10
703441 27
703444 22
703499 27
705191 20
705211 13
705311 8
705328 3
705331 10
705332 25
705343 27
705431 1
705438 7
705440 22
705441 16
705444 26
705446 7
705447 3
705461 23
705492 27
705499 13
751100 16
751101 24
751102 7
751106 13
751202 5
751209 24
751301 3
751302 7
751303 19
751305 13
751308 23
751309 27
751321 10
751326 13
751330 13
751345 22
751401 19
751403 12
751405 22
751408 11
751417 7
751418 7
751419 27
751421 27
751422 13
751424 7
751428 15
751440 3
751443 18
751447 3
751451 13
751701 19
751702 27
751703 7
751705 4
751706 27
751708 13
751710 10
751716 22
751718 22
751719 7
751727 10
751742 10
751744 22
801100 10
801122 7
801134 13
801204 1
801233 13
801236 27
801241 7
801322 27
801334 13
801371 22
803122 22
803124 13
803131 10
803230 13
803232 27
803260 13
851100 5
851103 16
851104 10
851105 13
851200 22
851201 0
851202 15
851204 15
851207 16
851241 13
851252 6
851253 12
851261 12
851263 10
851273 19
851305 26
851306 0
851309 9
851313 4
851363 27
851366 15
851375 1
851400 6
851401 27
851404 13
851406 13
851443 4
851445 7
851450 4
851462 16
851467 19
951100 11
951202 22
951231 10
951321 13
951324 4
951366 27
951421 22
951498-020 7
951498-021 13
953102 7
953104 27
953111 8
953201 1
953202 13
953214 7
953231 22
953232 10
953234 22
953323 10
953361 27
953421 7
953444 27
953494 13
953495 4
954100 27
954140 16
954142 27
954143 4
954170 16
954240 13
954244 16
954310 7
954340 4
954347 13
954371 27
954372 7
954374 13
954413 13
954421 13
954423 10
954464 1
954472 10
954491 3
954498 19
955102 10
955104 6
