001101 1
001102 34
001111 19
001113 28
001201 4
001202 25
001210 6
001212 4
001218 34
001230 1
001231 28
001250 19
001291 35
001293 0
001310 16
001311 31
001312 0
001315 22
001318 1
001320 19
001321 21
001323 9
001330 35
001342 7
001353 19
001354 32
001362 13
001410 0
001423 16
001425 21
001443 6
001444 10
001445 25
001447 0
001461 31
001464 28
002101 19
002110 7
002191 10
002192 25
002201 22
002211 28
002221 19
002250 0
002301 22
002333 10
002351 13
002365 19
002372 28
002401 25
002441 16
002473 13
003101 0
003191 21
003201 0
003314 16
003320 28
003331 19
003414 13
003421 25
003436 28
004241 7
004301 21
004303 31
004324 28
004351 0
004432 19
004473 7
004475 28
006103 18
006126 10
006206 19
006226 16
006242 0
006253 25
006303 7
006307 31
006326 0
006330 13
006331 25
006344 16
006346 34
006355 13
006425 19
006432 13
006433 7
006443 22
006448 31
008214 28
008303 7
008314 28
008326 19
008411 19
008417 28
009103 20
009105 25
009212 10
009230 7
009231 19
009326 10
009425 22
009426 19
009431 28
011100 33
011151 6
011152 4
011153 22
011251 8
011257 16
011259 0
011269 0
011276 15
011353 22
011356 0
011358 7
011362 34
011374 16
011461 3
011464 19
011751 28
012100 25
012173 10
012200 30
012271 31
012272 16
012273 13
012371 19
012475 25
013103 31
013110 32
013203 7
013204 13
013206 19
013207 27
013217 15
013301 10
013302 13
013303 0
013304 19
013305 31
013306 31
013307 28
013317 3
013326 19
013329 28
013330 10
013335 21
013338 25
013420 13
013421 16
013422 22
013427 10
013433 28
013435 19
014210 19
014270 25
014310 28
014311 22
014322 0
014323 19
014325 16
014370 16
014371 10
014382 25
014390 22
014401 3
014410 13
014421 7
015101 18
016101 12
016232 28
017101 6
017102 10
017111 0
017201 10
017210 25
018103 19
018111 5
018113 24
018125 13
018203 28
018211 10
018213 0
018231 25
018235 19
018271 21
018301 25
018335 28
018351 0
018353 22
018421 31
018433 10
018435 25
018436 13
018438 19
018451 16
018465 10
018467 13
018471 28
019101 6
019103 3
019105 10
019106 30
019108 13
019111 19
019203 28
019205 31
019206 7
019208 19
019211 13
019221 10
019303 25
019311 13
019331 34
019361 28
019373 28
019381 0
019411 10
019442 7
019471 19
019473 28
020101 12
020102 19
020211 15
020231 28
020311 19
020321 22
020333 13
020341 28
020362 31
020363 25
020412 19
020421 7
020481 10
021101 0
021102 25
021203 7
021204 4
021270 31
025108 19
025480 25
026101 26
026102 33
026111 25
026112 9
026201 33
026271 28
029701 13
029703 28
029711 19
030101 25
050100 16
050103 22
050104 21
050106 35
050111 27
051302 25
051304 7
051306 13
051310 13
051313 0
051418 1
052201 7
052202 4
052352 6
052357 15
052420 25
052441 25
052443 22
052445 10
052447 28
052466 19
053712 13
053713 16
053770 13
054810 16
054870 13
055701 28
055703 25
055704 19
055706 16
055707 13
055713 25
055733 28
055734 13
055757 16
055771 28
055797 19
057121 18
057123 16
057125 35
057126 29
057127 23
057128 17
057129 33
057130 35
057131 25
057132 25
057133 6
057134 35
057135 3
057136 9
057137 17
057138 13
057139 3
057140 4
057201 31
057205 25
057213 16
057215 1
057274 16
057284 28
057285 13
057288 19
057293 35
057294 28
057296 7
057300 10
057302 22
057305 25
057316 25
057351 10
057366 28
057403 10
057404 31
057405 7
057410 28
057411 16
057420 1
057426 19
057428 16
059413 7
059419 0
061103 19
061106 19
061201 28
061223 10
061224 16
061306 25
061307 31
061317 31
061319 28
061403 28
061404 22
061407 13
061430 19
062200 13
062210 19
062343 4
062411 31
062452 22
062460 4
062470 1
062499 19
063201 13
063702 16
063704 13
063710 19
064204 34
064232 10
064251 13
064252 10
064303 19
064331 22
064392 28
064412 19
064418 28
064423 0
064424 22
064430 7
064474 25
064490 16
065210 13
065212 1
065310 16
065311 34
065320 25
065332 1
065421 19
065435 16
065436 28
065437 25
065438 7
065797 28
066221 16
066323 10
066410 13
066416 22
066421 25
066425 1
067202 4
067303 31
067311 28
067372 7
067373 22
067432 1
069712 13
070200 25
070304 1
070305 19
070403 28
070404 10
070410 25
070411 13
070416 25
070711 16
070720 13
070721 19
070740 28
070741 28
071411 25
071412 28
071413 16
071415 19
071416 15
071418 28
071419 13
071422 10
071423 19
071425 0
071712 13
071715 16
071730 10
071736 25
071738 16
071811 16
073711 13
073721 16
073770 16
074100 9
074101 24
074414 1
076425 31
076427 16
076430 19
076444 28
076466 19
078444 6
078454 4
079169 10
079220 25
079264 19
091700 19
091800 19
099100 13
099101 4
099102 24
100102 28
100109 31
100110 18
100111 33
100112 12
100207 25
100213 13
100214 7
100220 16
100222 25
100225 3
100228 19
100229 31
100230 15
100231 10
100233 35
100281 10
100306 16
100307 28
100308 13
100309 19
100310 28
100311 35
100312 28
100313 19
100314 13
100501 12
101100 18
101105 13
101201 9
101211 13
101400 13
101405 16
103112 13
103191 13
103271 11
104200 19
104201 6
104300 25
104301 13
104325 25
104410 31
104424 19
104495 28
105304 19
109100 15
109115 24
112101 19
112102 13
112103 28
112108 4
112110 22
112201 28
112203 19
112213 25
112300 25
112314 16
112411 13
112412 28
115200 19
115300 16
115301 25
115302 31
116301 10
116302 28
116400 13
126101 3
126216 16
126321 13
126326 13
126333 4
126334 10
126428 7
126432 28
126443 19
127100 20
127101 19
127203 19
127204 25
127207 0
127303 3
127312 28
127314 22
127315 13
127316 18
127326 30
127337 1
127711 16
127717 28
127718 13
127719 19
127727 28
127728 19
128100 35
128101 27
128202 27
128203 35
128204 24
128307 22
128309 19
128334 13
128354 34
128355 34
128403 6
128701 25
128710 16
128730 13
128740 28
128762 28
140101 25
140102 28
140103 3
140104 7
140105 16
152211 18
152301 0
152321 28
154104 0
154141 35
154151 28
154231 28
154261 1
154262 25
154281 15
154311 22
154330 10
154353 7
154375 19
154377 1
154384 22
154388 16
154443 16
154455 10
154457 16
154481 22
154488 1
154493 19
154494 28
159100 30
159101 24
159151 25
159203 13
159221 19
159231 7
159301 19
159303 35
159305 30
159332 13
159356 16
159362 19
159403 22
159411 3
159431 16
159454 28
160341 10
164200 24
164341 10
168100 13
168101 9
168222 28
176100 33
176101 17
176104 0
176220 7
177103 28
177214 10
177215 7
177216 31
177217 19
177281 1
177283 7
177285 13
177321 25
177330 31
177341 28
177362 7
177393 9
177401 3
177404 10
177405 0
177414 13
177426 16
177427 21
177430 19
177434 28
177446 34
177450 30
177463 4
177464 28
177465 15
177467 25
177468 28
177481 12
177494 22
179402 4
179403 22
201100 30
201110 3
201114 23
201115 27
201116 15
201117 22
201190 28
202100 26
202101 14
202141 30
202143 10
202145 4
202184 10
202231 7
202260 28
202305 30
202311 28
202332 31
202334 16
202342 22
202361 6
202371 7
202434 0
202438 35
202443 13
202473 3
202474 25
202477 10
202481 16
202495 19
202742 19
202765 13
202776 28
202782 28
202833 28
202848 28
202873 19
203100 26
203103 3
203111 19
203116 28
203151 31
203162 5
203171 27
203201 28
203203 9
203204 6
203206 11
203207 1
203208 19
203209 32
203222 13
203226 27
203231 24
203235 19
203236 25
203255 19
203303 28
203315 10
203323 22
203324 0
203331 24
203332 31
203333 34
203351 19
203352 34
203405 4
203406 16
203414 28
203423 19
203431 13
203434 7
203458 16
203471 25
203475 25
203705 13
203709 19
203714 13
203716 16
203722 16
203743 19
203753 28
203807 16
203821 19
203828 13
203879 16
203889 16
204100 10
204101 27
204111 28
204123 9
204202 6
204211 13
204216 28
204231 31
204251 28
204321 10
204325 0
204335 25
204341 3
204361 21
204365 13
204381 31
204383 28
204432 4
204435 19
204442 19
204451 15
204452 13
204453 28
204471 25
204712 16
204721 19
204732 13
204764 28
205100 12
205103 18
205104 19
205105 16
205235 31
205239 7
205275 27
205303 31
205337 19
205355 35
205393 13
205415 28
205421 19
205461 7
205464 13
205475 25
205479 10
205483 16
205486 22
205496 19
205712 19
205735 28
205761 16
205783 13
206100 14
206101 13
206103 35
206104 12
206107 0
206108 6
206111 22
206112 30
206113 7
206161 19
206162 2
206171 22
206172 18
206181 10
206191 6
206203 10
206207 31
206211 0
206216 35
206217 9
206261 10
206267 10
206281 0
206300 21
206321 22
206324 27
206325 18
206327 6
206328 9
206331 13
206336 28
206341 10
206355 3
206362 16
206370 16
206381 28
206412 19
206436 10
206437 13
206441 35
206455 7
206707 19
206713 28
206720 16
206721 19
206730 19
206736 28
206738 25
206739 28
206743 13
206753 28
206766 25
206783 16
207100 34
207103 28
207105 22
207106 0
207107 12
207109 24
207115 28
207117 13
207123 6
207131 28
207135 28
207164 13
207171 19
207173 24
207174 19
207183 27
207187 10
207203 28
207205 21
207208 22
207213 35
207308 31
207310 28
207313 35
207323 16
207348 7
207401 10
207403 25
207406 16
207416 16
207419 0
207422 19
207436 13
207701 19
207703 16
207705 13
207711 28
207741 28
207743 19
207808 28
208101 28
208140 13
208150 19
208250 25
208251 25
208263 7
208265 7
208270 28
208271 7
208272 28
208280 19
208321 13
208329 13
208343 22
208348 3
208370 22
208383 10
208425 10
208439 13
208440 25
208469 28
208711 16
208760 13
208761 19
208770 28
208871 13
208872 28
209201 13
209251 28
209301 28
209302 10
209303 15
209331 19
209351 21
209358 4
209361 0
209368 7
209375 22
209403 10
209442 28
209451 16
209453 25
209461 7
209463 28
209471 16
209483 25
209485 19
209703 25
209705 10
209707 25
209709 16
209711 16
209713 13
209722 16
209731 13
209771 28
209773 19
209779 13
209785 16
210100 25
210201 19
210202 25
210204 28
210343 16
210351 31
210383 28
210425 13
210433 19
210434 19
210453 7
210465 13
210485 34
210703 16
210704 13
210705 19
210707 28
210723 28
210731 19
211100 24
211311 10
211315 18
211319 9
211413 10
211440 31
211442 19
211443 28
211495 13
211702 19
211889 28
212701 16
212703 13
212711 19
212721 28
212741 28
213201 25
213714 13
213763 16
213779 28
214100 25
214261 27
214312 16
214341 13
214381 28
214401 7
214411 21
214414 31
214415 25
214421 13
214430 19
214441 13
214445 19
215205 28
215206 2
215207 16
215208 18
215301 16
215302 28
215381 0
215411 31
215431 25
215471 10
215481 21
215495 34
215496 13
215497 4
215734 13
215762 28
215785 19
215794 28
217701 13
217703 19
217707 28
217734 19
217751 19
217775 28
217781 28
218100 18
218101 19
218233 0
218235 16
218321 31
218323 7
218351 28
218471 28
218475 19
218483 10
218486 13
219720 19
219731 28
225701 16
225703 13
225705 19
225720 28
226701 28
226709 19
226710 16
226801 25
226889 19
229123 25
229323 7
229352 19
229711 28
251211 1
251213 13
251261 34
251281 12
251312 22
251313 1
251333 16
251334 22
251361 19
251363 9
251371 30
251372 35
251374 25
251384 16
251411 7
251418 19
251437 28
251438 31
251451 1
251455 28
251457 4
251461 13
251475 10
251479 19
251701 25
251702 16
251703 19
251711 25
251714 16
251715 13
251717 19
251718 25
251745 13
251751 16
251752 13
251757 19
251758 25
251773 16
251783 13
251785 19
251790 28
252201 24
252211 7
252232 35
252282 3
252283 22
252285 24
252286 35
252301 6
252302 4
252317 19
252320 28
252322 3
252325 22
252327 10
252330 34
252342 3
252363 18
252420 31
252421 13
252424 16
252425 28
252426 28
252427 7
252444 28
252450 1
252455 13
252460 19
252489 25
252498 21
252702 28
252708 25
252723 19
252724 19
252741 19
252748 28
252781 16
252785 13
252789 28
252791 28
253303 31
253314 13
253315 28
253432 22
253455 3
253456 7
253481 13
253701 19
253715 28
253717 10
253722 16
253731 25
253732 28
253734 19
253735 31
253736 10
253748 25
253752 28
253754 13
254181 0
254205 13
254206 31
254211 33
254215 28
254216 12
254222 6
254231 19
254232 25
254252 7
254282 7
254302 1
254325 18
254333 22
254372 9
254421 16
254425 13
254426 0
254435 31
254436 28
254438 28
254439 3
254441 24
254442 10
254451 34
254456 22
254457 13
254458 19
254459 25
254461 31
254471 7
254473 19
254492 28
254494 16
254700 28
254702 25
254703 16
254710 13
254711 19
254734 10
254770 16
254777 19
254804 25
254875 13
255201 12
255215 16
255251 24
255290 27
255300 28
255320 18
255321 9
255330 7
255359 21
255415 0
255417 3
255420 19
255422 30
255424 35
255430 15
255432 16
255434 1
255437 21
255438 25
255439 10
255441 35
255447 9
255449 13
255454 13
255460 4
255462 34
255464 22
255471 24
255492 19
255499 6
255712 13
255722 25
255734 25
255739 16
255750 19
255764 13
255766 16
255770 28
255771 28
255772 19
255786 10
255791 19
255830 28
256100 28
256212 28
256271 13
256281 0
256316 31
256333 16
256373 3
256383 4
256412 10
256415 13
256441 28
256457 19
256462 7
256473 31
256700 13
256761 19
256762 28
259103 17
259104 13
259106 35
259107 30
259108 27
259109 15
259201 35
259203 25
260312 25
260404 19
260413 13
260424 19
260434 28
260717 19
260772 28
261103 24
261111 13
261200 31
261210 22
261212 35
261216 16
261217 24
261304 19
261305 31
261335 28
261336 15
261342 1
261343 9
261361 13
261405 6
261406 22
261434 34
261447 13
261456 25
261457 16
261458 28
261461 31
261469 16
261494 10
261497 0
261499 31
261701 19
261702 16
261706 25
261735 13
261739 19
261753 13
261754 13
261767 19
261769 19
261791 28
263701 16
263702 13
263720 25
263746 19
263760 28
263771 25
264701 16
264706 13
264707 25
264710 19
264741 19
264791 13
266703 28
268721 19
269101 10
269102 25
269200 22
269201 1
269202 19
269340 7
269430 4
269462 21
269470 16
269497 28
270701 13
270702 19
270711 19
270791 19
301254 1
305202 25
311352 16
318322 16
318351 7
320351 13
321251 13
324703 19
328310 16
328313 19
330110 16
330111 31
351100 13
351201 28
351202 25
351301 33
351321 10
351331 16
351410 25
351441 30
351442 19
351451 34
351463 28
351466 3
352301 7
352311 19
352321 16
352323 25
352332 13
352422 22
352431 22
353301 19
353421 28
353431 28
353451 7
353452 13
354311 25
356100 15
356101 6
356102 3
356202 25
356210 10
356212 16
356303 25
356304 19
356306 27
356312 16
356361 28
356412 13
356414 16
356416 28
356432 28
356441 1
356442 0
356443 16
356471 10
356496 28
357101 11
357110 15
357210 12
357322 19
357360 19
357417 31
357441 16
357491 28
359202 21
359203 8
359204 28
359206 19
359301 25
359311 31
359405 13
359409 19
359410 12
359413 25
359414 28
359421 1
359431 22
359451 1
360100 3
360210 13
360400 19
360402 16
360404 25
360407 13
360411 1
360431 28
360460 19
360470 16
361210 1
361214 28
361301 31
361321 19
361351 28
361453 10
361461 10
361471 28
363210 12
365301 28
365321 31
365331 16
365421 19
365427 28
365428 25
368200 25
368317 28
368331 21
368412 28
368433 28
368441 13
368487 0
400110 26
400211 22
401382 10
403382 19
406385 28
406395 31
409281 31
409292 10
411281 25
411291 16
415291 22
420281 19
421281 28
421291 4
421385 22
421395 4
423382 1
428382 25
461100 12
461170 35
461471 16
461472 19
461511 16
461527 4
461529 19
462130 29
462541 4
462587 22
462588 13
463251 28
463311 16
463331 19
463341 25
463353 4
463402 34
463433 19
463455 28
463491 4
463503 13
463504 31
463545 7
463556 25
463558 10
464301 28
464311 10
464341 13
464401 31
464413 25
464441 10
464443 7
464444 16
464445 13
464501 25
464502 28
464503 1
464509 13
464510 13
464541 19
464542 28
464544 16
464549 4
466141 18
501301 16
501302 31
502211 16
502311 13
503402 22
504302 24
506303 7
506361 22
507402 4
508203 21
508207 13
508303 28
509402 1
510201 24
510202 31
510307 13
510411 7
510414 28
510415 10
510416 31
510417 19
512303 19
512402 25
513111 4
513114 19
513223 19
513224 16
513283 28
513315 10
513324 25
513328 4
513363 28
513371 7
513412 25
513429 16
513445 13
513451 19
513471 28
514211 25
514241 19
514317 19
514323 4
514335 16
514341 28
514343 25
514381 31
514383 1
514395 10
514397 13
514425 16
514442 13
514451 25
514453 19
514466 10
514475 28
515201 19
515250 13
515307 19
515312 10
515334 28
515361 1
515364 25
515370 28
515376 13
515403 19
515490 28
551461 10
552216 13
552217 7
552222 13
553312 7
554314 16
555313 25
556311 19
557433 25
558411 16
558432 13
558442 19
561312 28
562211 13
571115 28
601201 0
601302 19
601321 25
601322 22
601341 4
601344 16
601351 28
601422 31
601427 28
601428 25
601452 7
601460 19
601462 13
601702 19
601731 16
601758 28
601765 19
601767 16
602100 19
602102 31
602111 13
602211 19
602315 31
602321 3
602322 1
602431 13
602432 31
602441 1
602464 19
602731 19
602761 28
603211 19
603322 1
603332 22
603352 16
603371 25
603421 28
603441 25
603453 4
603465 16
603471 31
603494 13
603495 19
603711 13
603723 19
603731 28
604304 27
604305 15
604312 22
604313 1
604351 10
604352 16
604412 19
604414 4
604416 25
604422 28
604441 10
604451 34
604711 19
604715 13
604731 28
605201 25
605204 12
605301 31
605313 7
605314 28
605321 24
605322 3
605341 16
605412 19
605432 28
605446 22
605459 31
605461 10
605476 25
605701 13
605702 19
605713 28
605751 28
606231 13
606242 7
606244 19
606263 28
606343 31
606362 13
606363 28
610114 0
651105 16
651109 13
651120 19
651210 28
651311 16
651312 13
651315 19
651316 28
701101 35
701181 6
701182 13
701183 9
701201 16
701211 19
701281 2
701313 34
701321 21
701331 16
701342 30
701344 19
701402 25
701403 16
701407 25
701409 28
701425 6
701455 7
701494 13
702101 8
702205 4
702211 35
702312 28
702313 1
702316 4
702318 3
702341 25
702351 31
702411 28
702416 16
702418 10
702423 19
702431 13
703103 31
703202 16
703204 22
703243 18
703244 12
703305 16
703308 34
703311 24
703313 7
703322 19
703324 19
703330 8
703331 33
703345 10
703352 25
703391 9
703404 19
703412 16
703435 31
703447 25
703454 12
703498 28
703499 28
704101 19
704141 13
704201 16
704345 28
705191 25
705211 21
705311 0
705329 16
705331 28
705351 28
705411 18
705437 35
705441 3
705442 24
705444 15
705492 12
705499 31
751100 25
751101 9
751102 31
751106 25
751202 28
751209 33
751301 9
751302 24
751303 7
751304 13
751305 22
751308 2
751309 32
751321 28
751326 4
751327 0
751330 1
751345 13
751401 25
751403 3
751405 34
751408 12
751413 19
751419 16
751421 19
751422 13
751424 13
751428 30
751443 17
751447 31
751451 19
751701 28
751702 19
751703 13
751704 13
751705 25
751706 28
751708 13
751712 25
751718 16
751724 19
751726 16
751751 16
801100 24
801201 19
801225 7
801235 13
801321 28
801324 19
801331 7
801333 13
801334 25
801336 31
801421 28
801471 16
801481 7
803121 19
803123 13
803231 16
803331 22
803360 25
803431 28
851100 12
851104 35
851105 3
851108 19
851200 1
851201 15
851202 27
851243 15
851251 35
851262 25
851273 13
851305 27
851306 34
851309 7
851342 7
851352 22
851354 1
851355 3
851360 16
851362 1
851375 25
851376 18
851400 10
851404 12
851407 19
851441 6
851462 28
852100 24
852101 27
852102 4
852103 19
852201 7
852202 16
852203 19
852204 13
951100 26
951102 13
951106 28
951124 19
951203 25
951302 10
951323 25
951331 31
951344 13
951348 16
951352 7
951497 16
953103 13
953111 28
953212 25
953231 25
953233 28
953261 13
953321 10
953322 3
953331 1
953361 16
953421 28
953444 28
953494 19
953495 13
954100 31
954244 16
954246 28
954310 10
954370 25
954374 19
954410 28
954413 1
954416 30
954426 4
954443 10
954449 0
954462 13
954464 16
954471 22
954477 35
954491-001 28
954491-002 1
954491-003 34
954491-004 13
954498 31
955102 34
955103 19
955104 13
958111 28
958201 28
958221 0
958225 10
958261 7
958373 19
