001101 13
001102 4
001111 19
001113 16
001201 1
001202 10
001210 14
001212 20
001218 13
001230 12
001231 33
001250 5
001291 6
001293 28
001310 22
001311 4
001312 4
001315 23
001318 6
001320 22
001321 31
001323 16
001330 3
001342 0
001353 10
001354 19
001362 25
001410 34
001423 16
001425 0
001443 28
001444 10
001445 22
001447 35
001461 7
001464 34
002101 4
002110 16
002191 4
002192 4
002201 19
002211 16
002221 31
002250 34
002301 34
002333 10
002351 22
002365 7
002372 30
002401 0
002441 28
002473 19
003101 27
003191 10
003201 31
003314 22
003320 25
003331 10
003414 28
003421 34
003436 16
004241 16
004301 31
004303 31
004324 18
004351 22
004432 19
004473 7
004475 10
006103 27
006126 19
006206 10
006226 27
006242 16
006253 31
006303 31
006307 30
006326 28
006330 25
006331 34
006344 6
006346 22
006355 31
006425 34
006432 4
006433 7
006443 16
006448 4
008214 10
008303 10
008314 31
008326 22
008411 22
008417 25
009103 23
009105 15
009212 10
009230 19
009231 15
009326 22
009425 10
009426 22
009431 16
011100 9
011151 31
011152 22
011153 28
011251 15
011257 12
011259 31
011269 9
011276 10
011353 6
011356 22
011358 7
011362 10
011374 25
011461 31
011464 16
011751 10
012100 10
012173 3
012200 33
012271 25
012272 28
012273 22
012371 4
012475 0
013103 34
013110 34
013203 12
013204 7
013206 16
013207 31
013217 13
013301 25
013302 15
013303 10
013304 35
013305 24
013306 4
013307 31
013317 10
013326 10
013329 16
013330 19
013335 35
013338 0
013420 28
013421 22
013422 22
013427 7
013433 22
013435 16
014210 10
014270 35
014310 19
014311 25
014322 22
014323 24
014325 12
014370 31
014371 9
014382 31
014390 15
014401 19
014410 7
014421 34
015101 28
016101 4
016232 10
017101 22
017102 25
017111 25
017201 10
017210 16
018103 7
018111 35
018113 25
018125 4
018203 4
018211 28
018213 31
018231 10
018235 16
018271 28
018301 10
018335 7
018351 28
018353 34
018421 25
018433 0
018435 28
018436 10
018438 22
018451 31
018465 7
018467 10
018471 4
019101 11
019103 28
019105 25
019106 16
019108 16
019111 22
019203 7
019205 35
019206 12
019208 25
019211 34
019221 27
019303 10
019311 16
019331 35
019361 7
019373 4
019381 31
019411 4
019442 25
019471 28
019473 10
020101 3
020102 25
020211 31
020231 34
020311 7
020321 10
020333 22
020341 16
020362 25
020363 34
020412 19
020421 0
020481 34
021101 30
021102 22
021203 16
021204 31
021270 25
025108 22
025480 10
026101 9
026102 25
026111 30
026112 27
026201 25
026271 16
029701 25
029703 10
029711 22
030101 22
050100 31
050103 29
050104 24
050106 24
050111 9
051302 3
051304 22
051306 10
051310 28
051313 10
051418 16
052201 7
052202 22
052352 35
052357 10
052420 4
052441 4
052443 25
052445 13
052447 10
052466 22
053712 25
053713 16
053770 25
054810 16
054870 25
055701 10
055703 4
055704 22
055706 16
055707 25
055713 4
055733 10
055734 25
055757 16
055771 10
055797 22
057121 18
057123 22
057125 24
057126 31
057127 27
057128 25
057129 24
057130 27
057131 22
057132 10
057133 15
057134 4
057135 22
057136 9
057137 22
057138 16
057139 23
057140 7
057201 7
057205 1
057213 16
057215 28
057274 22
057284 4
057285 10
057288 22
057293 7
057294 13
057296 19
057300 10
057302 16
057305 12
057316 25
057351 16
057366 22
057403 7
057404 10
057405 28
057410 34
057411 10
057420 4
057426 25
057428 10
059413 7
059419 22
061103 25
061106 25
061201 25
061223 30
061224 31
061306 22
061307 28
061317 31
061319 10
061403 22
061404 4
061407 10
061430 22
062200 4
062210 10
062343 7
062411 4
062452 1
062460 19
062470 31
062499 22
063201 31
063702 16
063704 25
063710 22
064204 30
064232 25
064251 16
064252 25
064303 10
064331 19
064392 28
064412 10
064418 0
064423 13
064424 13
064430 10
064474 22
064490 28
065210 31
065212 10
065310 6
065311 4
065320 31
065332 13
065421 13
065435 10
065436 16
065437 22
065438 4
065797 10
066221 22
066323 1
066410 25
066416 7
066421 7
066425 13
067202 10
067303 4
067311 28
067372 25
067373 7
067432 28
069712 25
070200 4
070304 7
070305 28
070403 10
070404 22
070410 16
070411 4
070416 13
070711 16
070720 25
070721 22
070740 10
070741 10
071411 25
071412 22
071413 1
071415 10
071416 23
071418 25
071419 10
071422 25
071423 13
071425 35
071712 25
071715 16
071730 13
071736 4
071738 16
071811 16
073711 25
073721 16
073770 16
074100 23
074101 7
074414 31
076425 28
076427 4
076430 13
076444 22
076466 10
078444 22
078454 10
079169 7
079220 22
079264 4
091700 22
091800 22
099100 31
099101 19
099102 35
100102 10
100109 27
100110 16
100111 25
100112 28
100207 10
100213 22
100214 4
100220 34
100222 13
100225 25
100228 22
100229 7
100230 9
100231 25
100233 16
100281 19
100306 25
100307 28
100308 16
100309 13
100310 10
100311 13
100312 16
100313 3
100314 12
100501 31
101100 28
101105 10
101201 35
101211 10
101400 20
101405 16
103112 16
103191 10
103271 25
104200 22
104201 10
104300 31
104301 7
104325 25
104410 22
104424 22
104495 10
105304 25
109100 26
109115 28
112101 10
112102 16
112103 22
112108 25
112110 16
112201 25
112203 22
112213 10
112300 22
112314 10
112411 7
112412 25
115200 25
115300 16
115301 16
115302 13
116301 13
116302 10
116400 13
126101 21
126216 31
126321 13
126326 25
126333 31
126334 15
126428 3
126432 10
126443 30
127100 22
127101 20
127203 25
127204 30
127207 28
127303 35
127312 22
127314 6
127315 22
127316 27
127326 16
127337 15
127711 16
127717 10
127718 25
127719 22
127727 10
127728 22
128100 25
128101 22
128202 31
128203 35
128204 15
128307 5
128309 19
128334 25
128354 28
128355 31
128403 27
128701 16
128710 25
128730 22
128740 10
128762 10
140101 22
140102 10
140103 4
140104 2
140105 7
152211 34
152301 16
152321 25
154104 33
154141 25
154151 30
154231 16
154261 28
154262 19
154281 26
154311 15
154330 34
154353 22
154375 28
154377 25
154384 4
154388 31
154443 4
154455 7
154457 34
154481 30
154488 25
154493 16
154494 10
159100 33
159101 9
159151 10
159203 25
159221 31
159231 7
159301 10
159303 13
159305 6
159332 10
159356 28
159362 18
159403 22
159411 3
159431 34
159454 7
160341 24
164200 18
164341 16
168100 22
168101 10
168222 22
176100 25
176101 30
176104 10
176220 20
177103 30
177214 19
177215 16
177216 34
177217 28
177281 3
177283 25
177285 13
177321 24
177330 16
177341 30
177362 24
177393 0
177401 18
177404 22
177405 34
177414 6
177426 12
177427 31
177430 25
177434 35
177446 4
177450 15
177463 13
177464 22
177465 7
177467 10
177468 22
177481 13
177494 7
179402 31
179403 30
201100 27
201110 12
201114 19
201115 23
201116 30
201117 22
201190 22
202100 22
202101 28
202141 3
202143 27
202145 35
202184 19
202231 16
202260 22
202305 15
202311 10
202332 7
202334 25
202342 4
202361 34
202371 31
202434 4
202438 16
202443 7
202473 22
202474 4
202477 28
202481 25
202495 1
202742 22
202765 25
202776 10
202782 10
202833 10
202848 10
202873 22
203100 11
203103 22
203111 17
203116 25
203151 34
203162 22
203171 27
203201 15
203203 7
203204 25
203206 18
203207 13
203208 7
203209 12
203222 7
203226 8
203231 22
203235 22
203236 34
203255 19
203303 12
203315 4
203323 35
203324 19
203331 13
203332 30
203333 15
203351 25
203352 25
203405 22
203406 16
203414 10
203423 4
203431 7
203434 31
203458 16
203471 25
203475 7
203705 25
203709 22
203714 25
203716 16
203722 16
203743 22
203753 10
203807 16
203821 22
203828 25
203879 16
203889 16
204100 8
204101 6
204111 30
204123 4
204202 16
204211 25
204216 34
204231 28
204251 10
204321 6
204325 12
204335 28
204341 19
204361 0
204365 1
204381 24
204383 10
204432 22
204435 16
204442 10
204451 30
204452 22
204453 25
204471 31
204712 16
204721 22
204732 25
204764 10
205100 22
205103 34
205104 15
205105 22
205235 28
205239 7
205275 21
205303 27
205337 4
205355 7
205393 30
205415 10
205421 22
205461 16
205464 35
205475 22
205479 31
205483 1
205486 7
205496 4
205712 22
205735 10
205761 16
205783 25
206100 28
206101 22
206103 25
206104 35
206107 16
206108 10
206111 35
206112 3
206113 16
206161 27
206162 35
206171 0
206172 35
206181 25
206191 10
206203 31
206207 22
206211 34
206216 25
206217 7
206261 3
206267 24
206281 13
206300 28
206321 7
206324 19
206325 9
206327 30
206328 15
206331 28
206336 22
206341 31
206355 35
206362 7
206370 25
206381 16
206412 22
206436 24
206437 34
206441 3
206455 10
206707 25
206713 10
206720 4
206721 25
206730 25
206736 10
206738 22
206739 10
206743 16
206753 10
206766 4
206783 22
207100 22
207103 22
207105 33
207106 19
207107 28
207109 6
207115 6
207117 28
207123 10
207131 25
207135 16
207164 22
207171 16
207173 0
207174 10
207183 25
207187 19
207203 28
207205 10
207208 34
207213 12
207308 22
207310 7
207313 19
207323 7
207348 4
207401 27
207403 10
207406 31
207416 7
207419 16
207422 25
207436 22
207701 22
207703 16
207705 25
207711 10
207741 10
207743 22
207808 10
208101 18
208140 22
208150 25
208250 16
208251 22
208263 20
208265 4
208270 12
208271 32
208272 12
208280 12
208321 31
208329 27
208343 34
208348 4
208370 28
208383 19
208425 16
208439 16
208440 10
208469 22
208711 16
208760 25
208761 10
208770 22
208871 25
208872 22
209201 25
209251 19
209301 19
209302 15
209303 30
209331 7
209351 34
209358 1
209361 28
209368 7
209375 27
209403 1
209442 22
209451 35
209453 15
209461 7
209463 10
209471 31
209483 10
209485 28
209703 4
209705 4
209707 16
209709 31
209711 16
209713 25
209722 16
209731 25
209771 10
209773 22
209779 25
209785 31
210100 31
210201 31
210202 19
210204 16
210343 28
210351 22
210383 31
210425 25
210433 34
210434 16
210453 4
210465 25
210485 10
210703 16
210704 25
210705 22
210707 10
210723 10
210731 22
211100 6
211311 21
211315 28
211319 3
211413 10
211440 28
211442 4
211443 22
211495 16
211702 22
211889 10
212701 16
212703 25
212711 22
212721 10
212741 10
213201 16
213714 25
213763 16
213779 10
214100 10
214261 22
214312 28
214341 24
214381 25
214401 19
214411 30
214414 13
214415 6
214421 10
214430 22
214441 10
214445 22
215205 30
215206 5
215207 31
215208 22
215301 25
215302 16
215381 34
215411 31
215431 10
215471 19
215481 0
215495 7
215496 22
215497 4
215734 25
215762 10
215785 22
215794 10
217701 16
217703 25
217707 22
217734 22
217751 22
217775 10
217781 10
218100 27
218101 28
218233 25
218235 22
218321 19
218323 16
218351 25
218471 31
218475 10
218483 25
218486 22
219720 10
219731 25
225701 16
225703 25
225705 22
225720 10
226701 22
226709 10
226710 10
226801 4
226889 10
229123 10
229323 22
229352 25
229711 10
251211 13
251213 16
251261 4
251281 25
251312 13
251313 7
251333 31
251334 25
251361 8
251363 35
251371 25
251372 19
251374 13
251384 30
251411 22
251418 7
251437 16
251438 10
251451 10
251455 25
251457 4
251461 28
251475 13
251479 4
251701 4
251702 16
251703 22
251711 4
251714 16
251715 25
251717 22
251718 22
251745 25
251751 4
251752 16
251757 25
251758 22
251773 4
251783 16
251785 25
251790 10
252201 30
252211 28
252232 18
252282 15
252283 19
252285 30
252286 9
252301 31
252302 4
252317 34
252320 25
252322 6
252325 0
252327 3
252330 19
252342 0
252363 13
252420 28
252421 10
252424 22
252425 1
252426 13
252427 25
252444 28
252450 7
252455 10
252460 31
252489 35
252498 13
252702 10
252708 4
252723 22
252724 22
252741 22
252748 10
252781 16
252785 25
252789 10
252791 10
253303 22
253314 28
253315 16
253432 7
253455 28
253456 10
253481 22
253701 22
253715 10
253717 31
253722 16
253731 4
253732 10
253734 22
253735 28
253736 31
253748 4
253752 10
253754 25
254181 16
254205 13
254206 18
254211 25
254215 28
254216 10
254222 16
254231 7
254232 6
254252 25
254282 34
254302 22
254325 19
254333 33
254372 31
254421 25
254425 22
254426 1
254435 22
254436 10
254438 22
254439 34
254441 32
254442 13
254451 15
254456 28
254457 22
254458 16
254459 28
254461 7
254471 4
254473 13
254492 22
254494 22
254700 10
254702 4
254703 16
254710 25
254711 22
254734 31
254770 16
254777 22
254804 4
254875 25
255201 28
255215 21
255251 31
255290 12
255300 27
255320 9
255321 30
255330 34
255359 6
255415 18
255417 10
255420 31
255422 6
255424 7
255430 24
255432 28
255434 22
255437 13
255438 10
255439 25
255441 25
255447 0
255449 30
255454 10
255460 4
255462 4
255464 19
255471 13
255492 31
255499 35
255712 4
255722 16
255734 16
255739 10
255750 10
255764 10
255766 4
255770 25
255771 25
255772 22
255786 4
255791 22
255830 10
256100 29
256212 25
256271 0
256281 22
256316 16
256333 31
256373 13
256383 25
256412 4
256415 19
256441 7
256457 30
256462 28
256473 0
256700 25
256761 22
256762 10
259103 15
259104 30
259106 9
259107 8
259108 12
259109 24
259201 32
259203 27
260312 28
260404 4
260413 22
260424 10
260434 25
260717 22
260772 10
261103 22
261111 7
261200 16
261210 13
261212 18
261216 10
261217 25
261304 6
261305 25
261335 22
261336 34
261342 31
261343 15
261361 13
261405 30
261406 0
261434 22
261447 7
261456 10
261457 27
261458 34
261461 1
261469 19
261494 28
261497 13
261499 25
261701 22
261702 16
261706 4
261735 25
261739 22
261753 25
261754 25
261767 22
261769 22
261791 10
263701 16
263702 25
263720 4
263746 22
263760 10
263771 4
264701 4
264706 16
264707 22
264710 22
264741 25
264791 25
266703 10
268721 22
269101 10
269102 22
269200 4
269201 25
269202 10
269340 10
269430 31
269462 12
269470 4
269497 10
270701 25
270702 22
270711 22
270791 22
301254 28
305202 4
311352 1
318322 10
318351 19
320351 10
321251 10
324703 10
328310 28
328313 16
330110 34
330111 19
351100 30
351201 15
351202 35
351301 35
351321 30
351331 6
351410 34
351441 13
351442 16
351451 6
351463 10
351466 4
352301 4
352311 22
352321 13
352323 31
352332 25
352422 22
352431 22
353301 25
353421 10
353431 10
353451 7
353452 16
354311 25
356100 26
356101 11
356102 17
356202 16
356210 34
356212 25
356303 25
356304 10
356306 10
356312 22
356361 16
356412 7
356414 22
356416 4
356432 22
356441 16
356442 35
356443 13
356471 10
356496 22
357101 18
357110 30
357210 25
357322 22
357360 0
357417 31
357441 13
357491 16
359202 24
359203 7
359204 16
359206 10
359301 0
359311 22
359405 4
359409 19
359410 13
359413 25
359414 31
359421 35
359431 16
359451 22
360100 6
360210 15
360400 16
360402 13
360404 25
360407 10
360411 16
360431 4
360460 22
360470 22
361210 24
361214 10
361301 22
361321 13
361351 16
361453 28
361461 22
361471 10
363210 4
365301 16
365321 31
365331 13
365421 25
365427 10
365428 22
368200 7
368317 28
368331 16
368412 10
368433 7
368441 25
368487 22
400110 3
400211 21
401382 4
403382 25
406385 22
406395 13
409281 31
409292 13
411281 4
411291 16
415291 19
420281 25
421281 22
421291 7
421385 7
421395 28
423382 31
428382 16
461100 32
461170 22
461471 13
461472 4
461511 13
461527 31
461529 4
462130 22
462541 31
462587 31
462588 16
463251 13
463311 31
463331 25
463341 7
463353 10
463402 13
463433 25
463455 10
463491 1
463503 10
463504 28
463545 16
463556 25
463558 4
464301 22
464311 4
464341 28
464401 28
464413 22
464441 4
464443 19
464444 31
464445 16
464501 13
464502 22
464503 7
464509 16
464510 16
464541 25
464542 10
464544 22
464549 19
466141 33
501301 31
501302 4
502211 4
502311 31
503402 1
504302 7
506303 16
506361 13
507402 7
508203 19
508207 4
508303 25
509402 28
510201 7
510202 13
510307 19
510411 31
510414 25
510415 16
510416 10
510417 13
512303 28
512402 22
513111 4
513114 19
513223 16
513224 25
513283 22
513315 4
513324 25
513328 10
513363 22
513371 31
513412 4
513429 16
513445 25
513451 22
513471 10
514211 25
514241 10
514317 4
514323 7
514335 10
514341 13
514343 16
514381 31
514383 19
514395 28
514397 22
514425 22
514442 10
514451 31
514453 16
514466 4
514475 25
515201 16
515250 13
515307 4
515312 13
515334 25
515361 22
515364 16
515370 10
515376 31
515403 22
515490 10
551461 13
552216 10
552217 22
552222 10
553312 4
554314 16
555313 25
556311 10
557433 4
558411 16
558432 25
558442 10
561312 22
562211 10
571115 22
601201 22
601302 13
601321 1
601322 10
601341 28
601344 13
601351 4
601422 7
601427 22
601428 13
601452 25
601460 16
601462 31
601702 22
601731 16
601758 10
601765 22
601767 25
602100 31
602102 5
602111 22
602211 15
602315 0
602321 6
602322 19
602431 7
602432 22
602441 16
602464 31
602731 22
602761 10
603211 31
603322 31
603332 13
603352 4
603371 7
603421 10
603441 31
603453 28
603465 7
603471 25
603494 22
603495 16
603711 25
603723 22
603731 10
604304 13
604305 22
604312 16
604313 27
604351 31
604352 28
604412 19
604414 1
604416 4
604422 13
604441 10
604451 10
604711 22
604715 25
604731 10
605201 22
605204 35
605301 19
605313 13
605314 6
605321 6
605322 16
605341 34
605412 31
605432 7
605446 22
605459 25
605461 10
605476 13
605701 25
605702 22
605713 10
605751 10
606231 28
606242 13
606244 34
606263 19
606343 25
606362 7
606363 4
610114 16
651105 10
651109 10
651120 4
651210 22
651311 16
651312 22
651315 10
651316 25
701101 35
701181 22
701182 22
701183 21
701201 4
701211 25
701281 15
701313 10
701321 16
701331 4
701342 28
701344 22
701402 13
701403 4
701407 10
701409 22
701425 34
701455 7
701494 31
702101 33
702205 10
702211 13
702312 30
702313 12
702316 13
702318 35
702341 10
702351 25
702411 16
702416 31
702418 7
702423 28
702431 22
703103 5
703202 28
703204 13
703243 6
703244 13
703305 24
703308 33
703311 12
703313 13
703322 31
703324 16
703330 27
703331 7
703345 22
703352 4
703391 4
703404 0
703412 10
703435 31
703447 6
703454 27
703498 34
703499 22
704101 16
704141 25
704201 10
704345 22
705191 13
705211 30
705311 12
705329 4
705331 28
705351 10
705411 34
705437 24
705441 13
705442 25
705444 30
705492 4
705499 28
751100 10
751101 15
751102 25
751106 17
751202 12
751209 16
751301 3
751302 25
751303 3
751304 22
751305 18
751308 10
751309 33
751321 13
751326 25
751327 22
751330 31
751345 24
751401 10
751403 25
751405 15
751408 7
751413 19
751419 28
751421 4
751422 25
751424 22
751428 22
751443 27
751447 7
751451 31
751701 10
751702 25
751703 16
751704 16
751705 4
751706 10
751708 16
751712 4
751718 22
751724 25
751726 22
751751 22
801100 21
801201 34
801225 16
801235 13
801321 10
801324 4
801331 16
801333 13
801334 10
801336 31
801421 22
801471 16
801481 28
803121 22
803123 10
803231 22
803331 22
803360 10
803431 13
851100 16
851104 28
851105 25
851108 22
851200 12
851201 35
851202 3
851243 22
851251 21
851262 16
851273 24
851305 34
851306 3
851309 33
851342 22
851352 29
851354 31
851355 0
851360 30
851362 16
851375 24
851376 7
851400 13
851404 28
851407 23
851441 7
851462 16
852100 10
852101 4
852102 31
852103 22
852201 7
852202 31
852203 13
852204 22
951100 29
951102 22
951106 16
951124 25
951203 22
951302 22
951323 10
951331 31
951344 10
951348 4
951352 28
951497 34
953103 22
953111 15
953212 25
953231 25
953233 10
953261 4
953321 22
953322 16
953331 13
953361 31
953421 25
953444 22
953494 10
953495 22
954100 31
954244 10
954246 25
954310 22
954370 28
954374 13
954410 15
954413 4
954416 30
954426 34
954443 4
954449 25
954462 31
954464 22
954471 16
954477 6
954491-001 25
954491-002 35
954491-003 7
954491-004 10
954498 10
955102 22
955103 9
955104 10
958111 25
958201 16
958221 7
958225 31
958261 25
958373 22
