001101 1
001102 1
001112 24
001118 28
001201 23
001202 28
001210 8
001222 30
001223 5
001224 32
001225 1
001226 7
001227 21
001228 12
001229 28
001230 29
001231 19
001234 35
001250 4
001291 7
001292 15
001310 26
001311 33
001312 35
001314 16
001315 18
001320 19
001321 10
001323 31
001330 19
001341 34
001342 28
001352 25
001355 25
001361 34
001362 16
001391 9
001410 15
001423 10
001440 4
001445 3
001446 10
001463 4
001471 25
001472 35
002102 22
002111 25
002191 27
002202 31
002230 34
002260 7
002302 25
002311 19
002321 9
002331 10
002362 4
002402 10
002441 7
002471 25
003102 28
003191 12
003202 28
003314 19
003331 10
003332 3
003361 25
003367 7
003454 28
004282 16
004465 21
004472 19
004474 25
004476 7
006103 3
006226 25
006241 10
006253 16
006307 13
006326 28
006330 22
006349 25
006353 7
006423 19
006432 10
006443 34
006448 22
006475 4
008214 22
008314 22
008326 25
008402 28
008411 10
009103 35
009213 13
009234 31
009236 4
009254 25
009325 7
009327 19
009344 10
009355 25
009356 3
009358 28
009363 6
009446 19
011100 34
011101 27
011154 10
011156 13
011157 4
011251 34
011257 12
011268 19
011269 17
011276 21
011277 35
011278 28
011355 16
011367 25
011457 19
011479 7
012173 6
012200 24
012271 16
012272 13
013103 3
013110 4
013203 3
013204 34
013207 10
013208 33
013209 18
013216 10
013217 28
013301 26
013303 35
013306 15
013321 31
013335 16
013337 19
013410 7
013413 7
013422 4
013428 25
013431 25
013432 4
014210 28
014211 4
014270 12
014310 28
014311 4
014323 7
014370 30
014383 25
014390 7
014401 3
014410 35
014422 19
014423 31
014471 19
014481 15
015101 0
015102 25
016101 13
016102 13
017101 19
017102 4
017111 28
017112 10
017231 25
018104 22
018111 22
018112 34
018114 28
018126 4
018204 10
018271 30
018323 19
018352 19
018372 25
018468 25
019101 15
019104 13
019105 9
019106 6
019112 22
019204 28
019205 9
019206 28
019212 25
019222 7
019332 19
019351 4
019362 28
019373 10
019441 25
020101 25
020102 10
020212 7
020231 22
020232 25
020261 25
021101 21
021102 19
021203 16
021204 28
021270 34
024752 25
025110 4
025381 4
025481 7
026101 18
026102 27
026111 16
026112 15
026201 28
026202 19
050100 25
050103 35
050104 34
050106 24
050112 15
050113 33
051302 13
051304 7
051306 19
051310 25
051313 18
051412 13
051418 19
052203 7
052310 7
052323 9
052331 28
052350 16
052351 25
052353 30
052355 4
052400 4
052417 19
052420 27
052422 16
052441 10
052442 7
052445 25
052448 28
052449 34
052725 28
054821 25
054822 25
055702 28
055703 25
055711 19
055739 19
057121 30
057122 2
057123 18
057125 27
057126 31
057127 32
057128 8
057129 27
057130 30
057131 33
057132 31
057133 15
057134 19
057135 4
057136 25
057137 30
057138 22
057139 10
057213 22
057283 10
057286 16
057287 13
057290 25
057295 16
057297 7
057298 19
057301 16
057302 25
057305 4
057307 13
057316 22
057366 7
057401 7
057404 4
057407 31
057413 19
057419 4
057425 19
057427 28
057428 3
057450 25
059405 22
059413 13
059419 15
061106 28
061201 13
061205 25
061223 22
061224 22
061306 16
061312 9
061313 19
061317 19
061319 31
061401 19
061403 13
061405 25
061430 7
062342 34
062346 7
062360 31
062380 27
062411 16
062452 34
062460 31
062470 4
062499 25
063201 4
064204 6
064231 13
064232 4
064252 28
064303 28
064411 28
064412 7
064413 19
064417 6
064422 19
064423 31
064424 29
064474 25
065120 25
065121 16
065211 34
065212 15
065311 35
065320 9
065333 7
065420 15
065436 19
065437 4
065438 25
065782 19
065795 28
065797 25
065799 25
066222 4
066324 7
066412 25
066416 4
066426 30
067201 7
067203 4
067303 25
067311 34
067371 35
067433 9
067435 16
067436 19
067491 28
070200 34
070304 7
070305 25
070400 25
070401 7
070403 34
070404 28
070410 10
070411 4
070413 33
070414 6
070415 28
070416 28
070727 28
070731 25
070741 25
071411 6
071412 25
071413 19
071414 10
071415 28
071416 9
071417 25
071419 19
071420 4
071426 34
071724 25
074100 21
074101 15
076414 31
076426 28
076427 16
076428 4
076429 19
076430 15
076444 7
076466 34
078444 33
079444 31
088708 25
099101 25
099102 31
099103 25
100102 25
100104 16
100109 10
100110 21
100111 22
100112 19
100205 4
100206 10
100207 31
100208 15
100210 16
100212 22
100213 0
100214 22
100218 15
100219 18
100220 13
100222 3
100225 34
100227 13
100281 10
100306 28
100307 10
100308 4
100309 13
100310 25
100501 35
101201 13
101202 25
101205 7
101325 21
101405 25
101490 10
103271 18
104100 22
104201 13
104302 4
104310 10
104320 9
104327 13
104334 7
104435 25
104450 10
104490 13
109100 6
109114 3
112101 13
112105 4
112106 28
112109 22
112202 10
112205 22
112303 19
112321 13
112322 13
112406 13
112424 25
115300 19
116301 4
116302 13
126101 9
126102 4
126212 28
126213 21
126214 13
126324 7
126325 25
126328 18
126330 1
126331 16
126332 15
126400 7
126431 4
126434 28
126436 13
126437 4
126438 28
126442 30
127100 13
127101 27
127202 16
127205 31
127206 13
127303 6
127313 4
127320 10
127330 18
127332 16
127333 6
127336 25
127359 7
127411 35
127412 7
127413 19
127414 25
127415 7
127416 25
127424 4
127433 4
127492 19
127716 19
127720 28
127721 4
127730 25
128100 5
128101 25
128201 13
128304 19
128305 25
128306 19
128308 4
128310 25
128353 28
128401 7
128423 28
128425 4
128427 16
128429 28
128434 4
128445 35
128451 4
128462 28
128471 25
128484 19
128700 4
128712 19
128727 28
128734 25
128751 19
140101 19
140102 10
140103 7
140104 32
140105 31
152211 10
152301 25
152321 25
152331 25
154100 28
154104 26
154141 13
154152 10
154153 3
154173 22
154181 25
154251 13
154276 22
154281 24
154301 25
154330 10
154431 28
154479 4
154482 10
154492 7
159100 22
159101 22
159102 22
159151 10
159202 21
159203 15
159204 19
159331 9
159411 7
159412 16
159434 4
159462 25
160342 25
164261 25
164341 28
168101 22
168410 10
176100 32
176101 7
176104 28
177104 19
177113 13
177114 7
177141 34
177142 10
177181 25
177220 0
177222 4
177227 4
177228 15
177229 25
177300 19
177321 7
177332 31
177335 28
177341 27
177361 22
177362 21
177413 25
177420 16
177425 4
177429 35
177430 10
177431 4
177433 28
177460 0
177464 28
177465 15
177466 16
177470 4
177471 19
177483 16
177491 35
177494 13
177495 25
179402 10
179403 25
179404 25
179406 19
179443 34
201100 31
201110 15
201114 19
201116 33
201117 6
201190 35
202100 7
202101 6
202102 6
202147 14
202231 35
202303 4
202305 4
202311 19
202331 28
202356 28
202371 35
202405 16
202432 31
202442 7
202461 28
202471 19
202475 19
202476 19
202484 28
202731 19
202736 28
202749 25
202770 19
202804 25
202807 25
202833 25
202843 19
203100 6
203104 28
203108 18
203111 20
203113 10
203114 21
203131 3
203132 28
203151 10
203152 21
203154 27
203158 10
203159 19
203162 28
203202 24
203203 34
203204 34
203206 28
203207 28
203208 10
203209 16
203211 19
203222 31
203223 7
203226 9
203232 16
203236 7
203250 28
203287 10
203300 16
203304 10
203316 7
203351 0
203352 34
203413 4
203424 25
203425 25
203435 28
203459 19
203708 28
203715 25
203719 28
203721 25
203734 19
203735 19
203749 28
203754 25
203775 28
203804 25
203812 19
203825 19
203829 28
204100 16
204101 35
204113 10
204123 25
204202 19
204217 3
204232 18
204251 16
204306 7
204315 33
204320 19
204333 25
204355 19
204362 9
204382 28
204422 6
204425 28
204441 15
204443 18
204452 4
204456 10
204482 4
204483 19
204490 3
205100 24
205103 16
205105 35
205216 16
205232 10
205244 9
205252 27
205282 19
205324 4
205344 7
205358 19
205361 25
205382 25
205421 28
205473 25
206100 22
206103 22
206104 22
206108 4
206111 22
206112 28
206161 23
206162 22
206171 30
206172 22
206181 35
206182 4
206191 10
206211 10
206216 7
206217 4
206253 6
206255 22
206261 6
206266 18
206281 27
206311 10
206313 19
206321 19
206325 27
206327 7
206331 7
206336 18
206341 33
206342 9
206355 0
206357 4
206362 6
206364 25
206367 35
206368 10
206370 31
206421 10
206435 7
206437 25
206467 15
206471 13
206476 28
206481 16
206725 28
206726 28
206728 25
206729 25
206731 28
206734 19
206736 19
206737 19
206774 28
207100 4
207104 31
207105 3
207106 7
207108 24
207109 27
207110 13
207116 10
207117 19
207118 28
207125 34
207137 3
207162 16
207172 25
207181 10
207187 13
207188 4
207191 13
207195 13
207214 28
207302 7
207305 34
207306 27
207312 34
207321 4
207402 19
207408 25
207415 31
207442 7
207448 10
207449 10
207704 28
207706 19
207708 25
207712 25
207741 28
207766 25
207776 25
208101 17
208140 16
208141 16
208161 25
208250 31
208263 19
208264 31
208271 4
208272 17
208322 12
208345 30
208346 19
208353 34
208362 7
208373 25
208384 25
208423 28
208444 10
208446 25
208460 28
208738 4
208740 25
208770 28
208772 28
208774 19
208776 19
208873 25
209203 10
209204 27
209252 9
209253 35
209262 19
209263 16
209270 19
209271 7
209272 3
209322 31
209332 31
209341 10
209352 34
209370 4
209376 28
209382 7
209424 19
209452 6
209454 35
209456 16
209466 4
209486 25
209714 19
209772 25
209787 28
209789 19
210100 19
210200 7
210207 16
210221 9
210251 25
210276 34
210315 4
210331 28
210355 35
210432 10
210435 19
210448 10
210463 25
210702 25
210717 19
210734 28
210741 19
210743 28
210748 19
210787 28
211100 30
211303 4
211312 7
211315 18
211318 16
211319 2
211341 28
211342 34
211448 25
211449 18
211495 25
211709 25
212712 25
212714 28
212731 19
213708 25
213717 28
213718 19
213763 19
214301 19
214310 10
214340 15
214341 25
214352 28
214403 25
214412 10
214431 19
214442 7
214462 28
214491 25
215205 17
215206 7
215207 15
215208 7
215303 19
215312 16
215313 35
215314 4
215401 28
215462 25
215482 7
215711 28
215783 25
217705 19
217708 25
217773 4
218100 31
218234 10
218236 16
218244 25
218262 4
218352 19
218362 34
218372 25
218382 28
218481 19
218486 13
218496 25
219753 28
219781 19
226703 25
226704 28
226710 28
226805 25
229223 9
229351 28
251100 3
251211 21
251213 7
251216 35
251242 25
251261 10
251292 28
251312 27
251313 27
251333 19
251334 7
251342 16
251361 6
251363 25
251371 18
251372 15
251374 33
251399 9
251411 28
251417 25
251434 35
251436 25
251451 10
251455 4
251456 4
251457 25
251461 7
251465 31
251704 18
251707 25
251713 19
251716 4
251723 28
251724 25
251738 25
251746 4
251748 28
251754 4
251760 28
251763 19
251765 25
251773 4
251781 28
251784 25
252210 24
252212 4
252222 28
252235 19
252281 28
252282 19
252283 10
252285 19
252311 22
252320 33
252331 10
252353 28
252401 19
252402 19
252403 7
252404 10
252413 9
252420 25
252421 25
252422 28
252423 9
252427 19
252428 7
252429 19
252435 3
252440 25
252442 35
252443 25
252448 34
252450 28
252456 25
252459 16
252460 7
252479 7
252489 4
252706 19
252707 28
252714 4
252721 4
252727 28
252755 28
252765 19
252781 19
252792 25
253215 34
253318 19
253321 16
253332 34
253423 10
253433 7
253441 28
253443 16
253451 28
253452 7
253454 25
253721 25
253725 4
253731 4
253734 28
253735 28
253747 34
253749 3
253752 34
253754 19
253791 19
254182 16
254200 15
254205 18
254206 16
254207 4
254211 16
254215 0
254216 28
254222 10
254231 9
254232 26
254271 35
254282 9
254334 7
254352 9
254362 18
254371 27
254373 31
254400 25
254411 34
254412 10
254415 28
254421 4
254423 28
254424 4
254427 10
254435 16
254441 7
254443 25
254445 25
254446 19
254451 19
254452 10
254453 4
254466 4
254476 19
254477 25
254478 25
254495 4
254701 25
254721 19
254733 4
254737 28
254771 28
254816 25
254857 19
255210 2
255230 18
255300 13
255301 27
255316 0
255323 25
255328 21
255337 10
255340 30
255393 16
255422 25
255425 25
255430 7
255432 28
255433 25
255437 10
255440 4
255442 4
255445 25
255447 19
255451 19
255455 19
255463 25
255471 19
255497 34
255714 19
255735 25
255746 28
255750 4
255751 4
255769 4
255772 19
255783 3
255786 4
255791 34
255792 25
256100 6
256271 16
256281 28
256317 35
256318 15
256334 10
256415 28
256419 25
256442 19
256443 34
256456 19
256473 4
256474 4
256713 4
256741 25
256752 19
256753 28
256791 25
259103 25
259104 33
259106 19
259107 16
259108 25
259193 7
259195 30
259200 18
259201 31
259203 4
259401 7
260313 4
260334 28
260421 25
260702 4
260712 19
260719 28
260791 25
261102 31
261111 11
261112 31
261113 30
261205 13
261207 16
261208 7
261214 9
261215 19
261218 28
261305 10
261306 35
261332 25
261342 7
261343 16
261361 25
261411 4
261421 31
261430 16
261433 4
261444 16
261446 28
261447 4
261448 7
261449 25
261453 28
261465 22
261473 4
261479 7
261494 34
261497 18
261498 28
261499 3
261731 25
261736 25
261742 4
261745 19
261751 25
261752 28
261755 4
261763 19
261792 3
261796 28
261891 19
263710 4
263721 19
263724 28
263745 25
263751 25
264702 19
264703 28
264705 25
264755 4
264791 34
265706 19
265709 28
265710 25
266703 25
266801 28
268735 19
268741 25
268742 28
269103 10
269105 28
269130 16
269210 25
269341 16
269360 10
269370 25
269497 19
269498 34
270721 19
270791 19
305203 28
318322 25
329104 0
330112 19
351100 35
351201 25
351302 10
351331 28
351364 7
351371 16
351425 31
351426 19
351464 28
352103 18
352311 22
352314 28
352315 28
352323 25
352331 19
352332 13
352401 10
352412 25
352413 22
352421 4
352422 25
352433 4
352441 7
353313 22
353418 22
353431 10
353441 28
353471 31
353482 25
354311 10
354312 19
355411 13
356100 14
356101 33
356102 8
356210 34
356261 19
356306 25
356331 31
356333 10
356373 7
356375 19
356411 22
356412 19
356415 7
356416 19
356431 22
356432 7
356441 13
356442 10
356443 3
356444 25
356446 19
356447 4
356448 25
356449 28
356455 25
356472 4
356474 28
357110 9
357210 10
357322 19
357323 25
357418 7
357421 9
357432 7
357442 28
357444 19
357446 10
359202 34
359205 13
359206 13
359302 7
359305 25
359341 28
359350 19
359360 22
359401 4
359403 25
359419 7
359422 16
359452 7
359455 25
359460 16
359461 34
360100 30
360301 7
360402 34
360403 16
360411 4
360423 25
360441 7
360460 25
361210 15
361211 19
361214 25
361341 10
361414 25
361421 34
361433 19
361442 28
361461 25
361475 16
363210 10
365201 4
365211 25
365301 34
365324 4
365331 16
365422 10
365425 22
365426 7
368211 34
368310 3
368412 7
368417 22
368433 25
400110 24
400210 7
401281 31
401383 30
401391 13
403281 10
403383 10
406284 25
406294 4
406386 28
406396 25
408382 19
410381 1
413383 4
413391 7
415393 9
420282 19
421282 7
421292 13
421386 34
421396 6
422381 16
428281 34
428282 28
428381 31
428383 15
461170 32
461471 16
461472 25
461511 35
461526 31
462130 20
462531 4
462542 19
462545 28
462582 25
462587 7
462588 25
463201 28
463252 25
463331 34
463332 25
463342 4
463354 28
463512 25
463513 16
463534 31
463543 10
463544 7
463557 19
463559 4
463571 31
463592 10
464302 10
464312 19
464402 34
464403 19
464414 31
464442 4
464443 7
464445 10
464446 28
464500 25
464502 31
464504 10
464505 4
464506 7
464508 25
464544 19
464545 25
464546 25
464549 28
501201 4
501202 10
501305 28
501306 25
502313 16
502314 31
504202 31
504305 4
506202 19
508304 19
510306 10
512304 7
513113 21
513115 10
513212 10
513216 19
513217 28
513225 4
513284 25
513331 25
513343 7
513364 19
513373 10
513390 4
513411 19
513446 25
514202 19
514206 15
514222 10
514244 4
514272 30
514322 4
514336 15
514352 7
514358 31
514382 10
514384 19
514396 25
514398 28
515204 28
515205 10
515256 4
515257 25
515330 25
515337 31
515339 10
515362 7
515377 4
515378 28
515380 19
515407 4
515440 19
515441 28
515442 25
518724 25
518770 28
551311 19
552216 19
552217 25
552232 19
553312 10
554314 19
555313 28
556311 25
557433 28
558101 3
558432 4
561312 25
562101 27
562211 10
571115 13
601201 14
601202 34
601231 10
601242 25
601342 25
601346 21
601351 34
601361 6
601423 28
601424 13
601425 10
601436 10
601452 10
601471 19
601472 25
601745 28
601769 19
601775 25
602100 29
602102 12
602103 26
602120 24
602121 12
602122 10
602314 10
602421 16
602432 19
602453 10
602454 25
602455 25
602461 4
602463 28
602471 7
602741 28
602751 25
603200 3
603231 25
603321 13
603341 10
603396 19
603423 28
603496 25
603725 19
603743 28
603751 25
604101 4
604211 25
604311 9
604314 7
604315 1
604411 0
604415 27
604423 31
604431 17
604443 19
604454 4
604455 25
605203 22
605302 25
605313 28
605315 22
605316 16
605321 15
605331 28
605340 25
605412 19
605430 10
605711 28
605719 25
606211 4
606243 22
606245 16
606264 25
606310 13
606341 4
606342 28
606344 19
606451 18
606452 25
610114 12
651211 10
651212 4
651231 22
651234 25
651306 25
651313 13
651314 34
651317 25
651319 4
651416 19
651425 28
701100 13
701101 15
701181 3
701202 21
701211 25
701235 10
701243 28
701244 28
701283 10
701310 4
701335 25
701408 7
701409 28
701410 25
701496 19
702100 25
702101 35
702211 28
702213 35
702312 4
702317 3
702321 25
702331 28
702342 16
702354 27
702423 16
702443 10
702499 25
703103 34
703202 7
703204 25
703243 0
703244 7
703322 13
703324 35
703330 4
703331 31
703345 27
703351 22
703361 28
703413 16
703441 13
703444 25
703499 13
705191 31
705211 10
705311 11
705328 13
705331 15
705332 3
705343 19
705431 15
705438 34
705440 9
705441 18
705444 4
705446 19
705447 7
705461 12
705492 25
705499 16
751100 13
751101 28
751102 10
751106 19
751202 9
751209 21
751301 29
751302 1
751303 9
751305 16
751308 4
751309 0
751321 7
751326 7
751330 22
751345 13
751401 19
751403 16
751405 15
751408 28
751417 25
751418 19
751419 4
751421 7
751422 25
751424 4
751428 34
751440 19
751443 10
751447 34
751451 25
751701 3
751702 25
751703 34
751705 18
751706 25
751708 19
751710 28
751716 4
751718 4
751719 34
751727 28
751742 28
751744 4
801100 21
801122 13
801134 16
801204 25
801233 22
801236 10
801241 19
801322 25
801334 25
801371 13
803122 22
803124 13
803131 4
803230 13
803232 28
803260 19
851100 12
851103 24
851104 16
851105 22
851200 10
851201 28
851202 12
851204 28
851207 13
851241 21
851252 16
851253 25
851261 10
851263 9
851273 30
851305 7
851306 27
851309 21
851313 28
851363 22
851366 35
851375 10
851400 1
851401 25
851404 6
851406 7
851443 4
851445 19
851450 3
851462 31
851467 16
951100 9
951202 16
951231 19
951321 10
951324 4
951366 4
951421 25
951498-020 7
951498-021 10
953102 10
953104 13
953111 31
953201 10
953202 4
953214 15
953231 22
953232 28
953234 25
953323 10
953361 4
953421 19
953444 4
953494 4
953495 7
954100 10
954140 6
954142 10
954143 16
954170 22
954240 10
954244 35
954310 21
954340 15
954347 28
954371 25
954372 10
954374 28
954413 28
954421 3
954423 16
954464 4
954472 4
954491 6
954498 7
955102 28
955104 28
