001101 1
001102 31
001111 24
001113 31
001201 1
001202 16
001210 8
001212 29
001218 6
001230 31
001231 11
001250 4
001291 19
001293 16
001310 24
001311 6
001312 16
001318 31
001320 25
001321 4
001323 21
001330 18
001342 13
001353 12
001354 28
001362 7
001381 4
001410 4
001423 4
001425 4
001443 22
001444 31
001445 16
001447 4
001461 4
002101 19
002110 28
002191 4
002192 19
002201 7
002211 28
002221 22
002250 13
002301 4
002333 22
002351 31
002361 28
002365 16
002401 31
002473 4
003101 34
003191 28
003201 22
003313 22
003320 7
003331 28
003367 16
004241 19
004282 12
004301 22
004303 28
004324 22
004432 16
004473 22
004475 10
004483 18
006103 21
006126 19
006206 28
006226 4
006242 10
006253 13
006303 7
006325 31
006326 10
006330 25
006344 31
006346 16
006355 4
006425 16
006426 22
006428 19
006443 28
006448 4
006454 25
008214 4
008303 22
008314 19
008411 31
008417 4
009103 16
009105 16
009212 28
009230 7
009231 25
009326 4
009328 10
009426 16
009431 4
009445 4
011100 18
011151 4
011152 27
011153 22
011251 15
011257 5
011259 19
011269 6
011276 19
011353 28
011356 25
011358 7
011362 10
011374 16
011461 28
011464 4
011479 16
012100 10
012173 11
012200 19
012273 24
012371 22
012475 19
013103 24
013110 10
013203 33
013204 28
013206 4
013209 25
013301 13
013302 34
013303 13
013305 24
013306 13
013307 28
013317 22
013321 31
013326 19
013329 4
013330 22
013335 22
013337 19
013413 10
013427 13
013433 4
014210 24
014211 10
014270 10
014310 10
014311 7
014322 4
014323 19
014324 16
014370 22
014371 25
014381 22
014382 28
014401 18
014471 12
014481 31
014485 28
015101 15
016101 7
017101 9
017102 16
017111 13
017112 19
017210 4
018103 4
018111 18
018113 19
018125 25
018203 13
018211 4
018213 16
018231 10
018235 22
018271 27
018301 22
018335 31
018351 16
018353 10
018433 16
018435 4
018438 31
018467 19
019101 13
019103 10
019105 16
019106 19
019108 25
019111 27
019203 4
019205 35
019206 16
019208 13
019211 25
019221 22
019303 25
019311 31
019331 10
019361 35
019371 7
019373 13
019381 28
019411 7
019442 4
019471 10
019473 19
020101 27
020102 28
020211 22
020212 16
020231 7
020311 25
020321 16
020333 4
020341 28
020362 4
020363 31
021101 21
021102 9
021203 25
021270 22
025108 16
025110 22
025310 22
025480 7
026101 16
026102 13
026111 16
026112 22
026201 4
026271 13
029701 19
029711 4
050100 4
050103 25
050104 18
050106 30
050111 7
051302 19
051304 19
051306 3
051313 16
051412 13
051418 4
052201 10
052202 30
052314 4
052350 10
052352 10
052357 22
052400 7
052419 13
052443 31
052445 19
052447 16
052725 19
055701 4
055706 22
055707 31
055771 22
055797 19
057121 27
057122 27
057123 30
057125 25
057126 30
057127 3
057128 12
057129 20
057130 9
057131 34
057132 23
057133 3
057134 28
057135 10
057137 22
057138 15
057139 10
057140 7
057201 34
057205 10
057215 16
057274 30
057279 18
057283 28
057284 4
057285 25
057288 16
057293 28
057294 10
057300 22
057302 22
057305 16
057351 28
057366 4
057403 31
057405 13
057410 16
057411 28
057420 7
057425 25
057426 22
057428 24
059419 16
061106 13
061201 19
061223 4
061306 10
061307 22
061312 4
061313 19
061317 25
061401 16
061403 13
061404 4
062342 34
062343 19
062344 28
062345 31
062346 28
062360 22
062380 25
062411 13
062452 28
062460 22
062470 22
063703 19
063813 4
064207 19
064231 22
064251 31
064281 16
064291 9
064301 13
064303 4
064410 24
064412 31
064417 22
064418 13
064424 35
064474 4
065210 28
065212 31
065310 18
065320 34
065332 21
065421 31
065434 22
065435 16
065436 19
065437 4
065797 4
065799 4
066221 19
066323 22
066410 34
066414 22
066425 25
066755 19
067202 10
067303 25
067311 16
067372 31
067373 28
067432 22
070301 13
070303 31
070304 34
070305 4
070308 19
070400 4
070401 4
070403 22
070404 16
070410 31
070411 19
070415 13
070416 31
070720 22
070721 31
070726 19
070727 19
070731 4
070792 4
071412 25
071413 4
071414 7
071420 15
071422 22
071423 28
071425 31
071712 31
071811 19
074100 24
074101 24
074414 4
076314 16
076414 31
076425 25
076427 28
076428 10
076429 7
076444 28
076466 16
078444 14
078454 7
079444 35
088708 4
091800 4
099101 10
099102 9
100102 19
100103 4
100104 4
100105 22
100109 19
100110 22
100111 22
100112 7
100206 10
100207 7
100208 30
100209 19
100210 19
100211 0
100212 28
100213 25
100218 34
100219 4
100220 13
100225 19
100226 4
100281 7
100306 15
100307 27
100308 11
100309 13
100310 19
100501 34
101100 7
101105 28
101201 22
101211 16
101400 22
101405 7
103112 4
103191 10
103271 19
104200 22
104201 16
104300 4
104301 10
104340 10
104410 16
104424 4
104495 16
105304 10
109100 17
109115 2
112101 19
112102 10
112103 28
112108 16
112201 16
112203 25
112213 34
112300 25
112411 28
112412 16
115200 28
115301 18
115302 10
116400 4
126101 35
126216 3
126321 21
126330 25
126333 19
126334 22
126428 27
126432 13
126443 31
127100 10
127101 7
127203 28
127204 16
127207 9
127303 21
127312 22
127314 10
127315 4
127316 6
127329 34
127337 13
127711 22
127717 31
127718 19
127719 4
128100 9
128101 25
128202 25
128203 22
128204 3
128307 21
128309 6
128334 31
128352 31
128354 10
128403 34
128701 22
128710 31
128730 19
128740 4
128762 4
140101 16
140102 22
140105 4
152321 22
154104 10
154141 22
154151 25
154231 25
154262 28
154281 4
154311 10
154330 4
154340 24
154351 22
154353 15
154363 4
154375 19
154377 31
154388 24
154433 22
154443 31
154488 7
159100 19
159101 13
159151 4
159203 6
159221 19
159302 3
159303 22
159305 7
159332 22
159356 10
159362 10
159403 31
159411 25
159412 19
159431 28
160341 30
164200 25
164341 28
168101 19
168410 31
176100 9
176101 10
176104 19
176220 27
177103 7
177214 19
177215 28
177216 4
177217 22
177242 16
177281 9
177283 13
177285 34
177321 16
177330 10
177336 21
177341 7
177361 24
177393 4
177404 25
177414 16
177427 4
177430 13
177434 16
177446 28
177447 13
177450 31
177465 13
177467 4
177481 34
177494 4
179403 19
201100 17
201110 5
201114 34
201115 24
201116 14
202100 21
202101 13
202141 30
202143 22
202145 16
202184 31
202231 34
202260 16
202310 4
202311 19
202332 4
202334 19
202342 28
202361 7
202371 13
202410 7
202434 31
202438 22
202443 19
202473 16
202474 22
202477 16
202495 22
202737 31
202765 4
202773 31
202776 4
202783 31
202833 19
202844 4
202848 4
203100 17
203103 34
203111 7
203116 4
203151 7
203162 4
203201 13
203203 32
203204 13
203206 7
203207 11
203208 22
203209 35
203222 22
203226 22
203231 3
203235 7
203236 6
203255 7
203300 16
203303 25
203315 7
203323 18
203324 22
203331 31
203332 15
203333 13
203351 4
203352 15
203475 16
203705 31
203709 22
203713 22
203714 31
203716 4
203723 31
203732 4
203736 22
203739 31
203743 31
203753 19
203803 28
203807 4
203821 22
203828 4
203879 19
204100 28
204101 16
204111 22
204202 34
204211 22
204216 16
204217 22
204231 15
204321 34
204325 31
204335 25
204341 7
204361 4
204363 22
204365 19
204381 7
204383 25
204432 28
204442 22
204451 10
204453 16
204471 13
204721 31
204725 4
204735 19
204764 4
204891 4
205100 0
205103 10
205104 6
205105 0
205235 16
205239 22
205275 6
205303 16
205337 25
205355 22
205393 7
205441 19
205461 4
205765 22
205805 4
206100 34
206101 22
206103 18
206107 21
206108 16
206111 25
206113 31
206161 7
206171 22
206181 4
206191 30
206203 12
206207 31
206211 13
206216 10
206217 22
206254 28
206261 19
206267 28
206281 3
206300 28
206321 16
206324 34
206325 7
206327 25
206328 7
206331 22
206335 16
206336 18
206341 25
206355 4
206362 25
206370 19
206381 28
206412 10
206432 22
206436 21
206437 22
206441 7
206457 19
206470 13
206705 19
206707 31
206713 4
206717 19
206720 19
206726 31
206738 19
206739 4
206743 19
206753 19
206785 4
207100 25
207103 21
207105 16
207106 4
207107 10
207109 33
207110 9
207115 13
207117 19
207123 5
207131 35
207135 28
207171 13
207173 16
207183 19
207187 21
207203 21
207205 25
207208 31
207213 31
207308 13
207310 13
207313 35
207323 7
207348 22
207401 16
207403 22
207406 24
207419 31
207422 4
207455 22
207458 4
207463 22
207701 22
207703 31
207705 19
207711 4
207808 4
208101 23
208140 4
208150 10
208263 29
208270 21
208271 2
208280 22
208321 10
208329 28
208343 4
208348 13
208383 19
208425 22
208439 31
208440 16
208469 22
208711 22
208760 31
208761 19
208770 4
208871 19
208872 4
209201 25
209251 13
209301 13
209302 16
209303 10
209331 4
209351 24
209358 4
209361 22
209368 19
209375 7
209451 28
209453 22
209461 19
209463 4
209483 16
209485 4
209705 28
209707 22
209771 19
209773 16
209779 4
209785 31
210201 22
210202 15
210204 3
210343 19
210351 4
210383 7
210425 4
210433 22
210434 22
210445 4
210485 4
210703 22
210704 31
210705 19
210707 4
210731 22
211100 32
211311 24
211315 8
211319 33
211440 16
211443 31
211702 19
211889 4
212701 22
212703 19
212711 4
212741 31
213706 4
213707 19
213711 4
213714 31
214100 25
214261 16
214312 4
214341 22
214381 24
214401 31
214411 16
214414 25
214415 28
214430 30
214445 7
215205 28
215206 22
215207 28
215208 16
215302 22
215381 28
215411 30
215431 16
215734 4
215744 31
215752 19
215762 31
215782 22
215785 4
216781 31
217701 31
217703 19
217707 4
217726 19
217775 4
217781 4
218100 25
218101 13
218233 22
218235 24
218321 24
218323 31
218351 22
218471 7
218474 22
218475 19
219720 4
219731 31
220703 4
226701 4
226702 4
226709 4
226710 19
229123 21
229323 24
251211 24
251213 24
251216 16
251261 10
251281 22
251312 28
251313 4
251333 25
251361 9
251363 25
251371 15
251372 7
251374 22
251384 24
251411 31
251437 22
251438 22
251439 7
251461 4
251475 22
251479 4
251701 28
251702 22
251703 4
251711 28
251714 22
251715 31
251717 19
251718 28
251745 31
251751 22
251752 31
251757 19
251758 28
251776 28
251783 22
251785 31
251790 4
252201 24
252211 28
252232 22
252282 21
252283 13
252285 15
252286 6
252301 13
252302 9
252317 31
252320 18
252322 15
252325 25
252327 10
252330 21
252342 7
252363 30
252420 22
252421 13
252425 7
252427 16
252439 22
252444 4
252450 4
252460 22
252498 28
252702 31
252708 31
252711 19
252719 22
252724 19
252725 31
252752 28
252785 22
252789 22
252791 4
253303 28
253314 18
253315 21
253432 13
253455 7
253456 16
253481 25
253701 31
253717 19
253722 4
253732 22
253734 19
253736 28
253747 31
253748 28
253752 4
253754 22
254181 28
254205 21
254206 32
254211 12
254215 10
254216 13
254222 18
254231 12
254232 24
254252 4
254282 13
254302 31
254325 28
254333 7
254372 9
254373 22
254421 31
254426 10
254436 7
254439 13
254441 19
254451 22
254456 4
254457 25
254459 16
254461 10
254471 16
254473 22
254494 4
254496 22
254700 31
254702 28
254703 4
254710 19
254734 4
254770 28
254804 22
254872 19
254875 22
255201 10
255215 30
255251 24
255290 35
255300 7
255320 31
255321 26
255330 28
255359 0
255415 22
255417 10
255420 7
255422 31
255424 13
255431 22
255432 16
255434 28
255438 10
255449 16
255454 34
255455 4
255460 13
255462 22
255471 13
255492 4
255722 22
255734 19
255750 28
255752 31
255758 4
255764 4
255766 22
255770 19
255771 31
255772-001 31
255772-801 19
255772-803 22
255772-804 4
256100 33
256212 3
256271 13
256281 10
256316 31
256333 16
256373 18
256384 22
256412 22
256418 10
256441 28
256457 25
256462 22
256473 4
256700 19
256751 4
259103 25
259104 22
259106 31
259107 27
259108 5
259109 34
259201 22
259203 28
260312 19
260701 16
260705 19
260709 4
260716 28
260718 31
260772 22
261103 28
261111 30
261200 12
261210 31
261212 15
261216 4
261217 10
261304 6
261305 15
261335 22
261336 24
261342 9
261343 13
261361 25
261405 25
261434 13
261447 16
261456 18
261457 7
261458 16
261469 10
261473 22
261497 10
261701 31
261702 19
261706 4
261739 4
261746 19
261754 22
261769 19
261781 22
261791 4
261792 19
263701 31
263702 19
263720 22
263760 4
263771 22
264701 28
264706 22
264710 19
264741 31
264789 19
264791 4
266702 4
268721 4
269101 4
269102 28
269111 21
269200 7
269201 16
269202 27
269340 28
269430 10
269462 19
269470 25
269494 19
270701 19
270702 4
270711 31
270712 19
270791 31
301254 25
305202 31
311352 7
318322 22
318351 31
320351 4
321251 4
324703 4
328310 19
328313 28
330110 21
330111 6
351100 28
351200 19
351201 3
351202 18
351301 16
351302 16
351321 10
351331 19
351410 4
351425 19
351441 4
351442 31
351451 22
351463 25
351466 7
352103 15
352301 19
352311 15
352321 10
352323 22
352421 13
352422 16
352431 13
353301 19
353311 16
353421 10
353431 4
353451 28
353452 22
354311 22
356100 15
356101 15
356102 14
356202 25
356210 17
356212 19
356261 13
356303 18
356304 16
356312 22
356361 25
356411 22
356416 31
356432 25
356477 16
357110 25
357210 24
357322 25
357325 24
357360 13
357417 16
357441 19
357491 31
359202 30
359203 34
359204 6
359206 10
359301 9
359311 22
359380 4
359405 19
359409 4
359410 25
359413 4
359421 12
359465 4
360100 6
360210 0
360301 13
360304 19
360402 4
360403 4
360423 31
360460 28
361210 25
361211 19
361301 31
361321 16
361351 4
361453 16
361471 4
362211 35
363210 18
365201 31
365211 7
365321 19
365421 16
365427 31
365428 13
365431 22
368200 19
368317 13
368431 4
400110 3
400211 24
401382 22
403382 19
406385 16
406395 28
409281 10
409292 13
411281 34
411291 16
415291 28
420281 22
421281 31
421291 19
421385 10
421395 25
423382 13
428382 34
461100 4
461170 9
461471 28
461511 31
461523 19
461526 22
461527 34
461529 22
462130 35
462151 25
462505 31
462523 19
462541 28
462586 4
462587 28
462588 4
463251 9
463311 22
463331 25
463341 7
463353 19
463402 19
463433 16
463455 25
463491 28
463503 31
463504 22
463545 16
463556 19
463558 19
464301 31
464311 13
464341 16
464401 4
464413 31
464441 22
464443 28
464444 34
464445 13
464501 31
464502 4
464503 16
464508 28
464509 28
464510 7
464541 13
464542 4
464546 10
464549 34
501301 4
501302 16
502211 16
504302 31
506303 28
506361 10
508203 31
508303 19
510201 6
510202 13
510411 31
510414 19
510415 28
510417 22
512303 22
513111 7
513114 22
513223 25
513224 19
513283 16
513315 22
513324 31
513328 25
513363 4
513371 16
513412 28
513429 22
513445 31
513451 19
513471 4
514211 19
514241 16
514317 22
514323 28
514335 31
514341 25
514343 19
514381 4
514383 34
514395 16
514397 13
514466 19
515201 31
515250 25
515307 19
515312 28
515334 16
515361 13
515364 25
515376 31
515403 31
515455 19
515490 4
551311 19
552216 22
552217 25
552222 4
553312 31
554314 19
555313 16
556311 4
558431 4
561312 4
562211 22
571115 28
601201 21
601302 31
601321 22
601341 3
601344 7
601351 13
601422 31
601452 16
601456 19
601462 4
601702 22
601731 31
601742 4
601758 4
601765 22
601767 19
602100 12
602102 17
602103 16
602111 22
602211 24
602315 10
602321 30
602322 28
602431 4
602432 22
602441 31
602464 19
602731 4
602753 19
602761 19
603211 0
603322 31
603332 4
603352 25
603371 19
603421 22
603441 4
603711 31
603723 19
603731 4
604304 13
604305 22
604312 13
604313 28
604351 19
604352 21
604412 22
604414 31
604416 19
604422 16
604451 4
604715 19
605201 31
605204 13
605301 28
605313 18
605314 24
605321 16
605322 22
605341 4
605412 19
605432 31
605444 13
605445 4
605461 22
605701 19
605702 4
605717 4
605741 31
605745 19
605751 19
606231 25
606242 3
606244 16
606263 19
606343 25
606362 22
606363 7
610114 16
651105 22
651109 16
651120 22
651210 4
651311 31
651312 19
651315 4
651316 22
701101 4
701181 25
701182 4
701183 7
701201 19
701211 13
701281 21
701295 19
701313 21
701321 31
701331 24
701341 13
701342 3
701344 19
701407 25
701425 4
701455 7
701494 31
702100 16
702101 12
702205 7
702211 3
702213 14
702312 4
702316 19
702317 18
702318 22
702341 16
702351 28
702411 31
702416 16
702431 4
703103 13
703202 33
703243 13
703244 19
703305 30
703308 24
703309 18
703310 16
703311 22
703322 32
703323 4
703324 22
703330 25
703331 33
703391 16
703404 34
703412 16
703447 28
703454 22
703498 10
705191 30
705211 0
705311 19
705328 7
705329 4
705331 19
705342 25
705351 25
705437 12
705438 25
705440 22
705441 24
705442 4
705444 22
705446 22
705447 16
705461 4
705493 31
751100 19
751101 12
751102 12
751106 19
751202 19
751209 21
751301 6
751302 12
751303 16
751305 22
751308 18
751309 18
751321 25
751326 22
751327 10
751330 4
751345 10
751401 13
751403 22
751405 27
751408 35
751417 19
751419 28
751425 4
751428 7
751441 16
751443 31
751447 31
751451 25
751701 19
751702 4
751703 31
751704 22
751705 22
751706 19
751708 4
751710 22
751712 28
751716 31
751718 34
751726 31
751734 31
751742 16
751743 28
801100 33
801201 21
801225 28
801235 10
801324 7
801331 4
801333 22
801334 16
801336 10
801421 4
801471 7
801481 25
803121 16
803123 10
803231 28
803331 22
851100 20
851104 9
851105 13
851108 25
851200 27
851201 22
851202 5
851204 24
851205 16
851243 22
851251 30
851262 15
851273 3
851305 19
851309 35
851313 15
851343 31
851344 19
851345 7
851360 24
851362 4
851367 15
851372 16
851375 32
851400 21
851404 3
851406 10
851407 30
851462 25
852101 10
852102 16
852103 28
951100 26
951102 31
951106 4
951125 28
951203 24
951302 13
951323 22
951331 16
951344 10
951348 31
951352 4
951497-020 19
951497-021 25
953103 28
953111 13
953211 16
953212 22
953233 10
953261 7
953321 16
953322 31
953331 19
953361 25
953421 31
953494 4
954100 34
954140 22
954143 25
954170 15
954246 31
954326 19
954370 16
954374 4
954410 19
954413 22
954416 7
954426 10
954443 10
954449 13
954462 31
954471 28
954477 25
954491 34
954498 16
955102 7
955103 31
955104 22
958111 28
