001101 16
001102 4
001111 27
001113 0
001201 1
001202 15
001210 4
001212 30
001218 15
001230 19
001231 9
001250 6
001291 27
001293 25
001310 25
001311 10
001312 22
001318 19
001320 22
001321 19
001323 10
001330 9
001342 7
001353 28
001354 34
001362 18
001381 12
001410 22
001423 28
001425 13
001443 31
001444 22
001445 13
001447 31
001461 31
002101 24
002110 31
002191 27
002192 25
002201 19
002211 28
002221 31
002250 25
002301 22
002333 3
002351 19
002361 31
002365 28
002401 13
002473 7
003101 13
003191 28
003201 25
003313 7
003320 12
003331 0
003367 22
004241 25
004282 6
004301 3
004303 13
004324 15
004432 27
004473 22
004475 28
004483 12
006103 12
006126 7
006206 3
006226 31
006242 27
006253 10
006303 31
006325 19
006326 22
006330 15
006344 28
006346 7
006355 10
006425 10
006426 19
006428 19
006443 4
006448 13
006454 13
008214 22
008303 7
008314 0
008411 13
008417 31
009103 8
009105 28
009212 22
009230 15
009231 22
009326 30
009328 28
009426 22
009431 31
009445 31
011100 18
011151 28
011152 9
011153 3
011251 34
011257 20
011259 13
011269 32
011276 25
011353 9
011356 13
011358 7
011362 28
011374 13
011461 31
011464 22
011479 0
012100 22
012173 33
012200 24
012273 13
012371 25
012475 28
013103 31
013110 10
013203 31
013204 10
013206 18
013209 13
013301 3
013302 4
013303 7
013305 28
013306 13
013307 0
013317 22
013321 22
013326 22
013329 31
013330 22
013335 22
013337 13
013413 7
013427 28
013433 31
014210 30
014211 3
014270 6
014310 22
014311 31
014322 22
014323 31
014324 13
014370 16
014371 10
014381 24
014382 19
014401 9
014471 7
014481 13
014485 28
015101 28
016101 0
017101 10
017102 31
017111 7
017112 31
017210 22
018103 28
018111 13
018113 25
018125 22
018203 10
018211 13
018213 31
018231 22
018235 7
018271 27
018301 22
018335 31
018351 0
018353 22
018433 22
018435 31
018438 13
018467 7
019101 14
019103 7
019105 27
019106 4
019108 31
019111 22
019203 10
019205 15
019206 22
019208 18
019211 21
019221 28
019303 13
019311 28
019331 4
019361 34
019371 7
019373 25
019381 19
019411 10
019442 19
019471 13
019473 31
020101 27
020102 25
020211 25
020212 22
020231 19
020311 7
020321 25
020333 31
020341 22
020362 10
020363 13
021101 3
021102 16
021203 1
021270 22
025108 31
025110 31
025310 31
025480 31
026101 7
026102 28
026111 24
026112 31
026201 25
026271 22
029701 22
029711 31
050100 19
050103 20
050104 3
050106 3
050111 4
051302 24
051304 3
051306 25
051313 16
051412 28
051418 13
052201 13
052202 7
052314 22
052350 31
052352 3
052357 19
052400 31
052419 7
052443 25
052445 22
052447 13
052725 22
055701 31
055706 13
055707 7
055771 13
055797 22
057121 26
057122 25
057123 27
057125 21
057126 9
057127 22
057128 25
057129 24
057130 20
057131 24
057132 27
057133 10
057134 25
057135 25
057137 4
057138 22
057139 0
057140 10
057201 34
057205 28
057215 19
057274 31
057279 30
057283 25
057284 13
057285 7
057288 22
057293 19
057294 28
057300 0
057302 31
057305 4
057351 25
057366 28
057403 4
057405 7
057410 10
057411 28
057420 16
057425 21
057426 22
057428 3
059419 13
061106 16
061201 31
061223 9
061306 16
061307 28
061312 3
061313 31
061317 19
061401 22
061403 4
061404 10
062342 28
062343 22
062344 28
062345 19
062346 10
062360 19
062380 31
062411 16
062452 19
062460 7
062470 13
063703 22
063813 31
064207 31
064231 7
064251 7
064281 31
064291 25
064301 25
064303 7
064410 22
064412 31
064417 22
064418 25
064424 25
064474 31
065210 28
065212 31
065310 19
065320 10
065332 22
065421 31
065434 19
065435 22
065436 13
065437 25
065797 31
065799 31
066221 12
066323 1
066410 31
066414 4
066425 3
066755 22
067202 31
067303 18
067311 28
067372 0
067373 7
067432 18
070301 25
070303 13
070304 28
070305 25
070308 7
070400 31
070401 22
070403 4
070404 10
070410 7
070411 31
070415 25
070416 31
070720 13
070721 7
070726 22
070727 22
070731 31
070792 31
071412 31
071413 22
071414 31
071420 19
071422 25
071423 10
071425 15
071712 7
071811 22
074100 28
074101 31
074414 10
076314 4
076414 31
076425 7
076427 30
076428 13
076429 7
076444 12
076466 4
078444 6
078454 0
079444 25
088708 31
091800 31
099101 24
099102 27
100102 13
100103 31
100104 6
100105 31
100109 4
100110 35
100111 31
100112 1
100206 24
100207 31
100208 6
100209 31
100210 13
100211 22
100212 16
100213 9
100218 25
100219 4
100220 12
100225 10
100226 22
100281 3
100306 13
100307 35
100308 9
100309 25
100310 16
100501 0
101100 12
101105 28
101201 3
101211 25
101400 13
101405 22
103112 19
103191 22
103271 27
104200 19
104201 31
104300 7
104301 13
104340 31
104410 16
104424 31
104495 22
105304 10
109100 7
109115 18
112101 31
112102 22
112103 28
112108 31
112201 31
112203 22
112213 7
112300 31
112411 7
112412 22
115200 7
115301 19
115302 31
116400 31
126101 0
126216 15
126321 18
126330 3
126333 16
126334 22
126428 21
126432 25
126443 0
127100 10
127101 23
127203 18
127204 35
127207 15
127303 0
127312 12
127314 10
127315 22
127316 22
127329 28
127337 3
127711 13
127717 7
127718 22
127719 31
128100 9
128101 13
128202 22
128203 16
128204 10
128307 10
128309 12
128334 31
128352 22
128354 16
128403 0
128701 13
128710 7
128730 22
128740 31
128762 31
140101 7
140102 31
140105 6
152321 31
154104 10
154141 25
154151 33
154231 25
154262 31
154281 24
154311 31
154330 4
154340 0
154351 22
154353 13
154363 31
154375 16
154377 7
154388 34
154433 31
154443 22
154488 25
159100 18
159101 31
159151 13
159203 31
159221 19
159302 28
159303 16
159305 10
159332 13
159356 31
159362 19
159403 31
159411 22
159412 22
159431 28
160341 35
164200 15
164341 30
168101 16
168410 31
176100 28
176101 5
176104 25
176220 25
177103 26
177214 19
177215 22
177216 28
177217 16
177242 7
177281 12
177283 34
177285 28
177321 4
177330 10
177336 22
177341 13
177361 15
177393 0
177404 7
177414 31
177427 31
177430 19
177434 4
177446 31
177447 31
177450 25
177465 7
177467 22
177481 34
177494 13
179403 19
201100 33
201110 3
201114 22
201115 30
201116 7
202100 33
202101 18
202141 34
202143 22
202145 10
202184 27
202231 25
202260 28
202310 31
202311 28
202332 10
202334 3
202342 28
202361 15
202371 0
202410 7
202434 19
202438 7
202443 31
202473 10
202474 13
202477 31
202495 1
202737 7
202765 22
202773 7
202776 22
202783 7
202833 31
202844 13
202848 31
203100 28
203103 13
203111 12
203116 19
203151 21
203162 0
203201 16
203203 31
203204 31
203206 30
203207 16
203208 34
203209 15
203222 18
203226 12
203231 27
203235 33
203236 28
203255 30
203300 22
203303 16
203315 31
203323 12
203324 34
203331 7
203332 4
203333 0
203351 19
203352 3
203475 13
203705 22
203709 7
203713 7
203714 22
203716 31
203723 22
203732 31
203736 7
203739 22
203743 22
203753 13
203803 13
203807 31
203821 7
203828 31
203879 28
204100 28
204101 7
204111 31
204202 3
204211 22
204216 7
204217 31
204231 31
204321 0
204325 4
204335 19
204341 15
204361 3
204363 31
204365 13
204381 34
204383 19
204432 30
204442 7
204451 9
204453 28
204471 22
204721 7
204725 31
204735 22
204764 31
204891 31
205100 6
205103 3
205104 15
205105 6
205235 19
205239 31
205275 35
205303 4
205337 0
205355 28
205393 19
205441 22
205461 31
205765 13
205805 31
206100 23
206101 31
206103 35
206107 25
206108 24
206111 21
206113 25
206161 5
206171 14
206181 6
206191 22
206203 16
206207 1
206211 18
206216 10
206217 25
206254 25
206261 15
206267 28
206281 16
206300 3
206321 24
206324 10
206325 22
206327 7
206328 28
206331 12
206335 7
206336 15
206341 19
206355 28
206362 25
206370 31
206381 34
206412 7
206432 31
206436 22
206437 31
206441 1
206457 31
206470 22
206705 22
206707 7
206713 31
206717 22
206720 22
206726 7
206738 22
206739 31
206743 22
206753 22
206785 31
207100 25
207103 19
207105 21
207106 22
207107 28
207109 18
207110 9
207115 26
207117 7
207123 9
207131 0
207135 22
207171 4
207173 0
207183 22
207187 28
207203 19
207205 7
207208 0
207213 31
207308 3
207310 31
207313 24
207323 10
207348 28
207401 12
207403 31
207406 6
207419 22
207422 31
207455 19
207458 22
207463 22
207701 13
207703 7
207705 22
207711 31
207808 31
208101 30
208140 22
208150 28
208263 34
208270 22
208271 34
208280 16
208321 30
208329 22
208343 25
208348 16
208383 22
208425 30
208439 22
208440 7
208469 31
208711 13
208760 7
208761 22
208770 31
208871 22
208872 31
209201 22
209251 25
209301 4
209302 19
209303 10
209331 31
209351 1
209358 31
209361 25
209368 13
209375 22
209451 19
209453 13
209461 22
209463 31
209483 22
209485 31
209705 19
209707 13
209771 7
209773 10
209779 22
209785 31
210201 25
210202 0
210204 22
210343 4
210351 22
210383 10
210425 22
210433 25
210434 1
210445 31
210485 31
210703 13
210704 7
210705 22
210707 31
210731 7
211100 34
211311 15
211315 30
211319 15
211440 22
211443 31
211702 31
211889 22
212701 13
212703 22
212711 31
212741 7
213706 31
213707 22
213711 31
213714 7
214100 31
214261 7
214312 10
214341 13
214381 22
214401 25
214411 31
214414 7
214415 19
214430 22
214445 31
215205 20
215206 35
215207 3
215208 19
215302 7
215381 18
215411 4
215431 22
215734 22
215744 7
215752 31
215762 7
215782 13
215785 22
216781 7
217701 7
217703 22
217707 31
217726 22
217775 31
217781 31
218100 25
218101 13
218233 15
218235 31
218321 15
218323 22
218351 19
218471 13
218474 7
218475 31
219720 31
219731 7
220703 31
226701 31
226702 31
226709 31
226710 22
229123 0
229323 7
251211 31
251213 7
251216 7
251261 28
251281 9
251312 7
251313 7
251333 7
251361 28
251363 18
251371 31
251372 0
251374 31
251384 10
251411 13
251437 22
251438 22
251439 1
251461 22
251475 31
251479 31
251701 19
251702 13
251703 31
251711 19
251714 13
251715 7
251717 22
251718 19
251745 7
251751 13
251752 7
251757 22
251758 19
251776 19
251783 13
251785 7
251790 31
252201 24
252211 31
252232 3
252282 10
252283 6
252285 19
252286 21
252301 16
252302 31
252317 7
252320 22
252322 6
252325 9
252327 28
252330 0
252342 30
252363 13
252420 19
252421 25
252425 10
252427 13
252439 31
252444 28
252450 31
252460 31
252498 22
252702 13
252708 13
252711 22
252719 13
252724 22
252725 7
252752 7
252785 7
252789 19
252791 31
253303 16
253314 35
253315 16
253432 13
253455 7
253456 22
253481 13
253701 7
253717 22
253722 31
253732 13
253734 22
253736 19
253747 7
253748 19
253752 31
253754 13
254181 22
254205 12
254206 10
254211 16
254215 0
254216 6
254222 28
254231 13
254232 16
254252 31
254282 16
254302 15
254325 3
254333 9
254372 21
254373 31
254421 31
254426 31
254436 10
254439 27
254441 13
254451 16
254456 19
254457 7
254459 25
254461 1
254471 22
254473 31
254494 19
254496 16
254700 22
254702 19
254703 31
254710 7
254734 31
254770 19
254804 13
254872 7
254875 13
255201 28
255215 13
255251 22
255290 31
255300 18
255320 11
255321 8
255330 30
255359 23
255415 25
255417 22
255420 10
255422 25
255424 7
255431 22
255432 28
255434 16
255438 22
255449 7
255454 7
255455 13
255460 25
255462 13
255471 13
255492 7
255722 7
255734 22
255750 19
255752 13
255758 31
255764 31
255766 13
255770 22
255771 7
255772-001 13
255772-801 22
255772-803 13
255772-804 31
256100 24
256212 16
256271 31
256281 13
256316 3
256333 28
256373 7
256384 25
256412 25
256418 22
256441 31
256457 22
256462 25
256473 7
256700 22
256751 31
259103 33
259104 31
259106 9
259107 18
259108 35
259109 12
259201 27
259203 22
260312 31
260701 10
260705 22
260709 31
260716 19
260718 7
260772 13
261103 1
261111 14
261200 34
261210 28
261212 19
261216 24
261217 22
261304 21
261305 31
261335 6
261336 9
261342 12
261343 0
261361 22
261405 34
261434 16
261447 31
261456 7
261457 22
261458 16
261469 25
261473 28
261497 25
261701 13
261702 7
261706 22
261739 31
261746 7
261754 31
261769 31
261781 31
261791 22
261792 31
263701 7
263702 22
263720 13
263760 31
263771 13
264701 19
264706 13
264710 22
264741 7
264789 22
264791 31
266702 31
268721 31
269101 13
269102 7
269111 10
269200 16
269201 10
269202 19
269340 1
269430 13
269462 28
269470 22
269494 7
270701 22
270702 31
270711 7
270712 22
270791 7
301254 1
305202 19
311352 34
318322 28
318351 7
320351 31
321251 31
324703 31
328310 7
328313 28
330110 33
330111 1
351100 34
351200 13
351201 15
351202 3
351301 31
351302 28
351321 22
351331 3
351410 25
351425 19
351441 7
351442 13
351451 31
351463 10
351466 22
352103 7
352301 0
352311 10
352321 16
352323 25
352421 22
352422 7
352431 13
353301 16
353311 22
353421 22
353431 13
353451 3
353452 7
354311 27
356100 8
356101 24
356102 7
356202 13
356210 21
356212 7
356261 22
356303 3
356304 25
356312 7
356361 13
356411 19
356416 28
356432 7
356477 10
357110 27
357210 33
357322 22
357325 7
357360 25
357417 7
357441 10
357491 13
359202 27
359203 22
359204 22
359206 22
359301 13
359311 24
359380 19
359405 28
359409 10
359410 7
359413 19
359421 22
359465 19
360100 5
360210 6
360301 7
360304 19
360402 31
360403 25
360423 10
360460 1
361210 28
361211 25
361301 13
361321 19
361351 22
361453 19
361471 31
362211 0
363210 1
365201 16
365211 22
365321 31
365421 13
365427 31
365428 10
365431 19
368200 19
368317 7
368431 25
400110 4
400211 28
401382 13
403382 22
406385 10
406395 19
409281 16
409292 25
411281 28
411291 10
415291 19
420281 13
421281 7
421291 22
421385 16
421395 1
423382 25
428382 28
461100 7
461170 6
461471 22
461511 13
461523 7
461526 31
461527 25
461529 31
462130 19
462151 1
462505 7
462523 22
462541 25
462586 31
462587 25
462588 22
463251 4
463311 22
463331 7
463341 10
463353 19
463402 10
463433 7
463455 28
463491 1
463503 19
463504 28
463545 10
463556 7
463558 10
464301 16
464311 31
464341 13
464401 31
464413 13
464441 22
464443 25
464444 19
464445 19
464501 19
464502 13
464503 7
464508 22
464509 22
464510 22
464541 31
464542 13
464546 22
464549 16
501301 31
501302 10
502211 10
504302 7
506303 19
506361 0
508203 30
508303 22
510201 9
510202 16
510411 7
510414 22
510415 19
510417 13
512303 13
513111 4
513114 1
513223 13
513224 7
513283 22
513315 22
513324 10
513328 19
513363 13
513371 31
513412 19
513429 13
513445 7
513451 22
513471 31
514211 7
514241 31
514317 28
514323 10
514335 19
514341 25
514343 22
514381 7
514383 16
514395 31
514397 13
514466 22
515201 16
515250 4
515307 31
515312 16
515334 25
515361 19
515364 7
515376 22
515403 7
515455 22
515490 31
551311 7
552216 31
552217 22
552222 31
553312 7
554314 22
555313 22
556311 31
558431 31
561312 31
562211 31
571115 12
601201 27
601302 13
601321 25
601341 0
601344 13
601351 22
601422 4
601452 31
601456 30
601462 22
601702 13
601731 7
601742 31
601758 31
601765 13
601767 22
602100 6
602102 25
602103 18
602111 31
602211 7
602315 19
602321 35
602322 6
602431 7
602432 31
602441 22
602464 31
602731 31
602753 22
602761 22
603211 28
603322 10
603332 13
603352 7
603371 28
603421 22
603441 31
603711 7
603723 22
603731 31
604304 0
604305 3
604312 28
604313 10
604351 16
604352 18
604412 19
604414 13
604416 7
604422 31
604451 22
604715 22
605201 28
605204 7
605301 1
605313 7
605314 3
605321 4
605322 10
605341 16
605412 28
605432 10
605444 13
605445 22
605461 31
605701 22
605702 31
605717 31
605741 7
605745 22
605751 22
606231 13
606242 4
606244 7
606263 10
606343 28
606362 31
606363 22
610114 29
651105 6
651109 31
651120 30
651210 22
651311 13
651312 7
651315 31
651316 22
701101 10
701181 18
701182 31
701183 35
701201 31
701211 6
701281 12
701295 31
701313 19
701321 31
701331 22
701341 19
701342 12
701344 7
701407 13
701425 7
701455 31
701494 10
702100 28
702101 11
702205 31
702211 15
702213 7
702312 16
702316 16
702317 24
702318 19
702341 31
702351 28
702411 13
702416 22
702431 31
703103 0
703202 27
703243 21
703244 0
703305 31
703308 3
703309 19
703310 10
703311 13
703322 19
703323 7
703324 22
703330 16
703331 27
703391 7
703404 7
703412 13
703447 31
703454 28
703498 22
705191 28
705211 17
705311 19
705328 31
705329 10
705331 16
705342 7
705351 25
705437 15
705438 7
705440 22
705441 28
705442 22
705444 3
705446 10
705447 22
705461 31
705493 22
751100 13
751101 26
751102 33
751106 6
751202 27
751209 25
751301 10
751302 0
751303 7
751305 22
751308 16
751309 13
751321 31
751326 22
751327 28
751330 28
751345 25
751401 10
751403 22
751405 18
751408 19
751417 10
751419 3
751425 31
751428 24
751441 31
751443 35
751447 31
751451 9
751701 19
751702 13
751703 10
751704 22
751705 28
751706 19
751708 13
751710 10
751712 31
751716 22
751718 7
751726 31
751734 28
751742 22
751743 7
801100 35
801201 28
801225 31
801235 16
801324 22
801331 10
801333 4
801334 31
801336 19
801421 31
801471 25
801481 22
803121 7
803123 31
803231 31
803331 7
851100 24
851104 28
851105 10
851108 31
851200 12
851201 31
851202 24
851204 30
851205 13
851243 35
851251 16
851262 28
851273 6
851305 25
851309 16
851313 0
851343 34
851344 4
851345 28
851360 19
851362 30
851367 10
851372 30
851375 7
851400 18
851404 1
851406 9
851407 13
851462 25
852101 7
852102 22
852103 31
951100 31
951102 28
951106 31
951125 10
951203 16
951302 31
951323 25
951331 19
951344 19
951348 4
951352 10
951497-020 28
951497-021 0
953103 7
953111 27
953211 22
953212 7
953233 22
953261 19
953321 31
953322 25
953331 19
953361 31
953421 13
953494 28
954100 19
954140 22
954143 16
954170 6
954246 4
954326 18
954370 31
954374 16
954410 3
954413 13
954416 28
954426 10
954443 31
954449 19
954462 25
954471 7
954477 0
954491 22
954498 31
955102 12
955103 1
955104 22
958111 22
