001101 1
001102 1
001112 24
001118 35
001201 1
001202 25
001210 23
001222 13
001223 2
001224 8
001225 13
001226 18
001227 2
001228 8
001229 15
001230 12
001231 10
001234 35
001250 28
001291 25
001292 19
001310 20
001311 15
001312 27
001314 13
001320 28
001321 22
001323 16
001330 34
001341 31
001342 25
001352 19
001355 19
001361 34
001362 27
001410 31
001423 22
001440 13
001445 21
001447 28
001471 31
001472 22
002102 7
002111 22
002191 0
002192 28
002202 10
002230 31
002260 7
002302 10
002311 4
002321 28
002331 22
002362 13
002402 10
002441 4
002471 28
002472 16
003101 4
003102 4
003191 16
003202 31
003332 31
003414 4
003421 25
003436 28
003454 10
004282 35
004465 28
004470 31
004472 31
004474 19
004476 25
006103 27
006126 7
006226 28
006241 4
006253 18
006307 19
006326 25
006330 31
006349 16
006443 35
006448 31
006454 22
006475 13
008214 7
008314 10
008326 31
008402 10
008411 16
009103 23
009213 19
009234 13
009236 28
009254 4
009301 16
009344 10
009355 22
009356 25
009358 19
009363 33
009446 25
011100 19
011101 31
011151 22
011154 24
011156 4
011157 19
011251 19
011268 10
011269 24
011276 6
011277 4
011278 3
011355 13
011367 25
011457 0
011479 7
012173 12
012174 25
012200 28
012374 19
012475 21
013103 27
013110 4
013203 15
013204 4
013207 4
013208 19
013209 35
013216 6
013217 12
013301 28
013303 34
013306 34
013321 13
013335 16
013337 16
013410 22
013413 22
013428 28
013431 10
013432 25
013433 3
014211 10
014270 12
014310 31
014311 7
014323 3
014370 12
014371 19
014383 28
014401 21
014422 13
014423 19
014471 19
014481 35
014483 10
015101 4
015102 10
016101 16
016102 31
017101 22
017102 10
017111 31
017231 16
018104 24
018112 9
018114 4
018126 13
018204 10
018271 27
018323 31
018352 31
018372 31
018467 31
018471 10
019101 25
019104 28
019105 4
019106 22
019112 24
019204 18
019205 9
019206 3
019212 13
019222 31
019332 22
019351 7
019362 25
019371 28
019373 10
019441 4
020101 7
020102 7
020212 13
020231 25
020232 28
020261 13
021101 25
021102 25
021203 31
021204 31
021270 25
024752 31
025110 25
025310 25
025481 31
026101 26
026102 22
026111 31
026112 12
026201 26
029732 10
030101 31
050100 28
050103 16
050104 4
050106 9
050112 3
050113 35
051302 31
051304 7
051306 7
051310 25
051313 25
051418 10
052203 22
052310 28
052314 13
052323 31
052331 10
052350 4
052351 10
052353 21
052355 19
052400 19
052417 13
052419 16
052422 25
052442 22
052447 4
052448 31
052449 31
053713 31
054821 31
055702 4
055734 25
055739 10
055757 31
057121 31
057122 34
057123 18
057125 21
057126 12
057127 29
057128 6
057129 33
057130 27
057131 26
057132 0
057133 0
057134 34
057135 28
057136 28
057137 24
057138 10
057139 21
057213 19
057283 31
057286 4
057287 28
057290 13
057295 22
057297 12
057298 4
057301 7
057302 22
057305 16
057316 10
057366 31
057401 22
057404 25
057407 13
057411 13
057413 31
057419 28
057427 4
057428 25
059405 22
059419 16
061103 31
061106 25
061201 28
061223 7
061224 19
061306 12
061307 31
061312 31
061313 18
061403 25
061405 10
062200 25
062210 31
062320 7
062343 31
062499 25
063201 18
064204 28
064231 25
064331 13
064411 16
064412 10
064421 25
064422 31
064423 25
064424 9
064430 22
064474 22
065120 7
065121 9
065211 19
065212 13
065311 10
065320 28
065333 13
065420 13
065435 10
065436 25
065437 10
065438 22
065797 31
066222 31
066324 4
066412 22
066414 10
067201 28
067203 4
067311 22
067371 4
067433 28
067435 34
067436 4
067491 28
070200 22
070201 31
070301 4
070303 4
070305 19
070401 13
070411 10
070413 21
070414 0
070416 10
070792 31
071411 31
071412 31
071414 10
071415 22
071416 3
071418 28
071419 25
071420 4
071423 25
071426 13
073721 31
074100 19
074101 18
074414 10
076425 10
076426 16
076427 28
076430 25
076444 19
076466 12
078444 26
078454 31
079220 25
099101 25
099102 0
099103 31
100104 10
100109 25
100110 34
100111 7
100112 21
100207 6
100220 31
100222 25
100228 13
100229 34
100230 18
100231 7
100233 22
100307 31
100308 15
100309 7
100310 25
100311 3
100312 19
100313 15
100314 10
100501 18
101201 28
101202 31
101205 35
101325 24
101405 28
101490 4
103271 31
104100 4
104302 7
104310 12
104320 22
104327 25
104334 31
104340 25
104435 28
104471 31
104490 25
109100 19
109114 19
112101 4
112105 28
112106 25
112109 31
112202 19
112205 31
112303 28
112321 7
112322 25
112406 25
112424 10
115301 10
115401 31
116301 31
116302 13
126101 18
126102 13
126212 3
126213 19
126214 28
126324 27
126326 25
126328 13
126330 13
126332 18
126400 4
126431 31
126436 10
126442 31
127100 12
127101 31
127202 10
127205 15
127313 33
127329 16
127330 31
127332 25
127333 13
127359 28
127411 19
127415 28
127416 22
127424 25
127433 10
127492 34
127493 24
127716 25
127720 10
127721 4
127727 31
128100 3
128101 25
128201 4
128304 21
128305 19
128306 13
128308 13
128310 10
128401 10
128423 24
128425 25
128427 4
128434 28
128443 34
128445 25
128451 12
128471 35
128481 31
128484 31
128700 10
128714 25
128727 31
128734 4
140101 25
140102 35
140103 25
140104 13
140105 21
152211 25
152301 31
152321 22
152331 28
154100 7
154104 3
154141 35
154152 10
154153 24
154173 28
154181 31
154251 35
154262 7
154276 13
154281 9
154301 31
154330 25
154431 25
154479 31
154492 10
159100 6
159101 34
159102 24
159151 19
159202 31
159204 18
159331 9
159351 25
159411 0
159434 22
160342 25
164261 7
164341 25
168100 10
168101 21
168410 25
176100 18
176101 33
176104 7
177103 31
177104 25
177113 10
177114 7
177141 3
177142 31
177181 19
177220 10
177222 13
177227 25
177228 10
177229 19
177300 31
177321 35
177332 15
177335 12
177336 25
177341 4
177361 16
177413 12
177420 25
177425 7
177429 13
177430 3
177431 10
177433 35
177441 25
177447 4
177460 28
177464 34
177465 0
177466 4
177470 34
177483 25
177491 10
177494 28
177495 31
179404 16
179406 31
179443 22
201100 30
201110 3
201114 22
201116 31
201117 13
201190 22
202100 16
202101 30
202102 20
202147 32
202231 6
202302 22
202303 34
202305 7
202311 10
202356 13
202362 19
202371 16
202405 16
202421 25
202432 13
202446 25
202461 31
202471 28
202475 10
202476 22
202484 25
202731 25
202744 10
202749 31
202802 31
202833 25
202843 31
203100 32
203104 7
203108 19
203111 35
203113 27
203114 10
203131 30
203132 0
203151 7
203152 3
203154 13
203158 28
203159 33
203162 33
203202 10
203204 21
203206 15
203208 3
203209 18
203211 35
203222 28
203223 22
203226 10
203232 0
203236 30
203250 25
203287 9
203300 27
203304 12
203316 35
203351 4
203352 7
203404 25
203413 28
203424 18
203425 25
203435 34
203459 31
203474 16
203708 10
203715 31
203719 25
203721 25
203725 31
203734 31
203735 31
203754 10
203775 10
203812 10
203825 10
203829 31
203879 31
204100 10
204101 22
204113 19
204123 0
204202 16
204217 35
204232 7
204251 0
204306 3
204315 22
204320 10
204333 31
204355 31
204362 30
204382 12
204422 34
204423 10
204424 28
204425 13
204443 25
204456 22
204482 16
204483 10
204490 15
204725 31
204735 25
204792 10
205100 6
205103 4
205105 25
205216 19
205232 22
205244 9
205252 3
205282 28
205324 31
205344 22
205358 19
205382 10
205421 10
205441 31
205473 25
205476 28
205731 25
205742 10
205764 25
205789 10
205796 31
206100 22
206103 6
206104 26
206108 10
206111 24
206112 5
206161 29
206162 29
206171 21
206172 21
206181 19
206182 9
206191 31
206203 4
206216 3
206217 28
206253 7
206255 7
206261 15
206266 7
206267 19
206281 35
206311 12
206313 31
206321 10
206324 28
206327 34
206331 28
206336 12
206341 31
206342 25
206362 24
206364 25
206367 7
206368 21
206370 15
206428 24
206435 10
206437 22
206457 21
206476 4
206481 31
206703 25
206714 25
206724 25
206734 31
206736 10
206737 10
206774 31
207104 6
207105 21
207106 12
207108 18
207109 0
207110 25
207116 23
207117 15
207118 25
207125 7
207162 31
207172 13
207181 33
207187 31
207188 22
207191 14
207195 28
207214 10
207302 16
207305 31
207306 0
207312 31
207321 10
207402 10
207408 19
207415 4
207442 28
207448 34
207481 25
207704 25
207706 10
207708 31
207712 31
207766 31
208101 15
208140 35
208141 31
208250 25
208263 8
208264 7
208272 24
208322 30
208345 18
208346 31
208353 16
208362 33
208373 7
208423 19
208444 23
208446 6
208460 31
208738 10
208772 31
208873 31
209203 10
209204 12
209252 19
209253 31
209262 25
209263 10
209270 18
209271 16
209272 22
209322 28
209332 22
209341 10
209352 12
209370 16
209376 25
209382 19
209424 10
209452 25
209454 19
209456 15
209466 22
209486 31
209712 25
209714 10
209716 10
209772 31
209787 25
210100 24
210200 31
210207 25
210221 22
210251 18
210276 10
210315 10
210331 19
210355 35
210432 22
210435 31
210463 25
210497 31
210702 31
210717 10
210741 10
210743 25
210744 10
210748 10
211100 16
211303 25
211312 27
211315 0
211318 35
211319 30
211341 12
211342 31
211444 10
211445 19
211446 28
211448 22
211449 10
211709 10
211843 31
212712 10
212721 31
212731 25
213706 25
213707 31
213708 10
213717 31
214301 22
214310 7
214340 15
214341 31
214352 28
214403 25
214412 31
214431 25
214491 19
215205 2
215206 12
215207 25
215208 31
215303 31
215311 28
215312 25
215313 10
215314 31
215401 28
215462 10
215482 22
215495 25
215497 10
215711 31
215742 31
217705 10
217708 31
217773 25
218100 0
218234 16
218236 35
218244 22
218262 10
218352 19
218362 16
218372 10
218382 25
218474 31
218481 25
218496 10
219741 31
219753 25
219766 10
219789 31
225702 4
225704 25
225706 10
225707 31
226703 31
226704 31
226711 25
226805 31
229223 33
229351 4
251100 31
251211 0
251213 28
251216 22
251242 7
251261 10
251292 4
251312 19
251313 3
251333 31
251334 10
251342 25
251361 10
251363 13
251371 31
251372 28
251374 34
251399 31
251411 19
251417 31
251434 34
251436 35
251451 13
251455 4
251456 25
251457 16
251461 4
251476 28
251477 22
251704 28
251707 31
251713 31
251716 10
251723 28
251724 25
251746 25
251748 10
251754 4
251760 25
251763 10
251765 31
251776 28
251781 25
251784 10
252210 21
252212 10
252222 28
252235 7
252281 7
252282 24
252283 19
252285 19
252311 0
252320 25
252328 13
252331 34
252353 21
252401 35
252402 25
252403 4
252404 35
252413 10
252420 35
252421 4
252422 24
252423 15
252427 22
252428 16
252429 10
252435 18
252440 16
252442 16
252443 18
252448 22
252450 31
252456 28
252459 34
252460 12
252479 21
252489 25
252706 25
252707 4
252727 31
252785 4
252789 25
252792 10
253215 24
253318 31
253321 28
253332 22
253416 28
253417 10
253423 22
253433 19
253441 19
253443 25
253451 31
253452 25
253454 16
253716 10
253721 31
253725 4
253734 19
253735 4
253747 10
253749 24
253752 4
253754 25
253791 25
254182 31
254200 18
254205 33
254206 9
254207 10
254211 26
254215 0
254216 12
254222 7
254231 4
254232 31
254271 21
254282 31
254302 3
254325 28
254334 9
254352 30
254362 28
254371 20
254373 16
254400 31
254411 10
254412 10
254415 19
254421 12
254422 13
254423 4
254424 10
254435 22
254441 27
254443 10
254445 18
254451 25
254452 21
254453 25
254454 10
254466 13
254476 3
254477 10
254478 31
254495 28
254701 31
254702 31
254721 31
254733 4
254737 31
254791 4
254816 10
254817 25
254857 25
255201 0
255210 10
255230 6
255300 30
255301 34
255316 0
255323 4
255328 31
255337 27
255340 16
255393 3
255422 27
255425 22
255429 21
255430 10
255431 33
255432 12
255433 31
255440 18
255442 28
255444 16
255445 35
255447 22
255451 28
255455 3
255462 25
255463 9
255471 35
255492 26
255497 19
255499 25
255714 31
255735 28
255750 31
255751 4
255769 25
255772 25
255783 10
256100 0
256271 28
256317 10
256318 22
256334 16
256418 31
256419 28
256441 4
256444 10
256456 25
256473 22
256474 31
256791 31
259103 17
259104 18
259106 15
259107 9
259108 35
259193 21
259195 26
259200 25
259201 3
259203 4
259401 3
260313 4
260334 31
260416 25
260421 25
260432 10
260702 31
261102 9
261111 7
261112 14
261113 25
261205 25
261207 10
261208 3
261214 22
261215 6
261218 28
261305 34
261306 28
261332 7
261342 25
261343 16
261361 19
261421 31
261430 10
261433 31
261438 27
261444 16
261446 19
261447 13
261448 13
261449 31
261453 25
261465 31
261473 22
261479 10
261494 25
261497-002 10
261497-008 25
261497-802 31
261497-808 10
261499 31
261736 25
261738 28
261745 31
261751 28
261752 25
261755 10
261763 10
261781 10
261795 25
261891 28
263710 19
263721 31
263724 4
263745 25
263751 10
264702 28
264705 25
264709 10
264755 31
265706 28
265709 25
265710 10
266801 31
268732 31
268735 28
268741 10
269103 31
269105 4
269111 31
269130 7
269210 10
269341 10
269360 22
269370 10
269452 16
269498 25
270712 25
270721 28
305203 28
318322 31
329105 2
329106 16
330115 28
351100 19
351201 31
351302 28
351321 25
351364 22
351371 19
351425 0
351426 10
351464 31
352103 19
352311 19
352313 13
352314 25
352401 22
352412 12
352421 31
352422 0
352433 7
352441 4
353313 19
353418 10
353431 22
353441 25
353471 10
353482 28
354311 34
354312 13
355411 22
356100 7
356101 25
356102 34
356210 3
356261 22
356333 31
356361 4
356373 28
356374 10
356411 19
356414 13
356415 31
356416 25
356431 31
356432 25
356441 22
356442 31
356443 0
356444 13
356446 4
356447 15
356449 10
356451 7
356455 10
356471 4
356472 25
356474 16
356496 10
357101 27
357110 18
357210 34
357322 25
357323 28
357418 25
357421 31
357432 25
357441 7
357444 19
357446 16
359202 0
359205 10
359206 10
359302 15
359303 25
359305 0
359341 19
359350 25
359360 28
359380 10
359401 4
359403 13
359408 16
359422 22
359423 31
359452 25
359460 28
359461 0
359465 31
360100 0
360301 31
360304 13
360441 19
361210 35
361211 7
361214 31
361341 4
361413 13
361414 28
361421 31
361433 7
361442 25
361452 16
361461 10
361475 31
363210 28
363401 31
363402 10
365201 0
365211 4
365322 10
365324 7
365422 31
365425 25
365426 10
368211 25
368310 13
368412 25
368417 31
400110 24
400210 25
401281 13
401383 34
401391 19
403281 22
403383 31
406284 16
406294 28
406386 16
406396 25
408382 12
410381 35
413383 15
413391 21
415393 28
420282 19
421282 4
421292 25
421386 13
421396 22
422381 27
428281 10
428282 31
428381 10
428383 4
461170 19
461471 19
461472 16
461511 12
461523 25
461526 16
461527 4
461532 16
462130 16
462544 31
462587 19
462588 31
463201 25
463252 31
463331 25
463332 13
463342 10
463354 31
463433 19
463512 4
463513 13
463543 25
463544 16
463557 34
463559 28
463571 35
463592 4
464302 4
464312 28
464402 31
464403 10
464414 28
464442 25
464443 16
464445 28
464446 22
464500 4
464502 31
464504 25
464505 10
464506 28
464508 4
464545 4
464549 4
501201 4
501202 22
501305 19
501306 22
502313 28
502314 13
504202 25
504305 16
506202 16
508304 31
510306 25
512304 4
513113 25
513115 7
513212 28
513216 10
513217 31
513225 7
513284 25
513331 19
513343 10
513364 4
513373 31
513390 25
513411 10
513446 31
514202 4
514206 13
514222 25
514244 22
514272 16
514322 13
514336 28
514352 10
514358 31
514382 16
514384 22
514396 4
514398 25
514436 10
514462 31
514742 25
514752 10
515204 10
515205 31
515256 4
515257 28
515330 25
515337 4
515339 28
515362 31
515377 19
515378 10
515380 16
518724 31
518770 10
551461 28
552216 25
552217 10
552232 25
557433 25
558101 24
558411 10
558432 31
562101 34
562211 31
601201 34
601202 12
601231 13
601242 35
601342 10
601346 31
601351 28
601361 13
601423 4
601424 25
601431 16
601436 7
601452 22
601471 28
601472 31
601724 31
601731 25
601745 10
601769 25
601775 31
602100 23
602102 32
602103 12
602120 29
602121 5
602122 7
602301 19
602314 13
602421 12
602453 21
602454 25
602455 31
602461 13
602472 10
602741 31
602751 31
603200 25
603231 22
603321 35
603341 7
603396 13
603423 31
603496 25
603743 25
604101 19
604211 31
604311 9
604314 31
604315 22
604411 33
604415 9
604423 13
604431 27
604443 10
604454 25
605203 4
605302 24
605313 7
605315 13
605316 28
605321 10
605331 18
605340 31
605412 25
605413 25
605430 3
605476 28
605701 31
605711 25
605719 10
605742 31
606211 9
606243 13
606245 31
606264 25
606310 4
606341 19
606342 4
606344 25
606451 10
606452 31
610114 11
651210 31
651211 10
651212 25
651234 31
651306 25
651313 4
651314 28
651317 25
651319 22
651416 10
651425 31
701100 6
701181 27
701202 28
701235 10
701244 21
701283 6
701335 10
701408 10
701423 31
701496 31
702100 4
702101 5
702211 30
702312 13
702313 12
702317 9
702321 31
702331 25
702342 10
702354 28
702418 31
702443 19
702499 3
703103 19
703109 10
703202 18
703204 31
703243 19
703244 12
703309 28
703322 35
703324 35
703330 4
703331 4
703345 19
703351 21
703361 16
703413 10
703441 13
703499 13
705191 21
705211 9
705311 10
705328 28
705331 16
705332 22
705343 21
705431 31
705438 13
705440 25
705441 15
705442 24
705444 27
705447 4
705448 25
705499 10
751100 25
751101 30
751102 10
751106 10
751202 15
751209 26
751301 4
751302 19
751303 29
751305 21
751308 18
751309 35
751320 15
751326 25
751327 10
751330 25
751401 28
751403 34
751405 31
751408 32
751417 10
751418 19
751421 16
751422 10
751428 12
751440 13
751443 5
751701 19
751702 10
751703 25
751705 9
751706 10
751708 19
751716 24
751718 4
751719 4
751728 31
751734 25
751752 31
801100 20
801122 7
801134 25
801204 18
801233 13
801236 31
801241 7
801322 10
801334 25
801371 10
803122 7
803124 25
803131 31
803230 13
803232 7
803260 13
851100 35
851103 29
851104 9
851105 10
851201 25
851202 22
851204 25
851207 29
851241 31
851252 16
851253 33
851261 18
851263 7
851273 0
851305 9
851309 13
851345 13
851363 31
851366 25
851400 35
851404 33
851406 10
851407 24
851441 31
851462 32
851467 21
852100 25
951100 17
951231 22
951324 31
951344 31
951366 31
951421 10
951498-004 31
951498-007 31
951498-011 31
951498-015 31
951498-020 4
951498-021 25
953102 4
953111 11
953201 4
953202 28
953211 7
953214 16
953231 25
953232 19
953234 25
953323 19
953422 16
953494 31
954100 31
954140 11
954142 31
954143 25
954170 19
954240 31
954326 10
954340 25
954371 19
954374 13
954423 16
954462 31
954464 0
954472 10
954491-001 7
954491-002 28
954491-003 25
954498 4
955102 28
955104 4
