001101 7
001102 1
001112 9
001118 19
001201 19
001202 22
001210 15
001222 7
001223 7
001224 4
001225 4
001226 4
001227 22
001228 7
001229 7
001230 23
001231 21
001234 4
001250 1
001291 30
001292 24
001310 35
001311 31
001312 4
001314 34
001320 10
001321 19
001323 7
001330 28
001341 22
001342 10
001352 19
001355 19
001361 25
001362 22
001410 31
001423 4
001440 16
001445 13
001447 25
001471 4
001472 28
002102 22
002111 19
002191 27
002192 31
002202 13
002230 19
002260 22
002302 16
002311 13
002321 4
002331 19
002362 22
002402 16
002441 22
002471 4
002472 13
003101 30
003102 0
003191 30
003202 31
003332 16
003414 13
003421 28
003436 31
003454 4
004282 10
004465 30
004470 4
004472 31
004474 19
004476 16
006103 30
006126 6
006226 19
006241 35
006253 13
006307 22
006326 4
006330 35
006349 19
006443 22
006448 31
006454 4
006475 16
008214 31
008314 4
008326 16
008402 4
008411 22
009103 33
009213 19
009234 16
009236 28
009254 4
009301 16
009344 4
009355 28
009356 13
009358 19
009363 22
009446 31
011100 9
011101 25
011151 25
011154 16
011156 35
011157 31
011251 21
011268 4
011269 25
011276 30
011277 6
011278 12
011355 28
011367 16
011457 13
011479 4
012173 21
012174 16
012200 28
012374 31
012475 28
013103 15
013110 16
013203 22
013204 35
013207 10
013208 28
013209 10
013216 16
013217 33
013301 0
013303 34
013306 18
013321 22
013335 4
013337 13
013410 19
013413 4
013428 22
013431 22
013432 19
013433 31
014211 10
014270 16
014310 34
014311 4
014323 31
014370 13
014371 16
014383 7
014401 19
014422 35
014423 4
014471 28
014481 16
014483 22
015101 12
015102 22
016101 13
016102 31
017101 13
017102 13
017111 13
017231 4
018104 22
018112 20
018114 9
018126 4
018204 16
018271 21
018323 31
018352 31
018372 16
018467 4
018471 16
019101 26
019104 9
019105 16
019106 9
019112 22
019204 4
019205 3
019206 0
019212 19
019222 28
019332 4
019351 16
019362 22
019371 22
019373 31
019441 19
020101 0
020102 19
020212 16
020231 31
020232 22
020261 22
021101 28
021102 0
021203 4
021204 31
021270 10
024752 16
025110 16
025310 19
025481 16
026101 11
026102 12
026111 33
026112 0
026201 13
029732 4
030101 13
050100 29
050103 27
050104 30
050106 20
050112 31
050113 27
051302 22
051304 22
051306 12
051310 24
051313 1
051418 31
052203 22
052310 34
052314 13
052323 16
052331 22
052350 10
052351 13
052353 28
052355 25
052400 25
052417 13
052419 31
052422 4
052442 4
052447 19
052448 22
052449 16
053713 16
054821 16
055702 13
055734 31
055739 4
055757 16
057121 25
057122 12
057123 21
057125 33
057126 20
057127 0
057128 24
057129 5
057130 9
057131 1
057132 11
057133 27
057134 0
057135 17
057136 29
057137 19
057138 9
057139 6
057213 3
057283 0
057286 22
057287 16
057290 31
057295 7
057297 31
057298 16
057301 4
057302 31
057305 35
057316 7
057366 28
057401 25
057404 4
057407 34
057411 0
057413 28
057419 7
057427 22
057428 0
059405 28
059419 10
061103 28
061106 31
061201 4
061223 19
061224 25
061306 31
061307 16
061312 34
061313 10
061403 0
061405 4
062200 31
062210 22
062320 16
062343 22
062499 7
063201 13
064204 7
064231 16
064331 31
064411 28
064412 16
064421 22
064422 4
064423 16
064424 12
064430 9
064474 22
065120 9
065121 19
065211 16
065212 25
065311 16
065320 7
065333 4
065420 22
065435 16
065436 25
065437 16
065438 13
065797 16
066222 22
066324 16
066412 13
066414 19
067201 16
067203 13
067311 4
067371 10
067433 13
067435 22
067436 22
067491 28
070200 4
070201 16
070301 22
070303 22
070305 7
070401 22
070411 4
070413 31
070414 25
070416 4
070792 16
071411 22
071412 31
071414 7
071415 4
071416 13
071418 13
071419 16
071420 16
071423 16
071426 31
073721 16
074100 21
074101 14
074414 16
076425 4
076426 28
076427 22
076430 16
076444 9
076466 13
078444 8
078454 19
079220 16
099101 27
099102 35
099103 19
100104 4
100109 31
100110 28
100111 19
100112 13
100207 10
100220 19
100222 0
100228 25
100229 4
100230 7
100231 22
100233 34
100307 16
100308 1
100309 7
100310 28
100311 31
100312 22
100313 15
100314 18
100501 16
101201 16
101202 25
101205 3
101325 10
101405 22
101490 22
103271 18
104100 25
104302 4
104310 31
104320 22
104327 4
104334 16
104340 28
104435 16
104471 4
104490 16
109100 14
109114 35
112101 16
112105 4
112106 31
112109 19
112202 22
112205 16
112303 4
112321 19
112322 22
112406 16
112424 22
115301 4
115401 31
116301 28
116302 13
126101 9
126102 10
126212 18
126213 10
126214 35
126324 7
126326 30
126328 16
126330 22
126332 22
126400 7
126431 31
126436 19
126442 31
127100 21
127101 18
127202 10
127205 21
127313 0
127329 28
127330 34
127332 19
127333 16
127359 30
127411 9
127415 22
127416 19
127424 7
127433 31
127492 16
127493 28
127716 31
127720 4
127721 13
127727 16
128100 28
128101 33
128201 22
128304 7
128305 31
128306 10
128308 3
128310 13
128401 16
128423 30
128425 25
128427 4
128434 7
128443 28
128445 31
128451 31
128471 22
128481 1
128484 4
128700 4
128714 31
128727 16
128734 13
140101 31
140102 25
140103 30
140104 4
140105 6
152211 7
152301 16
152321 22
152331 31
154100 13
154104 18
154141 31
154152 19
154153 32
154173 10
154181 22
154251 22
154262 19
154276 25
154281 35
154301 16
154330 10
154431 28
154479 16
154492 7
159100 23
159101 22
159102 15
159151 28
159202 16
159204 22
159331 9
159351 28
159411 7
159434 13
160342 16
164261 0
164341 13
168100 1
168101 3
168410 16
176100 27
176101 25
176104 31
177103 22
177104 19
177113 28
177114 24
177141 33
177142 34
177181 16
177220 28
177222 19
177227 16
177228 4
177229 16
177300 31
177321 0
177332 3
177335 6
177336 16
177341 25
177361 7
177413 4
177420 19
177425 13
177429 19
177430 22
177431 10
177433 18
177441 16
177447 9
177460 35
177464 13
177465 27
177466 22
177470 30
177483 28
177491 10
177494 1
177495 31
179404 25
179406 28
179443 34
201100 24
201110 12
201114 34
201116 24
201117 4
201190 4
202100 1
202101 31
202102 27
202147 19
202231 6
202302 16
202303 7
202305 31
202311 28
202356 25
202362 16
202371 1
202405 19
202421 4
202432 16
202446 22
202461 31
202471 10
202475 25
202476 4
202484 16
202731 16
202744 31
202749 4
202802 4
202833 16
202843 4
203100 2
203104 25
203108 10
203111 24
203113 24
203114 22
203131 6
203132 22
203151 4
203152 28
203154 31
203158 4
203159 35
203162 32
203202 10
203204 10
203206 24
203208 21
203209 35
203211 35
203222 22
203223 19
203226 34
203232 31
203236 6
203250 25
203287 7
203300 9
203304 34
203316 24
203351 16
203352 28
203404 28
203413 28
203424 22
203425 10
203435 16
203459 13
203474 4
203708 4
203715 31
203719 4
203721 31
203725 31
203734 4
203735 16
203754 16
203775 4
203812 16
203825 4
203829 16
203879 16
204100 10
204101 35
204113 6
204123 9
204202 25
204217 19
204232 18
204251 7
204306 3
204315 10
204320 31
204333 25
204355 22
204362 34
204382 22
204422 1
204423 31
204424 16
204425 7
204443 13
204456 16
204482 13
204483 4
204490 28
204725 16
204735 31
204792 4
205100 0
205103 19
205105 0
205216 28
205232 31
205244 13
205252 7
205282 31
205324 16
205344 28
205358 31
205382 19
205421 22
205441 13
205473 7
205476 4
205731 31
205742 4
205764 31
205789 4
205796 16
206100 34
206103 27
206104 15
206108 25
206111 33
206112 22
206161 28
206162 28
206171 11
206172 0
206181 13
206182 19
206191 19
206203 27
206216 31
206217 31
206253 31
206255 22
206261 7
206266 21
206267 13
206281 13
206311 34
206313 16
206321 7
206324 27
206327 28
206331 13
206336 35
206341 1
206342 31
206362 7
206364 25
206367 10
206368 22
206370 22
206428 10
206435 13
206437 25
206457 22
206476 19
206481 28
206703 31
206714 31
206724 31
206734 16
206736 4
206737 4
206774 16
207104 15
207105 35
207106 22
207108 18
207109 27
207110 31
207116 19
207117 18
207118 27
207125 7
207162 19
207172 22
207181 15
207187 16
207188 34
207191 31
207195 22
207214 7
207302 28
207305 0
207306 25
207312 4
207321 16
207402 10
207408 1
207415 7
207442 4
207448 13
207481 22
207704 31
207706 4
207708 16
207712 16
207766 16
208101 21
208140 31
208141 6
208250 16
208263 31
208264 0
208272 2
208322 6
208345 34
208346 10
208353 13
208362 28
208373 31
208423 19
208444 16
208446 35
208460 22
208738 4
208772 16
208873 16
209203 19
209204 13
209252 28
209253 7
209262 25
209263 13
209270 28
209271 31
209272 9
209322 31
209332 25
209341 31
209352 7
209370 13
209376 28
209382 19
209424 7
209452 4
209454 25
209456 13
209466 28
209486 4
209712 31
209714 4
209716 4
209772 16
209787 31
210100 1
210200 10
210207 19
210221 13
210251 25
210276 7
210315 16
210331 13
210355 22
210432 7
210435 4
210463 1
210497 16
210702 16
210717 4
210741 4
210743 31
210744 4
210748 4
211100 33
211303 4
211312 7
211315 35
211318 13
211319 7
211341 1
211342 22
211444 19
211445 28
211446 7
211448 31
211449 19
211709 4
211843 16
212712 4
212721 16
212731 31
213706 31
213707 4
213708 16
213717 16
214301 22
214310 31
214340 27
214341 13
214352 16
214403 16
214412 31
214431 4
214491 22
215205 28
215206 19
215207 21
215208 16
215303 22
215311 7
215312 34
215313 31
215314 28
215401 19
215462 22
215482 4
215495 13
215497 16
215711 16
215742 16
217705 4
217708 16
217773 31
218100 0
218234 7
218236 25
218244 28
218262 22
218352 13
218362 19
218372 16
218382 7
218474 4
218481 7
218496 22
219741 4
219753 22
219766 16
219789 4
225702 13
225704 31
225706 4
225707 16
226703 16
226704 16
226711 31
226805 16
229223 15
229351 19
251100 9
251211 0
251213 34
251216 25
251242 16
251261 18
251292 7
251312 19
251313 19
251333 28
251334 10
251342 25
251361 22
251363 4
251371 16
251372 31
251374 31
251399 4
251411 13
251417 13
251434 31
251436 19
251451 4
251455 22
251456 21
251457 16
251461 1
251476 25
251477 7
251704 13
251707 16
251713 16
251716 4
251723 13
251724 31
251746 31
251748 4
251754 13
251760 31
251763 4
251765 16
251776 13
251781 31
251784 4
252210 9
252212 12
252222 31
252235 16
252281 16
252282 19
252283 3
252285 0
252311 28
252320 22
252328 4
252331 6
252353 31
252401 35
252402 22
252403 10
252404 19
252413 28
252420 28
252421 22
252422 25
252423 18
252427 19
252428 7
252429 10
252435 27
252440 7
252442 7
252443 25
252448 34
252450 1
252456 16
252459 13
252460 21
252479 10
252489 31
252706 31
252707 13
252727 16
252785 13
252789 31
252792 4
253215 33
253318 28
253321 25
253332 10
253416 28
253417 31
253423 10
253433 16
253441 13
253443 19
253451 13
253452 19
253454 22
253716 31
253721 16
253725 13
253734 28
253735 13
253747 31
253749 22
253752 13
253754 4
253791 4
254182 10
254200 27
254205 31
254206 35
254207 31
254211 35
254215 16
254216 16
254222 35
254231 22
254232 13
254271 18
254282 28
254302 25
254325 28
254334 1
254352 28
254362 9
254371 31
254373 6
254400 28
254411 10
254412 19
254415 0
254421 22
254422 4
254423 16
254424 4
254435 16
254441 13
254443 31
254445 4
254451 19
254452 22
254453 19
254454 28
254466 22
254476 10
254477 31
254478 7
254495 4
254701 16
254702 16
254721 16
254733 13
254737 16
254791 13
254816 4
254817 31
254857 31
255201 0
255210 31
255230 25
255300 22
255301 12
255316 6
255323 16
255328 18
255337 3
255340 30
255393 28
255422 22
255425 34
255429 25
255430 10
255431 31
255432 27
255433 25
255440 16
255442 7
255444 35
255445 4
255447 13
255451 19
255455 28
255462 13
255463 1
255471 34
255492 0
255497 0
255499 6
255714 16
255735 4
255750 13
255751 28
255769 13
255772 13
255783 31
256100 32
256271 22
256317 31
256318 10
256334 13
256418 4
256419 1
256441 22
256444 28
256456 16
256473 13
256474 22
256791 16
259103 15
259104 24
259106 5
259107 35
259108 21
259193 33
259195 23
259200 16
259201 11
259203 25
259401 24
260313 28
260334 13
260416 4
260421 31
260432 16
260702 4
261102 13
261111 13
261112 30
261113 4
261205 22
261207 0
261208 3
261214 22
261215 9
261218 35
261305 19
261306 31
261332 6
261342 31
261343 22
261361 25
261421 16
261430 10
261433 19
261438 13
261444 1
261446 7
261447 4
261448 4
261449 25
261453 16
261465 22
261473 22
261479 22
261494 16
261497-002 13
261497-008 16
261497-802 16
261497-808 31
261499 35
261736 31
261738 13
261745 16
261751 13
261752 31
261755 4
261763 4
261781 13
261795 4
261891 13
263710 28
263721 16
263724 13
263745 31
263751 4
264702 31
264705 4
264709 16
264755 13
265706 31
265709 4
265710 16
266801 16
268732 16
268735 31
268741 4
269103 16
269105 7
269111 25
269130 13
269210 7
269341 13
269360 25
269370 13
269452 16
269498 31
270712 4
270721 31
305203 9
318322 19
329105 30
329106 28
330115 7
351100 25
351201 4
351302 34
351321 22
351364 16
351371 13
351425 7
351426 19
351464 4
352103 0
352311 19
352313 28
352314 34
352401 16
352412 31
352421 4
352422 10
352433 7
352441 4
353313 13
353418 28
353431 4
353441 31
353471 22
353482 19
354311 16
354312 4
355411 1
356100 13
356101 26
356102 12
356210 9
356261 18
356333 25
356361 16
356373 28
356374 16
356411 13
356414 0
356415 22
356416 16
356431 16
356432 25
356441 34
356442 10
356443 13
356444 28
356446 16
356447 7
356449 4
356451 31
356455 4
356471 16
356472 13
356474 4
356496 16
357101 20
357110 17
357210 28
357322 10
357323 16
357418 16
357421 13
357432 16
357441 7
357444 31
357446 31
359202 14
359205 4
359206 13
359302 28
359303 16
359305 10
359341 7
359350 34
359360 19
359380 4
359401 31
359403 6
359408 22
359422 4
359423 19
359452 13
359460 28
359461 4
359465 10
360100 29
360301 4
360304 4
360441 7
361210 16
361211 4
361214 16
361341 19
361413 4
361414 31
361421 28
361433 28
361442 22
361452 16
361461 13
361475 16
363210 22
363401 22
363402 16
365201 28
365211 4
365322 16
365324 31
365422 22
365425 16
365426 4
368211 10
368310 34
368412 28
368417 4
400110 17
400210 3
401281 10
401383 10
401391 7
403281 7
403383 16
406284 19
406294 22
406386 22
406396 31
408382 1
410381 34
413383 35
413391 0
415393 13
420282 28
421282 13
421292 31
421386 25
421396 19
422381 24
428281 4
428282 16
428381 4
428383 28
461170 25
461471 1
461472 13
461511 28
461523 16
461526 22
461527 22
461532 4
462130 30
462544 16
462587 10
462588 13
463201 19
463252 13
463331 16
463332 4
463342 13
463354 34
463433 1
463512 19
463513 4
463543 16
463544 9
463557 22
463559 31
463571 28
463592 10
464302 25
464312 19
464402 7
464403 25
464414 28
464442 16
464443 13
464445 31
464446 19
464500 31
464502 25
464504 16
464505 19
464506 22
464508 31
464545 31
464549 31
501201 9
501202 25
501305 9
501306 16
502313 25
502314 22
504202 16
504305 28
506202 28
508304 19
510306 12
512304 4
513113 19
513115 16
513212 31
513216 10
513217 19
513225 22
513284 16
513331 28
513343 4
513364 13
513373 16
513390 31
513411 4
513446 16
514202 1
514206 30
514222 22
514244 16
514272 28
514322 7
514336 31
514352 10
514358 19
514382 22
514384 13
514396 4
514398 16
514436 16
514462 19
514742 31
514752 4
515204 10
515205 31
515256 22
515257 19
515330 19
515337 7
515339 16
515362 31
515377 28
515378 10
515380 22
518724 16
518770 4
551461 13
552216 16
552217 22
552232 16
557433 31
558101 3
558411 22
558432 16
562101 10
562211 19
601201 15
601202 16
601231 4
601242 24
601342 7
601346 10
601351 22
601361 16
601423 28
601424 13
601431 28
601436 4
601452 22
601471 31
601472 0
601724 16
601731 31
601745 4
601769 31
601775 16
602100 23
602102 3
602103 27
602120 10
602121 21
602122 19
602301 31
602314 10
602421 0
602453 3
602454 16
602455 18
602461 4
602472 13
602741 16
602751 16
603200 34
603231 11
603321 29
603341 10
603396 31
603423 13
603496 16
603743 31
604101 19
604211 10
604311 7
604314 31
604315 4
604411 18
604415 35
604423 0
604431 1
604443 16
604454 4
605203 10
605302 28
605313 10
605315 24
605316 31
605321 13
605331 22
605340 4
605412 13
605413 28
605430 4
605476 31
605701 4
605711 31
605719 16
605742 28
606211 19
606243 31
606245 16
606264 4
606310 7
606341 28
606342 13
606344 31
606451 4
606452 16
610114 9
651210 19
651211 22
651212 16
651234 31
651306 4
651313 22
651314 10
651317 31
651319 19
651416 4
651425 16
701100 23
701181 24
701202 24
701235 0
701244 21
701283 25
701335 18
701408 4
701423 16
701496 16
702100 12
702101 8
702211 11
702312 1
702313 0
702317 4
702321 22
702331 22
702342 10
702354 31
702418 16
702443 19
702499 4
703103 14
703109 16
703202 19
703204 28
703243 19
703244 3
703309 1
703322 35
703324 16
703330 21
703331 10
703345 4
703351 31
703361 16
703413 28
703441 35
703499 22
705191 11
705211 22
705311 10
705328 34
705331 19
705332 0
705343 19
705431 35
705438 6
705440 6
705441 18
705442 27
705444 33
705447 31
705448 22
705499 10
751100 26
751101 27
751102 35
751106 19
751202 16
751209 27
751301 6
751302 12
751303 13
751305 31
751308 3
751309 5
751320 25
751326 4
751327 19
751330 33
751401 22
751403 3
751405 20
751408 28
751417 7
751418 16
751421 34
751422 13
751428 4
751440 13
751443 25
751701 4
751702 16
751703 31
751705 28
751706 16
751708 4
751716 28
751718 22
751719 22
751728 13
751734 31
751752 4
801100 17
801122 16
801134 13
801204 4
801233 31
801236 16
801241 22
801322 31
801334 4
801371 22
803122 22
803124 19
803131 16
803230 31
803232 16
803260 31
851100 15
851103 28
851104 3
851105 28
851201 7
851202 6
851204 10
851207 4
851241 16
851252 9
851253 6
851261 34
851263 13
851273 28
851305 31
851309 10
851345 19
851363 19
851366 19
851400 16
851404 28
851406 16
851407 25
851441 1
851462 4
851467 16
852100 30
951100 32
951231 4
951324 16
951344 16
951366 16
951421 31
951498-004 16
951498-007 16
951498-011 16
951498-015 16
951498-020 13
951498-021 25
953102 19
953111 9
953201 19
953202 31
953211 16
953214 16
953231 10
953232 13
953234 7
953323 28
953422 16
953494 4
954100 19
954140 9
954142 19
954143 35
954170 16
954240 25
954326 22
954340 34
954371 16
954374 4
954423 22
954462 34
954464 28
954472 1
954491-001 7
954491-002 0
954491-003 22
954498 4
955102 16
955104 13
