001101 12
001102 1
001111 4
001113 22
001201 1
001202 16
001210 7
001212 3
001218 7
001230 13
001231 9
001250 22
001291 34
001293 25
001310 15
001311 32
001312 21
001318 24
001320 25
001321 19
001323 4
001330 1
001342 31
001353 33
001354 28
001362 6
001381 30
001410 25
001423 22
001425 16
001443 31
001444 25
001445 34
001447 28
001461 28
002101 10
002110 22
002191 18
002192 10
002201 35
002211 22
002221 28
002250 7
002301 22
002333 16
002351 25
002361 3
002365 35
002401 28
002473 25
003101 19
003191 4
003201 22
003313 0
003320 31
003331 28
003367 22
004241 28
004282 10
004301 22
004303 4
004324 3
004432 21
004473 25
004475 34
004483 31
006103 30
006126 10
006206 31
006226 25
006242 22
006253 28
006303 28
006325 28
006326 7
006330 16
006344 31
006346 10
006355 16
006425 31
006426 22
006428 25
006443 10
006448 25
006454 16
008214 25
008303 22
008314 0
008411 31
008417 28
009103 5
009105 28
009212 22
009230 28
009231 16
009326 22
009328 28
009426 22
009431 28
009445 22
011100 35
011151 22
011152 21
011153 34
011251 35
011257 14
011259 22
011269 32
011276 9
011353 22
011356 25
011358 16
011362 10
011374 25
011461 19
011464 28
011479 0
012100 0
012173 29
012200 31
012273 16
012371 19
012475 25
013103 10
013110 7
013203 25
013204 18
013206 28
013209 10
013301 16
013302 3
013303 10
013305 9
013306 25
013307 22
013317 4
013321 7
013326 22
013329 25
013330 7
013335 22
013337 28
013413 19
013427 34
013433 25
014210 28
014211 31
014270 34
014310 16
014311 10
014322 21
014323 3
014324 22
014370 28
014371 35
014381 25
014382 22
014401 10
014471 28
014481 19
014485 22
015101 22
016101 31
017101 0
017102 10
017111 31
017112 25
017210 16
018103 4
018111 10
018113 34
018125 22
018203 31
018211 16
018213 10
018231 25
018235 22
018271 0
018301 19
018335 4
018351 25
018353 16
018433 25
018435 31
018438 22
018467 19
019101 33
019103 25
019105 18
019106 7
019108 22
019111 4
019203 22
019205 0
019206 22
019208 35
019211 31
019221 28
019303 31
019311 28
019331 4
019361 34
019371 28
019373 22
019381 22
019411 34
019442 16
019471 25
019473 7
020101 0
020102 31
020211 13
020212 25
020231 34
020311 25
020321 31
020333 19
020341 28
020362 25
020363 16
021101 24
021102 18
021203 19
021270 25
025108 16
025110 25
025310 22
025480 22
026101 4
026102 10
026111 4
026112 25
026201 19
026271 22
029701 22
029711 25
050100 13
050103 34
050104 21
050106 17
050111 15
051302 7
051304 30
051306 25
051313 22
051412 7
051418 19
052201 3
052202 31
052314 10
052350 28
052352 30
052357 15
052400 25
052419 19
052443 0
052445 10
052447 7
052725 22
055701 25
055706 31
055707 16
055771 31
055797 22
057121 34
057122 19
057123 0
057125 15
057126 0
057127 16
057128 19
057129 20
057130 35
057131 15
057132 16
057133 6
057134 10
057135 25
057137 0
057138 10
057139 25
057140 31
057201 25
057205 22
057215 19
057274 25
057279 30
057283 19
057284 19
057285 28
057288 25
057293 10
057294 28
057300 30
057302 31
057305 10
057351 16
057366 27
057403 35
057405 4
057410 0
057411 4
057420 7
057425 15
057426 22
057428 31
059419 4
061106 22
061201 22
061223 25
061306 15
061307 18
061312 25
061313 25
061317 19
061401 4
061403 22
061404 10
062342 19
062343 28
062344 4
062345 16
062346 31
062360 16
062380 22
062411 34
062452 19
062460 16
062470 19
063703 22
063813 25
064207 28
064231 28
064251 28
064281 25
064291 28
064301 34
064303 19
064410 21
064412 31
064417 7
064418 22
064424 21
064474 25
065210 16
065212 22
065310 16
065320 25
065332 30
065421 7
065434 25
065435 31
065436 22
065437 35
065797 25
065799 25
066221 25
066323 22
066410 4
066414 22
066425 16
066755 22
067202 25
067303 19
067311 7
067372 15
067373 28
067432 31
070301 34
070303 22
070304 4
070305 22
070308 25
070400 28
070401 28
070403 31
070404 31
070410 25
070411 28
070415 34
070416 25
070720 31
070721 16
070726 22
070727 22
070731 25
070792 25
071412 25
071413 31
071414 6
071420 28
071422 7
071423 4
071425 22
071712 16
071811 22
074100 22
074101 16
074414 22
076314 22
076414 22
076425 16
076427 31
076428 18
076429 19
076444 19
076466 21
078444 3
078454 4
079444 16
088708 25
091800 25
099101 3
099102 3
100102 10
100103 31
100104 33
100105 22
100109 4
100110 34
100111 34
100112 19
100206 31
100207 15
100208 24
100209 28
100210 21
100211 10
100212 15
100213 7
100218 22
100219 30
100220 3
100225 22
100226 10
100281 4
100306 35
100307 28
100308 0
100309 7
100310 20
100501 16
101100 15
101105 21
101201 10
101211 31
101400 10
101405 7
103112 7
103191 31
103271 21
104200 10
104201 19
104300 31
104301 7
104340 31
104410 22
104424 28
104495 16
105304 28
109100 31
109115 3
112101 22
112102 25
112103 22
112108 28
112201 31
112203 16
112213 28
112300 31
112411 22
112412 16
115200 22
115301 13
115302 33
116400 22
126101 5
126216 12
126321 24
126330 13
126333 31
126334 16
126428 27
126432 15
126443 3
127100 0
127101 19
127203 10
127204 28
127207 19
127303 12
127312 31
127314 19
127315 28
127316 16
127329 3
127337 9
127711 31
127717 16
127718 22
127719 25
128100 3
128101 0
128202 28
128203 7
128204 4
128307 31
128309 15
128334 7
128352 21
128354 7
128403 24
128701 31
128710 16
128730 22
128740 25
128762 25
140101 22
140102 25
140105 27
152321 16
154104 8
154141 34
154151 25
154231 31
154262 7
154281 3
154311 10
154330 28
154340 35
154351 22
154353 25
154363 25
154375 7
154377 0
154388 19
154433 22
154443 28
154488 19
159100 10
159101 30
159151 16
159203 28
159221 31
159302 4
159303 13
159305 19
159332 22
159356 7
159362 7
159403 10
159411 34
159412 22
159431 6
160341 3
164200 25
164341 35
168101 30
168410 31
176100 22
176101 8
176104 34
176220 19
177103 25
177214 25
177215 22
177216 28
177217 13
177242 31
177281 3
177283 19
177285 7
177321 22
177330 18
177336 12
177341 10
177361 16
177393 28
177404 4
177414 25
177427 25
177430 7
177434 22
177446 0
177447 21
177450 31
177465 10
177467 28
177481 34
177494 31
179403 22
201100 32
201110 21
201114 16
201115 24
201116 3
202100 27
202101 2
202141 24
202143 0
202145 19
202184 35
202231 19
202260 22
202310 25
202311 22
202332 35
202334 22
202342 0
202361 28
202371 31
202410 31
202434 34
202438 19
202443 28
202473 25
202474 22
202477 31
202495 19
202737 22
202765 28
202773 16
202776 28
202783 22
202833 25
202844 28
202848 25
203100 22
203103 4
203111 9
203116 31
203151 30
203162 0
203201 18
203203 26
203204 31
203206 26
203207 9
203208 19
203209 12
203222 16
203226 8
203231 3
203235 12
203236 10
203255 25
203300 22
203303 31
203315 19
203323 7
203324 28
203331 22
203332 34
203333 22
203351 25
203352 31
203475 31
203705 22
203709 16
203713 16
203714 22
203716 28
203723 22
203732 28
203736 16
203739 22
203743 22
203753 16
203803 31
203807 28
203821 16
203828 28
203879 25
204100 22
204101 4
204111 22
204202 6
204211 13
204216 19
204217 22
204231 16
204321 3
204325 6
204335 3
204341 0
204361 24
204363 22
204365 28
204381 0
204383 34
204432 22
204442 35
204451 12
204453 25
204471 16
204721 16
204725 25
204735 22
204764 25
204891 25
205100 25
205103 22
205104 35
205105 15
205235 15
205239 22
205275 6
205303 4
205337 15
205355 19
205393 7
205441 25
205461 28
205765 31
205805 25
206100 27
206101 21
206103 27
206107 0
206108 35
206111 30
206113 34
206161 31
206171 11
206181 18
206191 16
206203 16
206207 21
206211 12
206216 13
206217 19
206254 22
206261 9
206267 16
206281 25
206300 22
206321 12
206324 22
206325 21
206327 19
206328 34
206331 31
206335 31
206336 0
206341 24
206355 4
206362 0
206370 25
206381 28
206412 25
206432 19
206436 16
206437 22
206441 35
206457 28
206470 16
206705 22
206707 16
206713 25
206717 22
206720 22
206726 16
206738 22
206739 25
206743 22
206753 22
206785 25
207100 25
207103 35
207105 29
207106 25
207107 25
207109 21
207110 4
207115 34
207117 19
207123 35
207131 24
207135 16
207171 6
207173 22
207183 10
207187 25
207203 13
207205 4
207208 10
207213 27
207308 24
207310 7
207313 22
207323 31
207348 19
207401 16
207403 31
207406 31
207419 4
207422 28
207455 19
207458 25
207463 28
207701 31
207703 16
207705 22
207711 25
207808 25
208101 26
208140 22
208150 25
208263 28
208270 16
208271 27
208280 28
208321 35
208329 28
208343 19
208348 31
208383 4
208425 16
208439 19
208440 22
208469 31
208711 31
208760 16
208761 22
208770 25
208871 22
208872 25
209201 31
209251 22
209301 28
209302 0
209303 19
209331 25
209351 3
209358 34
209361 25
209368 16
209375 31
209451 31
209453 16
209461 25
209463 28
209483 31
209485 16
209705 31
209707 16
209771 25
209773 19
209779 28
209785 22
210201 25
210202 19
210204 10
210343 22
210351 25
210383 19
210425 16
210433 35
210434 28
210445 25
210485 25
210703 31
210704 16
210705 22
210707 25
210731 25
211100 28
211311 24
211315 6
211319 25
211440 22
211443 31
211702 25
211889 28
212701 31
212703 22
212711 25
212741 16
213706 25
213707 22
213711 25
213714 16
214100 34
214261 22
214312 3
214341 35
214381 34
214401 16
214411 25
214414 19
214415 4
214430 28
214445 25
215205 15
215206 31
215207 34
215208 10
215302 4
215381 16
215411 28
215431 22
215734 28
215744 22
215752 25
215762 22
215782 16
215785 28
216781 22
217701 16
217703 22
217707 25
217726 22
217775 25
217781 25
218100 19
218101 28
218233 31
218235 25
218321 19
218323 16
218351 28
218471 16
218474 10
218475 22
219720 25
219731 16
220703 25
226701 25
226702 25
226709 25
226710 22
229123 15
229323 7
251211 31
251213 3
251216 22
251261 22
251281 19
251312 31
251313 28
251333 16
251361 0
251363 16
251371 22
251372 34
251374 19
251384 28
251411 31
251437 28
251438 10
251439 25
251461 19
251475 22
251479 28
251701 19
251702 31
251703 25
251711 19
251714 31
251715 16
251717 22
251718 19
251745 16
251751 31
251752 16
251757 22
251758 19
251776 19
251783 31
251785 16
251790 25
252201 19
252211 3
252232 28
252282 7
252283 35
252285 30
252286 35
252301 9
252302 7
252317 34
252320 16
252322 35
252325 12
252327 16
252330 0
252342 10
252363 31
252420 34
252421 25
252425 28
252427 19
252439 28
252444 22
252450 19
252460 31
252498 22
252702 31
252708 31
252711 22
252719 31
252724 22
252725 16
252752 16
252785 16
252789 19
252791 25
253303 7
253314 34
253315 25
253432 4
253455 34
253456 19
253481 16
253701 16
253717 22
253722 25
253732 31
253734 22
253736 19
253747 16
253748 19
253752 25
253754 31
254181 28
254205 22
254206 3
254211 16
254215 12
254216 13
254222 19
254231 21
254232 31
254252 6
254282 12
254302 9
254325 28
254333 17
254372 30
254373 25
254421 0
254426 7
254436 4
254439 22
254441 16
254451 34
254456 31
254457 35
254459 19
254461 16
254471 25
254473 22
254494 34
254496 25
254700 22
254702 19
254703 25
254710 16
254734 25
254770 19
254804 31
254872 16
254875 31
255201 3
255215 13
255251 22
255290 28
255300 23
255320 14
255321 8
255330 27
255359 30
255415 19
255417 7
255420 7
255422 28
255424 22
255431 25
255432 22
255434 16
255438 25
255449 16
255454 28
255455 22
255460 19
255462 10
255471 31
255492 22
255722 16
255734 22
255750 19
255752 31
255758 25
255764 25
255766 31
255770 22
255771 16
255772-001 31
255772-801 22
255772-803 31
255772-804 25
256100 21
256212 6
256271 16
256281 22
256316 28
256333 25
256373 4
256384 16
256412 19
256418 22
256441 28
256457 7
256462 0
256473 22
256700 22
256751 25
259103 24
259104 6
259106 19
259107 12
259108 25
259109 15
259201 34
259203 16
260312 25
260701 4
260705 22
260709 25
260716 19
260718 16
260772 31
261103 15
261111 11
261200 7
261210 0
261212 19
261216 13
261217 25
261304 0
261305 24
261335 28
261336 30
261342 22
261343 13
261361 35
261405 7
261434 4
261447 22
261456 19
261457 31
261458 19
261469 16
261473 16
261497 16
261701 31
261702 16
261706 22
261739 25
261746 16
261754 25
261769 25
261781 25
261791 22
261792 25
263701 16
263702 22
263720 31
263760 25
263771 31
264701 19
264706 31
264710 22
264741 16
264789 22
264791 25
266702 25
268721 25
269101 22
269102 25
269111 19
269200 22
269201 25
269202 10
269340 16
269430 35
269462 25
269470 31
269494 22
270701 22
270702 25
270711 16
270712 22
270791 16
301254 1
305202 31
311352 1
318322 22
318351 22
320351 28
321251 28
324703 25
328310 28
328313 16
330110 32
330111 27
351100 28
351200 22
351201 10
351202 18
351301 10
351302 31
351321 22
351331 16
351410 7
351425 25
351441 10
351442 7
351451 22
351463 4
351466 16
352103 4
352301 22
352311 19
352321 7
352323 34
352421 22
352422 10
352431 0
353301 10
353311 28
353421 22
353431 7
353451 3
353452 10
354311 18
356100 35
356101 34
356102 4
356202 7
356210 16
356212 16
356261 10
356303 4
356304 0
356312 16
356361 22
356411 28
356416 34
356432 22
356477 31
357110 35
357210 34
357322 25
357325 16
357360 31
357417 16
357441 22
357491 10
359202 23
359203 35
359204 7
359206 16
359301 30
359311 13
359380 22
359405 34
359409 22
359410 10
359413 22
359421 28
359465 16
360100 15
360210 28
360301 4
360304 0
360402 25
360403 16
360423 22
360460 34
361210 25
361211 10
361301 7
361321 31
361351 16
361453 16
361471 25
362211 25
363210 19
365201 4
365211 16
365321 31
365421 25
365427 28
365428 28
365431 19
368200 31
368317 0
368431 19
400110 18
400211 22
401382 16
403382 25
406385 19
406395 31
409281 7
409292 34
411281 4
411291 19
415291 31
420281 16
421281 22
421291 25
421385 7
421395 27
423382 34
428382 4
461100 4
461170 18
461471 19
461511 22
461523 25
461526 28
461527 34
461529 31
462130 13
462151 19
462505 22
462523 25
462541 7
462586 28
462587 34
462588 28
463251 28
463311 16
463331 4
463341 34
463353 19
463402 25
463433 28
463455 4
463491 18
463503 16
463504 4
463545 4
463556 25
463558 19
464301 22
464311 30
464341 25
464401 31
464413 16
464441 22
464443 19
464444 34
464445 34
464501 31
464502 22
464503 16
464508 28
464509 28
464510 28
464541 22
464542 25
464546 28
464549 35
501301 25
501302 4
502211 4
504302 16
506303 19
506361 0
508203 18
508303 22
510201 13
510202 31
510411 16
510414 22
510415 19
510417 31
512303 31
513111 30
513114 25
513223 7
513224 16
513283 10
513315 22
513324 4
513328 31
513363 19
513371 25
513412 19
513429 31
513445 16
513451 22
513471 25
514211 16
514241 10
514317 34
514323 4
514335 31
514341 16
514343 22
514381 25
514383 7
514395 28
514397 19
514466 22
515201 25
515250 31
515307 16
515312 31
515334 4
515361 19
515364 34
515376 25
515403 16
515455 22
515490 25
551311 16
552216 22
552217 10
552222 22
553312 16
554314 22
555313 10
556311 22
558431 25
561312 25
562211 22
571115 25
601201 19
601302 10
601321 10
601341 30
601344 19
601351 0
601422 7
601452 10
601456 16
601462 25
601702 31
601731 16
601742 25
601758 25
601765 31
601767 22
602100 5
602102 19
602103 34
602111 16
602211 31
602315 22
602321 27
602322 18
602431 31
602432 25
602441 16
602464 15
602731 25
602753 22
602761 22
603211 3
603322 25
603332 16
603352 22
603371 10
603421 7
603441 25
603711 16
603723 22
603731 25
604304 34
604305 0
604312 7
604313 31
604351 28
604352 22
604412 31
604414 19
604416 28
604422 25
604451 22
604715 22
605201 25
605204 28
605301 31
605313 4
605314 25
605321 22
605322 16
605341 35
605412 34
605432 16
605444 25
605445 31
605461 22
605701 22
605702 25
605717 25
605741 16
605745 22
605751 22
606231 28
606242 35
606244 10
606263 7
606343 22
606362 25
606363 7
610114 31
651105 4
651109 22
651120 19
651210 10
651311 22
651312 25
651315 28
651316 31
701101 22
701181 4
701182 25
701183 13
701201 34
701211 21
701281 10
701295 31
701313 21
701321 6
701331 16
701341 7
701342 24
701344 10
701407 4
701425 28
701455 22
701494 19
702100 4
702101 18
702205 16
702211 18
702213 25
702312 28
702316 22
702317 13
702318 3
702341 34
702351 31
702411 16
702416 4
702431 19
703103 33
703202 23
703243 33
703244 13
703305 10
703308 12
703309 22
703310 16
703311 25
703322 3
703323 28
703324 25
703330 4
703331 25
703391 25
703404 31
703412 25
703447 28
703454 22
703498 16
705191 25
705211 31
705311 10
705328 19
705329 7
705331 25
705342 28
705351 25
705437 34
705438 4
705440 25
705441 3
705442 28
705444 22
705446 25
705447 16
705461 10
705493 16
751100 10
751101 21
751102 35
751106 28
751202 10
751209 9
751301 6
751302 35
751303 25
751305 12
751308 30
751309 31
751321 7
751326 28
751327 16
751330 19
751345 25
751401 24
751403 16
751405 0
751408 21
751417 16
751419 22
751425 31
751428 28
751441 28
751443 35
751447 25
751451 19
751701 19
751702 31
751703 4
751704 22
751705 34
751706 19
751708 31
751710 4
751712 25
751716 22
751718 16
751726 25
751734 34
751742 22
751743 16
801100 29
801201 31
801225 7
801235 19
801324 25
801331 7
801333 28
801334 10
801336 4
801421 16
801471 28
801481 25
803121 22
803123 16
803231 22
803331 22
851100 20
851104 22
851105 31
851108 16
851200 12
851201 25
851202 15
851204 34
851205 0
851243 4
851251 22
851262 3
851273 27
851305 10
851309 18
851313 35
851343 6
851344 22
851345 22
851360 10
851362 19
851367 33
851372 4
851375 31
851400 13
851404 16
851406 28
851407 35
851462 15
852101 31
852102 22
852103 25
951100 25
951102 22
951106 25
951125 7
951203 31
951302 19
951323 28
951331 25
951344 7
951348 25
951352 22
951497-020 31
951497-021 34
953103 19
953111 14
953211 16
953212 22
953233 7
953261 16
953321 31
953322 25
953331 10
953361 31
953421 19
953494 16
954100 6
954140 22
954143 18
954170 35
954246 31
954326 10
954370 22
954374 3
954410 35
954413 19
954416 7
954426 25
954443 25
954449 34
954462 4
954471 28
954477 31
954491 16
954498 22
955102 4
955103 27
955104 16
958111 16
