001101 11
001102 11
001112 0
001118 24
001201 1
001202 31
001210 28
001222 4
001223 4
001224 21
001225 4
001226 33
001227 12
001228 21
001229 4
001230 33
001231 16
001234 25
001250 7
001291 24
001292 15
001310 9
001311 32
001312 21
001314 4
001315 31
001320 0
001321 7
001323 22
001330 7
001341 28
001342 13
001352 13
001355 24
001361 18
001362 35
001391 22
001410 34
001423 19
001440 34
001445 19
001446 4
001463 13
001471 7
001472 1
002102 13
002111 0
002191 10
002202 0
002230 22
002260 13
002302 4
002311 13
002321 28
002331 7
002362 34
002402 22
002441 4
002471 19
003102 7
003191 33
003202 7
003314 13
003331 7
003332 34
003361 28
003367 7
003454 19
004282 22
004465 7
004472 13
004474 19
004476 35
006103 9
006226 34
006241 35
006253 1
006307 10
006326 28
006330 19
006349 16
006353 19
006423 7
006432 22
006443 7
006448 22
006475 31
008214 15
008314 7
008326 19
008402 13
008411 22
009103 28
009213 34
009234 0
009236 19
009254 13
009325 34
009327 28
009344 1
009355 13
009356 28
009358 7
009363 19
009446 4
011100 33
011101 24
011154 3
011156 6
011157 19
011251 9
011257 34
011268 28
011269 33
011276 19
011277 13
011278 22
011355 14
011367 34
011457 16
011479 7
012173 10
012200 34
012271 21
012272 34
013103 1
013110 10
013203 15
013204 1
013207 25
013208 15
013209 21
013216 31
013217 25
013301 9
013303 7
013306 18
013321 34
013335 1
013337 22
013410 4
013413 10
013422 19
013428 13
013431 16
013432 4
014210 13
014211 16
014270 35
014310 25
014311 7
014323 1
014370 35
014383 25
014390 19
014401 0
014410 16
014422 4
014423 28
014471 15
014481 19
015101 28
015102 28
016101 10
016102 34
017101 6
017102 22
017111 7
017112 7
017231 13
018104 4
018111 19
018112 31
018114 6
018126 10
018204 7
018271 3
018323 7
018352 19
018372 13
018468 7
019101 9
019104 16
019105 3
019106 10
019112 22
019204 25
019205 28
019206 7
019212 13
019222 22
019332 19
019351 34
019362 28
019373 1
019441 13
020101 7
020102 0
020212 13
020231 13
020232 19
020261 22
021101 16
021102 19
021203 7
021204 19
021270 34
024752 13
025110 7
025381 7
025481 16
026101 11
026102 10
026111 35
026112 25
026201 1
026202 7
050100 13
050103 6
050104 34
050106 30
050112 32
050113 31
051302 35
051304 1
051306 22
051310 22
051313 25
051412 28
051418 13
052203 21
052310 15
052323 13
052331 7
052350 28
052351 16
052353 31
052355 30
052400 4
052417 7
052420 34
052422 25
052441 19
052442 35
052445 13
052448 22
052449 10
052725 19
054821 13
054822 13
055702 19
055703 13
055711 28
055739 28
057121 20
057122 34
057123 12
057125 7
057126 31
057127 19
057128 23
057129 31
057130 20
057131 7
057132 27
057133 18
057134 27
057135 10
057136 7
057137 9
057138 28
057139 28
057213 7
057283 34
057286 28
057287 1
057290 7
057295 28
057297 1
057298 34
057301 35
057302 13
057305 16
057307 25
057316 13
057366 21
057401 22
057404 13
057407 15
057413 4
057419 31
057425 16
057427 7
057428 9
057450 13
059405 35
059413 4
059419 6
061106 19
061201 16
061205 7
061223 9
061224 22
061306 9
061312 10
061313 16
061317 22
061319 31
061401 10
061403 22
061405 10
061430 13
062342 34
062346 19
062360 1
062380 28
062411 34
062452 1
062460 19
062470 4
062499 7
063201 35
064204 25
064231 22
064232 4
064252 34
064303 13
064411 0
064412 22
064413 1
064417 16
064422 13
064423 25
064424 18
064474 7
065120 13
065121 21
065211 0
065212 24
065311 0
065320 10
065333 31
065420 21
065436 7
065437 7
065438 25
065782 28
065795 19
065797 13
065799 13
066222 1
066324 0
066412 19
066416 4
066426 16
067201 22
067203 7
067303 13
067311 31
067371 30
067433 28
067435 25
067436 34
067491 4
070200 22
070304 7
070305 7
070400 7
070401 13
070403 7
070404 13
070410 22
070411 4
070413 35
070414 28
070415 13
070416 22
070727 19
070731 13
070741 13
071411 15
071412 0
071413 28
071414 13
071415 31
071416 16
071417 13
071419 34
071420 19
071426 7
071724 13
074100 15
074101 15
076414 13
076426 4
076427 31
076428 19
076429 7
076430 25
076444 3
076466 34
078444 8
079444 28
088708 13
099101 16
099102 13
099103 13
100102 22
100104 1
100109 3
100110 16
100111 12
100112 4
100205 25
100206 22
100207 13
100208 3
100210 35
100212 27
100213 4
100214 7
100218 28
100219 31
100220 15
100222 19
100225 7
100227 28
100281 22
100306 19
100307 22
100308 4
100309 24
100310 28
100501 15
101201 34
101202 13
101205 32
101325 7
101405 7
101490 22
103271 22
104100 1
104201 7
104302 0
104310 7
104320 15
104327 28
104334 7
104435 19
104450 16
104490 31
109100 10
109114 28
112101 16
112105 28
112106 19
112109 7
112202 13
112205 19
112303 7
112321 7
112322 7
112406 7
112424 13
115300 7
116301 28
116302 4
126101 24
126102 7
126212 16
126213 22
126214 7
126324 4
126325 7
126328 0
126330 0
126331 34
126332 27
126400 13
126431 19
126434 4
126436 30
126437 7
126438 4
126442 31
127100 19
127101 28
127202 7
127205 13
127206 34
127303 15
127313 19
127320 0
127330 35
127332 31
127333 15
127336 34
127359 13
127411 19
127412 1
127413 22
127414 13
127415 31
127416 16
127424 4
127433 13
127492 7
127716 28
127720 19
127721 4
127730 13
128100 5
128101 1
128201 22
128304 13
128305 5
128306 27
128308 27
128310 19
128353 7
128401 7
128423 22
128425 4
128427 22
128429 7
128434 16
128445 22
128451 1
128462 35
128471 13
128484 19
128700 28
128712 19
128727 7
128734 13
128751 19
140101 7
140102 10
140103 35
140104 27
140105 13
152211 19
152301 34
152321 19
152331 19
154100 22
154104 35
154141 19
154152 13
154153 22
154173 16
154181 19
154251 7
154276 4
154281 30
154301 10
154330 19
154431 4
154479 22
154482 34
154492 13
159100 3
159101 7
159102 22
159151 16
159202 15
159203 7
159204 31
159331 28
159411 3
159412 7
159434 25
159462 13
160342 34
164261 7
164341 13
168101 19
168410 7
176100 27
176101 3
176104 7
177104 13
177113 35
177114 18
177141 25
177142 16
177181 28
177220 4
177222 7
177227 31
177228 22
177229 15
177300 7
177321 10
177332 19
177335 4
177341 1
177361 25
177362 13
177413 7
177420 35
177425 28
177429 34
177430 28
177431 1
177433 10
177460 22
177464 13
177465 0
177466 0
177470 28
177471 13
177483 16
177491 0
177494 34
177495 34
179402 28
179403 34
179404 7
179406 13
179443 25
201100 19
201110 15
201114 16
201116 18
201117 9
201190 16
202100 18
202101 21
202102 9
202147 21
202231 24
202303 7
202305 28
202311 22
202331 25
202356 7
202371 31
202405 19
202432 1
202442 7
202461 7
202471 31
202475 4
202476 10
202484 31
202731 19
202736 7
202749 13
202770 7
202804 13
202807 13
202833 13
202843 19
203100 9
203104 27
203108 1
203111 35
203113 30
203114 1
203131 4
203132 22
203151 0
203152 18
203154 21
203158 0
203159 19
203162 17
203202 0
203203 30
203204 33
203206 29
203207 0
203208 18
203209 25
203211 30
203222 22
203223 25
203226 24
203232 35
203236 0
203250 6
203287 12
203300 13
203304 12
203316 35
203351 10
203352 18
203413 25
203424 19
203425 7
203435 7
203459 22
203708 19
203715 13
203719 7
203721 13
203734 19
203735 19
203749 7
203754 13
203775 19
203804 13
203812 19
203825 28
203829 19
204100 25
204101 28
204113 10
204123 16
204202 10
204217 27
204232 30
204251 34
204306 18
204315 0
204320 1
204333 35
204355 7
204362 24
204382 13
204422 22
204425 16
204441 0
204443 10
204452 19
204456 28
204482 7
204483 4
204490 21
205100 16
205103 25
205105 28
205216 24
205232 7
205244 27
205252 21
205282 12
205324 28
205344 10
205358 25
205361 7
205382 22
205421 7
205473 28
206100 2
206103 21
206104 4
206108 13
206111 2
206112 25
206161 26
206162 19
206171 20
206172 23
206181 9
206182 4
206191 7
206211 12
206216 18
206217 10
206253 0
206255 10
206261 19
206266 26
206281 27
206311 19
206313 28
206321 18
206325 13
206327 25
206331 22
206336 35
206341 34
206342 22
206355 7
206357 22
206362 12
206364 19
206367 9
206368 25
206370 19
206421 1
206435 7
206437 13
206467 15
206471 19
206476 3
206481 9
206725 7
206726 19
206728 13
206729 13
206731 7
206734 19
206736 28
206737 28
206774 19
207100 31
207104 3
207105 25
207106 12
207108 19
207109 35
207110 7
207116 3
207117 17
207118 13
207125 1
207137 19
207162 22
207172 13
207181 0
207187 32
207188 10
207191 6
207195 25
207214 28
207302 10
207305 12
207306 34
207312 31
207321 13
207402 16
207408 19
207415 22
207442 10
207448 7
207449 7
207704 28
207706 7
207708 19
207712 13
207741 13
207766 13
207776 13
208101 12
208140 15
208141 21
208161 22
208250 22
208263 16
208264 21
208271 15
208272 0
208322 10
208345 28
208346 22
208353 16
208362 35
208373 4
208384 19
208423 10
208444 19
208446 13
208460 7
208738 28
208740 13
208770 19
208772 19
208774 7
208776 19
208873 13
209203 12
209204 24
209252 12
209253 31
209262 24
209263 19
209270 28
209271 10
209272 27
209322 7
209332 7
209341 13
209352 34
209370 10
209376 25
209382 28
209424 7
209452 7
209454 13
209456 31
209466 28
209486 13
209714 28
209772 13
209787 19
209789 28
210100 35
210200 34
210207 19
210221 10
210251 13
210276 28
210315 7
210331 22
210355 34
210432 19
210435 7
210448 34
210463 25
210702 13
210717 19
210734 7
210741 19
210743 7
210748 19
210787 7
211100 15
211303 7
211312 35
211315 24
211318 22
211319 27
211341 25
211342 28
211448 13
211449 4
211495 7
211709 13
212712 13
212714 19
212731 28
213708 13
213717 19
213718 19
213763 7
214301 21
214310 24
214340 7
214341 16
214352 7
214403 10
214412 13
214431 19
214442 19
214462 7
214491 13
215205 17
215206 12
215207 22
215208 28
215303 13
215312 12
215313 25
215314 22
215401 19
215462 10
215482 13
215711 19
215783 13
217705 7
217708 19
217773 13
218100 6
218234 13
218236 10
218244 25
218262 19
218352 25
218362 19
218372 22
218382 34
218481 19
218486 7
218496 22
219753 7
219781 19
226703 13
226704 19
226710 19
226805 13
229223 22
229351 22
251100 35
251211 29
251213 7
251216 31
251242 28
251261 18
251292 10
251312 19
251313 16
251333 25
251334 13
251342 9
251361 13
251363 22
251371 25
251372 0
251374 3
251399 35
251411 1
251417 16
251434 22
251436 22
251451 34
251455 1
251456 1
251457 25
251461 7
251465 19
251704 4
251707 13
251713 13
251716 28
251723 7
251724 19
251738 13
251746 28
251748 7
251754 28
251760 7
251763 13
251765 19
251773 28
251781 7
251784 19
252210 18
252212 13
252222 35
252235 30
252281 31
252282 31
252283 16
252285 13
252311 28
252320 7
252331 10
252353 9
252401 13
252402 30
252403 24
252404 35
252413 7
252420 35
252421 34
252422 7
252423 16
252427 13
252428 0
252429 13
252435 21
252440 22
252442 22
252443 16
252448 34
252450 7
252456 34
252459 28
252460 10
252479 13
252489 7
252706 19
252707 7
252714 28
252721 28
252727 7
252755 7
252765 19
252781 19
252792 13
253215 21
253318 25
253321 19
253332 13
253423 1
253433 13
253441 34
253443 13
253451 7
253452 31
253454 34
253721 13
253725 28
253731 28
253734 7
253735 7
253747 4
253749 6
253752 4
253754 19
253791 19
254182 9
254200 16
254205 31
254206 25
254207 22
254211 25
254215 6
254216 9
254222 25
254231 10
254232 8
254271 35
254282 22
254334 13
254352 18
254362 24
254371 6
254373 0
254400 10
254411 10
254412 4
254415 34
254421 21
254423 28
254424 7
254427 34
254435 7
254441 28
254443 13
254445 10
254446 22
254451 22
254452 7
254453 22
254466 19
254476 19
254477 22
254478 4
254495 28
254701 13
254721 19
254733 28
254737 7
254771 7
254816 13
254857 19
255210 13
255230 35
255300 34
255301 30
255316 0
255323 19
255328 15
255337 24
255340 3
255393 28
255422 22
255425 7
255430 7
255432 9
255433 7
255437 13
255440 1
255442 1
255445 19
255447 7
255451 13
255455 21
255463 7
255471 19
255497 4
255714 4
255735 7
255746 13
255750 4
255751 4
255769 19
255772 19
255783 28
255786 19
255791 3
255792 19
256100 9
256271 16
256281 10
256317 25
256318 7
256334 34
256415 22
256419 25
256442 7
256443 21
256456 19
256473 10
256474 10
256713 4
256741 13
256752 28
256753 19
256791 13
259103 23
259104 21
259106 35
259107 25
259108 22
259193 18
259195 30
259200 12
259201 0
259203 35
259401 22
260313 19
260334 22
260421 7
260702 4
260712 28
260719 19
260791 13
261102 4
261111 24
261112 24
261113 22
261205 13
261207 6
261208 13
261214 34
261215 25
261218 15
261305 35
261306 19
261332 3
261342 7
261343 13
261361 22
261411 10
261421 10
261430 25
261433 10
261444 28
261446 28
261447 22
261448 13
261449 7
261453 1
261465 24
261473 28
261479 13
261494 28
261497 31
261498 7
261499 10
261731 13
261736 13
261742 28
261745 7
261751 13
261752 19
261755 28
261763 7
261792 4
261796 19
261891 7
263710 4
263721 28
263724 19
263745 13
263751 13
264702 28
264703 19
264705 13
264755 4
264791 7
265706 28
265709 19
265710 13
266703 13
266801 19
268735 28
268741 7
268742 13
269103 22
269105 7
269130 10
269210 28
269341 25
269360 31
269370 16
269497 4
269498 13
270721 7
270791 7
305203 4
318322 7
329104 29
330112 4
351100 22
351201 7
351302 25
351331 22
351364 28
351371 7
351425 13
351426 13
351464 22
352103 34
352311 19
352314 4
352315 22
352323 13
352331 4
352332 31
352401 16
352412 13
352413 7
352421 1
352422 7
352433 25
352441 22
353313 28
353418 16
353431 10
353441 19
353471 22
353482 13
354311 4
354312 4
355411 7
356100 32
356101 14
356102 28
356210 6
356261 19
356306 10
356331 22
356333 34
356373 22
356375 7
356411 16
356412 10
356415 13
356416 10
356431 16
356432 4
356441 7
356442 31
356443 34
356444 25
356446 28
356447 22
356448 28
356449 7
356455 13
356472 4
356474 13
357110 27
357210 4
357322 19
357323 16
357418 7
357421 34
357432 22
357442 31
357444 22
357446 1
359202 7
359205 22
359206 19
359302 31
359305 19
359341 7
359350 10
359360 16
359401 7
359403 22
359419 19
359422 13
359452 31
359455 13
359460 13
359461 34
360100 33
360301 34
360402 22
360403 13
360411 7
360423 4
360441 4
360460 16
361210 34
361211 16
361214 7
361341 22
361414 7
361421 10
361433 4
361442 31
361461 13
361475 34
363210 3
365201 13
365211 16
365301 34
365324 22
365331 4
365422 31
365425 13
365426 7
368211 10
368310 31
368412 25
368417 10
368433 34
400110 9
400210 18
401281 34
401383 34
401391 22
403281 1
403383 7
406284 7
406294 28
406386 24
406396 0
408382 13
410381 35
413383 16
413391 28
415393 1
420282 13
421282 25
421292 22
421386 4
421396 25
422381 15
428281 4
428282 19
428381 19
428383 21
461170 30
461471 34
461472 13
461511 13
461526 13
462130 10
462531 4
462542 28
462545 19
462582 13
462587 34
462588 7
463201 13
463252 7
463331 34
463332 7
463342 19
463354 13
463512 13
463513 34
463534 7
463543 7
463544 4
463557 19
463559 22
463571 16
463592 1
464302 22
464312 1
464402 4
464403 19
464414 1
464442 22
464443 25
464445 13
464446 28
464500 7
464502 34
464504 22
464505 4
464506 19
464508 7
464544 13
464545 7
464546 7
464549 25
501201 1
501202 19
501305 22
501306 7
502313 1
502314 25
504202 28
504305 19
506202 13
508304 13
510306 34
512304 4
513113 25
513115 35
513212 13
513216 7
513217 28
513225 1
513284 19
513331 19
513343 7
513364 13
513373 22
513390 4
513411 7
513446 13
514202 16
514206 13
514222 10
514244 22
514272 28
514322 25
514336 13
514352 19
514358 4
514382 22
514384 34
514396 7
514398 1
515204 22
515205 16
515256 19
515257 7
515330 7
515337 25
515339 4
515362 19
515377 35
515378 22
515380 13
515407 4
515440 28
515441 19
515442 13
518724 13
518770 19
551311 28
552216 13
552217 7
552232 13
553312 19
554314 13
555313 19
556311 13
557433 28
558101 6
558432 1
561312 7
562101 4
562211 13
571115 7
601201 31
601202 22
601231 7
601242 24
601342 25
601346 22
601351 4
601361 19
601423 10
601424 28
601425 28
601436 28
601452 1
601471 13
601472 7
601745 19
601769 28
601775 13
602100 34
602102 31
602103 35
602120 16
602121 30
602122 19
602314 18
602421 22
602432 25
602453 35
602454 22
602455 7
602461 19
602463 22
602471 13
602741 19
602751 13
603200 9
603231 4
603321 7
603341 22
603396 34
603423 31
603496 7
603725 28
603743 19
603751 13
604101 34
604211 19
604311 24
604314 4
604315 30
604411 24
604415 13
604423 0
604431 27
604443 7
604454 13
604455 15
605203 13
605302 22
605313 31
605315 28
605316 16
605321 19
605331 30
605340 22
605412 19
605430 13
605711 19
605719 13
606211 1
606243 13
606245 15
606264 19
606310 7
606341 28
606342 7
606344 19
606451 6
606452 13
610114 18
651211 1
651212 13
651231 7
651234 7
651306 13
651313 22
651314 7
651317 13
651319 4
651416 28
651425 19
701100 17
701101 31
701181 9
701202 16
701211 7
701235 4
701243 13
701244 35
701283 27
701310 19
701335 13
701408 7
701409 7
701410 13
701496 28
702100 6
702101 8
702211 29
702213 12
702312 18
702317 33
702321 22
702331 13
702342 31
702354 0
702423 19
702443 16
702499 13
703103 22
703202 35
703204 19
703243 25
703244 3
703322 13
703324 24
703330 10
703331 16
703345 13
703351 35
703361 22
703413 28
703441 19
703444 7
703499 7
705191 27
705211 6
705311 7
705328 13
705331 25
705332 16
705343 28
705431 6
705438 30
705440 31
705441 24
705444 1
705446 1
705447 16
705461 10
705492 13
705499 7
751100 7
751101 0
751102 4
751106 19
751202 31
751209 35
751301 6
751302 24
751303 3
751305 28
751308 33
751309 13
751321 7
751326 1
751330 35
751345 16
751401 25
751403 22
751405 29
751408 34
751417 7
751418 7
751419 13
751421 13
751422 7
751424 7
751428 9
751440 28
751443 19
751447 15
751451 10
751701 3
751702 13
751703 28
751705 6
751706 13
751708 7
751710 19
751716 4
751718 4
751719 28
751727 28
751742 19
751744 19
801100 15
801122 31
801134 13
801204 35
801233 22
801236 16
801241 13
801322 7
801334 7
801371 13
803122 13
803124 16
803131 22
803230 31
803232 7
803260 31
851100 21
851103 6
851104 16
851105 28
851200 16
851201 7
851202 30
851204 1
851207 25
851241 35
851252 22
851253 13
851261 25
851263 27
851273 18
851305 30
851306 27
851309 35
851313 7
851363 7
851366 15
851375 6
851400 10
851401 13
851404 4
851406 16
851443 7
851445 19
851450 21
851462 22
851467 19
951100 26
951202 25
951231 13
951321 31
951324 10
951366 31
951421 22
951498-020 7
951498-021 34
953102 13
953104 19
953111 0
953201 31
953202 7
953214 7
953231 16
953232 28
953234 22
953323 19
953361 28
953421 7
953444 28
953494 1
953495 34
954100 28
954140 4
954142 6
954143 22
954170 13
954240 30
954244 35
954310 10
954340 1
954347 35
954371 7
954372 31
954374 4
954413 22
954421 10
954423 28
954464 22
954472 22
954491 25
954498 13
955102 16
955104 28
