001101 13
001102 4
001111 27
001113 16
001201 1
001202 10
001210 14
001212 0
001218 1
001230 12
001231 33
001250 5
001291 6
001293 16
001310 22
001311 4
001312 4
001315 4
001318 20
001320 28
001321 15
001323 15
001330 6
001342 16
001353 19
001354 32
001362 25
001410 34
001423 22
001425 16
001443 7
001444 22
001445 28
001447 4
001461 34
001464 33
002101 4
002110 16
002191 4
002192 4
002201 16
002211 31
002221 19
002250 34
002301 16
002333 10
002351 22
002365 19
002372 30
002401 30
002441 25
002473 12
003101 24
003191 10
003201 34
003314 22
003320 25
003331 10
003414 28
003421 25
003436 31
004241 27
004301 31
004303 13
004324 18
004351 22
004432 19
004473 7
004475 10
006103 27
006126 19
006206 31
006226 25
006242 34
006253 16
006303 31
006307 30
006326 28
006330 10
006331 12
006344 35
006346 4
006355 34
006425 31
006432 22
006433 34
006443 16
006448 18
008214 22
008303 22
008314 7
008326 25
008411 28
008417 10
009103 23
009105 19
009212 10
009230 15
009231 31
009326 22
009425 28
009426 7
009431 22
011100 9
011151 25
011152 16
011153 28
011251 15
011257 12
011259 31
011269 9
011276 10
011353 13
011356 22
011358 7
011362 10
011374 25
011461 31
011464 19
011751 22
012100 10
012173 3
012200 33
012271 25
012272 28
012273 22
012371 31
012475 16
013103 34
013110 34
013203 12
013204 7
013206 16
013207 31
013217 33
013301 16
013302 15
013303 22
013304 19
013305 9
013306 16
013307 31
013317 10
013326 10
013329 28
013330 27
013335 6
013338 34
013420 25
013421 22
013422 22
013427 7
013433 22
013435 25
014210 10
014270 35
014310 30
014311 28
014322 22
014323 7
014325 15
014370 19
014371 13
014382 31
014390 19
014401 28
014410 31
014421 6
015101 28
016101 4
016232 7
017101 22
017102 28
017111 25
017201 10
017210 25
018103 4
018111 35
018113 25
018125 7
018203 16
018211 28
018213 7
018231 10
018235 31
018271 28
018301 16
018335 7
018351 31
018353 34
018421 25
018433 31
018435 7
018436 10
018438 22
018451 28
018465 16
018467 4
018471 10
019101 11
019103 0
019105 25
019106 16
019108 28
019111 22
019203 7
019205 10
019206 31
019208 25
019211 34
019221 27
019303 10
019311 16
019331 19
019361 31
019373 31
019381 7
019411 16
019442 25
019471 31
019473 28
020101 3
020102 16
020211 27
020231 19
020311 31
020321 10
020333 22
020341 16
020362 31
020363 7
020412 19
020421 16
020481 7
021101 30
021102 22
021203 12
021204 34
021270 15
025108 22
025480 10
026101 9
026102 25
026111 10
026112 27
026201 25
026271 10
029701 25
029703 22
029711 10
030101 22
050100 31
050103 29
050104 24
050106 24
050111 9
051302 12
051304 22
051306 10
051310 1
051313 10
051418 30
052201 7
052202 22
052352 19
052357 10
052420 34
052441 28
052443 25
052445 4
052447 10
052466 22
053712 25
053713 4
053770 25
054810 4
054870 25
055701 22
055703 7
055704 10
055706 4
055707 25
055713 7
055733 22
055734 25
055757 4
055771 22
055797 10
057121 18
057123 22
057125 24
057126 31
057127 27
057128 25
057129 24
057130 27
057131 22
057132 10
057133 15
057134 4
057135 22
057136 9
057137 22
057138 16
057139 23
057140 4
057201 16
057205 30
057213 16
057215 28
057274 22
057284 7
057285 22
057288 10
057293 31
057294 7
057296 34
057300 10
057302 25
057305 12
057316 10
057351 16
057366 22
057403 4
057404 10
057405 25
057410 7
057411 16
057420 28
057426 16
057428 10
059413 16
059419 22
061103 25
061106 25
061201 25
061223 30
061224 31
061306 22
061307 4
061317 31
061319 22
061403 22
061404 13
061407 10
061430 10
062200 16
062210 10
062343 28
062411 4
062452 35
062460 34
062470 31
062499 7
063201 31
063702 4
063704 25
063710 10
064204 15
064232 25
064251 28
064252 25
064303 10
064331 13
064392 25
064412 10
064418 19
064423 13
064424 13
064430 10
064474 22
064490 7
065210 31
065212 28
065310 27
065311 19
065320 10
065332 0
065421 4
065435 10
065436 16
065437 22
065438 13
065797 22
066221 22
066323 25
066410 10
066416 7
066421 31
066425 4
067202 10
067303 4
067311 28
067372 25
067373 19
067432 35
069712 25
070200 25
070304 16
070305 28
070403 22
070404 7
070410 13
070411 4
070416 25
070711 4
070720 25
070721 10
070740 22
070741 22
071411 4
071412 22
071413 33
071415 10
071416 23
071418 10
071419 10
071422 25
071423 13
071425 1
071712 25
071715 4
071730 13
071736 7
071738 4
071811 4
073711 25
073721 4
073770 4
074100 23
074101 7
074414 31
076425 16
076427 4
076430 28
076444 22
076466 10
078444 22
078454 31
079169 4
079220 10
079264 7
091700 10
091800 10
099100 31
099101 6
099102 30
100102 10
100109 27
100110 16
100111 25
100112 28
100207 0
100213 22
100214 4
100220 7
100222 13
100225 28
100228 22
100229 16
100230 34
100231 25
100233 4
100281 7
100306 22
100307 25
100308 3
100309 34
100310 10
100311 13
100312 16
100313 3
100314 12
100501 31
101100 28
101105 10
101201 35
101211 10
101400 20
101405 7
103112 7
103191 22
103271 25
104200 22
104201 10
104300 31
104301 7
104325 25
104410 22
104424 22
104495 10
105304 25
109100 26
109115 28
112101 10
112102 7
112103 22
112108 25
112110 13
112201 28
112203 22
112213 10
112300 22
112314 10
112411 7
112412 25
115200 25
115300 16
115301 7
115302 28
116301 25
116302 22
116400 7
126101 21
126216 13
126321 31
126326 25
126333 18
126334 16
126428 13
126432 10
126443 3
127100 22
127101 20
127203 28
127204 30
127207 25
127303 6
127312 22
127314 27
127315 22
127316 35
127326 1
127337 16
127711 4
127717 22
127718 25
127719 10
127727 22
127728 10
128100 25
128101 28
128202 31
128203 28
128204 15
128307 34
128309 19
128334 25
128354 13
128355 13
128403 27
128701 4
128710 25
128730 10
128740 22
128762 22
140101 22
140102 22
140103 4
140104 2
140105 7
152211 34
152301 16
152321 7
154104 33
154141 25
154151 35
154231 16
154261 28
154262 19
154281 26
154311 13
154330 34
154353 22
154375 28
154377 16
154384 4
154388 31
154443 25
154455 31
154457 13
154481 19
154488 25
154493 16
154494 10
159100 33
159101 9
159151 10
159203 25
159221 31
159231 7
159301 22
159303 13
159305 6
159332 10
159356 28
159362 18
159403 22
159411 34
159431 12
159454 13
160341 24
164200 9
164341 28
168100 22
168101 10
168222 22
176100 25
176101 30
176104 10
176220 20
177103 30
177214 34
177215 3
177216 19
177217 28
177281 12
177283 25
177285 7
177321 24
177330 16
177341 31
177362 24
177393 19
177401 25
177404 22
177405 7
177414 0
177426 6
177427 28
177430 31
177434 35
177446 4
177450 12
177463 13
177464 22
177465 30
177467 10
177468 22
177481 13
177494 19
179402 7
179403 27
201100 27
201110 12
201114 19
201115 23
201116 30
201117 22
201190 22
202100 22
202101 28
202141 3
202143 19
202145 16
202184 16
202231 16
202260 22
202305 19
202311 10
202332 27
202334 35
202342 4
202361 15
202371 7
202434 4
202438 25
202443 16
202473 22
202474 7
202477 12
202481 10
202495 31
202742 10
202765 25
202776 22
202782 10
202833 22
202848 22
202873 10
203100 11
203103 22
203111 17
203116 25
203151 34
203162 22
203171 27
203201 15
203203 7
203204 25
203206 18
203207 13
203208 7
203209 12
203222 7
203226 8
203231 22
203235 22
203236 24
203255 19
203303 12
203315 30
203323 4
203324 35
203331 13
203332 15
203333 19
203351 25
203352 25
203405 28
203406 22
203414 7
203423 4
203431 31
203434 10
203458 22
203471 25
203475 10
203705 25
203709 10
203714 25
203716 4
203722 4
203743 10
203753 22
203807 4
203821 10
203828 25
203879 4
203889 4
204100 8
204101 6
204111 7
204123 4
204202 28
204211 25
204216 19
204231 7
204251 22
204321 6
204325 33
204335 10
204341 19
204361 0
204365 22
204381 24
204383 10
204432 16
204435 12
204442 10
204451 30
204452 22
204453 25
204471 4
204712 4
204721 10
204732 25
204764 22
205100 22
205103 30
205104 7
205105 22
205235 15
205239 28
205275 21
205303 6
205337 4
205355 34
205393 30
205415 10
205421 10
205461 4
205464 15
205475 22
205479 25
205483 31
205486 7
205496 28
205712 10
205735 22
205761 4
205783 25
206100 28
206101 22
206103 25
206104 13
206107 15
206108 10
206111 35
206112 3
206113 31
206161 27
206162 35
206171 0
206172 35
206181 25
206191 10
206203 31
206207 22
206211 7
206216 25
206217 30
206261 3
206267 24
206281 13
206300 28
206321 24
206324 34
206325 34
206327 30
206328 16
206331 0
206336 22
206341 31
206355 35
206362 7
206370 25
206381 16
206412 22
206436 24
206437 7
206441 3
206455 35
206707 25
206713 10
206720 7
206721 25
206730 25
206736 22
206738 22
206739 10
206743 25
206753 22
206766 7
206783 22
207100 22
207103 22
207105 9
207106 19
207107 30
207109 6
207115 6
207117 28
207123 10
207131 28
207135 35
207164 22
207171 25
207173 3
207174 10
207183 22
207187 19
207203 28
207205 28
207208 34
207213 12
207308 22
207310 19
207313 27
207323 7
207348 4
207401 7
207403 10
207406 31
207416 28
207419 16
207422 25
207436 22
207701 10
207703 4
207705 25
207711 22
207741 22
207743 10
207808 22
208101 18
208140 22
208150 28
208250 16
208251 10
208263 20
208265 31
208270 3
208271 32
208272 12
208280 16
208321 12
208329 19
208343 4
208348 31
208370 28
208383 19
208425 16
208439 7
208440 10
208469 22
208711 4
208760 25
208761 22
208770 10
208871 25
208872 10
209201 25
209251 27
209301 30
209302 27
209303 19
209331 25
209351 16
209358 31
209361 4
209368 7
209375 35
209403 4
209442 22
209451 35
209453 15
209461 7
209463 28
209471 25
209483 10
209485 16
209703 7
209705 31
209707 7
209709 4
209711 4
209713 25
209722 4
209731 25
209771 22
209773 10
209779 25
209785 4
210100 4
210201 10
210202 31
210204 16
210343 7
210351 22
210383 31
210425 25
210433 34
210434 16
210453 4
210465 28
210485 4
210703 4
210704 25
210705 10
210707 22
210723 22
210731 10
211100 6
211311 21
211315 28
211319 3
211413 10
211440 7
211442 28
211443 22
211495 4
211702 10
211889 22
212701 4
212703 25
212711 10
212721 22
212741 22
213201 25
213714 25
213763 4
213779 22
214100 10
214261 22
214312 4
214341 24
214381 25
214401 28
214411 3
214414 15
214415 19
214421 10
214430 22
214441 7
214445 22
215205 30
215206 5
215207 31
215208 22
215301 31
215302 16
215381 19
215411 31
215431 10
215471 27
215481 34
215495 7
215496 22
215497 34
215734 25
215762 22
215785 10
215794 22
217701 4
217703 25
217707 10
217734 10
217751 10
217775 22
217781 22
218100 27
218101 28
218233 25
218235 22
218321 25
218323 19
218351 16
218471 28
218475 10
218483 16
218486 22
219720 4
219731 10
225701 4
225703 25
225705 10
225720 22
226701 10
226709 22
226710 22
226801 7
226889 22
229123 10
229323 22
229352 25
229711 22
251211 13
251213 16
251261 4
251281 25
251312 19
251313 30
251333 25
251334 7
251361 8
251363 35
251371 25
251372 33
251374 4
251384 28
251411 22
251418 31
251437 16
251438 10
251451 10
251455 7
251457 15
251461 13
251475 4
251479 28
251701 7
251702 4
251703 10
251711 7
251714 4
251715 25
251717 10
251718 10
251745 25
251751 7
251752 4
251757 25
251758 10
251773 7
251783 4
251785 25
251790 22
252201 30
252211 28
252232 18
252282 15
252283 19
252285 30
252286 9
252301 31
252302 33
252317 7
252320 28
252322 13
252325 6
252327 13
252330 19
252342 13
252363 4
252420 28
252421 22
252424 22
252425 34
252426 7
252427 25
252444 28
252450 12
252455 10
252460 31
252489 35
252498 15
252702 22
252708 7
252723 10
252724 10
252741 10
252748 22
252781 4
252785 25
252789 22
252791 22
253303 22
253314 16
253315 7
253432 19
253455 7
253456 10
253481 31
253701 10
253715 22
253717 31
253722 4
253731 7
253732 22
253734 10
253735 28
253736 31
253748 7
253752 22
253754 25
254181 16
254205 13
254206 0
254211 25
254215 28
254216 10
254222 16
254231 7
254232 27
254252 25
254282 31
254302 22
254325 19
254333 33
254372 31
254421 25
254425 22
254426 35
254435 31
254436 22
254438 22
254439 13
254441 8
254442 31
254451 15
254456 28
254457 16
254458 10
254459 28
254461 7
254471 4
254473 7
254492 22
254494 25
254700 22
254702 7
254703 4
254710 25
254711 10
254734 31
254770 4
254777 10
254804 7
254875 25
255201 12
255215 33
255251 31
255290 28
255300 27
255320 9
255321 30
255330 34
255359 6
255415 6
255417 4
255420 7
255422 30
255424 0
255430 24
255432 28
255434 22
255437 31
255438 4
255439 31
255441 25
255447 15
255449 13
255454 35
255460 33
255462 10
255464 19
255471 1
255492 16
255499 18
255712 7
255722 4
255734 4
255739 22
255750 22
255764 22
255766 7
255770 25
255771 25
255772 10
255786 7
255791 10
255830 22
256100 29
256212 25
256271 30
256281 22
256316 28
256333 4
256373 13
256383 35
256412 18
256415 19
256441 7
256457 4
256462 31
256473 28
256700 25
256761 10
256762 22
259103 15
259104 34
259106 20
259107 8
259108 12
259109 24
259201 32
259203 27
260312 7
260404 7
260413 22
260424 10
260434 25
260717 10
260772 22
261103 22
261111 7
261200 13
261210 18
261212 30
261216 10
261217 25
261304 6
261305 22
261335 22
261336 15
261342 31
261343 34
261361 7
261405 13
261406 31
261434 30
261447 7
261456 10
261457 24
261458 22
261461 1
261469 19
261494 28
261497 9
261499 25
261701 10
261702 4
261706 7
261735 25
261739 10
261753 25
261754 25
261767 10
261769 10
261791 22
263701 4
263702 25
263720 7
263746 10
263760 22
263771 7
264701 7
264706 4
264707 10
264710 10
264741 25
264791 25
266703 22
268721 10
269101 25
269102 22
269200 31
269201 25
269202 10
269340 10
269430 4
269462 28
269470 13
269497 22
270701 25
270702 10
270711 10
270791 10
301254 28
305202 7
311352 19
318322 25
318351 16
320351 22
321251 22
324703 22
328310 25
328313 7
330110 19
330111 1
351100 30
351201 15
351202 35
351301 28
351321 30
351331 18
351410 15
351441 28
351442 16
351451 4
351463 10
351466 34
352301 7
352311 10
352321 31
352323 24
352332 16
352422 22
352431 22
353301 7
353421 10
353431 10
353451 13
353452 15
354311 25
356100 26
356101 11
356102 17
356202 31
356210 19
356212 25
356303 25
356304 10
356306 10
356312 22
356361 13
356412 7
356414 22
356416 4
356432 22
356441 16
356442 16
356443 13
356471 10
356496 22
357101 18
357110 30
357210 25
357322 22
357360 34
357417 13
357441 13
357491 16
359202 24
359203 7
359204 4
359206 22
359301 16
359311 22
359405 7
359409 19
359410 0
359413 25
359414 31
359421 13
359431 4
359451 22
360100 6
360210 15
360400 16
360402 16
360404 7
360407 10
360411 31
360431 28
360460 22
360470 22
361210 13
361214 10
361301 22
361321 7
361351 35
361453 16
361461 22
361471 22
363210 4
365301 28
365321 31
365331 25
365421 7
365427 22
365428 22
368200 13
368317 12
368331 19
368412 10
368433 16
368441 25
368487 22
400110 3
400211 21
401382 7
403382 25
406385 10
406395 13
409281 31
409292 13
411281 7
411291 4
415291 16
420281 25
421281 10
421291 34
421385 34
421395 28
423382 31
428382 4
461100 32
461170 22
461471 13
461472 7
461511 7
461527 34
461529 16
462130 22
462541 34
462587 6
462588 7
463251 13
463311 7
463331 25
463341 13
463353 31
463402 13
463433 10
463455 25
463491 31
463503 10
463504 28
463545 4
463556 25
463558 31
464301 22
464311 4
464341 10
464401 4
464413 22
464441 16
464443 28
464444 28
464445 7
464501 4
464502 22
464503 13
464509 7
464510 7
464541 25
464542 10
464544 22
464549 34
466141 33
501301 16
501302 31
502211 4
502311 22
503402 15
504302 4
506303 25
506361 13
507402 12
508203 19
508207 22
508303 7
509402 34
510201 7
510202 13
510307 22
510411 16
510414 25
510415 31
510416 28
510417 7
512303 28
512402 10
513111 16
513114 27
513223 31
513224 25
513283 10
513315 10
513324 31
513328 4
513363 22
513371 13
513412 7
513429 4
513445 25
513451 10
513471 22
514211 25
514241 10
514317 7
514323 16
514335 13
514341 10
514343 4
514381 31
514383 34
514395 28
514397 22
514425 4
514442 22
514451 13
514453 25
514466 7
514475 10
515201 13
515250 16
515307 10
515312 28
515334 31
515361 22
515364 13
515370 10
515376 4
515403 10
515490 22
551461 13
552216 22
552217 10
552222 22
553312 7
554314 31
555313 25
556311 10
557433 4
558411 7
558432 25
558442 10
561312 22
562211 10
571115 22
601201 22
601302 16
601321 10
601322 13
601341 4
601344 35
601351 28
601422 22
601427 4
601428 10
601452 28
601460 7
601462 31
601702 22
601731 7
601758 10
601765 22
601767 25
602100 31
602102 5
602111 22
602211 15
602315 34
602321 0
602322 19
602431 13
602432 22
602441 10
602464 31
602731 10
602761 22
603211 31
603322 4
603332 10
603352 31
603371 16
603421 7
603441 25
603453 31
603465 1
603471 13
603494 22
603495 28
603711 25
603723 10
603731 22
604304 13
604305 22
604312 3
604313 0
604351 13
604352 28
604412 16
604414 4
604416 25
604422 10
604441 22
604451 22
604711 22
604715 25
604731 10
605201 22
605204 15
605301 0
605313 13
605314 6
605321 35
605322 16
605341 18
605412 28
605432 7
605446 22
605459 25
605461 10
605476 16
605701 25
605702 10
605713 10
605751 22
606231 28
606242 25
606244 19
606263 13
606343 4
606362 31
606363 7
610114 16
651105 10
651109 10
651120 16
651210 22
651311 25
651312 10
651315 22
651316 7
701101 7
701181 22
701182 10
701183 21
701201 31
701211 25
701281 15
701313 10
701321 24
701331 30
701342 28
701344 22
701402 34
701403 28
701407 10
701409 22
701425 4
701455 4
701494 31
702101 33
702205 10
702211 13
702312 16
702313 12
702316 13
702318 35
702341 10
702351 4
702411 16
702416 31
702418 25
702423 28
702431 22
703103 5
703202 28
703204 28
703243 6
703244 13
703305 24
703308 33
703311 12
703313 10
703322 31
703324 13
703330 27
703331 7
703345 22
703352 7
703391 4
703404 0
703412 25
703435 31
703447 6
703454 27
703498 34
703499 22
704101 31
704141 25
704201 10
704345 22
705191 4
705211 30
705311 12
705329 4
705331 28
705351 10
705411 4
705437 24
705441 13
705442 25
705444 30
705492 28
705499 31
751100 10
751101 15
751102 25
751106 17
751202 12
751209 16
751301 3
751302 25
751303 3
751304 22
751305 18
751308 10
751309 33
751321 13
751326 13
751327 22
751330 31
751345 24
751401 10
751403 25
751405 15
751408 23
751413 6
751419 31
751421 34
751422 13
751424 22
751428 22
751443 7
751447 35
751451 4
751701 22
751702 25
751703 4
751704 4
751705 7
751706 22
751708 4
751712 7
751718 10
751724 25
751726 10
751751 10
801100 21
801201 19
801225 25
801235 28
801321 22
801324 4
801331 31
801333 16
801334 10
801336 28
801421 22
801471 7
801481 13
803121 31
803123 10
803231 22
803331 22
803360 10
803431 31
851100 16
851104 25
851105 28
851108 22
851200 12
851201 28
851202 3
851243 22
851251 5
851262 16
851273 24
851305 34
851306 3
851309 33
851342 22
851352 35
851354 31
851355 0
851360 30
851362 22
851375 10
851376 7
851400 13
851404 28
851407 23
851441 7
851462 34
852100 10
852101 31
852102 4
852103 22
852201 31
852202 13
852203 7
852204 22
951100 29
951102 7
951106 28
951124 22
951203 25
951302 10
951323 22
951331 31
951344 10
951348 4
951352 28
951497 34
953103 22
953111 15
953212 25
953231 25
953233 10
953261 16
953321 22
953322 31
953331 4
953361 28
953421 7
953444 22
953494 10
953495 22
954100 31
954244 10
954246 7
954310 22
954370 28
954374 31
954410 7
954413 16
954416 3
954426 1
954443 4
954449 25
954462 13
954464 22
954471 13
954477 35
954491-001 25
954491-002 34
954491-003 19
954491-004 22
954498 10
955102 22
955103 9
955104 10
958111 7
958201 16
958221 31
958225 25
958261 7
958373 22
