001101 1
001102 31
001111 3
001113 21
001201 4
001202 28
001210 2
001230 9
001231 25
001250 6
001281 0
001291 28
001293 16
001310 3
001311 28
001312 10
001318 3
001320 25
001321 22
001323 25
001330 10
001342 10
001353 25
001354 31
001361 25
001362 31
001381 22
001410 16
001425 31
001443 31
001444 13
001445 16
002101 22
002110 3
002191 13
002201 16
002211 0
002221 22
002250 25
002301 16
002333 25
002365 31
003101 31
003191 0
003201 25
003414 19
003421 16
003436 31
004282 25
004301 10
004303 34
004324 31
004432 31
004473 19
004475 16
004483 0
006103 19
006126 25
006206 0
006226 31
006241 28
006242 16
006253 22
006303 19
006331 16
006346 16
006448 31
008214 0
008303 31
008314 28
008411 19
008417 31
009103 25
009105 3
009212 25
009230 16
009231 28
009326 25
009328 31
011100 33
011152 28
011153 21
011251 19
011257 11
011259 13
011269 9
011276 22
011353 0
011356 31
011362 28
011363 16
011374 19
011461 31
011464 16
011479 25
012100 10
012173 33
012200 15
012273 13
012371 25
013103 12
013110 19
013203 25
013204 31
013207 25
013209 19
013302 19
013306 25
013307 25
013317 31
013326 16
013329 25
013330 31
013413 16
013420 31
013433 13
014210 25
014211 16
014270 16
014310 25
014322 25
014323 22
014370 10
014371 31
014381 31
014401 13
014481 31
015101 22
016101 31
016102 19
017101 31
017102 16
017111 31
017210 16
018103 22
018111 12
018113 22
018125 24
018203 31
018211 13
018213 22
018231 10
018235 28
018271 13
018321 31
018351 22
019101 14
019102 25
019103 25
019105 31
019106 16
019108 22
019111 3
019203 31
019205 28
019211 10
019221 35
019303 22
019311 28
019331 16
019361 25
019371 31
019381 31
019471 31
020101 27
020102 13
020211 0
020231 31
020341 16
020362 28
021101 28
021102 31
021203 25
025108 31
025110 28
025310 31
025480 25
026101 12
026102 13
026111 13
029701 25
029711 31
050100 7
050103 22
050104 33
050106 11
050111 10
051300 25
051306 13
051313 16
051412 3
051418 31
051421 10
052202 10
052314 16
052350 25
052352 3
052357 31
052421 13
055701 31
055704 31
055771 31
057121 20
057122 29
057123 23
057125 8
057126 18
057127 17
057128 9
057129 15
057130 15
057131 12
057132 30
057133 30
057134 12
057135 34
057136 3
057137 31
057201 10
057213 31
057215 25
057284 16
057285 10
057288 22
057293 10
057294 22
057296 25
057300 34
057305 6
057403 19
057405 31
057410 16
057420 10
057425 25
057426 25
057428 16
057450 31
059419 35
061106 22
061201 31
061223 16
061306 33
061309 18
061312 1
061317 13
061403 33
062200 10
062320 13
062341 31
062342 10
062343 28
062344 16
062346 22
062360 13
062380 28
062411 1
062452 13
062460 10
062499 19
063710 25
064201 31
064206 25
064207 10
064271 10
064272 22
064281 3
064301 10
064410 31
064423 25
064424 31
065210 35
065212 16
065310 10
065320 3
065332 13
065436 31
065799 31
066221 16
066323 4
066410 28
066414 31
066425 31
067202 31
067303 10
067311 0
067372 3
067373 1
067432 10
070100 7
070201 0
070301 25
070303 31
070304 16
070308 4
070400 25
070401 13
070404 25
070413 4
070414 22
070415 31
070416 31
070711 19
070720 16
070721 25
070727 25
070731 31
070740 31
071411 25
071412 28
071413 19
071415 16
071416 24
071419 3
071420 31
071423 10
071425 22
071426 25
071724 31
074100 22
074101 3
074414 10
076312 19
076314 22
076414 13
076427 31
076428 28
076429 10
076444 31
076466 10
077422 19
078444 7
078454 3
099101 28
099102 13
100102 16
100103 7
100104 13
100105 5
100106 3
100107 24
100108 35
100205 2
100206 33
100207 18
100208 16
100209 22
100306 8
100307 21
100308 28
100309 0
100310 25
100501 19
101100 12
101105 34
101201 10
101211 3
101400 0
101405 25
103191 28
103271 24
104200 0
104201 22
104300 16
104301 28
104325 4
104340 31
104410 22
104495 16
105304 25
109100 33
109115 18
112101 27
112102 16
112103 25
112108 28
112110 25
112201 0
112203 28
112213 16
112300 31
112314 16
112411 16
115200 25
115300 31
115301 19
115302 10
126101 18
126321 19
126330 16
126428 25
126443 31
127100 4
127101 10
127203 28
127206 1
127207 10
127303 19
127312 18
127314 28
127315 16
127316 31
127320 13
127326 22
127329 31
127413 25
127711 19
127717 16
127718 25
127719 31
128100 14
128101 13
128202 16
128203 19
128204 0
128307 28
128309 16
128352 19
128354 10
128403 25
128701 31
128710 19
128730 16
128734 25
128740 25
128762 31
140103 16
152321 31
154104 19
154141 22
154151 27
154231 16
154262 10
154281 34
154311 10
154330 25
154352 19
154371 16
154384 28
154388 31
154443 25
154455 22
154482 16
154488 31
159100 30
159101 15
159151 31
159203 1
159221 0
159301 31
159351 19
159356 31
159403 22
159411 22
159412 25
159431 16
159454 25
164200 28
164341 16
168101 31
168313 16
176100 3
176101 19
176220 7
177103 8
177214 7
177216 1
177242 16
177283 19
177285 28
177321 10
177330 25
177336 28
177341 10
177361 22
177393 1
177404 1
177425 25
177426 13
177427 10
177434 19
177446 31
177447 13
177450 16
177464 19
177465 31
177467 25
177481 31
201100 28
201110 22
201114 16
201115 15
201116 24
201117 31
202100 27
202101 16
202141 3
202143 15
202145 4
202184 5
202231 35
202260 1
202321 28
202334 31
202342 4
202353 25
202361 19
202434 25
202473 31
202495 16
202742 31
202764 31
202765 31
202773 16
202782 16
202833 25
202848 31
202873 16
203100 35
203103 7
203111 10
203116 31
203151 7
203162 35
203201 16
203203 6
203204 0
203206 7
203207 21
203208 10
203209 10
203222 22
203226 1
203231 0
203235 1
203236 25
203255 25
203315 16
203331 31
203351 10
203352 28
203475 16
203714 25
203716 19
203722 16
203732 31
203736 16
203739 25
203743 16
203753 31
203821 10
203828 31
203879 19
204100 22
204101 0
204111 22
204202 28
204219 35
204231 1
204251 31
204321 0
204325 19
204341 25
204361 31
204363 31
204365 19
204381 19
204383 16
204432 16
204435 25
204451 28
204453 10
204471 31
204712 31
204721 16
204732 25
204735 19
205100 24
205103 27
205104 1
205105 7
205235 22
205239 28
205275 21
205303 19
205337 16
205355 25
205393 31
205712 16
205735 25
205783 31
206100 34
206101 10
206103 34
206107 34
206111 25
206113 25
206161 10
206171 28
206181 35
206191 31
206203 34
206211 31
206216 16
206217 10
206261 10
206267 28
206281 6
206300 22
206321 16
206324 31
206325 25
206327 1
206331 22
206335 19
206336 28
206341 31
206355 16
206362 10
206370 13
206381 19
206436 25
206437 31
206441 10
206717 25
206720 16
206721 25
206730 31
206736 31
206753 31
207100 25
207103 31
207105 22
207107 16
207109 21
207110 28
207115 19
207117 5
207123 22
207131 27
207135 16
207171 21
207173 14
207183 28
207187 27
207203 7
207205 31
207208 16
207213 34
207308 25
207310 10
207313 13
207323 28
207348 28
207401 19
207406 31
207701 19
207703 16
207705 25
207711 31
207741 31
208101 25
208140 28
208263 29
208270 35
208271 1
208272 25
208280 25
208321 10
208329 28
208343 31
208348 10
208425 25
208737 31
209201 34
209251 28
209301 28
209302 16
209303 25
209331 13
209351 22
209358 1
209361 13
209368 10
209375 10
210201 10
210202 22
210204 1
210343 25
210351 31
210383 19
210425 10
210434 10
210703 19
210704 16
210707 25
210731 31
210733 31
210743 31
211100 18
211311 25
211315 22
211319 31
211413 19
211440 16
211442 25
211495 31
211702 16
211889 25
213706 25
213707 31
213714 16
214261 22
214312 16
214341 19
214381 1
214414 13
214415 28
214421 16
215205 22
215206 28
215207 30
215208 28
215423 13
215424 10
215431 25
215475 19
215476 16
215485 25
215486 31
215734 31
215744 16
215752 25
215762 31
215785 31
217701 16
217703 25
217707 31
217734 25
217751 31
217775 25
218100 30
218101 31
218233 16
218235 28
218321 1
218323 19
218351 16
219761 25
219789 31
220703 31
226701 19
226702 16
226704 25
226711 25
226801 31
251101 31
251211 1
251213 16
251261 13
251281 34
251312 31
251313 10
251363 19
251374 16
251384 16
251419 31
251437 16
251438 25
251439 31
251451 10
251475 25
251701 19
251702 16
251703 31
251711 25
251715 31
251745 25
251751 10
251752 19
251757 16
251758 25
251776 10
251783 19
251784 16
251785 25
251790 31
252201 0
252211 7
252232 22
252282 22
252283 33
252285 7
252286 19
252301 10
252302 31
252317 28
252322 25
252325 16
252327 13
252330 13
252342 16
252363 22
252420 19
252421 16
252427 31
252444 25
252498 19
252702 19
252726 25
252746 16
252747 25
252791 31
253303 19
253314 19
253315 31
253455 16
253481 25
253701 31
253715 16
253717 1
253731 19
253732 16
253735 13
253736 25
253748 19
253754 10
254181 25
254205 22
254206 0
254211 22
254215 28
254216 3
254222 13
254231 33
254232 25
254252 25
254282 28
254302 16
254325 28
254333 0
254372 24
254373 25
254421 16
254426 19
254435 25
254436 19
254439 1
254442 16
254444 25
254451 25
254456 31
254459 19
254461 22
254471 4
254473 16
254700 31
254702 10
254703 16
254710 25
254711 19
254734 31
254736 10
254770 10
254804 19
254873 19
254875 25
255201 7
255215 18
255251 16
255290 14
255300 25
255320 13
255321 25
255330 27
255359 6
255415 19
255431 25
255432 16
255434 31
255454 31
255455 31
255492 16
255722 19
255734 16
255738 31
255750 25
255764 25
255770 16
255771 31
255772 25
255786 19
255811 25
255820 31
256100 13
256212 31
256281 25
256316 28
256333 13
256373 16
256418 31
256441 31
259103 31
259104 28
259106 4
259107 1
259108 30
259109 17
259201 15
259203 25
260402 25
260413 31
260701 31
260702 10
260705 19
260709 16
260716 19
260718 16
260772 25
261103 16
261111 24
261200 1
261210 3
261212 22
261216 28
261217 25
261304 22
261305 10
261335 13
261336 31
261342 19
261343 25
261361 25
261405 16
261434 19
261447 31
261458 25
261461 16
261469 28
261701 16
261702 25
261706 31
261739 19
261752 31
261754 25
261769 19
261791 16
261895 31
263701 16
263702 31
263720 19
263746 10
263760 25
263770 25
263771 19
264701 10
264703 19
264706 16
264710 16
264733 25
264791 31
266702 31
268721 31
269101 4
269102 25
269111 25
269200 22
269201 28
269202 16
269340 31
269430 13
269452 19
269462 19
269470 31
269493 16
301254 13
305202 25
311352 34
318322 31
318351 1
320351 4
321251 16
324703 31
328310 4
328313 31
330110 10
330111 4
351100 21
351200 17
351201 0
351301 19
351321 16
351331 25
351441 1
351442 19
351451 25
351466 31
351489 22
352103 25
352301 22
352311 1
352321 25
352323 28
352422 13
353210 25
353301 13
353311 19
353418 10
353421 16
353431 28
353451 16
354311 25
356100 27
356101 13
356102 6
356202 28
356210 13
356212 22
356261 16
356303 13
356304 19
356411 25
356416 31
357101 3
357110 16
357210 25
357322 28
357325 31
357417 19
357441 31
357491 16
359202 32
359203 35
359204 6
359210 22
359311 31
359409 31
359421 31
359465 25
360100 26
360400 19
360403 16
360423 25
360460 31
361210 0
361214 10
361301 28
361351 25
361442 19
361453 31
361461 16
361471 1
362211 31
363210 24
365321 10
365322 13
365324 16
365421 19
368200 25
400110 12
401382 22
403382 10
406385 25
406395 28
409281 28
409292 1
411281 19
411291 25
415291 4
420281 31
421281 10
421291 22
421385 19
421395 16
423382 31
428382 13
461100 14
461435 19
461472 31
461514 25
461523 16
462130 30
462151 24
462405 25
462409 31
462445 31
462541 16
462543 25
462584 31
463251 33
463311 1
463331 25
463341 7
463353 34
463402 28
463433 0
463455 6
463491 22
463503 13
463513 10
463545 31
463556 10
463571 31
464301 18
464311 28
464341 16
464401 19
464413 16
464441 25
464443 22
464444 4
464445 4
464502 19
501301 28
501302 16
504302 19
506303 25
506361 31
508203 21
508303 22
510201 1
510202 16
512303 31
513111 28
513114 16
513223 28
513224 22
513283 1
513315 28
513324 10
513328 19
513363 16
513371 25
513411 19
513429 16
513445 25
513471 31
514211 25
514241 22
514317 25
514323 28
514341 31
514343 22
514381 19
514383 16
514451 16
515201 1
515250 16
515306 10
515310 19
515334 25
515361 19
515364 16
515370 25
515373 31
518770 31
551312 13
552216 28
552217 25
552222 16
553311 10
554312 19
556412 16
561313 25
561314 31
562101 1
562211 22
601201 3
601302 25
601341 10
601344 19
601351 31
601422 16
601452 22
601456 13
601731 16
601758 25
601765 19
601842 31
602100 23
602102 8
602103 28
602111 16
602211 22
602315 25
602321 10
602322 16
602431 19
602432 25
602441 31
602464 22
602731 25
602761 31
603211 28
603321 10
603322 19
603351 16
603421 16
603441 25
603471 31
603496 31
603711 16
603723 25
603731 31
604304 13
604305 19
604312 13
604313 19
604351 16
604352 22
604451 31
604711 25
604715 31
605201 22
605204 13
605301 1
605313 16
605314 28
605321 10
605322 19
605701 19
605713 16
605741 25
605745 31
605751 31
606231 31
606242 28
606244 1
606263 25
606310 16
606343 31
610114 15
651104 28
651105 15
651109 1
651120 25
651210 16
651311 19
651312 16
651315 25
651316 31
701100 31
701101 13
701104 16
701181 22
701183 1
701201 13
701205 25
701211 1
701243 31
701281 27
701313 10
701321 28
701331 25
701341 16
701344 31
702100 31
702101 32
702205 10
702211 15
702213 22
702312 10
702316 19
702317 28
702341 16
702351 31
703103 16
703109 25
703202 13
703243 23
703244 3
703305 28
703308 25
703309 31
703310 10
703322 25
703323 13
703330 19
703331 19
703391 10
703404 31
703412 10
703447 19
703454 22
703498 25
705191 16
705211 8
705311 9
705329 22
705331 19
705332 28
705342 28
705351 3
705431 31
705438 13
705440 22
705441 19
705442 1
705444 13
705461 16
705493 25
705499 31
751100 13
751101 35
751102 35
751106 26
751202 22
751209 27
751301 35
751302 13
751303 28
751304 22
751305 4
751308 25
751309 25
751321 16
751326 16
751330 31
751345 19
751401 25
751403 31
751405 16
751408 0
751417 19
751418 19
751419 22
751422 22
751428 31
751440 4
751441 25
751443 31
751447 16
751451 28
751701 25
751702 31
751703 16
751704 19
751705 19
751706 16
751708 19
751712 31
751716 10
751724 25
751725 19
751726 25
751727 10
751729 10
751734 13
751744 16
751752 31
801100 21
801201 1
801225 9
801235 28
801321 16
801331 10
801333 22
801336 28
801421 16
801471 31
801481 25
803121 16
803123 25
803231 28
851100 26
851104 16
851105 13
851108 19
851200 25
851201 6
851202 10
851204 30
851205 33
851273 18
851305 0
851309 1
851313 31
851343 31
851344 31
851345 25
851360 27
851362 25
851367 31
851372 28
851375 19
851400 10
851404 28
851406 13
851407 31
951100 23
951101 25
951102 35
951125 22
951203 1
951302 25
951323 10
951331 19
951344 25
951348 19
951352 16
951497 16
953103 31
953111 34
953211 28
953212 22
953233 10
953261 1
953321 19
953322 10
953331 16
953361 28
953421 31
953494 16
954100 6
954140 13
954141 25
954245 22
954246 25
954260 0
954270 10
954311 13
954312 25
954320 31
954323 16
954343 16
954370 4
954374 22
954412 31
954413 31
954462 10
954471 16
954491 19
954498 16
