001101 31
001102 1
001112 30
001118 23
001201 1
001202 19
001210 9
001212 21
001218 15
001222 6
001223 14
001224 33
001225 33
001226 7
001227 2
001228 14
001229 30
001230 24
001231 31
001234 3
001250 31
001281 12
001291 30
001292 4
001310 6
001311 13
001312 28
001314 34
001315 31
001320 25
001321 4
001323 13
001330 31
001341 4
001342 16
001352 7
001355 7
001361 4
001362 19
001391 28
001410 24
001440 25
001445 28
001463 28
001472 25
002102 19
002111 13
002191 31
002202 19
002230 22
002260 16
002302 25
002321 28
002362 31
003102 28
003191 18
003202 16
003213 13
003261 7
003454 19
004465 6
004472 25
004474 28
004476 4
006103 4
006226 25
006241 0
006253 22
006307 22
006325 19
006443 28
006448 13
008314 19
008402 25
008411 31
009103 28
009213 22
009232 27
009254 19
009301 19
009327 4
009344 4
009355 31
009358 28
009363 19
011100 3
011101 3
011153 0
011154 7
011156 3
011157 10
011251 3
011257 34
011268 19
011269 21
011276 13
011277 10
011278 16
011358 0
011367 4
011457 19
012173 4
012200 28
012271 24
012272 4
012374 25
013103 30
013110 7
013203 17
013204 25
013206 30
013207 7
013208 18
013209 34
013216 28
013301 4
013303 28
013305 28
013314 19
013337 25
013413 16
013425 19
013431 31
013432 19
013433 19
014210 19
014211 16
014270 4
014310 24
014311 7
014370 19
014371 25
014390 4
014401 19
014410 28
014423 25
014471 31
014481 4
015101 17
015102 28
016101 0
017101 22
017102 19
017111 28
017201 28
017231 19
018104 13
018111 19
018112 24
018114 25
018126 28
018204 22
018271 22
018323 4
018332 25
018352 22
018372 7
019101 6
019104 27
019105 28
019106 0
019112 13
019204 0
019205 4
019206 19
019211 19
019212 28
019221 22
019222 16
019332 16
019351 25
019362 28
019371 25
019382 19
019441 31
020101 4
020102 10
020211 13
020212 16
020231 19
020232 19
020261 22
020341 19
021101 19
021102 24
021203 4
021204 19
021270 19
024752 28
025110 22
025381 22
025481 25
026101 8
026102 7
026111 19
026112 19
026201 19
050100 19
050103 15
050104 9
050106 32
050112 10
050113 10
051300 0
051302 16
051304 22
051306 31
051310 22
051313 19
052201 13
052203 19
052310 25
052323 24
052331 7
052351 13
052353 31
052355 4
052417 4
052422 10
052442 19
052449 4
052466 13
057121 24
057122 25
057123 12
057125 24
057126 31
057127 22
057128 24
057129 5
057130 26
057131 17
057132 11
057133 15
057134 19
057135 10
057136 28
057137 19
057138 4
057205 13
057213 0
057276 35
057283 7
057286 30
057287 7
057289 16
057290 25
057295 28
057297 13
057298 31
057301 18
057302 19
057305 35
057316 31
057366 21
057404 19
057407 25
057425 22
057428 22
059405 19
059419 22
061103 6
061106 15
061201 19
061205 31
061223 10
061306 25
061312 19
061313 28
061317 28
061401 16
061403 19
061430 25
062320 31
062341 19
062342 13
062343 13
062344 22
062345 16
062346 16
062360 25
062380 28
062411 16
062452 4
062460 25
062470 31
064202 28
064204 31
064207 22
064272 19
064273 12
064303 25
064410 28
064413 4
064417 4
064418 7
064422 7
064424 22
065120 28
065121 10
065211 13
065212 16
065311 7
065333 30
065420 19
065795 25
065797 28
065799 28
066222 19
066324 16
066412 31
066416 7
066426 13
067201 24
067203 16
067311 13
067371 28
067433 4
067435 0
067436 31
067491 4
067492 19
070100 28
070200 19
070301 25
070303 4
070304 28
070305 19
070308 25
070400 4
070403 22
070404 31
070410 19
070411 31
070413 16
070414 24
070415 19
070416 28
070711 25
070726 25
070740 28
070741 28
070792 28
071412 19
071413 31
071414 28
071415 3
071417 13
074100 0
074101 10
074201 4
076312 19
076314 4
076414 13
076426 4
076427 28
076428 0
076429 4
076444 25
076466 31
078444 6
078454 28
079444 25
099101 16
099102 17
100104 4
100105 19
100106 10
100107 11
100108 21
100205 4
100206 25
100207 30
100208 0
100209 29
100211 28
100306 34
100307 6
100308 15
100309 28
100310 2
100501 25
101201 7
101202 0
101205 22
101325 4
101490 28
103112 19
103271 25
104100 13
104302 19
104310 25
104320 22
104327 4
104334 28
104450 31
104490 19
109100 28
109114 35
112101 25
112105 13
112106 28
112109 19
112202 22
112205 28
112321 25
112322 19
112406 22
112424 25
115200 28
115300 0
115301 22
116301 31
126101 27
126102 4
126212 28
126213 9
126214 15
126325 23
126326 19
126328 28
126331 28
126332 30
126431 4
126436 31
126442 4
127100 9
127101 19
127202 30
127204 12
127205 25
127303 19
127313 27
127330 10
127359 28
127411 31
127412 25
127414 19
127716 16
127720 25
127721 28
127726 22
128100 9
128101 28
128201 4
128304 27
128305 13
128306 28
128308 15
128310 19
128351 16
128355 30
128423 28
128427 4
128434 25
128443 31
128700 22
128727 16
128734 25
128751 28
140104 16
152211 31
152301 4
152331 22
154104 20
154141 19
154152 25
154153 7
154173 19
154181 13
154251 31
154276 18
154281 12
154301 19
154330 31
154340 16
154363 31
154385 4
154431 22
154457 4
154481 25
159100 14
159101 22
159102 28
159151 7
159202 25
159204 27
159231 4
159331 19
159332 25
159401 31
159411 25
159412 4
159431 28
159434 16
160242 4
164261 16
168335 25
176100 10
176101 26
176104 19
177104 13
177113 19
177114 28
177141 21
177142 25
177181 22
177215 31
177217 4
177227 13
177228 27
177229 17
177300 25
177321 19
177332 7
177335 16
177341 19
177362 4
177443 16
177460 31
177463 16
177471 19
177472 28
177483 4
177491 25
179443 31
201100 5
201110 15
201114 13
201116 21
201117 0
202100 22
202101 23
202102 9
202147 4
202231 26
202302 28
202303 19
202305 25
202356 24
202362 19
202371 19
202405 28
202421 16
202446 19
202471 13
202475 31
202476 4
202484 31
202701 28
202731 28
202736 25
202744 28
202749 28
202775 16
202776 25
202803 25
202833 28
202849 28
203100 27
203104 11
203108 13
203111 14
203113 30
203114 12
203131 11
203132 6
203151 28
203152 30
203154 22
203158 18
203159 28
203162 9
203202 17
203203 31
203204 3
203206 21
203207 6
203208 28
203209 6
203211 13
203222 22
203223 21
203226 11
203232 25
203236 0
203250 4
203287 31
203316 25
203351 19
203459 19
203715 4
203719 28
203721 31
203725 4
203726 4
203734 31
203735 28
203749 31
203752 28
203754 19
203775 28
203812 31
203825 28
203829 19
203833 19
203879 4
204100 16
204101 0
204113 16
204202 28
204211 21
204217 24
204232 16
204251 31
204306 25
204315 31
204333 31
204355 13
204362 16
204382 19
204422 19
204423 7
204424 19
204441 4
204443 18
204452 19
204482 31
204483 4
204490 28
204725 22
204728 28
204755 25
204792 16
204891 28
205100 24
205103 27
205105 16
205216 3
205232 25
205244 13
205252 25
205282 19
205324 4
205344 28
205358 25
205382 19
205731 16
205742 25
205796 28
206100 34
206101 31
206103 30
206104 30
206111 8
206112 34
206113 19
206161 35
206162 19
206171 33
206172 33
206181 28
206182 22
206191 19
206211 22
206216 4
206217 22
206253 0
206255 16
206261 0
206266 31
206267 24
206281 19
206313 7
206321 18
206324 19
206325 31
206327 31
206331 19
206336 25
206341 21
206342 25
206355 4
206362 25
206364 4
206367 19
206368 24
206370 24
206421 16
206427 25
206428 28
206435 4
206437 31
206476 19
206481 0
206703 16
206722 22
206724 16
206725 25
206731 28
206737 25
206774 28
207100 25
207104 3
207105 31
207106 6
207108 31
207109 28
207110 22
207116 26
207117 20
207118 10
207125 4
207137 24
207162 22
207172 10
207181 6
207187 33
207188 16
207191 30
207195 13
207214 3
207302 31
207305 16
207306 28
207312 31
207402 25
207448 25
207704 22
207706 16
207708 25
207712 28
207766 28
207794 28
208101 18
208140 7
208141 22
208150 22
208263 13
208264 27
208271 10
208272 28
208322 16
208345 18
208346 28
208353 31
208362 31
208373 4
208384 19
208423 28
208444 25
208446 19
208460 19
208738 16
208772 25
208774 28
209203 19
209204 12
209252 3
209253 31
209262 28
209263 13
209270 3
209271 16
209272 25
209352 16
209370 25
209376 31
209382 19
209456 25
209466 31
210200 16
210207 4
210221 25
210251 28
210276 18
210315 19
210331 16
210355 25
210432 28
210448 31
210463 4
210702 31
210705 19
210743 28
210745 28
210748 4
210789 4
211100 15
211315 27
211319 3
211341 19
211342 25
211444 19
211709 31
211889 19
213708 28
213717 16
213718 22
213763 25
214100 19
214301 31
214310 19
214340 25
214341 4
214352 4
214412 28
214491 31
215205 17
215206 13
215207 7
215208 19
215303 25
215312 18
215313 13
215401 28
215482 31
215711 25
215741 16
215742 25
215743 28
215781 28
215783 16
217705 16
217708 25
217752 28
217773 28
218100 31
218234 25
218236 13
218244 16
218262 19
218352 31
218362 25
218372 19
218382 22
226703 16
226709 28
226710 25
226789 28
229123 13
229223 25
251100 22
251211 25
251213 25
251216 28
251242 10
251261 16
251292 0
251312 25
251333 16
251334 25
251342 4
251361 31
251363 24
251371 30
251372 13
251399 19
251411 28
251434 31
251436 4
251452 25
251455 28
251456 19
251461 4
251477 19
251704 16
251707 28
251723 25
251724 28
251746 28
251748 25
251754 22
251760 28
251763 16
251765 25
251773 22
251781 16
252210 3
252212 22
252222 0
252235 16
252282 3
252283 18
252285 0
252311 19
252320 4
252331 10
252353 31
252402 25
252403 4
252404 4
252413 19
252420 31
252423 25
252427 16
252428 13
252429 28
252435 24
252440 19
252459 19
252460 19
252479 4
252489 4
252706 25
252714 22
252727 10
252755 16
252774 28
252781 22
252785 28
252789 28
252792 25
253215 28
253433 31
253441 4
253443 4
253451 19
253452 31
253454 28
253716 10
253721 25
253722 22
253725 22
253734 25
253747 28
253749 13
253752 10
253754 16
253791 16
254182 19
254200 14
254205 8
254206 5
254211 5
254215 2
254216 19
254222 6
254231 16
254232 16
254271 22
254282 19
254325 4
254334 18
254352 7
254362 31
254371 4
254373 28
254400 25
254411 28
254412 25
254415 25
254421 4
254423 4
254424 31
254435 31
254445 4
254451 7
254452 10
254453 4
254466 24
254476 19
254477 13
254478 19
254495 19
254701 4
254721 31
254733 19
254737 28
254771 19
254803 31
254817 19
254857 31
255210 16
255230 23
255301 22
255316 31
255323 4
255328 18
255337 10
255340 7
255422 19
255425 19
255427 25
255432 28
255437 31
255440 28
255447 31
255455 25
255497 4
255714 22
255735 16
255750 22
255766 25
255769 28
255772 28
255779 28
255783 10
256100 28
256271 13
256317 13
256318 16
256334 31
256382 19
256383 4
256462 7
259103 17
259104 3
259106 21
259107 14
259108 24
259193 28
259195 21
259200 31
259201 30
259203 21
259401 30
260704 19
260708 25
260712 28
260719 4
260791 31
261102 15
261111 35
261112 0
261113 3
261205 0
261207 18
261208 22
261214 16
261215 25
261218 13
261305 31
261306 4
261332 10
261342 4
261343 27
261361 4
261430 28
261433 19
261444 4
261446 25
261447 28
261448 19
261449 4
261465 19
261473 7
261494 28
261497 4
261499 31
261742 28
261745 28
261755 28
261763 25
261764 22
261793 16
261795 16
261796 25
263710 25
263721 22
263724 10
263745 10
263751 16
264702 22
264705 16
264755 25
264789 28
265706 16
265709 25
265710 28
266703 25
266801 28
268732 28
268735 25
268741 16
268742 22
269103 13
269105 31
269130 28
269210 21
269341 22
269360 24
269370 31
269421 19
269431 25
269497 16
270701 25
270702 28
305203 25
318322 28
329104 12
330112 2
351100 10
351201 28
351364 19
351371 4
351426 28
352103 28
352311 0
352314 16
352315 25
352331 31
352332 4
352401 28
352412 31
352413 19
352421 16
352422 25
352433 4
352441 25
353313 19
353431 4
353441 4
353471 22
355411 25
356100 23
356101 12
356102 3
356210 10
356261 4
356311 19
356331 28
356431 25
356432 16
356441 31
356442 4
356443 19
356449 19
356455 28
356472 25
356475 19
357101 7
357110 22
357210 13
357323 31
357360 4
357418 19
357442 25
357444 28
359202 16
359205 25
359401 4
359408 19
359431 19
359455 22
360100 28
360210 18
361210 13
361321 19
361322 28
361341 4
361421 31
361433 25
361452 22
361461 28
361475 28
362211 3
363210 28
365425 31
368211 22
368317 4
400110 27
400210 24
401281 16
401383 25
401391 4
403281 25
403383 7
406284 10
406294 22
406386 34
406396 18
408382 30
410381 16
413383 13
413391 10
415393 19
420282 7
421282 19
421292 4
421386 31
421396 28
422381 3
428281 28
428282 13
428381 6
428383 22
461170 3
461471 13
461472 22
461511 10
461521 16
461526 19
461551 10
461566 22
461584 28
462130 22
462412 16
462413 25
462414 10
462503 22
462587 28
462588 25
463201 31
463252 19
463331 16
463332 19
463342 25
463354 28
463506 22
463512 7
463513 13
463543 19
463544 16
463557 31
463559 4
463571 19
463592 28
464302 31
464312 4
464402 25
464403 16
464414 22
464442 4
464443 7
464445 28
464446 31
501201 19
501202 22
501305 34
501306 13
502313 22
502314 16
504202 31
504305 10
506202 25
508304 13
510306 25
512304 28
513113 31
513115 13
513212 16
513216 19
513217 31
513225 28
513284 4
513331 31
513343 28
513364 19
513373 4
513390 25
513446 28
514202 13
514206 16
514222 4
514244 19
514272 31
514322 16
514352 31
514358 25
514382 28
514384 4
515204 28
515205 4
515256 19
515257 25
515337 16
515362 25
515380 28
552216 4
552217 19
552232 31
554413 10
555312 22
557432 16
558101 26
558313 25
558441 28
562101 31
562211 28
601201 25
601202 27
601231 19
601242 31
601342 25
601346 4
601361 19
601423 31
601425 16
601454 28
601455 31
601724 28
601745 25
601775 28
602100 11
602102 34
602103 24
602111 25
602120 8
602121 18
602122 28
602301 19
602314 22
602421 16
602453 28
602454 19
602455 31
602461 31
602471 19
602722 25
602741 28
602751 16
603200 16
603231 31
603321 28
603396 25
603496 28
603725 16
603743 25
603751 28
604101 16
604211 22
604311 19
604314 28
604315 13
604411 22
604415 28
604423 25
604431 4
604455 19
605203 25
605302 28
605313 4
605315 19
605316 4
605331 19
605430 25
605701 25
605711 16
605719 28
605742 25
606211 16
606243 31
606245 19
606264 13
606310 28
606451 25
606452 19
610114 20
651211 28
651212 31
651231 25
651234 19
651313 13
651314 10
651317 28
651319 22
651416 16
651425 25
701100 7
701101 0
701181 15
701183 21
701202 19
701235 28
701243 4
701244 25
701283 19
701295 4
701310 31
701335 16
701341 19
701408 4
701423 28
702100 25
702101 4
702211 22
702213 21
702312 7
702317 13
702321 31
702331 25
702342 22
702354 19
702418 16
703103 10
703202 10
703204 10
703243 0
703244 28
703309 25
703311 31
703322 22
703324 25
703330 31
703331 7
703345 19
703351 4
703361 16
703413 4
703441 19
703499 28
705191 16
705211 32
705311 18
705328 31
705331 3
705332 25
705343 16
705351 22
705431 19
705438 16
705440 31
705441 22
705444 4
705446 24
705448 31
705492 28
705499 25
751100 4
751101 22
751102 31
751106 28
751202 27
751209 31
751301 4
751302 17
751303 4
751304 19
751305 25
751308 6
751309 25
751321 19
751326 31
751330 10
751345 19
751401 7
751403 28
751405 13
751408 19
751413 28
751418 25
751419 19
751421 31
751428 16
751440 4
751443 16
751701 10
751702 22
751703 25
751705 28
751706 22
751708 28
751710 13
751712 13
751716 10
751724 22
751728 13
751732 16
751734 25
751744 16
751745 16
751751 25
751752 16
801100 17
801122 28
801134 22
801201 4
801204 25
801233 13
801236 22
801241 31
801322 19
801371 19
803122 25
803124 22
803131 28
803230 4
803232 28
851100 27
851103 5
851104 31
851105 4
851200 16
851201 21
851202 12
851204 3
851205 4
851241 19
851261 17
851273 31
851305 17
851306 19
851309 24
851310 35
851341 25
851342 7
851344 4
851350 25
851363 15
851366 31
851371 28
851375 19
851400 0
851401 25
851404 4
851443 31
851445 31
851450 28
851467 4
951100 29
951106 13
951124 28
951202 25
951231 31
951321 28
951366 19
951421 28
951497 4
951498 19
953102 25
953104 28
953111 21
953201 4
953202 22
953214 31
953231 19
953232 19
953234 13
953323 16
953494 28
953495 25
954140 0
954141 3
954142 18
954240 19
954244 16
954310 27
954326 28
954340 10
954364 19
954371 25
954372 31
954373 4
954413 19
954420 4
954422 16
954423 19
954443 19
954472 28
954498 16
