001101 1
001102 1
001112 15
001118 12
001201 1
001202 13
001210 2
001222 35
001223 7
001224 23
001225 4
001226 33
001227 17
001228 26
001229 34
001230 8
001231 31
001234 7
001250 33
001291 19
001292 13
001310 24
001311 9
001312 33
001314 4
001320 4
001321 13
001323 9
001330 31
001341 19
001342 12
001352 28
001355 28
001361 35
001362 7
001410 9
001423 30
001440 13
001445 1
001447 0
001471 28
001472 19
002102 25
002111 28
002191 35
002192 28
002202 34
002230 28
002260 16
002302 7
002311 34
002321 0
002331 4
002362 27
002402 7
002441 4
002471 28
002472 0
003101 19
003102 19
003191 17
003202 10
003332 13
003414 19
003421 10
003436 7
003454 28
004282 0
004465 12
004470 30
004472 10
004474 10
004476 28
006103 6
006126 22
006226 13
006241 13
006253 16
006307 28
006326 25
006330 18
006349 35
006443 0
006448 10
006454 13
006475 28
008214 10
008314 19
008326 31
008402 27
008411 28
009103 24
009213 6
009234 13
009236 28
009254 16
009301 13
009344 0
009355 31
009356 10
009358 7
009363 28
009446 19
011100 9
011101 27
011151 28
011154 10
011156 25
011157 0
011251 3
011268 28
011269 9
011276 18
011277 33
011278 33
011355 10
011367 19
011457 25
011479 13
012173 31
012174 16
012200 22
012374 19
012475 9
013103 33
013110 13
013203 27
013204 13
013207 7
013208 12
013209 28
013216 0
013217 19
013301 34
013303 31
013306 31
013321 19
013335 10
013337 19
013410 0
013413 10
013428 19
013431 28
013432 13
013433 3
014211 16
014270 22
014310 10
014311 0
014323 12
014370 31
014371 22
014383 25
014401 28
014422 0
014423 18
014471 28
014481 35
014483 13
015101 34
015102 19
016101 10
016102 10
017101 13
017102 31
017111 19
017231 10
018104 22
018112 13
018114 34
018126 25
018204 19
018271 31
018323 28
018352 28
018372 28
018467 28
018471 13
019101 5
019104 35
019105 13
019106 10
019112 10
019204 30
019205 0
019206 19
019212 12
019222 28
019332 19
019351 13
019362 28
019371 35
019373 35
019441 7
020101 10
020102 10
020212 16
020231 10
020232 22
020261 16
021101 31
021102 28
021203 13
021204 31
021270 13
024752 7
025110 13
025310 13
025481 31
026101 6
026102 19
026111 35
026112 34
026201 6
029732 10
030101 31
050100 23
050103 18
050104 18
050106 19
050112 15
050113 9
051302 30
051304 22
051306 31
051310 28
051313 10
051418 27
052203 7
052310 31
052314 7
052323 28
052331 10
052350 16
052351 13
052353 25
052355 1
052400 34
052417 30
052419 10
052422 34
052442 31
052447 35
052448 28
052449 13
053713 7
054821 7
055702 19
055734 13
055739 10
055757 7
057121 10
057122 15
057123 25
057125 0
057126 14
057127 35
057128 10
057129 6
057130 18
057131 35
057132 19
057133 33
057134 31
057135 18
057136 12
057137 20
057138 19
057139 24
057213 9
057283 31
057286 28
057287 22
057290 7
057295 7
057297 0
057298 13
057301 13
057302 34
057305 12
057316 19
057366 31
057401 0
057404 13
057407 10
057411 13
057413 28
057419 31
057427 16
057428 0
059405 10
059419 12
061103 28
061106 34
061201 16
061223 31
061224 22
061306 0
061307 7
061312 31
061313 30
061403 30
061405 28
062200 19
062210 16
062320 19
062343 13
062499 28
063201 10
064204 22
064231 16
064331 10
064411 10
064412 7
064421 10
064422 13
064423 10
064424 28
064430 28
064474 4
065120 34
065121 22
065211 13
065212 25
065311 10
065320 34
065333 19
065420 13
065435 28
065436 7
065437 28
065438 7
065797 7
066222 19
066324 27
066412 10
066414 28
067201 16
067203 13
067311 34
067371 7
067433 19
067435 9
067436 7
067491 10
070200 19
070201 16
070301 28
070303 28
070305 7
070401 13
070411 7
070413 33
070414 0
070416 10
070792 7
071411 28
071412 7
071414 31
071415 28
071416 6
071418 31
071419 13
071420 13
071423 13
071426 16
073721 7
074100 21
074101 0
074414 13
076425 10
076426 31
076427 28
076430 10
076444 10
076466 7
078444 12
078454 13
079220 16
099101 30
099102 19
099103 28
100104 28
100109 31
100110 10
100111 25
100112 24
100207 7
100220 18
100222 34
100228 16
100229 27
100230 13
100231 15
100233 28
100307 7
100308 25
100309 13
100310 4
100311 15
100312 6
100313 7
100314 4
100501 19
101201 13
101202 16
101205 5
101325 7
101405 7
101490 25
103271 30
104100 25
104302 28
104310 16
104320 10
104327 28
104334 28
104340 25
104435 13
104471 28
104490 13
109100 9
109114 34
112101 13
112105 22
112106 28
112109 19
112202 7
112205 13
112303 27
112321 31
112322 22
112406 16
112424 31
115301 28
115401 28
116301 31
116302 19
126101 30
126102 18
126212 35
126213 28
126214 7
126324 20
126326 18
126328 7
126330 4
126332 10
126400 3
126431 19
126436 28
126442 13
127100 3
127101 21
127202 35
127205 16
127313 3
127329 31
127330 0
127332 16
127333 19
127359 10
127411 13
127415 7
127416 28
127424 4
127433 13
127492 19
127493 31
127716 13
127720 10
127721 19
127727 7
128100 12
128101 25
128201 10
128304 34
128305 16
128306 20
128308 27
128310 7
128401 13
128423 18
128425 35
128427 10
128434 28
128443 27
128445 35
128451 30
128471 4
128481 34
128484 10
128700 10
128714 13
128727 7
128734 19
140101 10
140102 1
140103 12
140104 4
140105 25
152211 28
152301 13
152321 10
152331 16
154100 19
154104 11
154141 15
154152 10
154153 14
154173 7
154181 16
154251 7
154262 28
154276 16
154281 27
154301 13
154330 18
154431 19
154479 28
154492 10
159100 35
159101 35
159102 27
159151 12
159202 7
159204 27
159331 4
159351 19
159411 25
159434 22
160342 19
164261 25
164341 13
168100 22
168101 9
168410 16
176100 18
176101 16
176104 10
177103 25
177104 35
177113 16
177114 31
177141 9
177142 8
177181 13
177220 25
177222 7
177227 13
177228 19
177229 13
177300 30
177321 22
177332 1
177335 10
177336 28
177341 4
177361 34
177413 33
177420 31
177425 15
177429 31
177430 19
177431 35
177433 18
177441 13
177447 7
177460 0
177464 10
177465 28
177466 19
177470 9
177483 28
177491 10
177494 27
177495 7
179404 35
179406 28
179443 3
201100 12
201110 10
201114 28
201116 30
201117 22
201190 28
202100 0
202101 30
202102 30
202147 17
202231 8
202302 13
202303 31
202305 16
202311 7
202356 28
202362 10
202371 18
202405 3
202421 28
202432 4
202446 13
202461 28
202471 35
202475 28
202476 13
202484 13
202731 7
202744 13
202749 13
202802 13
202833 28
202843 7
203100 24
203104 7
203108 27
203111 26
203113 21
203114 6
203131 22
203132 16
203151 19
203152 19
203154 4
203158 28
203159 34
203162 26
203202 7
203204 27
203206 34
203208 9
203209 21
203211 0
203222 19
203223 25
203226 28
203232 28
203236 16
203250 31
203287 22
203300 3
203304 28
203316 0
203351 13
203352 9
203404 28
203413 19
203424 13
203425 10
203435 35
203459 25
203474 9
203708 10
203715 28
203719 7
203721 13
203725 28
203734 28
203735 7
203754 13
203775 10
203812 13
203825 10
203829 7
203879 7
204100 7
204101 16
204113 27
204123 24
204202 27
204217 28
204232 16
204251 22
204306 10
204315 24
204320 31
204333 0
204355 19
204362 32
204382 7
204422 30
204423 28
204424 13
204425 35
204443 34
204456 13
204482 13
204483 28
204490 6
204725 13
204735 7
204792 28
205100 35
205103 10
205105 22
205216 22
205232 0
205244 16
205252 27
205282 25
205324 19
205344 13
205358 28
205382 34
205421 28
205441 7
205473 13
205476 31
205731 13
205742 10
205764 13
205789 10
205796 7
206100 28
206103 14
206104 22
206108 13
206111 9
206112 19
206161 22
206162 22
206171 8
206172 8
206181 31
206182 7
206191 16
206203 22
206216 16
206217 25
206253 25
206255 16
206261 15
206266 10
206267 10
206281 28
206311 31
206313 19
206321 35
206324 12
206327 3
206331 10
206336 27
206341 18
206342 10
206362 16
206364 10
206367 0
206368 35
206370 7
206428 27
206435 13
206437 28
206457 7
206476 4
206481 0
206703 13
206714 13
206724 13
206734 7
206736 10
206737 10
206774 7
207104 3
207105 6
207106 19
207108 16
207109 19
207110 25
207116 16
207117 34
207118 19
207125 22
207162 10
207172 22
207181 3
207187 13
207188 12
207191 27
207195 7
207214 19
207302 33
207305 7
207306 22
207312 28
207321 19
207402 19
207408 3
207415 12
207442 13
207448 30
207481 13
207704 13
207706 10
207708 7
207712 7
207766 7
208101 11
208140 3
208141 25
208250 13
208263 25
208264 0
208272 22
208322 22
208345 18
208346 7
208353 0
208362 10
208373 25
208423 7
208444 25
208446 3
208460 28
208738 10
208772 7
208873 7
209203 10
209204 7
209252 31
209253 7
209262 13
209263 10
209270 28
209271 34
209272 12
209322 34
209332 34
209341 31
209352 13
209370 13
209376 10
209382 18
209424 19
209452 27
209454 35
209456 3
209466 31
209486 28
209712 13
209714 10
209716 10
209772 7
209787 13
210100 10
210200 28
210207 10
210221 3
210251 7
210276 18
210315 19
210331 31
210355 13
210432 28
210435 31
210463 7
210497 7
210702 7
210717 10
210741 10
210743 13
210744 10
210748 10
211100 0
211303 35
211312 18
211315 34
211318 3
211319 22
211341 7
211342 10
211444 13
211445 13
211446 7
211448 31
211449 28
211709 10
211843 7
212712 7
212721 28
212731 13
213706 28
213707 7
213708 13
213717 7
214301 19
214310 28
214340 30
214341 25
214352 13
214403 10
214412 28
214431 10
214491 19
215205 12
215206 7
215207 19
215208 34
215303 10
215311 4
215312 7
215313 28
215314 7
215401 10
215462 28
215482 31
215495 19
215497 28
215711 7
215742 7
217705 10
217708 7
217773 13
218100 10
218234 28
218236 34
218244 7
218262 19
218352 28
218362 10
218372 19
218382 13
218474 31
218481 3
218496 28
219741 13
219753 7
219766 28
219789 13
225702 19
225704 13
225706 10
225707 7
226703 7
226704 7
226711 13
226805 7
229223 3
229351 34
251100 27
251211 34
251213 19
251216 7
251242 13
251261 0
251292 13
251312 10
251313 30
251333 34
251334 9
251342 31
251361 19
251363 28
251371 34
251372 4
251374 27
251399 28
251411 10
251417 10
251434 4
251436 30
251451 35
251455 28
251456 31
251457 1
251461 13
251476 7
251477 27
251704 10
251707 7
251713 13
251716 28
251723 10
251724 7
251746 7
251748 28
251754 19
251760 13
251763 10
251765 7
251776 10
251781 7
251784 28
252210 6
252212 27
252222 10
252235 13
252281 13
252282 19
252283 7
252285 35
252311 16
252320 22
252328 13
252331 19
252353 7
252401 13
252402 34
252403 13
252404 19
252413 31
252420 9
252421 27
252422 19
252423 31
252427 19
252428 30
252429 3
252435 12
252440 3
252442 30
252443 12
252448 9
252450 34
252456 28
252459 10
252460 18
252479 7
252489 31
252706 13
252707 19
252727 7
252785 19
252789 13
252792 10
253215 27
253318 35
253321 0
253332 31
253416 31
253417 13
253423 31
253433 7
253441 12
253443 19
253451 10
253452 10
253454 28
253716 13
253721 7
253725 19
253734 25
253735 19
253747 13
253749 18
253752 19
253754 10
253791 10
254182 7
254200 25
254205 13
254206 0
254207 10
254211 34
254215 27
254216 19
254222 30
254231 9
254232 22
254271 34
254282 28
254302 3
254325 19
254334 33
254352 9
254362 12
254371 20
254373 27
254400 31
254411 19
254412 28
254415 35
254421 22
254422 35
254423 13
254424 28
254435 13
254441 10
254443 7
254445 30
254451 28
254452 34
254453 31
254454 10
254466 34
254476 3
254477 7
254478 19
254495 19
254701 7
254702 7
254721 7
254733 19
254737 7
254791 19
254816 10
254817 13
254857 13
255201 25
255210 18
255230 0
255300 10
255301 5
255316 27
255323 28
255328 35
255337 6
255340 30
255393 7
255422 25
255425 31
255429 19
255430 6
255431 22
255432 33
255433 7
255440 13
255442 27
255444 35
255445 19
255447 31
255451 27
255455 1
255462 10
255463 9
255471 3
255492 12
255497 0
255499 28
255714 13
255735 28
255750 13
255751 19
255769 10
255772 10
255783 7
256100 24
256271 25
256317 10
256318 35
256334 7
256418 28
256419 4
256441 10
256444 19
256456 13
256473 7
256474 31
256791 7
259103 14
259104 3
259106 5
259107 34
259108 11
259193 16
259195 7
259200 28
259201 8
259203 3
259401 18
260313 10
260334 7
260416 28
260421 19
260432 13
260702 28
261102 35
261111 10
261112 0
261113 25
261205 16
261207 10
261208 18
261214 28
261215 34
261218 12
261305 16
261306 22
261332 16
261342 7
261343 10
261361 9
261421 13
261430 7
261433 28
261438 19
261444 35
261446 28
261447 7
261448 10
261449 31
261453 10
261465 28
261473 10
261479 19
261494 13
261497-002 7
261497-008 30
261497-802 28
261497-808 19
261499 31
261736 7
261738 10
261745 13
261751 10
261752 7
261755 28
261763 28
261781 10
261795 28
261891 10
263710 25
263721 7
263724 19
263745 13
263751 10
264702 10
264705 7
264709 28
264755 13
265706 10
265709 7
265710 28
266801 7
268732 13
268735 7
268741 28
269103 31
269105 28
269111 0
269130 13
269210 19
269341 13
269360 4
269370 19
269452 34
269498 19
270712 28
270721 7
305203 19
318322 31
329105 25
329106 22
330115 7
351100 22
351201 16
351302 16
351321 10
351364 22
351371 31
351425 22
351426 19
351464 28
352103 34
352311 0
352313 31
352314 22
352401 25
352412 13
352421 28
352422 28
352433 7
352441 16
353313 25
353418 13
353431 28
353441 7
353471 13
353482 10
354311 16
354312 28
355411 7
356100 18
356101 31
356102 2
356210 31
356261 16
356333 7
356361 19
356373 25
356374 19
356411 19
356414 31
356415 25
356416 7
356431 28
356432 19
356441 22
356442 10
356443 25
356444 13
356446 10
356447 7
356449 4
356451 16
356455 28
356471 13
356472 28
356474 35
356496 28
357101 33
357110 21
357210 12
357322 22
357323 16
357418 16
357421 13
357432 19
357441 10
357444 25
357446 28
359202 20
359205 10
359206 10
359302 13
359303 28
359305 22
359341 25
359350 10
359360 16
359380 19
359401 28
359403 35
359408 4
359422 19
359423 7
359452 13
359460 7
359461 10
359465 22
360100 26
360301 19
360304 19
360441 30
361210 28
361211 16
361214 25
361341 22
361413 28
361414 7
361421 10
361433 19
361442 7
361452 19
361461 13
361475 16
363210 31
363401 19
363402 28
365201 22
365211 16
365322 28
365324 7
365422 16
365425 28
365426 13
368211 13
368310 7
368412 16
368417 13
400110 20
400210 5
401281 1
401383 25
401391 34
403281 4
403383 13
406284 31
406294 28
406386 31
406396 7
408382 0
410381 35
413383 3
413391 30
415393 10
420282 25
421282 19
421292 13
421386 1
421396 4
422381 27
428281 10
428282 7
428381 28
428383 19
461170 19
461471 34
461472 13
461511 0
461523 13
461526 13
461527 19
461532 13
462130 29
462544 28
462587 1
462588 19
463201 28
463252 13
463331 13
463332 4
463342 28
463354 19
463433 1
463512 10
463513 4
463543 28
463544 13
463557 1
463559 7
463571 0
463592 19
464302 10
464312 7
464402 22
464403 31
464414 10
464442 28
464443 13
464445 10
464446 7
464500 19
464502 10
464504 13
464505 28
464506 7
464508 19
464545 19
464549 19
501201 13
501202 19
501305 4
501306 13
502313 6
502314 34
504202 10
504305 10
506202 28
508304 31
510306 28
512304 19
513113 10
513115 19
513212 7
513216 28
513217 19
513225 10
513284 13
513331 25
513343 10
513364 19
513373 7
513390 13
513411 10
513446 7
514202 7
514206 1
514222 10
514244 13
514272 4
514322 1
514336 7
514352 28
514358 19
514382 31
514384 4
514396 10
514398 13
514436 13
514462 28
514742 13
514752 10
515204 10
515205 28
515256 19
515257 7
515330 13
515337 28
515339 19
515362 10
515377 7
515378 31
515380 4
518724 7
518770 10
551461 10
552216 7
552217 28
552232 13
557433 7
558101 30
558411 28
558432 13
562101 13
562211 13
601201 30
601202 13
601231 10
601242 3
601342 28
601346 10
601351 28
601361 6
601423 31
601424 13
601431 7
601436 13
601452 19
601471 18
601472 27
601724 7
601731 13
601745 10
601769 13
601775 7
602100 18
602102 6
602103 30
602120 7
602121 11
602122 19
602301 13
602314 4
602421 7
602453 35
602454 13
602455 10
602461 19
602472 3
602741 7
602751 7
603200 15
603231 3
603321 22
603341 0
603396 31
603423 19
603496 13
603743 13
604101 16
604211 35
604311 16
604314 0
604315 9
604411 4
604415 30
604423 27
604431 8
604443 28
604454 13
605203 28
605302 9
605313 16
605315 22
605316 25
605321 7
605331 35
605340 19
605412 10
605413 10
605430 4
605476 31
605701 13
605711 10
605719 7
605742 28
606211 0
606243 22
606245 16
606264 28
606310 7
606341 25
606342 19
606344 13
606451 10
606452 7
610114 14
651210 28
651211 19
651212 28
651234 13
651306 28
651313 31
651314 19
651317 10
651319 13
651416 7
651425 28
701100 34
701181 15
701202 19
701235 10
701244 7
701283 4
701335 10
701408 10
701423 7
701496 28
702100 34
702101 27
702211 17
702312 6
702313 9
702317 4
702321 19
702331 31
702342 10
702354 30
702418 28
702443 27
702499 4
703103 32
703109 19
703202 35
703204 19
703243 25
703244 34
703309 34
703322 35
703324 22
703330 11
703331 0
703345 13
703351 16
703361 10
703413 19
703441 3
703499 7
705191 18
705211 19
705311 27
705328 7
705331 31
705332 21
705343 28
705431 6
705438 15
705440 9
705441 0
705442 8
705444 30
705447 16
705448 34
705499 28
751100 31
751101 34
751102 21
751106 22
751202 13
751209 25
751301 9
751302 31
751303 18
751305 10
751308 0
751309 5
751320 28
751326 7
751327 28
751330 7
751401 19
751403 3
751405 13
751408 33
751417 31
751418 12
751421 34
751422 28
751428 4
751440 31
751443 21
751701 7
751702 13
751703 10
751705 12
751706 13
751708 7
751716 25
751718 25
751719 18
751728 19
751734 10
751752 7
801100 20
801122 13
801134 7
801204 30
801233 10
801236 16
801241 28
801322 7
801334 13
801371 28
803122 16
803124 28
803131 13
803230 22
803232 13
803260 22
851100 20
851103 21
851104 19
851105 27
851201 19
851202 31
851204 16
851207 4
851241 13
851252 10
851253 3
851261 21
851263 15
851273 16
851305 25
851309 0
851345 30
851363 10
851366 30
851400 28
851404 14
851406 28
851407 22
851441 6
851462 10
851467 1
852100 28
951100 33
951231 10
951324 13
951344 19
951366 13
951421 28
951498-004 13
951498-007 13
951498-011 7
951498-015 7
951498-020 31
951498-021 7
953102 13
953111 17
953201 13
953202 19
953211 16
953214 27
953231 10
953232 19
953234 31
953323 10
953422 19
953494 4
954100 31
954140 15
954142 35
954143 22
954170 28
954240 28
954326 7
954340 22
954371 16
954374 4
954423 35
954462 22
954464 13
954472 27
954491-001 10
954491-002 31
954491-003 10
954498 19
955102 13
955104 19
