001101 0
001102 1
001112 10
001118 28
001201 31
001202 28
001210 12
001222 10
001223 4
001224 4
001225 4
001226 4
001227 10
001228 4
001229 4
001230 21
001231 9
001234 31
001250 7
001291 28
001292 19
001310 0
001311 22
001312 31
001314 0
001315 34
001320 4
001321 4
001323 22
001330 16
001341 25
001342 25
001352 6
001355 0
001361 7
001362 28
001391 16
001410 25
001423 19
001440 10
001445 31
001446 7
001463 7
001471 22
001472 19
002102 31
002111 28
002191 7
002202 0
002230 22
002260 16
002302 7
002311 0
002321 12
002331 22
002362 25
002402 19
002441 7
002471 22
003102 19
003191 26
003202 4
003314 25
003331 22
003332 13
003361 7
003367 22
003454 22
004282 7
004465 16
004472 31
004474 25
004476 9
006103 30
006226 30
006241 7
006253 31
006307 19
006326 7
006330 13
006349 10
006353 25
006423 7
006432 22
006443 13
006448 7
006475 28
008214 19
008314 7
008326 22
008402 0
008411 22
009103 29
009213 25
009234 22
009236 19
009254 30
009325 28
009327 7
009344 19
009355 16
009356 1
009358 25
009363 10
009446 7
011100 27
011101 16
011154 10
011156 18
011157 7
011251 12
011257 3
011268 12
011269 27
011276 15
011277 30
011278 9
011355 31
011367 19
011457 7
011479 28
012173 25
012200 6
012271 13
012272 10
013103 23
013110 7
013203 21
013204 27
013207 19
013208 25
013209 13
013216 0
013217 29
013301 32
013303 35
013306 24
013321 22
013335 9
013337 19
013410 0
013413 22
013422 22
013428 7
013431 7
013432 13
014210 19
014211 10
014270 6
014310 19
014311 7
014323 19
014370 22
014383 22
014390 19
014401 7
014410 0
014422 13
014423 25
014471 16
014481 30
015101 9
015102 22
016101 10
016102 25
017101 27
017102 19
017111 22
017112 25
017231 4
018104 15
018111 16
018112 24
018114 9
018126 7
018204 0
018271 31
018323 22
018352 22
018372 13
018468 22
019101 29
019104 25
019105 24
019106 29
019112 22
019204 7
019205 18
019206 4
019212 16
019222 22
019332 31
019351 25
019362 19
019373 19
019441 0
020101 0
020102 19
020212 19
020231 28
020232 16
020261 7
021101 18
021102 28
021203 28
021204 28
021270 25
024752 22
025110 16
025381 7
025481 7
026101 5
026102 28
026111 12
026112 28
026201 24
026202 31
050100 28
050103 14
050104 24
050106 33
050112 30
050113 7
051302 16
051304 31
051306 28
051310 28
051313 21
051412 25
051418 22
052203 22
052310 28
052323 10
052331 1
052350 31
052351 13
052353 0
052355 18
052400 7
052417 16
052420 13
052422 22
052441 4
052442 25
052445 22
052448 28
052449 19
052725 7
054821 22
054822 22
055702 7
055703 22
055711 25
055739 25
057121 11
057122 32
057123 17
057125 32
057126 24
057127 12
057128 27
057129 3
057130 13
057131 21
057132 27
057133 30
057134 29
057135 18
057136 22
057137 4
057138 31
057139 15
057213 0
057283 28
057286 25
057287 31
057290 19
057295 31
057297 19
057298 13
057301 13
057302 22
057305 7
057307 22
057316 31
057366 25
057401 22
057404 7
057407 28
057413 13
057419 1
057425 22
057427 7
057428 6
057450 19
059405 16
059413 22
059419 27
061106 15
061201 7
061205 25
061223 31
061224 16
061306 19
061312 6
061313 13
061317 22
061319 13
061401 1
061403 22
061405 0
061430 28
062342 25
062346 31
062360 22
062380 31
062411 25
062452 22
062460 13
062470 13
062499 22
063201 31
064204 12
064231 25
064232 7
064252 19
064303 22
064411 10
064412 10
064413 28
064417 12
064422 22
064423 22
064424 32
064474 7
065120 22
065121 31
065211 28
065212 13
065311 13
065320 19
065333 28
065420 31
065436 22
065437 7
065438 4
065782 25
065795 7
065797 22
065799 22
066222 19
066324 19
066412 22
066416 31
066426 13
067201 31
067203 16
067303 22
067311 28
067371 1
067433 13
067435 1
067436 16
067491 31
070200 7
070304 28
070305 4
070400 28
070401 13
070403 25
070404 19
070410 19
070411 25
070413 30
070414 3
070415 7
070416 28
070727 7
070731 22
070741 22
071411 25
071412 28
071413 19
071414 22
071415 28
071416 12
071417 22
071419 19
071420 7
071426 25
071724 22
074100 35
074101 29
076414 19
076426 7
076427 13
076428 22
076429 22
076430 4
076444 1
076466 28
078444 17
079444 30
088708 22
099101 18
099102 25
099103 13
100102 7
100104 24
100109 10
100110 15
100111 28
100112 12
100205 10
100206 4
100207 27
100208 1
100210 35
100212 0
100213 15
100214 25
100218 16
100219 24
100220 25
100222 16
100225 25
100227 25
100281 10
100306 34
100307 9
100308 7
100309 0
100310 18
100501 34
101201 16
101202 28
101205 16
101325 35
101405 7
101490 7
103271 34
104100 7
104201 22
104302 19
104310 31
104320 16
104327 31
104334 7
104435 7
104450 13
104490 22
109100 30
109114 9
112101 19
112105 16
112106 7
112109 25
112202 31
112205 7
112303 22
112321 25
112322 25
112406 16
112424 22
115300 22
116301 22
116302 22
126101 13
126102 22
126212 16
126213 35
126214 22
126324 1
126325 25
126328 19
126330 34
126331 25
126332 28
126400 4
126431 16
126434 10
126436 6
126437 4
126438 31
126442 21
127100 28
127101 27
127202 13
127205 24
127206 16
127303 12
127313 6
127320 16
127330 22
127332 13
127333 6
127336 25
127359 30
127411 1
127412 19
127413 25
127414 22
127415 19
127416 0
127424 22
127433 4
127492 7
127716 25
127720 7
127721 19
127730 22
128100 8
128101 13
128201 9
128304 10
128305 22
128306 15
128308 6
128310 34
128353 19
128401 7
128423 25
128425 1
128427 10
128429 28
128434 22
128445 19
128451 22
128462 4
128471 22
128484 19
128700 25
128712 19
128727 7
128734 22
128751 19
140101 22
140102 25
140103 12
140104 32
140105 7
152211 28
152301 7
152321 7
152331 7
154100 7
154104 7
154141 9
154152 28
154153 21
154173 22
154181 10
154251 16
154276 12
154281 0
154301 19
154330 13
154431 7
154479 13
154482 1
154492 28
159100 6
159101 16
159102 35
159151 13
159202 7
159203 10
159204 34
159331 0
159411 13
159412 28
159434 19
159462 22
160342 25
164261 28
164341 19
168101 25
168410 10
176100 3
176101 10
176104 31
177104 31
177113 16
177114 4
177141 28
177142 9
177181 7
177220 6
177222 19
177227 22
177228 25
177229 13
177300 19
177321 10
177332 30
177335 2
177341 27
177361 25
177362 7
177413 7
177420 22
177425 22
177429 25
177430 4
177431 22
177433 35
177460 28
177464 22
177465 16
177466 4
177470 4
177471 19
177483 0
177491 16
177494 25
177495 13
179402 25
179403 25
179404 7
179406 22
179443 12
201100 34
201110 26
201114 22
201116 11
201117 12
201190 25
202100 22
202101 33
202102 13
202147 15
202231 27
202303 28
202305 7
202311 13
202331 22
202356 22
202371 25
202405 19
202432 25
202442 25
202461 25
202471 25
202475 19
202476 7
202484 22
202731 7
202736 7
202749 22
202770 7
202804 22
202807 22
202833 22
202843 7
203100 3
203104 3
203108 28
203111 5
203113 18
203114 21
203131 30
203132 15
203151 10
203152 10
203154 19
203158 34
203159 22
203162 31
203202 19
203203 10
203204 25
203206 20
203207 13
203208 10
203209 5
203211 15
203222 31
203223 25
203226 19
203232 22
203236 2
203250 22
203287 10
203300 7
203304 15
203316 1
203351 31
203352 21
203413 25
203424 22
203425 22
203435 25
203459 31
203708 7
203715 22
203719 25
203721 22
203734 25
203735 7
203749 25
203754 22
203775 7
203804 22
203812 7
203825 25
203829 7
204100 19
204101 7
204113 22
204123 28
204202 7
204217 19
204232 31
204251 19
204306 1
204315 25
204320 4
204333 28
204355 7
204362 19
204382 7
204422 0
204425 7
204441 31
204443 10
204452 13
204456 25
204482 4
204483 22
204490 15
205100 3
205103 7
205105 12
205216 1
205232 13
205244 19
205252 15
205282 25
205324 1
205344 7
205358 19
205361 22
205382 16
205421 7
205473 22
206100 25
206103 35
206104 6
206108 31
206111 24
206112 9
206161 18
206162 25
206171 30
206172 12
206181 9
206182 7
206191 7
206211 10
206216 0
206217 22
206253 12
206255 0
206261 27
206266 10
206281 7
206311 16
206313 22
206321 22
206325 30
206327 7
206331 6
206336 16
206341 19
206342 19
206355 1
206357 22
206362 10
206364 22
206367 15
206368 10
206370 25
206421 4
206435 7
206437 27
206467 10
206471 25
206476 13
206481 35
206725 25
206726 7
206728 22
206729 22
206731 25
206734 7
206736 25
206737 25
206774 7
207100 15
207104 19
207105 15
207106 10
207108 13
207109 2
207110 4
207116 13
207117 31
207118 10
207125 0
207137 34
207162 19
207172 13
207181 16
207187 16
207188 31
207191 24
207195 12
207214 25
207302 0
207305 13
207306 31
207312 10
207321 7
207402 12
207408 10
207415 22
207442 22
207448 28
207449 7
207704 25
207706 7
207708 22
207712 22
207741 25
207766 22
207776 22
208101 26
208140 19
208141 24
208161 16
208250 16
208263 22
208264 22
208271 10
208272 9
208322 7
208345 15
208346 7
208353 25
208362 22
208373 22
208384 4
208423 19
208444 1
208446 7
208460 25
208738 19
208740 22
208770 25
208772 25
208774 7
208776 7
208873 22
209203 22
209204 25
209252 19
209253 13
209262 25
209263 22
209270 18
209271 16
209272 1
209322 4
209332 25
209341 22
209352 13
209370 28
209376 1
209382 13
209424 25
209452 10
209454 31
209456 25
209466 28
209486 7
209714 25
209772 22
209787 7
209789 25
210100 31
210200 13
210207 19
210221 28
210251 1
210276 31
210315 7
210331 25
210355 13
210432 19
210435 22
210448 4
210463 10
210702 22
210717 7
210734 25
210741 7
210743 25
210748 7
210787 25
211100 21
211303 22
211312 28
211315 19
211318 31
211319 12
211341 13
211342 16
211448 1
211449 19
211495 4
211709 22
212712 22
212714 7
212731 25
213708 22
213717 25
213718 7
213763 7
214301 15
214310 10
214340 13
214341 16
214352 10
214403 22
214412 16
214431 7
214442 4
214462 4
214491 22
215205 34
215206 1
215207 28
215208 22
215303 22
215312 31
215313 22
215314 7
215401 1
215462 16
215482 22
215711 7
215783 22
217705 7
217708 22
217773 19
218100 9
218234 31
218236 7
218244 28
218262 22
218352 25
218362 13
218372 22
218382 1
218481 7
218486 22
218496 22
219753 25
219781 7
226703 22
226704 7
226710 7
226805 22
229223 18
229351 13
251100 28
251211 18
251213 10
251216 1
251242 25
251261 13
251292 7
251312 31
251313 6
251333 10
251334 13
251342 25
251361 16
251363 12
251371 9
251372 28
251374 22
251399 19
251411 4
251417 7
251434 16
251436 31
251451 4
251455 0
251456 19
251457 19
251461 22
251465 7
251704 4
251707 22
251713 7
251716 19
251723 25
251724 22
251738 22
251746 19
251748 25
251754 19
251760 25
251763 7
251765 22
251773 19
251781 25
251784 22
252210 28
252212 9
252222 13
252235 0
252281 22
252282 22
252283 9
252285 22
252311 22
252320 25
252331 7
252353 1
252401 16
252402 28
252403 25
252404 7
252413 22
252420 25
252421 4
252422 7
252423 34
252427 19
252428 10
252429 28
252435 15
252440 31
252442 4
252443 19
252448 10
252450 25
252456 4
252459 22
252460 10
252479 19
252489 7
252706 7
252707 25
252714 19
252721 19
252727 25
252755 25
252765 7
252781 7
252792 22
253215 31
253318 10
253321 1
253332 28
253423 7
253433 22
253441 31
253443 7
253451 25
253452 22
253454 4
253721 22
253725 19
253731 19
253734 25
253735 25
253747 4
253749 16
253752 4
253754 7
253791 7
254182 7
254200 15
254205 30
254206 28
254207 22
254211 0
254215 19
254216 7
254222 21
254231 13
254232 13
254271 0
254282 30
254334 25
254352 1
254362 18
254371 9
254373 27
254400 16
254411 7
254412 19
254415 16
254421 13
254423 4
254424 4
254427 7
254435 7
254441 25
254443 7
254445 7
254446 22
254451 31
254452 10
254453 19
254466 19
254476 22
254477 4
254478 22
254495 19
254701 22
254721 7
254733 19
254737 25
254771 25
254816 22
254857 7
255210 28
255230 12
255300 22
255301 2
255316 15
255323 19
255328 30
255337 24
255340 13
255393 19
255422 25
255425 7
255430 7
255432 31
255433 7
255437 25
255440 4
255442 22
255445 7
255447 22
255451 7
255455 24
255463 22
255471 19
255497 4
255714 7
255735 22
255746 25
255750 19
255751 19
255769 19
255772 7
255783 4
255786 19
255791 16
255792 22
256100 0
256271 1
256281 16
256317 13
256318 1
256334 31
256415 16
256419 25
256442 22
256443 16
256456 22
256473 7
256474 7
256713 19
256741 22
256752 25
256753 7
256791 22
259103 23
259104 27
259106 4
259107 19
259108 35
259193 10
259195 6
259200 28
259201 34
259203 7
259401 25
260313 16
260334 25
260421 22
260702 19
260712 25
260719 7
260791 22
261102 7
261111 14
261112 12
261113 30
261205 16
261207 9
261208 22
261214 28
261215 15
261218 0
261305 19
261306 10
261332 13
261342 28
261343 19
261361 1
261411 22
261421 7
261430 13
261433 13
261444 25
261446 1
261447 13
261448 31
261449 22
261453 13
261465 25
261473 16
261479 22
261494 25
261497 30
261498 25
261499 7
261731 22
261736 22
261742 19
261745 4
261751 22
261752 7
261755 25
261763 19
261792 4
261796 7
261891 19
263710 19
263721 25
263724 7
263745 22
263751 22
264702 25
264703 7
264705 22
264755 19
264791 4
265706 25
265709 7
265710 22
266703 22
266801 7
268735 7
268741 22
268742 25
269103 13
269105 28
269130 31
269210 7
269341 28
269360 22
269370 7
269497 25
269498 25
270721 7
270791 7
305203 22
318322 7
329104 4
330112 9
351100 21
351201 7
351302 0
351331 1
351364 6
351371 19
351425 25
351426 4
351464 16
352103 35
352311 7
352314 16
352315 25
352323 4
352331 13
352332 7
352401 28
352412 25
352413 22
352421 19
352422 28
352433 19
352441 4
353313 19
353418 22
353431 13
353441 25
353471 31
353482 16
354311 28
354312 7
355411 22
356100 26
356101 20
356102 17
356210 35
356261 7
356306 1
356331 0
356333 16
356373 22
356375 25
356411 13
356412 4
356415 4
356416 10
356431 28
356432 7
356441 22
356442 16
356443 25
356444 13
356446 19
356447 7
356448 19
356449 22
356455 22
356472 7
356474 19
357110 3
357210 22
357322 7
357323 22
357418 10
357421 12
357432 19
357442 25
357444 19
357446 31
359202 21
359205 22
359206 16
359302 25
359305 22
359341 22
359350 6
359360 13
359401 1
359403 22
359419 25
359422 31
359452 25
359455 22
359460 10
359461 16
360100 8
360301 13
360402 4
360403 4
360411 7
360423 22
360441 22
360460 19
361210 0
361211 7
361214 22
361341 13
361414 22
361421 4
361433 25
361442 7
361461 0
361475 19
363210 24
365201 7
365211 22
365301 19
365324 25
365331 13
365422 28
365425 22
365426 7
368211 13
368310 15
368412 7
368417 13
368433 25
400110 33
400210 10
401281 28
401383 1
401391 13
403281 10
403383 4
406284 22
406294 25
406386 16
406396 22
408382 7
410381 34
413383 19
413391 25
415393 9
420282 7
421282 31
421292 16
421386 28
421396 0
422381 10
428281 4
428282 19
428381 31
428383 12
461170 3
461471 10
461472 7
461511 19
461526 25
462130 21
462531 19
462542 25
462545 7
462582 22
462587 25
462588 25
463201 7
463252 0
463331 7
463332 7
463342 22
463354 34
463512 16
463513 25
463534 19
463543 31
463544 1
463557 19
463559 22
463571 25
463592 16
464302 1
464312 13
464402 28
464403 22
464414 19
464442 34
464443 13
464445 10
464446 1
464500 25
464502 19
464504 22
464505 1
464506 10
464508 28
464544 7
464545 25
464546 31
464549 25
501201 10
501202 34
501305 10
501306 7
502313 13
502314 28
504202 13
504305 19
506202 1
508304 34
510306 22
512304 1
513113 13
513115 7
513212 22
513216 10
513217 19
513225 1
513284 7
513331 7
513343 19
513364 22
513373 1
513390 13
513411 22
513446 22
514202 0
514206 18
514222 25
514244 16
514272 28
514322 10
514336 31
514352 7
514358 19
514382 16
514384 25
514396 22
514398 0
515204 13
515205 19
515256 16
515257 7
515330 7
515337 13
515339 28
515362 19
515377 1
515378 10
515380 22
515407 19
515440 25
515441 7
515442 22
518724 22
518770 7
551311 25
552216 19
552217 7
552232 1
553312 34
554314 7
555313 7
556311 22
557433 10
558101 7
558432 25
561312 1
562101 10
562211 0
571115 16
601201 29
601202 7
601231 7
601242 18
601342 16
601346 13
601351 4
601361 7
601423 31
601424 28
601425 28
601436 28
601452 19
601471 25
601472 22
601745 7
601769 25
601775 22
602100 23
602102 15
602103 11
602120 22
602121 25
602122 13
602314 13
602421 1
602432 4
602453 7
602454 7
602455 25
602461 22
602463 19
602471 10
602741 7
602751 22
603200 18
603231 28
603321 16
603341 25
603396 22
603423 13
603496 16
603725 25
603743 7
603751 22
604101 13
604211 1
604311 25
604314 19
604315 15
604411 10
604415 25
604423 0
604431 13
604443 7
604454 22
604455 4
605203 19
605302 25
605313 19
605315 13
605316 22
605321 4
605331 1
605340 7
605412 22
605430 28
605711 7
605719 22
606211 7
606243 28
606245 4
606264 25
606310 16
606341 19
606342 25
606344 7
606451 16
606452 22
610114 23
651211 16
651212 1
651231 6
651234 22
651306 7
651313 16
651314 4
651317 22
651319 19
651416 25
651425 7
701100 16
701101 27
701181 34
701202 28
701211 19
701235 25
701243 22
701244 10
701283 19
701310 25
701335 22
701408 19
701409 19
701410 7
701496 22
702100 10
702101 6
702211 31
702213 30
702312 13
702317 15
702321 25
702331 0
702342 7
702354 13
702423 25
702443 7
702499 22
703103 35
703202 10
703204 15
703243 2
703244 10
703322 31
703324 1
703330 22
703331 25
703345 9
703351 16
703361 31
703413 7
703441 34
703444 28
703499 25
705191 18
705211 13
705311 28
705328 13
705331 21
705332 6
705343 34
705431 6
705438 12
705440 27
705441 25
705444 22
705446 19
705447 13
705461 24
705492 22
705499 7
751100 16
751101 20
751102 18
751106 19
751202 13
751209 24
751301 32
751302 35
751303 29
751305 9
751308 31
751309 25
751321 31
751326 7
751330 7
751345 22
751401 10
751403 6
751405 1
751408 19
751417 25
751418 4
751419 4
751421 22
751422 7
751424 13
751428 22
751440 13
751443 31
751447 27
751451 7
751701 16
751702 22
751703 4
751705 31
751706 22
751708 7
751710 19
751716 25
751718 25
751719 4
751727 19
751742 19
751744 25
801100 15
801122 19
801134 22
801204 7
801233 34
801236 0
801241 10
801322 7
801334 19
801371 22
803122 31
803124 16
803131 19
803230 22
803232 25
803260 22
851100 5
851103 6
851104 10
851105 16
851200 13
851201 12
851202 25
851204 31
851207 16
851241 22
851252 6
851253 1
851261 15
851263 6
851273 19
851305 0
851306 1
851309 7
851313 22
851363 13
851366 18
851375 12
851400 30
851401 10
851404 28
851406 28
851443 4
851445 7
851450 15
851462 25
851467 25
951100 18
951202 19
951231 28
951321 1
951324 25
951366 16
951421 7
951498-020 13
951498-021 22
953102 31
953104 16
953111 33
953201 22
953202 25
953214 28
953231 7
953232 25
953234 7
953323 25
953361 7
953421 22
953444 7
953494 31
953495 13
954100 31
954140 18
954142 34
954143 19
954170 28
954240 13
954244 7
954310 0
954340 35
954347 22
954371 10
954372 7
954374 25
954413 7
954421 25
954423 16
954464 13
954472 13
954491 1
954498 28
955102 19
955104 25
