001101 1
001102 34
001111 28
001113 31
001201 4
001202 12
001210 6
001212 15
001218 28
001230 0
001231 31
001250 19
001291 21
001293 22
001310 27
001311 31
001312 31
001315 34
001318 22
001320 16
001321 6
001323 28
001330 31
001342 10
001353 19
001354 25
001362 22
001410 7
001423 28
001425 31
001443 13
001444 34
001445 16
001447 19
001461 0
001464 35
002101 31
002110 7
002191 32
002192 9
002201 10
002211 28
002221 7
002250 22
002301 13
002333 22
002351 28
002365 7
002372 10
002401 19
002441 16
002473 13
003101 0
003191 2
003201 35
003314 10
003320 28
003331 31
003414 22
003421 28
003436 13
004241 7
004301 31
004303 31
004324 28
004351 22
004432 35
004473 13
004475 0
006103 24
006126 10
006206 7
006226 31
006242 19
006253 22
006303 0
006307 22
006326 19
006330 0
006331 9
006344 31
006346 27
006355 28
006425 13
006432 0
006433 28
006443 16
006448 10
008214 31
008303 31
008314 7
008326 13
008411 19
008417 28
009103 20
009105 31
009212 6
009230 22
009231 19
009326 10
009425 10
009426 19
009431 7
011100 21
011151 16
011152 3
011153 14
011251 3
011257 16
011259 22
011269 8
011276 29
011353 12
011356 22
011358 1
011362 10
011374 13
011461 3
011464 19
011751 28
012100 10
012173 20
012200 9
012271 35
012272 19
012273 16
012371 13
012475 7
013103 31
013110 32
013203 0
013204 13
013206 19
013207 7
013217 4
013301 16
013302 7
013303 10
013304 16
013305 34
013306 31
013307 13
013317 16
013326 28
013329 13
013330 3
013335 15
013338 0
013420 19
013421 7
013422 10
013427 22
013433 19
013435 13
014210 22
014270 25
014310 16
014311 7
014322 19
014323 22
014325 28
014370 28
014371 31
014382 0
014390 34
014401 10
014410 13
014421 31
015101 18
016101 6
016232 22
017101 6
017102 31
017111 19
017201 31
017210 19
018103 13
018111 5
018113 21
018125 22
018203 13
018211 22
018213 31
018231 16
018235 19
018271 3
018301 7
018335 10
018351 19
018353 13
018421 16
018433 10
018435 19
018436 31
018438 13
018451 28
018465 22
018467 7
018471 31
019101 6
019103 22
019105 35
019106 30
019108 7
019111 13
019203 16
019205 10
019206 4
019208 13
019211 19
019221 0
019303 13
019311 28
019331 10
019361 7
019373 0
019381 35
019411 19
019442 0
019471 31
019473 16
020101 23
020102 22
020211 15
020231 0
020311 13
020321 10
020333 19
020341 16
020362 31
020363 3
020412 16
020421 10
020481 7
021101 21
021102 19
021203 0
021204 10
021270 4
025108 19
025480 16
026101 29
026102 35
026111 15
026112 21
026201 0
026271 35
029701 31
029703 28
029711 10
030101 19
050100 16
050103 26
050104 15
050106 35
050111 27
051302 7
051304 7
051306 13
051310 4
051313 21
051418 7
052201 31
052202 22
052352 16
052357 22
052420 1
052441 7
052443 10
052445 28
052447 1
052466 19
053712 31
053713 13
053770 31
054810 13
054870 31
055701 28
055703 19
055704 10
055706 13
055707 31
055713 19
055733 28
055734 31
055757 13
055771 28
055797 10
057121 32
057123 17
057125 23
057126 35
057127 23
057128 33
057129 25
057130 21
057131 13
057132 12
057133 9
057134 23
057135 12
057136 17
057137 3
057138 7
057139 29
057140 22
057201 13
057205 15
057213 31
057215 28
057274 28
057284 4
057285 19
057288 28
057293 28
057294 10
057296 34
057300 10
057302 31
057305 32
057316 19
057351 13
057366 28
057403 1
057404 22
057405 10
057410 7
057411 15
057420 34
057426 19
057428 15
059413 7
059419 3
061103 31
061106 19
061201 19
061223 0
061224 16
061306 7
061307 22
061317 19
061319 28
061403 7
061404 10
061407 28
061430 10
062200 13
062210 19
062343 4
062411 31
062452 1
062460 10
062470 13
062499 7
063201 0
063702 13
063704 31
063710 10
064204 16
064232 31
064251 19
064252 7
064303 10
064331 10
064392 7
064412 4
064418 7
064423 31
064424 8
064430 13
064474 19
064490 4
065210 19
065212 13
065310 13
065311 1
065320 1
065332 7
065421 19
065435 7
065436 4
065437 4
065438 31
065797 28
066221 7
066323 22
066410 1
066416 7
066421 16
066425 13
067202 4
067303 13
067311 7
067372 16
067373 7
067432 19
069712 31
070200 4
070304 4
070305 7
070403 28
070404 28
070410 19
070411 31
070416 19
070711 13
070720 31
070721 10
070740 28
070741 28
071411 10
071412 28
071413 10
071415 13
071416 20
071418 28
071419 35
071422 19
071423 28
071425 4
071712 31
071715 13
071730 4
071736 19
071738 13
071811 13
073711 31
073721 13
073770 13
074100 20
074101 33
074414 13
076425 16
076427 10
076430 4
076444 31
076466 19
078444 6
078454 4
079169 13
079220 4
079264 10
091700 10
091800 10
099100 0
099101 3
099102 1
100102 34
100109 31
100110 18
100111 6
100112 12
100207 13
100213 28
100214 27
100220 27
100222 10
100225 34
100228 16
100229 13
100230 7
100231 35
100233 27
100281 35
100306 22
100307 28
100308 6
100309 1
100310 0
100311 35
100312 28
100313 31
100314 19
100501 13
101100 18
101105 31
101201 9
101211 13
101400 13
101405 31
103112 7
103191 28
103271 24
104200 13
104201 6
104300 28
104301 16
104325 31
104410 10
104424 10
104495 28
105304 19
109100 15
109115 21
112101 7
112102 13
112103 31
112108 28
112110 1
112201 28
112203 19
112213 7
112300 19
112314 7
112411 0
112412 28
115200 13
115300 31
115301 31
115302 19
116301 28
116302 28
116400 13
126101 3
126216 0
126321 13
126326 16
126333 7
126334 27
126428 22
126432 28
126443 1
127100 20
127101 19
127203 16
127204 22
127207 35
127303 19
127312 0
127314 6
127315 13
127316 1
127326 4
127337 10
127711 13
127717 28
127718 31
127719 10
127727 28
127728 10
128100 33
128101 6
128202 7
128203 22
128204 16
128307 6
128309 19
128334 28
128354 22
128355 31
128403 12
128701 13
128710 31
128730 10
128740 28
128762 28
140101 10
140102 28
140103 3
140104 7
140105 34
152211 22
152301 0
152321 28
154104 8
154141 25
154151 28
154231 28
154261 7
154262 0
154281 15
154311 35
154330 19
154353 22
154375 16
154377 1
154384 34
154388 28
154443 31
154455 10
154457 16
154481 19
154488 22
154493 13
154494 10
159100 35
159101 21
159151 13
159203 13
159221 21
159231 22
159301 28
159303 1
159305 12
159332 31
159356 34
159362 21
159403 19
159411 28
159431 15
159454 1
160341 16
164200 19
164341 31
168100 3
168101 30
168222 13
176100 33
176101 17
176104 27
176220 7
177103 28
177214 32
177215 10
177216 1
177217 7
177281 19
177283 22
177285 13
177321 35
177330 31
177341 3
177362 22
177393 15
177401 0
177404 19
177405 1
177414 13
177426 28
177427 7
177430 34
177434 2
177446 16
177450 6
177463 4
177464 10
177465 0
177467 25
177468 13
177481 35
177494 10
179402 4
179403 10
201100 30
201110 5
201114 23
201115 27
201116 18
201117 0
201190 31
202100 30
202101 14
202141 16
202143 22
202145 16
202184 12
202231 27
202260 7
202305 3
202311 28
202332 10
202334 22
202342 4
202361 28
202371 13
202434 16
202438 31
202443 13
202473 19
202474 7
202477 0
202481 10
202495 4
202742 13
202765 10
202776 28
202782 13
202833 28
202848 28
202873 13
203100 11
203103 31
203111 19
203116 13
203151 28
203162 5
203171 27
203201 28
203203 0
203204 28
203206 11
203207 13
203208 19
203209 32
203222 15
203226 27
203231 7
203235 24
203236 10
203255 13
203303 16
203315 0
203323 12
203324 19
203331 13
203332 28
203333 21
203351 4
203352 34
203405 7
203406 10
203414 16
203423 4
203431 28
203434 13
203458 10
203471 22
203475 19
203705 31
203709 10
203714 31
203716 13
203722 13
203743 10
203753 28
203807 13
203821 10
203828 31
203879 13
203889 13
204100 10
204101 27
204111 28
204123 16
204202 19
204211 13
204216 28
204231 35
204251 19
204321 27
204325 4
204335 19
204341 3
204361 10
204365 13
204381 15
204383 13
204432 34
204435 6
204442 28
204451 1
204452 13
204453 31
204471 19
204712 13
204721 10
204732 31
204764 28
205100 12
205103 16
205104 13
205105 24
205235 35
205239 0
205275 25
205303 31
205337 35
205355 0
205393 7
205415 28
205421 10
205461 31
205464 19
205475 13
205479 7
205483 16
205486 10
205496 4
205712 10
205735 28
205761 13
205783 31
206100 14
206101 15
206103 35
206104 0
206107 10
206108 6
206111 22
206112 18
206113 22
206161 19
206162 2
206171 22
206172 11
206181 6
206191 22
206203 10
206207 16
206211 21
206216 28
206217 9
206261 10
206267 0
206281 30
206300 22
206321 27
206324 7
206325 10
206327 15
206328 10
206331 19
206336 28
206341 16
206355 34
206362 3
206370 31
206381 10
206412 4
206436 35
206437 7
206441 0
206455 19
206707 4
206713 13
206720 28
206721 10
206730 10
206736 28
206738 31
206739 28
206743 10
206753 28
206766 19
206783 4
207100 3
207103 28
207105 22
207106 18
207107 35
207109 33
207115 28
207117 31
207123 6
207131 19
207135 28
207164 16
207171 31
207173 24
207174 28
207183 27
207187 15
207203 15
207205 31
207208 22
207213 35
207308 19
207310 13
207313 28
207323 16
207348 34
207401 10
207403 10
207406 16
207416 22
207419 28
207422 4
207436 13
207701 10
207703 13
207705 31
207711 28
207741 28
207743 10
207808 28
208101 28
208140 16
208150 19
208250 7
208251 7
208263 7
208265 7
208270 7
208271 7
208272 7
208280 0
208321 13
208329 12
208343 22
208348 9
208370 22
208383 21
208425 31
208439 19
208440 13
208469 0
208711 13
208760 31
208761 10
208770 28
208871 31
208872 28
209201 28
209251 7
209301 34
209302 1
209303 7
209331 31
209351 16
209358 10
209361 4
209368 31
209375 22
209403 4
209442 28
209451 9
209453 22
209461 0
209463 31
209471 7
209483 19
209485 10
209703 19
209705 19
209707 13
209709 4
209711 13
209713 31
209722 13
209731 31
209771 28
209773 10
209779 31
209785 4
210100 34
210201 7
210202 10
210204 28
210343 28
210351 34
210383 13
210425 31
210433 16
210434 10
210453 28
210465 7
210485 10
210703 13
210704 31
210705 10
210707 28
210723 28
210731 10
211100 10
211311 22
211315 18
211319 9
211413 28
211440 16
211442 10
211443 31
211495 13
211702 10
211889 28
212701 13
212703 31
212711 10
212721 28
212741 28
213201 16
213714 10
213763 13
213779 28
214100 4
214261 0
214312 19
214341 13
214381 31
214401 7
214411 3
214414 0
214415 10
214421 22
214430 19
214441 13
214445 4
215205 28
215206 2
215207 7
215208 16
215301 0
215302 22
215381 15
215411 31
215431 7
215471 15
215481 9
215495 35
215496 13
215497 19
215734 10
215762 28
215785 10
215794 28
217701 31
217703 10
217707 28
217734 10
217751 10
217775 28
217781 28
218100 3
218101 7
218233 31
218235 19
218321 31
218323 7
218351 13
218471 13
218475 19
218483 10
218486 28
219720 19
219731 13
225701 13
225703 31
225705 10
225720 28
226701 28
226709 10
226710 13
226801 19
226889 28
229123 16
229323 21
229352 4
229711 28
251211 1
251213 34
251261 13
251281 33
251312 0
251313 1
251333 22
251334 28
251361 19
251363 35
251371 22
251372 15
251374 16
251384 34
251411 19
251418 10
251437 4
251438 6
251451 7
251455 4
251457 31
251461 13
251475 28
251479 10
251701 19
251702 13
251703 10
251711 19
251714 13
251715 31
251717 10
251718 19
251745 31
251751 13
251752 31
251757 10
251758 19
251773 13
251783 31
251785 10
251790 28
252201 35
252211 7
252232 24
252282 24
252283 18
252285 22
252286 24
252301 6
252302 34
252317 16
252320 13
252322 31
252325 7
252327 0
252330 1
252342 31
252363 19
252420 22
252421 10
252424 10
252425 28
252426 28
252427 16
252444 10
252450 4
252455 13
252460 7
252489 31
252498 19
252702 28
252708 19
252723 10
252724 10
252741 10
252748 28
252781 13
252785 31
252789 28
252791 28
253303 19
253314 21
253315 16
253432 16
253455 0
253456 7
253481 13
253701 10
253715 28
253717 4
253722 13
253731 19
253732 28
253734 10
253735 7
253736 4
253748 19
253752 28
253754 31
254181 15
254205 15
254206 28
254211 7
254215 31
254216 12
254222 35
254231 13
254232 13
254252 7
254282 7
254302 6
254325 9
254333 0
254372 19
254421 24
254425 13
254426 4
254435 19
254436 28
254438 13
254439 31
254441 34
254442 0
254451 16
254456 1
254457 7
254458 10
254459 13
254461 4
254471 22
254473 19
254492 13
254494 31
254700 28
254702 19
254703 13
254710 31
254711 10
254734 4
254770 13
254777 10
254804 19
254875 31
255201 15
255215 22
255251 6
255290 27
255300 19
255320 9
255321 21
255330 33
255359 0
255415 3
255417 35
255420 13
255422 0
255424 22
255430 9
255432 1
255434 16
255437 28
255438 35
255439 27
255441 22
255447 9
255449 7
255454 7
255460 4
255462 34
255464 10
255471 15
255492 6
255499 35
255712 31
255722 19
255734 31
255739 13
255750 10
255764 13
255766 19
255770 28
255771 28
255772 10
255786 19
255791 10
255830 28
256100 28
256212 7
256271 16
256281 3
256316 22
256333 10
256373 35
256383 34
256412 13
256415 16
256441 28
256457 19
256462 7
256473 31
256700 31
256761 10
256762 28
259103 17
259104 13
259106 35
259107 30
259108 27
259109 26
259201 22
259203 31
260312 31
260404 10
260413 13
260424 10
260434 28
260717 10
260772 28
261103 16
261111 13
261200 12
261210 27
261212 34
261216 15
261217 0
261304 19
261305 13
261335 28
261336 16
261342 1
261343 18
261361 4
261405 22
261406 31
261434 1
261447 34
261456 27
261457 10
261458 28
261461 0
261469 13
261494 9
261497 4
261499 7
261701 10
261702 13
261706 19
261735 31
261739 10
261753 31
261754 31
261767 10
261769 10
261791 28
263701 13
263702 31
263720 19
263746 10
263760 28
263771 19
264701 13
264706 31
264707 19
264710 10
264741 10
264791 31
266703 28
268721 10
269101 10
269102 31
269200 31
269201 7
269202 19
269340 31
269430 16
269462 7
269470 10
269497 28
270701 31
270702 10
270711 10
270791 10
301254 22
305202 22
311352 13
318322 35
318351 34
320351 31
321251 31
324703 28
328310 31
328313 22
330110 16
330111 31
351100 18
351201 7
351202 13
351301 0
351321 15
351331 10
351410 16
351441 0
351442 22
351451 31
351463 19
351466 13
352301 28
352311 10
352321 7
352323 31
352332 13
352422 1
352431 22
353301 13
353421 31
353431 10
353451 35
353452 1
354311 28
356100 15
356101 12
356102 3
356202 1
356210 30
356212 28
356303 16
356304 10
356306 0
356312 28
356361 31
356412 13
356414 4
356416 28
356432 28
356441 31
356442 22
356443 7
356471 13
356496 28
357101 11
357110 14
357210 24
357322 10
357360 31
357417 10
357441 19
357491 19
359202 21
359203 6
359204 4
359206 13
359301 28
359311 22
359405 4
359409 1
359410 31
359413 28
359414 31
359421 16
359431 7
359451 13
360100 29
360210 25
360400 19
360402 19
360404 13
360407 31
360411 1
360431 16
360460 10
360470 13
361210 19
361214 28
361301 31
361321 13
361351 1
361453 31
361461 28
361471 28
363210 31
365301 19
365321 31
365331 10
365421 28
365427 13
365428 13
368200 28
368317 28
368331 27
368412 31
368433 10
368441 7
368487 13
400110 5
400211 22
401382 4
403382 10
406385 28
406395 7
409281 7
409292 4
411281 19
411291 13
415291 1
420281 10
421281 28
421291 16
421385 1
421395 16
423382 22
428382 19
461100 0
461170 10
461471 28
461472 10
461511 4
461527 10
461529 28
462130 29
462541 10
462587 28
462588 10
463251 31
463311 27
463331 25
463341 34
463353 13
463402 12
463433 19
463455 16
463491 34
463503 19
463504 16
463545 31
463556 13
463558 1
464301 19
464311 31
464341 16
464401 22
464413 28
464441 31
464443 7
464444 1
464445 7
464501 7
464502 7
464503 31
464509 4
464510 34
464541 19
464542 13
464544 22
464549 4
466141 18
501301 0
501302 7
502211 4
502311 10
503402 28
504302 16
506303 22
506361 28
507402 31
508203 28
508207 4
508303 13
509402 16
510201 22
510202 13
510307 34
510411 10
510414 13
510415 22
510416 1
510417 19
512303 28
512402 7
513111 27
513114 22
513223 16
513224 28
513283 13
513315 1
513324 19
513328 13
513363 16
513371 28
513412 4
513429 19
513445 31
513451 10
513471 28
514211 7
514241 13
514317 1
514323 35
514335 31
514341 13
514343 16
514381 22
514383 4
514395 7
514397 19
514425 28
514442 13
514451 19
514453 16
514466 4
514475 7
515201 19
515250 31
515307 1
515312 16
515334 13
515361 28
515364 22
515370 10
515376 7
515403 28
515490 13
551461 34
552216 25
552217 28
552222 1
553312 25
554314 28
555313 13
556311 19
557433 25
558411 19
558432 28
558442 13
561312 31
562211 13
571115 13
601201 23
601302 1
601321 35
601322 4
601341 16
601344 19
601351 28
601422 10
601427 31
601428 28
601452 19
601460 13
601462 1
601702 28
601731 13
601758 7
601765 31
601767 13
602100 17
602102 31
602111 16
602211 13
602315 16
602321 35
602322 21
602431 1
602432 13
602441 31
602464 19
602731 10
602761 28
603211 19
603322 10
603332 19
603352 35
603371 22
603421 28
603441 10
603453 4
603465 1
603471 31
603494 13
603495 16
603711 31
603723 10
603731 28
604304 1
604305 13
604312 7
604313 35
604351 28
604352 16
604412 34
604414 31
604416 4
604422 7
604441 10
604451 21
604711 28
604715 19
604731 13
605201 16
605204 0
605301 35
605313 7
605314 22
605321 16
605322 1
605341 28
605412 19
605432 22
605446 13
605459 28
605461 10
605476 7
605701 31
605702 10
605713 13
605751 28
606231 13
606242 28
606244 7
606263 19
606343 7
606362 13
606363 19
610114 30
651105 15
651109 13
651120 13
651210 16
651311 1
651312 7
651315 13
651316 16
701101 35
701181 30
701182 13
701183 9
701201 28
701211 19
701281 19
701313 34
701321 25
701331 28
701342 21
701344 31
701402 25
701403 28
701407 10
701409 28
701425 35
701455 7
701494 13
702101 8
702205 4
702211 23
702312 1
702313 33
702316 21
702318 7
702341 16
702351 6
702411 19
702416 1
702418 28
702423 16
702431 13
703103 31
703202 16
703204 13
703243 18
703244 16
703305 28
703308 1
703311 25
703313 7
703322 27
703324 19
703330 10
703331 19
703345 22
703352 7
703391 27
703404 31
703412 28
703435 21
703447 16
703454 34
703498 0
703499 28
704101 16
704141 1
704201 19
704345 28
705191 31
705211 17
705311 0
705329 21
705331 34
705351 25
705411 16
705437 35
705441 7
705442 21
705444 28
705492 18
705499 31
751100 25
751101 9
751102 31
751106 25
751202 28
751209 9
751301 18
751302 24
751303 18
751304 13
751305 34
751308 2
751309 14
751321 13
751326 4
751327 22
751330 3
751345 19
751401 1
751403 10
751405 12
751408 13
751413 6
751419 0
751421 31
751422 13
751424 13
751428 32
751443 35
751447 13
751451 19
751701 28
751702 10
751703 31
751704 31
751705 19
751706 28
751708 31
751712 19
751718 13
751724 10
751726 13
751751 13
801100 24
801201 19
801225 7
801235 13
801321 28
801324 1
801331 7
801333 13
801334 13
801336 22
801421 16
801471 28
801481 25
803121 19
803123 13
803231 7
803331 7
803360 10
803431 13
851100 12
851104 31
851105 19
851108 3
851200 12
851201 15
851202 0
851243 6
851251 25
851262 1
851273 35
851305 7
851306 13
851309 17
851342 4
851352 18
851354 34
851355 34
851360 16
851362 1
851375 35
851376 10
851400 25
851404 22
851407 19
851441 28
851462 1
852100 34
852101 22
852102 16
852103 19
852201 4
852202 19
852203 1
852204 7
951100 26
951102 13
951106 28
951124 35
951203 28
951302 27
951323 10
951331 1
951344 1
951348 16
951352 31
951497 19
953103 28
953111 28
953212 13
953231 28
953233 34
953261 16
953321 1
953322 10
953331 19
953361 28
953421 31
953444 28
953494 19
953495 13
954100 34
954244 31
954246 10
954310 16
954370 31
954374 19
954410 15
954413 7
954416 35
954426 27
954443 0
954449 22
954462 13
954464 1
954471 10
954477 25
954491-001 16
954491-002 10
954491-003 10
954491-004 13
954498 3
955102 31
955103 19
955104 13
958111 13
958201 7
958221 35
958225 19
958261 28
958373 31
