001101 4
001102 1
001112 4
001118 13
001201 4
001202 4
001210 23
001222 16
001223 2
001224 2
001225 16
001226 22
001227 2
001228 17
001229 0
001230 35
001231 4
001234 28
001250 27
001291 1
001292 22
001310 16
001311 19
001312 19
001314 7
001320 16
001321 25
001323 0
001330 28
001341 28
001342 7
001352 10
001355 4
001361 22
001362 19
001410 4
001423 34
001440 25
001445 10
001447 16
001471 4
001472 16
002102 10
002111 19
002191 18
002192 4
002202 16
002230 4
002260 19
002302 25
002311 7
002321 16
002331 4
002362 13
002402 4
002441 25
002471 19
002472 16
003101 35
003102 31
003191 21
003202 34
003332 19
003414 22
003421 25
003436 28
003454 4
004282 27
004465 3
004470 13
004472 4
004474 10
004476 25
006103 30
006126 25
006226 34
006241 27
006253 22
006307 7
006326 16
006330 19
006349 10
006443 22
006448 10
006454 4
006475 13
008214 19
008314 10
008326 25
008402 4
008411 19
009103 26
009213 13
009234 7
009236 16
009254 18
009301 28
009344 13
009355 10
009356 22
009358 25
009363 7
009446 4
011100 18
011101 35
011151 25
011154 7
011156 18
011157 21
011251 22
011268 25
011269 24
011276 19
011277 28
011278 0
011355 10
011367 4
011457 4
011479 10
012173 35
012174 28
012200 31
012374 4
012475 16
013103 30
013110 7
013203 35
013204 10
013207 7
013208 9
013209 22
013216 6
013217 22
013301 31
013303 7
013306 7
013321 13
013335 4
013337 10
013410 13
013413 22
013428 10
013431 16
013432 28
013433 19
014211 9
014270 22
014310 34
014311 25
014323 13
014370 28
014371 10
014383 13
014401 16
014422 34
014423 10
014471 16
014481 7
014483 4
015101 7
015102 25
016101 4
016102 19
017101 25
017102 22
017111 25
017231 10
018104 16
018112 6
018114 25
018126 6
018204 25
018271 34
018323 25
018352 25
018372 4
018467 25
018471 4
019101 28
019104 31
019105 6
019106 22
019112 35
019204 31
019205 30
019206 18
019212 4
019222 19
019332 28
019351 25
019362 16
019371 31
019373 25
019441 4
020101 21
020102 16
020212 4
020231 7
020232 7
020261 10
021101 28
021102 25
021203 4
021204 19
021270 10
024752 4
025110 4
025310 10
025481 4
026101 29
026102 0
026111 16
026112 31
026201 7
029732 25
030101 28
050100 31
050103 19
050104 7
050106 8
050112 33
050113 22
051302 34
051304 25
051306 4
051310 22
051313 16
051418 28
052203 7
052310 4
052314 19
052323 19
052331 31
052350 25
052351 4
052353 10
052355 13
052400 35
052417 4
052419 7
052422 7
052442 22
052447 28
052448 16
052449 16
053713 4
054821 4
055702 19
055734 28
055739 25
055757 4
057121 35
057122 35
057123 18
057125 3
057126 3
057127 32
057128 0
057129 24
057130 34
057131 6
057132 30
057133 18
057134 28
057135 34
057136 31
057137 27
057138 35
057139 34
057213 7
057283 25
057286 16
057287 10
057290 19
057295 10
057297 16
057298 4
057301 16
057302 22
057305 19
057316 19
057366 25
057401 34
057404 7
057407 7
057411 19
057413 25
057419 28
057427 22
057428 35
059405 16
059419 19
061103 25
061106 7
061201 13
061223 31
061224 19
061306 4
061307 4
061312 10
061313 19
061403 22
061405 25
062200 28
062210 22
062320 25
062343 7
062499 28
063201 19
064204 16
064231 25
064331 34
064411 16
064412 28
064421 19
064422 4
064423 4
064424 35
064430 35
064474 25
065120 21
065121 25
065211 31
065212 16
065311 13
065320 35
065333 18
065420 13
065435 25
065436 28
065437 4
065438 4
065797 4
066222 13
066324 9
066412 13
066414 7
067201 22
067203 31
067311 25
067371 12
067433 31
067435 10
067436 31
067491 16
070200 10
070201 25
070301 22
070303 22
070305 10
070401 22
070411 22
070413 34
070414 25
070416 16
070792 4
071411 25
071412 4
071414 7
071415 13
071416 27
071418 22
071419 19
071420 22
071423 19
071426 4
073721 4
074100 18
074101 27
074414 22
076425 10
076426 22
076427 16
076430 4
076444 22
076466 25
078444 20
078454 4
079220 25
099101 4
099102 33
099103 4
100104 25
100109 10
100110 35
100111 28
100112 3
100207 13
100220 6
100222 7
100228 15
100229 28
100230 25
100231 22
100233 19
100307 19
100308 25
100309 27
100310 25
100311 22
100312 0
100313 34
100314 31
100501 18
101201 25
101202 9
101205 27
101325 13
101405 25
101490 28
103271 34
104100 7
104302 22
104310 19
104320 27
104327 4
104334 25
104340 19
104435 25
104471 4
104490 19
109100 22
109114 35
112101 25
112105 22
112106 19
112109 28
112202 7
112205 19
112303 25
112321 10
112322 31
112406 7
112424 34
115301 19
115401 25
116301 10
116302 16
126101 34
126102 16
126212 31
126213 27
126214 13
126324 15
126326 7
126328 30
126330 31
126332 15
126400 25
126431 13
126436 16
126442 4
127100 19
127101 3
127202 3
127205 16
127313 12
127329 7
127330 30
127332 16
127333 10
127359 13
127411 19
127415 10
127416 28
127424 16
127433 4
127492 7
127493 13
127716 28
127720 25
127721 19
127727 4
128100 6
128101 7
128201 22
128304 0
128305 3
128306 13
128308 16
128310 33
128401 7
128423 25
128425 28
128427 25
128434 16
128443 28
128445 16
128451 22
128471 1
128481 19
128484 19
128700 25
128714 28
128727 4
128734 19
140101 25
140102 22
140103 6
140104 16
140105 24
152211 19
152301 4
152321 13
152331 25
154100 4
154104 6
154141 27
154152 31
154153 18
154173 13
154181 34
154251 25
154262 10
154276 13
154281 31
154301 22
154330 28
154431 28
154479 4
154492 16
159100 11
159101 30
159102 18
159151 31
159202 21
159204 13
159331 16
159351 4
159411 19
159434 0
160342 25
164261 10
164341 25
168100 28
168101 22
168410 25
176100 12
176101 24
176104 0
177103 19
177104 7
177113 25
177114 10
177141 6
177142 19
177181 22
177220 4
177222 9
177227 28
177228 10
177229 22
177300 31
177321 13
177332 10
177335 25
177336 4
177341 7
177361 18
177413 12
177420 16
177425 27
177429 34
177430 30
177431 3
177433 25
177441 22
177447 24
177460 35
177464 4
177465 4
177466 7
177470 16
177483 28
177491 3
177494 24
177495 4
179404 10
179406 25
179443 19
201100 27
201110 34
201114 25
201116 21
201117 16
201190 25
202100 21
202101 15
202102 20
202147 33
202231 26
202302 4
202303 7
202305 19
202311 4
202356 28
202362 7
202371 13
202405 13
202421 25
202432 7
202446 16
202461 4
202471 16
202475 22
202476 25
202484 25
202731 4
202744 25
202749 25
202802 4
202833 28
202843 4
203100 21
203104 24
203108 13
203111 29
203113 22
203114 15
203131 27
203132 9
203151 31
203152 6
203154 16
203158 16
203159 19
203162 17
203202 30
203204 25
203206 12
203208 13
203209 29
203211 10
203222 19
203223 4
203226 19
203232 25
203236 5
203250 7
203287 22
203300 25
203304 0
203316 30
203351 7
203352 27
203404 25
203413 31
203424 25
203425 7
203435 34
203459 10
203474 16
203708 25
203715 28
203719 25
203721 28
203725 28
203734 28
203735 4
203754 4
203775 25
203812 4
203825 25
203829 4
203879 4
204100 13
204101 21
204113 22
204123 18
204202 25
204217 13
204232 10
204251 4
204306 27
204315 25
204320 13
204333 13
204355 19
204362 15
204382 13
204422 30
204423 4
204424 28
204425 28
204443 10
204456 25
204482 7
204483 16
204490 22
204725 4
204735 28
204792 25
205100 28
205103 19
205105 31
205216 31
205232 31
205244 22
205252 9
205282 4
205324 22
205344 34
205358 7
205382 10
205421 25
205441 19
205473 25
205476 4
205731 28
205742 25
205764 28
205789 25
205796 4
206100 25
206103 0
206104 31
206108 30
206111 27
206112 33
206161 32
206162 32
206171 14
206172 14
206181 25
206182 6
206191 10
206203 7
206216 34
206217 31
206253 4
206255 4
206261 0
206266 33
206267 25
206281 7
206311 4
206313 25
206321 19
206324 31
206327 25
206331 10
206336 9
206341 34
206342 28
206362 0
206364 22
206367 4
206368 10
206370 30
206428 27
206435 19
206437 22
206457 16
206476 16
206481 6
206703 28
206714 28
206724 28
206734 4
206736 25
206737 25
206774 4
207104 18
207105 24
207106 14
207108 6
207109 30
207110 4
207116 26
207117 15
207118 10
207125 10
207162 4
207172 25
207181 13
207187 7
207188 28
207191 32
207195 13
207214 34
207302 19
207305 30
207306 12
207312 19
207321 25
207402 13
207408 24
207415 7
207442 7
207448 27
207481 4
207704 28
207706 25
207708 4
207712 4
207766 4
208101 9
208140 15
208141 13
208250 25
208263 11
208264 10
208272 0
208322 10
208345 27
208346 22
208353 3
208362 25
208373 25
208423 22
208444 10
208446 15
208460 19
208738 25
208772 4
208873 4
209203 4
209204 22
209252 31
209253 13
209262 7
209263 4
209270 13
209271 25
209272 10
209322 19
209332 31
209341 13
209352 13
209370 7
209376 25
209382 34
209424 4
209452 7
209454 31
209456 35
209466 10
209486 25
209712 28
209714 25
209716 25
209772 4
209787 28
210100 7
210200 10
210207 25
210221 13
210251 4
210276 28
210315 28
210331 22
210355 13
210432 4
210435 22
210463 7
210497 4
210702 4
210717 25
210741 25
210743 28
210744 25
210748 25
211100 19
211303 28
211312 34
211315 17
211318 10
211319 9
211341 15
211342 25
211444 4
211445 7
211446 22
211448 19
211449 4
211709 25
211843 4
212712 28
212721 4
212731 25
213706 28
213707 4
213708 25
213717 4
214301 13
214310 25
214340 30
214341 10
214352 7
214403 31
214412 19
214431 25
214491 28
215205 0
215206 4
215207 9
215208 34
215303 4
215311 19
215312 13
215313 25
215314 28
215401 4
215462 22
215482 25
215495 16
215497 25
215711 4
215742 4
217705 25
217708 4
217773 28
218100 21
218234 10
218236 13
218244 25
218262 4
218352 19
218362 25
218372 4
218382 10
218474 13
218481 28
218496 16
219741 4
219753 28
219766 25
219789 4
225702 19
225704 28
225706 25
225707 4
226703 4
226704 4
226711 28
226805 4
229223 23
229351 28
251100 35
251211 27
251213 7
251216 28
251242 19
251261 13
251292 4
251312 16
251313 16
251333 10
251334 13
251342 28
251361 19
251363 25
251371 10
251372 4
251374 35
251399 4
251411 24
251417 10
251434 22
251436 16
251451 19
251455 7
251456 28
251457 4
251461 7
251476 31
251477 25
251704 19
251707 4
251713 4
251716 25
251723 19
251724 28
251746 28
251748 25
251754 19
251760 28
251763 25
251765 4
251776 19
251781 28
251784 25
252210 31
252212 19
252222 13
252235 22
252281 10
252282 22
252283 24
252285 22
252311 27
252320 7
252328 12
252331 10
252353 19
252401 31
252402 4
252403 31
252404 10
252413 13
252420 35
252421 25
252422 3
252423 28
252427 4
252428 24
252429 13
252435 31
252440 28
252442 34
252443 3
252448 25
252450 19
252456 16
252459 10
252460 7
252479 7
252489 22
252706 28
252707 19
252727 4
252785 19
252789 28
252792 25
253215 15
253318 16
253321 22
253332 19
253416 19
253417 28
253423 34
253433 4
253441 10
253443 10
253451 22
253452 28
253454 7
253716 25
253721 4
253725 19
253734 22
253735 19
253747 25
253749 10
253752 19
253754 28
253791 28
254182 22
254200 34
254205 3
254206 15
254207 7
254211 23
254215 31
254216 9
254222 21
254231 27
254232 24
254271 18
254282 13
254302 35
254325 16
254334 27
254352 1
254362 31
254371 3
254373 19
254400 13
254411 9
254412 4
254415 22
254421 0
254422 16
254423 7
254424 25
254435 25
254441 30
254443 13
254445 10
254451 4
254452 4
254453 4
254454 22
254466 16
254476 34
254477 4
254478 6
254495 16
254701 4
254702 4
254721 4
254733 19
254737 4
254791 19
254816 25
254817 28
254857 28
255201 19
255210 20
255230 13
255300 28
255301 1
255316 27
255323 28
255328 3
255337 15
255340 34
255393 4
255422 15
255425 21
255429 30
255430 27
255431 25
255432 19
255433 22
255440 13
255442 31
255444 6
255445 7
255447 22
255451 31
255455 4
255462 28
255463 1
255471 12
255492 35
255497 9
255499 4
255714 4
255735 19
255750 4
255751 22
255769 25
255772 25
255783 28
256100 21
256271 35
256317 31
256318 10
256334 7
256418 25
256419 19
256441 4
256444 28
256456 16
256473 19
256474 25
256791 4
259103 18
259104 35
259106 3
259107 9
259108 33
259193 18
259195 13
259200 28
259201 6
259203 25
259401 27
260313 28
260334 19
260416 4
260421 4
260432 25
260702 25
261102 34
261111 10
261112 15
261113 4
261205 25
261207 10
261208 31
261214 25
261215 6
261218 22
261305 4
261306 19
261332 13
261342 25
261343 4
261361 22
261421 13
261430 34
261433 19
261438 13
261444 9
261446 28
261447 16
261448 16
261449 28
261453 10
261465 25
261473 25
261479 7
261494 7
261497-002 28
261497-008 22
261497-802 4
261497-808 19
261499 28
261736 28
261738 19
261745 4
261751 19
261752 28
261755 25
261763 25
261781 25
261795 28
261891 19
263710 22
263721 4
263724 19
263745 28
263751 25
264702 19
264705 28
264709 25
264755 4
265706 19
265709 28
265710 25
266801 4
268732 4
268735 19
268741 28
269103 19
269105 28
269111 34
269130 4
269210 28
269341 22
269360 7
269370 22
269452 19
269498 4
270712 28
270721 19
305203 13
318322 4
329105 13
329106 31
330115 19
351100 31
351201 25
351302 10
351321 16
351364 31
351371 19
351425 28
351426 4
351464 22
352103 22
352311 3
352313 13
352314 7
352401 3
352412 34
352421 25
352422 28
352433 19
352441 16
353313 22
353418 7
353431 4
353441 22
353471 16
353482 4
354311 25
354312 13
355411 7
356100 10
356101 28
356102 23
356210 22
356261 7
356333 4
356361 22
356373 28
356374 7
356411 28
356414 16
356415 22
356416 28
356431 4
356432 35
356441 22
356442 34
356443 10
356444 30
356446 16
356447 13
356449 7
356451 25
356455 4
356471 31
356472 4
356474 19
356496 25
357101 30
357110 34
357210 6
357322 19
357323 7
357418 19
357421 28
357432 25
357441 22
357444 4
357446 22
359202 8
359205 4
359206 4
359302 10
359303 25
359305 28
359341 22
359350 10
359360 4
359380 10
359401 7
359403 18
359408 19
359422 28
359423 22
359452 4
359460 10
359461 16
359465 34
360100 3
360301 16
360304 16
360441 25
361210 21
361211 7
361214 4
361341 10
361413 16
361414 10
361421 4
361433 22
361442 19
361452 25
361461 19
361475 25
363210 7
363401 4
363402 25
365201 19
365211 22
365322 25
365324 22
365422 19
365425 25
365426 10
368211 16
368310 10
368412 16
368417 22
400110 24
400210 18
401281 13
401383 31
401391 13
403281 7
403383 4
406284 16
406294 10
406386 10
406396 28
408382 34
410381 35
413383 30
413391 1
415393 19
420282 22
421282 19
421292 28
421386 7
421396 16
422381 12
428281 25
428282 4
428381 25
428383 22
461170 21
461471 7
461472 34
461511 35
461523 22
461526 7
461527 19
461532 19
462130 19
462544 4
462587 19
462588 25
463201 25
463252 4
463331 4
463332 16
463342 25
463354 19
463433 19
463512 10
463513 19
463543 22
463544 34
463557 19
463559 28
463571 13
463592 28
464302 22
464312 28
464402 25
464403 4
464414 28
464442 22
464443 13
464445 10
464446 31
464500 19
464502 25
464504 16
464505 4
464506 28
464508 19
464545 10
464549 19
501201 31
501202 7
501305 10
501306 28
502313 7
502314 16
504202 19
504305 19
506202 25
508304 4
510306 25
512304 22
513113 28
513115 10
513212 16
513216 10
513217 4
513225 19
513284 25
513331 22
513343 25
513364 19
513373 4
513390 28
513411 25
513446 4
514202 28
514206 7
514222 19
514244 16
514272 10
514322 7
514336 28
514352 25
514358 4
514382 10
514384 16
514396 22
514398 19
514436 25
514462 4
514742 28
514752 25
515204 16
515205 19
515256 28
515257 25
515330 4
515337 22
515339 25
515362 19
515377 28
515378 16
515380 10
518724 4
518770 25
551461 28
552216 28
552217 25
552232 4
557433 19
558101 23
558411 25
558432 4
562101 0
562211 4
601201 34
601202 13
601231 16
601242 21
601342 13
601346 16
601351 10
601361 25
601423 19
601424 28
601431 10
601436 31
601452 34
601471 7
601472 16
601724 4
601731 28
601745 25
601769 28
601775 4
602100 3
602102 20
602103 22
602120 13
602121 9
602122 10
602301 22
602314 16
602421 22
602453 13
602454 28
602455 10
602461 7
602472 34
602741 4
602751 4
603200 0
603231 31
603321 25
603341 22
603396 28
603423 16
603496 25
603743 28
604101 6
604211 16
604311 9
604314 27
604315 21
604411 0
604415 25
604423 4
604431 16
604443 7
604454 25
605203 12
605302 3
605313 16
605315 13
605316 10
605321 28
605331 13
605340 25
605412 16
605413 28
605430 31
605476 4
605701 25
605711 28
605719 4
605742 25
606211 28
606243 28
606245 25
606264 19
606310 10
606341 22
606342 19
606344 28
606451 25
606452 4
610114 14
651210 4
651211 19
651212 4
651234 25
651306 19
651313 10
651314 22
651317 28
651319 25
651416 19
651425 4
701100 29
701181 3
701202 35
701235 13
701244 6
701283 35
701335 25
701408 25
701423 4
701496 4
702100 6
702101 8
702211 18
702312 30
702313 18
702317 21
702321 16
702331 28
702342 13
702354 19
702418 4
702443 27
702499 35
703103 22
703109 4
703202 32
703204 31
703243 0
703244 21
703309 1
703322 4
703324 24
703330 4
703331 13
703345 7
703351 19
703361 10
703413 16
703441 22
703499 22
705191 15
705211 12
705311 35
705328 13
705331 10
705332 19
705343 4
705431 9
705438 30
705440 19
705441 12
705442 1
705444 34
705447 31
705448 4
705499 25
751100 28
751101 20
751102 34
751106 19
751202 9
751209 11
751301 7
751302 5
751303 28
751305 24
751308 35
751309 26
751320 28
751326 19
751327 22
751330 21
751401 4
751403 0
751405 15
751408 7
751417 16
751418 10
751421 25
751422 25
751428 22
751440 10
751443 35
751701 22
751702 25
751703 28
751705 10
751706 25
751708 22
751716 10
751718 19
751719 19
751728 4
751734 28
751752 4
801100 33
801122 28
801134 25
801204 4
801233 22
801236 16
801241 19
801322 28
801334 25
801371 19
803122 28
803124 19
803131 25
803230 7
803232 16
803260 7
851100 14
851103 27
851104 35
851105 31
851201 16
851202 22
851204 7
851207 32
851241 7
851252 13
851253 16
851261 28
851263 13
851273 19
851305 15
851309 21
851345 10
851363 4
851366 4
851400 6
851404 28
851406 25
851407 24
851441 7
851462 0
851467 4
852100 25
951100 18
951231 19
951324 25
951344 19
951366 25
951421 16
951498-004 25
951498-007 25
951498-011 4
951498-015 4
951498-020 4
951498-021 28
953102 19
953111 21
953201 10
953202 25
953211 4
953214 28
953231 22
953232 7
953234 13
953323 22
953422 19
953494 28
954100 19
954140 23
954142 34
954143 7
954170 25
954240 16
954326 4
954340 28
954371 25
954374 31
954423 10
954462 16
954464 19
954472 22
954491-001 31
954491-002 22
954491-003 28
954498 7
955102 7
955104 19
