001101 2
001102 1
001112 28
001118 31
001201 1
001202 34
001210 11
001212 16
001218 19
001222 30
001223 18
001224 23
001225 8
001226 29
001227 2
001228 34
001229 27
001230 27
001231 16
001234 4
001250 25
001281 9
001291 31
001292 4
001310 12
001311 15
001312 4
001314 35
001315 13
001320 35
001321 25
001323 16
001330 34
001341 13
001342 22
001352 24
001355 10
001361 31
001362 25
001391 4
001410 16
001440 25
001445 4
001463 28
001472 4
002102 25
002111 13
002191 28
002202 28
002230 31
002260 22
002302 10
002321 31
002362 25
003102 31
003191 33
003202 35
003213 10
003261 4
003454 4
004465 31
004472 13
004474 25
004476 22
006103 13
006226 4
006241 16
006253 7
006307 25
006325 28
006443 4
006448 16
008314 0
008402 25
008411 25
009103 32
009213 13
009232 22
009254 24
009301 31
009327 4
009344 4
009355 31
009358 4
009363 25
011100 6
011101 6
011153 13
011154 24
011156 31
011157 30
011251 3
011257 21
011268 13
011269 33
011276 7
011277 4
011278 12
011358 16
011367 10
011457 4
012173 33
012200 35
012271 12
012272 10
012374 25
013103 7
013110 4
013203 15
013204 28
013206 22
013207 4
013208 28
013209 34
013216 7
013301 13
013303 31
013305 4
013314 4
013337 28
013413 10
013425 13
013431 31
013432 13
013433 10
014210 4
014211 13
014270 25
014310 24
014311 4
014370 25
014371 22
014390 4
014401 31
014410 31
014423 10
014471 28
014481 21
015101 21
015102 16
016101 22
017101 28
017102 13
017111 7
017201 4
017231 25
018104 24
018111 13
018112 15
018114 31
018126 16
018204 4
018271 16
018323 35
018332 25
018352 31
018372 10
019101 12
019104 21
019105 25
019106 12
019112 16
019204 25
019205 25
019206 4
019211 7
019212 13
019221 28
019222 31
019332 31
019351 28
019362 25
019371 10
019382 13
019441 4
020101 31
020102 16
020211 4
020212 13
020231 13
020232 4
020261 28
020341 13
021101 15
021102 10
021203 13
021204 13
021270 4
024752 4
025110 4
025381 4
025481 13
026101 9
026102 35
026111 15
026112 13
026201 13
050100 28
050103 14
050104 31
050106 23
050112 34
050113 31
051300 13
051302 13
051304 28
051306 25
051310 31
051313 28
052201 4
052203 13
052310 25
052323 31
052331 24
052351 28
052353 28
052355 16
052417 13
052422 22
052442 4
052449 34
052466 10
057121 24
057122 22
057123 2
057125 24
057126 6
057127 29
057128 18
057129 9
057130 0
057131 35
057132 12
057133 15
057134 4
057135 16
057136 21
057137 4
057138 24
057205 16
057213 4
057276 30
057283 22
057286 34
057287 4
057289 25
057290 13
057295 25
057297 16
057298 4
057301 35
057302 4
057305 15
057316 19
057366 12
057404 4
057407 10
057425 28
057428 22
059405 4
059419 25
061103 19
061106 31
061201 31
061205 30
061223 4
061306 4
061312 28
061313 4
061317 31
061401 13
061403 28
061430 16
062320 10
062341 4
062342 22
062343 22
062344 28
062345 16
062346 34
062360 10
062380 28
062411 34
062452 28
062460 31
062470 31
064202 28
064204 4
064207 16
064272 13
064273 4
064303 16
064410 10
064413 34
064417 25
064418 28
064422 25
064424 7
065120 28
065121 34
065211 16
065212 13
065311 35
065333 28
065420 13
065795 28
065797 4
065799 4
066222 28
066324 21
066412 16
066416 13
066426 28
067201 25
067203 13
067311 7
067371 16
067433 22
067435 16
067436 25
067491 13
067492 4
070100 4
070200 4
070301 31
070303 25
070304 25
070305 4
070308 13
070400 25
070403 25
070404 13
070410 4
070411 10
070413 7
070414 15
070415 4
070416 22
070711 28
070726 28
070740 4
070741 4
070792 4
071412 28
071413 21
071414 4
071415 25
071417 16
074100 6
074101 13
074201 15
076312 25
076314 16
076414 31
076426 4
076427 4
076428 28
076429 16
076444 25
076466 35
078444 31
078454 28
079444 25
099101 0
099102 21
100104 30
100105 10
100106 34
100107 18
100108 10
100205 31
100206 10
100207 19
100208 6
100209 34
100211 19
100306 9
100307 31
100308 15
100309 2
100310 13
100501 31
101201 4
101202 7
101205 10
101325 22
101490 13
103112 4
103271 30
104100 4
104302 4
104310 7
104320 0
104327 13
104334 4
104450 7
104490 4
109100 22
109114 4
112101 7
112105 4
112106 25
112109 13
112202 16
112205 4
112321 25
112322 28
112406 4
112424 13
115200 25
115300 28
115301 22
116301 22
126101 15
126102 10
126212 6
126213 3
126214 35
126325 34
126326 13
126328 31
126331 25
126332 24
126431 4
126436 25
126442 13
127100 21
127101 3
127202 12
127204 19
127205 4
127303 4
127313 32
127330 4
127359 4
127411 22
127412 16
127414 28
127716 19
127720 28
127721 4
127726 31
128100 24
128101 28
128201 35
128304 18
128305 16
128306 10
128308 4
128310 4
128351 22
128355 25
128423 31
128427 31
128434 13
128443 25
128700 31
128727 19
128734 28
128751 4
140104 27
152211 4
152301 13
152331 31
154104 9
154141 25
154152 34
154153 4
154173 15
154181 22
154251 34
154276 31
154281 11
154301 4
154330 25
154340 19
154363 13
154385 13
154431 25
154457 13
154481 10
159100 18
159101 33
159102 34
159151 16
159202 0
159204 16
159231 10
159331 25
159332 28
159401 13
159411 16
159412 4
159431 4
159434 31
160242 13
164261 4
168335 4
176100 12
176101 22
176104 13
177104 35
177113 10
177114 8
177141 10
177142 18
177181 16
177215 34
177217 4
177227 7
177228 19
177229 2
177300 31
177321 25
177332 34
177335 10
177341 25
177362 28
177443 28
177460 4
177463 28
177471 4
177472 10
177483 13
177491 31
179443 13
201100 25
201110 23
201114 16
201116 12
201117 7
202100 27
202101 21
202102 5
202147 16
202231 8
202302 4
202303 28
202305 4
202356 34
202362 28
202371 28
202405 25
202421 31
202446 4
202471 22
202475 13
202476 13
202484 13
202701 4
202731 4
202736 28
202744 4
202749 4
202775 19
202776 28
202803 28
202833 4
202849 4
203100 32
203104 15
203108 31
203111 34
203113 34
203114 35
203131 10
203132 25
203151 31
203152 21
203154 10
203158 34
203159 19
203162 22
203202 21
203203 25
203204 21
203206 14
203207 15
203208 0
203209 25
203211 16
203222 22
203223 30
203226 13
203232 34
203236 19
203250 24
203287 13
203316 4
203351 25
203459 22
203715 13
203719 31
203721 13
203725 25
203726 25
203734 25
203735 31
203749 25
203752 31
203754 4
203775 31
203812 13
203825 31
203829 4
203833 4
203879 13
204100 13
204101 33
204113 3
204202 31
204211 13
204217 22
204232 21
204251 22
204306 34
204315 24
204333 4
204355 16
204362 13
204382 31
204422 10
204423 4
204424 25
204441 4
204443 9
204452 25
204482 28
204483 25
204490 22
204725 31
204728 4
204755 28
204792 19
204891 4
205100 24
205103 4
205105 13
205216 12
205232 22
205244 24
205252 16
205282 22
205324 4
205344 31
205358 10
205382 13
205731 19
205742 28
205796 4
206100 19
206101 15
206103 10
206104 10
206111 16
206112 14
206113 13
206161 19
206162 4
206171 17
206172 5
206181 22
206182 15
206191 19
206211 24
206216 12
206217 25
206253 7
206255 10
206261 30
206266 28
206267 35
206281 28
206313 22
206321 21
206324 4
206325 24
206327 10
206331 13
206336 25
206341 10
206342 4
206355 13
206362 34
206364 19
206367 21
206368 15
206370 4
206421 10
206427 13
206428 31
206435 4
206437 25
206476 4
206481 22
206703 19
206722 31
206724 19
206725 28
206731 4
206737 28
206774 4
207100 13
207104 27
207105 31
207106 10
207108 3
207109 29
207110 4
207116 13
207117 19
207118 15
207125 25
207137 9
207162 28
207172 3
207181 10
207187 10
207188 13
207191 16
207195 16
207214 10
207302 28
207305 13
207306 28
207312 22
207402 31
207448 4
207704 31
207706 19
207708 28
207712 4
207766 4
207794 4
208101 35
208140 34
208141 13
208150 4
208263 16
208264 4
208271 0
208272 2
208322 4
208345 13
208346 13
208353 10
208362 34
208373 28
208384 13
208423 13
208444 28
208446 4
208460 13
208738 19
208772 28
208774 4
209203 28
209204 15
209252 19
209253 27
209262 10
209263 25
209270 21
209271 31
209272 13
209352 31
209370 28
209376 31
209382 25
209456 10
209466 25
210200 4
210207 31
210221 25
210251 13
210276 28
210315 10
210331 4
210355 13
210432 25
210448 28
210463 25
210702 25
210705 4
210743 31
210745 31
210748 13
210789 13
211100 11
211315 7
211319 22
211341 13
211342 34
211444 4
211709 25
211889 4
213708 4
213717 19
213718 31
213763 28
214100 4
214301 13
214310 28
214340 22
214341 10
214352 25
214412 31
214491 4
215205 18
215206 35
215207 25
215208 21
215303 16
215312 25
215313 22
215401 4
215482 10
215711 28
215741 19
215742 28
215743 4
215781 4
215783 28
217705 19
217708 28
217752 4
217773 4
218100 3
218234 16
218236 10
218244 13
218262 22
218352 16
218362 31
218372 28
218382 4
226703 19
226709 4
226710 28
226789 4
229123 16
229223 25
251100 16
251211 31
251213 13
251216 4
251242 18
251261 35
251292 0
251312 28
251333 28
251334 10
251342 25
251361 13
251363 35
251371 34
251372 31
251399 10
251411 31
251434 13
251436 25
251452 10
251455 31
251456 4
251461 25
251477 4
251704 19
251707 4
251723 28
251724 4
251746 4
251748 28
251754 31
251760 4
251763 19
251765 28
251773 31
251781 19
252210 0
252212 15
252222 18
252235 34
252282 28
252283 30
252285 22
252311 24
252320 16
252331 13
252353 10
252402 25
252403 28
252404 13
252413 4
252420 10
252423 25
252427 13
252428 25
252429 31
252435 28
252440 4
252459 4
252460 4
252479 16
252489 13
252706 31
252714 28
252727 28
252755 18
252774 4
252781 19
252785 4
252789 4
252792 31
253215 12
253433 31
253441 13
253443 13
253451 25
253452 10
253454 4
253716 13
253721 28
253722 31
253725 31
253734 28
253747 4
253749 18
253752 27
253754 19
253791 19
254182 25
254200 14
254205 16
254206 9
254211 19
254215 31
254216 31
254222 19
254231 4
254232 7
254271 2
254282 4
254325 13
254334 35
254352 28
254362 10
254371 25
254373 4
254400 25
254411 4
254412 13
254415 4
254421 25
254423 28
254424 31
254435 34
254445 28
254451 16
254452 22
254453 31
254466 13
254476 25
254477 31
254478 4
254495 25
254701 13
254721 25
254733 4
254737 31
254771 4
254803 25
254817 4
254857 25
255210 14
255230 34
255301 12
255316 21
255323 4
255328 35
255337 24
255340 28
255422 4
255425 4
255427 25
255432 10
255437 13
255440 10
255447 13
255455 31
255497 16
255714 19
255735 28
255750 31
255766 4
255769 13
255772 4
255779 13
255783 31
256100 0
256271 16
256317 16
256318 13
256334 10
256382 4
256383 10
256462 25
259103 28
259104 35
259106 16
259107 19
259108 29
259193 7
259195 13
259200 25
259201 25
259203 24
259401 34
260704 4
260708 10
260712 31
260719 13
260791 25
261102 21
261111 26
261112 6
261113 10
261205 28
261207 18
261208 24
261214 16
261215 22
261218 28
261305 31
261306 25
261332 0
261342 21
261343 31
261361 10
261430 13
261433 16
261444 4
261446 25
261447 28
261448 4
261449 13
261465 4
261473 25
261494 13
261497 13
261499 10
261742 4
261745 4
261755 4
261763 28
261764 31
261793 19
261795 19
261796 28
263710 19
263721 31
263724 18
263745 18
263751 28
264702 31
264705 19
264755 28
264789 4
265706 19
265709 28
265710 4
266703 28
266801 4
268732 19
268735 4
268741 28
268742 31
269103 13
269105 7
269130 15
269210 13
269341 13
269360 10
269370 4
269421 31
269431 4
269497 16
270701 28
270702 4
305203 13
318322 19
329104 19
330112 10
351100 13
351201 31
351364 25
351371 4
351426 13
352103 7
352311 4
352314 25
352315 31
352331 28
352332 13
352401 25
352412 28
352413 4
352421 25
352422 25
352433 13
352441 31
353313 31
353431 25
353441 4
353471 16
355411 28
356100 33
356101 11
356102 6
356210 4
356261 13
356311 4
356331 10
356431 28
356432 31
356441 25
356442 13
356443 4
356449 4
356455 4
356472 13
356475 4
357101 3
357110 21
357210 23
357323 28
357360 25
357418 13
357442 10
357444 4
359202 12
359205 31
359401 13
359408 4
359431 13
359455 4
360100 27
360210 5
361210 0
361321 13
361322 25
361341 4
361421 13
361433 16
361452 28
361461 4
361475 22
362211 30
363210 10
365425 13
368211 7
368317 4
400110 27
400210 7
401281 25
401383 10
401391 16
403281 13
403383 35
406284 19
406294 4
406386 25
406396 28
408382 15
410381 34
413383 21
413391 12
415393 22
420282 9
421282 27
421292 30
421386 13
421396 31
422381 19
428281 31
428282 10
428381 24
428383 4
461170 8
461471 21
461472 27
461511 16
461521 19
461526 28
461551 13
461566 31
461584 4
462130 27
462412 19
462413 28
462414 13
462503 31
462587 4
462588 28
463201 13
463252 4
463331 10
463332 28
463342 13
463354 31
463506 10
463512 10
463513 10
463543 28
463544 31
463557 25
463559 13
463571 28
463592 22
464302 25
464312 4
464402 4
464403 25
464414 22
464442 31
464443 34
464445 10
464446 13
501201 16
501202 0
501305 18
501306 25
502313 31
502314 19
504202 4
504305 13
506202 22
508304 25
510306 28
512304 4
513113 22
513115 16
513212 31
513216 4
513217 10
513225 25
513284 13
513331 31
513343 10
513364 4
513373 25
513390 13
513446 4
514202 22
514206 10
514222 34
514244 25
514272 31
514322 10
514352 31
514358 13
514382 4
514384 25
515204 31
515205 25
515256 13
515257 4
515337 19
515362 28
515380 4
552216 25
552217 4
552232 10
554413 13
555312 31
557432 19
558101 10
558313 28
558441 4
562101 4
562211 6
601201 30
601202 19
601231 4
601242 15
601342 25
601346 13
601361 4
601423 28
601425 28
601454 10
601455 31
601724 4
601745 28
601775 4
602100 15
602102 6
602103 18
602111 16
602120 16
602121 19
602122 3
602301 4
602314 7
602421 13
602453 31
602454 13
602455 28
602461 25
602471 25
602722 19
602741 4
602751 28
603200 13
603231 7
603321 4
603396 13
603496 4
603725 19
603743 28
603751 4
604101 21
604211 12
604311 22
604314 15
604315 4
604411 28
604415 4
604423 13
604431 25
604455 13
605203 4
605302 28
605313 4
605315 21
605316 31
605331 13
605430 4
605701 28
605711 19
605719 4
605742 28
606211 4
606243 25
606245 4
606264 13
606310 16
606451 16
606452 4
610114 29
651211 31
651212 25
651231 3
651234 4
651313 25
651314 13
651317 4
651319 31
651416 19
651425 28
701100 35
701101 13
701181 9
701183 21
701202 13
701235 16
701243 25
701244 28
701283 28
701295 13
701310 4
701335 15
701341 10
701408 25
701423 13
702100 13
702101 28
702211 22
702213 5
702312 4
702317 27
702321 25
702331 25
702342 22
702354 4
702418 28
703103 31
703202 7
703204 16
703243 10
703244 7
703309 4
703311 25
703322 25
703324 0
703330 13
703331 24
703345 4
703351 16
703361 31
703413 4
703441 13
703499 25
705191 25
705211 10
705311 15
705328 18
705331 35
705332 0
705343 28
705351 22
705431 22
705438 13
705440 10
705441 7
705444 31
705446 34
705448 10
705492 16
705499 25
751100 7
751101 20
751102 28
751106 21
751202 19
751209 4
751301 18
751302 21
751303 4
751304 13
751305 25
751308 22
751309 30
751321 13
751326 25
751330 21
751345 4
751401 31
751403 34
751405 28
751408 13
751413 25
751418 4
751419 13
751421 28
751428 22
751440 4
751443 28
751701 27
751702 19
751703 4
751705 28
751706 19
751708 28
751710 4
751712 4
751716 18
751724 31
751728 27
751732 19
751734 27
751744 31
751745 31
751751 4
751752 31
801100 21
801122 22
801134 16
801201 4
801204 25
801233 4
801236 10
801241 16
801322 4
801371 4
803122 4
803124 25
803131 13
803230 13
803232 4
851100 24
851103 35
851104 25
851105 31
851200 10
851201 30
851202 29
851204 4
851205 25
851241 13
851261 10
851273 28
851305 21
851306 28
851309 24
851310 19
851341 9
851342 35
851344 13
851350 24
851363 24
851366 13
851371 22
851375 34
851400 12
851401 4
851404 25
851443 31
851445 16
851450 34
851467 13
951100 26
951106 10
951124 16
951202 13
951231 28
951321 25
951366 4
951421 31
951497 13
951498 4
953102 28
953104 13
953111 25
953201 34
953202 16
953214 4
953231 25
953232 25
953234 31
953323 10
953494 22
953495 13
954140 15
954141 10
954142 7
954240 21
954244 0
954310 13
954326 10
954340 10
954364 28
954371 4
954372 25
954373 13
954413 28
954420 13
954422 31
954423 4
954443 28
954472 10
954498 31
