001101 4
001102 1
001112 18
001118 4
001201 1
001202 10
001210 35
001222 3
001223 4
001224 4
001225 4
001226 4
001227 4
001228 0
001229 0
001230 0
001231 10
001234 25
001250 19
001291 3
001292 13
001310 2
001311 10
001312 28
001314 16
001315 34
001320 16
001321 0
001323 7
001330 9
001341 0
001342 28
001352 13
001355 13
001361 4
001362 22
001391 13
001410 16
001423 10
001440 31
001445 19
001446 25
001463 0
001471 13
001472 10
002102 24
002111 13
002191 19
002202 6
002230 25
002260 19
002302 10
002311 13
002321 25
002331 7
002362 22
002402 7
002441 4
002471 19
003102 0
003191 34
003202 10
003314 19
003331 28
003332 22
003361 13
003367 7
003454 7
004282 0
004465 31
004472 22
004474 13
004476 3
006103 31
006226 16
006241 0
006253 22
006307 13
006326 10
006330 19
006349 19
006353 10
006423 28
006432 31
006443 25
006448 10
006475 16
008214 30
008314 19
008326 16
008402 30
008411 0
009103 28
009213 10
009234 19
009236 13
009254 15
009325 25
009327 7
009344 13
009355 3
009356 31
009358 22
009363 18
009446 7
011100 35
011101 35
011154 35
011156 3
011157 35
011251 31
011257 34
011268 21
011269 28
011276 31
011277 13
011278 18
011355 0
011367 22
011457 13
011479 7
012173 0
012200 19
012271 18
012272 31
013103 31
013110 10
013203 9
013204 28
013207 16
013208 18
013209 13
013216 16
013217 30
013301 27
013303 31
013306 0
013321 22
013335 30
013337 31
013410 22
013413 10
013422 16
013428 13
013431 13
013432 22
014210 10
014211 13
014270 30
014310 16
014311 13
014323 4
014370 28
014383 16
014390 28
014401 22
014410 13
014422 10
014423 25
014471 22
014481 19
015101 18
015102 19
016101 0
016102 28
017101 7
017102 22
017111 10
017112 28
017231 4
018104 10
018111 19
018112 27
018114 0
018126 31
018204 13
018271 25
018323 13
018352 4
018372 16
018468 13
019101 8
019104 28
019105 31
019106 0
019112 22
019204 34
019205 30
019206 0
019212 16
019222 7
019332 19
019351 0
019362 13
019373 18
019441 22
020101 34
020102 22
020212 31
020231 31
020232 16
020261 10
021101 31
021102 1
021203 31
021204 16
021270 0
024752 13
025110 13
025381 13
025481 19
026101 23
026102 10
026111 24
026112 31
026201 0
026202 28
050100 13
050103 31
050104 34
050106 17
050112 21
050113 6
051302 25
051304 31
051306 0
051310 10
051313 1
051412 28
051418 19
052203 25
052310 4
052323 16
052331 28
052350 13
052351 22
052353 10
052355 18
052400 31
052417 28
052420 22
052422 25
052441 19
052442 7
052445 4
052448 16
052449 31
052725 19
054821 13
054822 13
055702 19
055703 13
055711 28
055739 28
057121 20
057122 34
057123 32
057125 18
057126 3
057127 19
057128 23
057129 18
057130 15
057131 15
057132 33
057133 9
057134 0
057135 18
057136 13
057137 0
057138 21
057139 31
057213 19
057283 28
057286 7
057287 10
057290 19
057295 25
057297 16
057298 7
057301 25
057302 13
057305 22
057307 28
057316 13
057366 22
057401 7
057404 13
057407 4
057413 4
057419 19
057425 19
057427 22
057428 10
057450 13
059405 18
059413 4
059419 13
061106 31
061201 28
061205 13
061223 31
061224 13
061306 25
061312 18
061313 31
061317 16
061319 15
061401 13
061403 16
061405 28
061430 22
062342 16
062346 10
062360 7
062380 16
062411 7
062452 28
062460 10
062470 31
062499 16
063201 13
064204 21
064231 4
064232 4
064252 31
064303 1
064411 31
064412 19
064413 16
064417 31
064422 16
064423 4
064424 30
064474 10
065120 6
065121 9
065211 28
065212 22
065311 35
065320 22
065333 9
065420 18
065436 13
065437 4
065438 4
065782 28
065795 19
065797 13
065799 13
066222 19
066324 3
066412 7
066416 13
066426 35
067201 7
067203 13
067303 13
067311 25
067371 28
067433 35
067435 16
067436 16
067491 1
070200 7
070304 1
070305 4
070400 28
070401 13
070403 28
070404 4
070410 19
070411 19
070413 35
070414 19
070415 4
070416 4
070727 19
070731 13
070741 13
071411 4
071412 13
071413 10
071414 28
071415 16
071416 22
071417 13
071419 9
071420 10
071426 4
071724 13
074100 29
074101 6
076414 4
076426 10
076427 15
076428 4
076429 28
076430 1
076444 16
076466 13
078444 8
079444 35
088708 13
099101 13
099102 13
099103 31
100102 13
100104 31
100109 28
100110 34
100111 3
100112 31
100205 22
100206 19
100207 13
100208 16
100210 31
100212 18
100213 4
100214 16
100218 21
100219 30
100220 30
100222 1
100225 9
100227 31
100281 0
100306 0
100307 19
100308 30
100309 6
100310 33
100501 0
101201 13
101202 7
101205 21
101325 0
101405 13
101490 10
103271 9
104100 7
104201 13
104302 13
104310 19
104320 19
104327 10
104334 19
104435 19
104450 16
104490 13
109100 10
109114 9
112101 28
112105 19
112106 7
112109 31
112202 13
112205 13
112303 13
112321 19
112322 19
112406 28
112424 13
115300 10
116301 13
116302 13
126101 22
126102 1
126212 22
126213 34
126214 16
126324 25
126325 28
126328 18
126330 21
126331 30
126332 1
126400 28
126431 13
126434 28
126436 33
126437 28
126438 10
126442 21
127100 33
127101 28
127202 19
127205 31
127206 0
127303 16
127313 13
127320 16
127330 16
127332 34
127333 19
127336 0
127359 31
127411 13
127412 7
127413 31
127414 28
127415 19
127416 31
127424 4
127433 4
127492 13
127716 28
127720 19
127721 31
127730 13
128100 11
128101 22
128201 10
128304 13
128305 16
128306 13
128308 21
128310 3
128353 10
128401 28
128423 28
128425 19
128427 16
128429 10
128434 22
128445 21
128451 28
128462 16
128471 4
128484 13
128700 28
128712 31
128727 19
128734 13
128751 31
140101 4
140102 10
140103 13
140104 15
140105 34
152211 31
152301 28
152321 13
152331 13
154100 4
154104 33
154141 13
154152 13
154153 9
154173 16
154181 22
154251 19
154276 28
154281 21
154301 25
154330 19
154431 22
154479 13
154482 16
154492 28
159100 3
159101 19
159102 22
159151 3
159202 0
159203 19
159204 16
159331 30
159411 15
159412 28
159434 22
159462 19
160342 25
164261 13
164341 19
168101 13
168410 19
176100 18
176101 3
176104 7
177104 35
177113 10
177114 18
177141 34
177142 7
177181 16
177220 10
177222 22
177227 28
177228 19
177229 1
177300 3
177321 13
177332 15
177335 22
177341 0
177361 28
177362 33
177413 10
177420 28
177425 10
177429 31
177430 25
177431 28
177433 7
177460 19
177464 13
177465 1
177466 7
177470 7
177471 4
177483 18
177491 10
177494 0
177495 1
179402 31
179403 31
179404 13
179406 4
179443 16
201100 19
201110 5
201114 16
201116 25
201117 30
201190 31
202100 25
202101 27
202102 26
202147 30
202231 24
202303 22
202305 16
202311 28
202331 7
202356 4
202371 22
202405 9
202432 19
202442 4
202461 28
202471 28
202475 28
202476 10
202484 19
202731 19
202736 19
202749 13
202770 28
202804 13
202807 13
202833 13
202843 19
203100 35
203104 27
203108 6
203111 35
203113 12
203114 25
203131 22
203132 30
203151 9
203152 27
203154 33
203158 9
203159 21
203162 21
203202 25
203203 9
203204 30
203206 14
203207 30
203208 15
203209 25
203211 16
203222 21
203223 30
203226 23
203232 33
203236 2
203250 34
203287 0
203300 13
203304 0
203316 28
203351 22
203352 9
203413 19
203424 31
203425 13
203435 13
203459 22
203708 19
203715 13
203719 28
203721 13
203734 28
203735 19
203749 28
203754 13
203775 19
203804 13
203812 19
203825 28
203829 19
204100 25
204101 31
204113 28
204123 18
204202 28
204217 30
204232 3
204251 34
204306 13
204315 15
204320 7
204333 22
204355 4
204362 15
204382 0
204422 25
204425 4
204441 18
204443 10
204452 31
204456 28
204482 31
204483 16
204490 19
205100 16
205103 22
205105 30
205216 35
205232 28
205244 6
205252 16
205282 22
205324 10
205344 0
205358 22
205361 19
205382 31
205421 19
205473 13
206100 29
206103 21
206104 31
206108 10
206111 30
206112 21
206161 12
206162 19
206171 26
206172 29
206181 15
206182 30
206191 13
206211 7
206216 25
206217 10
206253 15
206255 13
206261 0
206266 1
206281 1
206311 10
206313 13
206321 16
206325 34
206327 10
206331 0
206336 28
206341 22
206342 31
206355 13
206357 13
206362 3
206364 19
206367 15
206368 19
206370 19
206421 28
206435 4
206437 18
206467 7
206471 19
206476 15
206481 1
206725 28
206726 19
206728 13
206729 13
206731 28
206734 19
206736 28
206737 28
206774 19
207100 10
207104 19
207105 4
207106 3
207108 16
207109 35
207110 7
207116 11
207117 16
207118 25
207125 7
207137 33
207162 22
207172 13
207181 21
207187 7
207188 10
207191 16
207195 25
207214 28
207302 0
207305 22
207306 34
207312 4
207321 4
207402 28
207408 13
207415 19
207442 13
207448 9
207449 19
207704 31
207706 28
207708 19
207712 13
207741 13
207766 13
207776 13
208101 12
208140 18
208141 27
208161 9
208250 19
208263 16
208264 34
208271 13
208272 6
208322 15
208345 0
208346 19
208353 18
208362 10
208373 13
208384 13
208423 16
208444 28
208446 13
208460 19
208738 31
208740 13
208770 19
208772 19
208774 28
208776 19
208873 13
209203 7
209204 28
209252 28
209253 10
209262 16
209263 19
209270 10
209271 0
209272 31
209322 28
209332 28
209341 4
209352 16
209370 22
209376 0
209382 10
209424 19
209452 22
209454 25
209456 28
209466 10
209486 13
209714 28
209772 13
209787 19
209789 28
210100 0
210200 25
210207 10
210221 0
210251 13
210276 19
210315 25
210331 28
210355 22
210432 10
210435 4
210448 4
210463 13
210702 13
210717 19
210734 28
210741 19
210743 28
210748 19
210787 28
211100 20
211303 7
211312 25
211315 19
211318 0
211319 24
211341 4
211342 31
211448 28
211449 13
211495 4
211709 13
212712 13
212714 19
212731 28
213708 13
213717 19
213718 19
213763 28
214301 21
214310 15
214340 28
214341 13
214352 0
214403 13
214412 22
214431 19
214442 4
214462 0
214491 13
215205 26
215206 6
215207 16
215208 10
215303 19
215312 16
215313 31
215314 10
215401 16
215462 13
215482 0
215711 19
215783 13
217705 28
217708 19
217773 13
218100 27
218234 28
218236 25
218244 10
218262 16
218352 0
218362 19
218372 22
218382 13
218481 19
218486 19
218496 13
219753 28
219781 19
226703 13
226704 19
226710 19
226805 13
229223 6
229351 22
251100 31
251211 22
251213 25
251216 13
251242 31
251261 0
251292 19
251312 22
251313 16
251333 31
251334 34
251342 1
251361 10
251363 6
251371 30
251372 25
251374 21
251399 18
251411 4
251417 13
251434 13
251436 13
251451 28
251455 4
251456 4
251457 10
251461 10
251465 19
251704 16
251707 13
251713 13
251716 31
251723 28
251724 19
251738 13
251746 31
251748 28
251754 31
251760 28
251763 13
251765 19
251773 31
251781 28
251784 19
252210 35
252212 22
252222 10
252235 13
252281 10
252282 13
252283 0
252285 22
252311 16
252320 7
252331 0
252353 30
252401 28
252402 34
252403 9
252404 13
252413 7
252420 4
252421 34
252422 13
252423 10
252427 13
252428 16
252429 33
252435 22
252440 1
252442 10
252443 4
252448 16
252450 25
252456 13
252459 1
252460 16
252479 28
252489 22
252706 19
252707 28
252714 31
252721 31
252727 28
252755 28
252765 19
252781 19
252792 13
253215 18
253318 1
253321 19
253332 4
253423 28
253433 31
253441 13
253443 19
253451 4
253452 16
253454 13
253721 13
253725 31
253731 31
253734 28
253735 28
253747 16
253749 10
253752 16
253754 19
253791 19
254182 19
254200 16
254205 31
254206 13
254207 16
254211 25
254215 18
254216 10
254222 25
254231 6
254232 1
254271 21
254282 1
254334 13
254352 30
254362 24
254371 19
254373 6
254400 28
254411 10
254412 19
254415 1
254421 0
254423 4
254424 4
254427 19
254435 4
254441 13
254443 4
254445 1
254446 13
254451 22
254452 19
254453 22
254466 0
254476 16
254477 22
254478 28
254495 4
254701 13
254721 19
254733 31
254737 28
254771 28
254816 13
254857 19
255210 27
255230 35
255300 13
255301 6
255316 20
255323 13
255328 24
255337 29
255340 17
255393 31
255422 19
255425 4
255430 10
255432 31
255433 13
255437 19
255440 22
255442 4
255445 19
255447 13
255451 19
255455 1
255463 13
255471 28
255497 13
255714 16
255735 28
255746 13
255750 31
255751 31
255769 19
255772 19
255783 31
255786 19
255791 10
255792 19
256100 19
256271 7
256281 10
256317 16
256318 34
256334 19
256415 7
256419 31
256442 13
256443 7
256456 13
256473 28
256474 1
256713 31
256741 13
256752 28
256753 19
256791 13
259103 34
259104 31
259106 16
259107 25
259108 9
259193 3
259195 27
259200 28
259201 29
259203 25
259401 4
260313 7
260334 13
260421 19
260702 31
260712 28
260719 19
260791 13
261102 6
261111 24
261112 18
261113 18
261205 28
261207 35
261208 19
261214 16
261215 21
261218 13
261305 1
261306 13
261332 9
261342 13
261343 31
261361 30
261411 28
261421 28
261430 0
261433 16
261444 7
261446 1
261447 7
261448 22
261449 13
261453 25
261465 7
261473 10
261479 19
261494 10
261497 18
261498 10
261499 28
261731 13
261736 13
261742 16
261745 31
261751 13
261752 28
261755 19
261763 31
261792 16
261796 28
261891 31
263710 31
263721 28
263724 19
263745 13
263751 13
264702 28
264703 19
264705 13
264755 31
264791 16
265706 28
265709 19
265710 13
266703 13
266801 19
268735 31
268741 28
268742 13
269103 10
269105 4
269130 13
269210 1
269341 13
269360 28
269370 10
269497 19
269498 19
270721 28
270791 28
305203 28
318322 13
329104 4
330112 22
351100 31
351201 13
351302 28
351331 35
351364 19
351371 31
351425 22
351426 4
351464 10
352103 21
352311 13
352314 4
352315 16
352323 4
352331 10
352332 19
352401 13
352412 19
352413 31
352421 28
352422 4
352433 28
352441 16
353313 31
353418 10
353431 13
353441 13
353471 28
353482 4
354311 7
354312 19
355411 16
356100 32
356101 14
356102 28
356210 9
356261 0
356306 31
356331 28
356333 16
356373 10
356375 22
356411 19
356412 19
356415 4
356416 19
356431 13
356432 10
356441 16
356442 22
356443 34
356444 0
356446 19
356447 4
356448 1
356449 13
356455 13
356472 4
356474 19
357110 1
357210 22
357322 1
357323 19
357418 4
357421 19
357432 4
357442 16
357444 31
357446 28
359202 22
359205 13
359206 13
359302 16
359305 19
359341 13
359350 13
359360 31
359401 22
359403 10
359419 19
359422 1
359452 19
359455 13
359460 4
359461 1
360100 30
360301 1
360402 28
360403 4
360411 0
360423 19
360441 10
360460 13
361210 0
361211 1
361214 13
361341 31
361414 13
361421 0
361433 28
361442 4
361461 10
361475 16
363210 16
365201 19
365211 13
365301 31
365324 28
365331 4
365422 19
365425 10
365426 22
368211 34
368310 10
368412 7
368417 19
368433 13
400110 15
400210 18
401281 25
401383 7
401391 31
403281 22
403383 19
406284 19
406294 1
406386 6
406396 34
408382 13
410381 25
413383 22
413391 1
415393 10
420282 13
421282 10
421292 16
421386 28
421396 16
422381 3
428281 31
428282 28
428381 4
428383 0
461170 19
461471 7
461472 4
461511 4
461526 4
462130 10
462531 31
462542 28
462545 19
462582 13
462587 31
462588 28
463201 13
463252 19
463331 31
463332 22
463342 4
463354 19
463512 4
463513 28
463534 22
463543 28
463544 19
463557 13
463559 7
463571 28
463592 16
464302 13
464312 1
464402 10
464403 1
464414 7
464442 19
464443 31
464445 4
464446 13
464500 28
464502 10
464504 4
464505 1
464506 19
464508 28
464544 13
464545 22
464546 22
464549 31
501201 7
501202 28
501305 19
501306 13
502313 10
502314 16
504202 16
504305 28
506202 19
508304 4
510306 7
512304 31
513113 4
513115 16
513212 28
513216 19
513217 7
513225 31
513284 13
513331 13
513343 4
513364 19
513373 31
513390 28
513411 19
513446 13
514202 31
514206 16
514222 10
514244 22
514272 7
514322 7
514336 28
514352 13
514358 19
514382 4
514384 31
514396 1
514398 10
515204 22
515205 31
515256 28
515257 13
515330 13
515337 7
515339 31
515362 4
515377 28
515378 10
515380 19
515407 31
515440 28
515441 19
515442 13
518724 13
518770 19
551311 28
552216 19
552217 13
552232 19
553312 28
554314 19
555313 19
556311 13
557433 7
558101 12
558432 31
561312 13
562101 10
562211 19
571115 13
601201 18
601202 22
601231 13
601242 7
601342 19
601346 13
601351 16
601361 22
601423 28
601424 4
601425 10
601436 4
601452 31
601471 28
601472 4
601745 19
601769 28
601775 13
602100 34
602102 31
602103 27
602120 16
602121 12
602122 19
602314 6
602421 25
602432 31
602453 19
602454 13
602455 10
602461 4
602463 13
602471 7
602741 19
602751 13
603200 0
603231 7
603321 13
603341 4
603396 10
603423 19
603496 13
603725 28
603743 19
603751 13
604101 19
604211 3
604311 6
604314 16
604315 33
604411 3
604415 6
604423 27
604431 35
604443 13
604454 4
604455 19
605203 13
605302 28
605313 13
605315 13
605316 0
605321 22
605331 13
605340 13
605412 19
605430 25
605711 19
605719 13
606211 10
606243 13
606245 7
606264 19
606310 0
606341 31
606342 28
606344 19
606451 10
606452 13
610114 34
651211 28
651212 19
651231 28
651234 13
651306 19
651313 10
651314 16
651317 13
651319 31
651416 28
651425 19
701100 15
701101 31
701181 19
701202 13
701211 4
701235 31
701243 19
701244 22
701283 13
701310 4
701335 13
701408 13
701409 13
701410 19
701496 28
702100 33
702101 8
702211 4
702213 35
702312 30
702317 34
702321 28
702331 31
702342 19
702354 22
702423 28
702443 4
702499 13
703103 22
703202 33
703204 3
703243 16
703244 35
703322 7
703324 18
703330 31
703331 15
703345 16
703351 9
703361 22
703413 4
703441 19
703444 28
703499 19
705191 28
705211 22
705311 7
705328 6
705331 11
705332 30
705343 28
705431 31
705438 22
705440 31
705441 1
705444 30
705446 28
705447 3
705461 24
705492 13
705499 19
751100 7
751101 8
751102 23
751106 10
751202 17
751209 12
751301 20
751302 27
751303 25
751305 34
751308 34
751309 31
751321 1
751326 10
751330 22
751345 22
751401 13
751403 6
751405 16
751408 4
751417 13
751418 13
751419 31
751421 10
751422 13
751424 19
751428 28
751440 28
751443 18
751447 10
751451 0
751701 10
751702 13
751703 16
751705 22
751706 13
751708 19
751710 28
751716 31
751718 31
751719 16
751727 31
751742 28
751744 28
801100 6
801122 4
801134 19
801204 13
801233 19
801236 16
801241 4
801322 13
801334 13
801371 4
803122 7
803124 28
803131 16
803230 4
803232 19
803260 4
851100 33
851103 22
851104 25
851105 18
851200 35
851201 13
851202 24
851204 31
851207 25
851241 16
851252 11
851253 30
851261 27
851263 30
851273 15
851305 33
851306 16
851309 10
851313 28
851363 13
851366 18
851375 31
851400 22
851401 13
851404 4
851406 19
851443 19
851445 19
851450 34
851462 33
851467 1
951100 26
951202 28
951231 10
951321 16
951324 31
951366 13
951421 16
951498-020 22
951498-021 28
953102 28
953104 19
953111 31
953201 1
953202 13
953214 10
953231 4
953232 31
953234 22
953323 19
953361 4
953421 1
953444 13
953494 13
953495 4
954100 13
954140 24
954142 31
954143 28
954170 7
954240 6
954244 10
954310 22
954340 4
954347 19
954371 13
954372 31
954374 4
954413 19
954421 7
954423 22
954464 4
954472 4
954491 19
954498 10
955102 16
955104 13
