001101 0
001102 1
001112 25
001118 18
001201 25
001202 4
001210 0
001212 7
001218 16
001222 28
001223 4
001224 4
001225 4
001226 4
001227 4
001228 4
001229 0
001230 9
001231 13
001234 0
001250 10
001281 31
001291 16
001292 10
001310 16
001311 19
001312 31
001314 19
001315 10
001320 7
001321 4
001323 28
001330 16
001341 31
001342 34
001352 25
001355 4
001361 13
001362 25
001391 31
001410 34
001440 28
001445 31
001463 13
001472 28
002102 25
002111 34
002191 28
002202 34
002230 0
002260 13
002302 25
002321 13
002362 28
003102 13
003191 3
003202 13
003213 19
003261 25
003454 4
004465 34
004472 25
004474 31
004476 13
006103 16
006226 13
006241 7
006253 13
006307 25
006325 16
006443 31
006448 4
008314 25
008402 4
008411 31
009103 35
009213 16
009232 19
009254 0
009301 31
009327 16
009344 28
009355 13
009358 10
009363 28
011100 34
011101 35
011153 22
011154 25
011156 7
011157 6
011251 15
011257 14
011268 13
011269 3
011276 12
011277 24
011278 35
011358 28
011367 19
011457 10
012173 35
012200 10
012271 7
012272 31
012374 7
013103 10
013110 7
013203 24
013204 13
013206 19
013207 16
013208 34
013209 15
013216 0
013301 7
013303 7
013305 10
013314 31
013337 7
013413 4
013425 28
013431 28
013432 16
013433 31
014210 7
014211 19
014270 13
014310 0
014311 13
014370 24
014371 10
014390 19
014401 4
014410 4
014423 28
014471 35
014481 10
015101 27
015102 31
016101 28
017101 16
017102 28
017111 34
017201 31
017231 13
018104 25
018111 16
018112 27
018114 25
018126 7
018204 19
018271 0
018323 4
018332 25
018352 22
018372 28
019101 21
019104 35
019105 24
019106 28
019112 10
019204 0
019205 13
019206 31
019211 31
019212 16
019221 19
019222 25
019332 13
019351 31
019362 16
019371 7
019382 28
019441 4
020101 13
020102 25
020211 31
020212 28
020231 16
020232 10
020261 19
020341 31
021101 34
021102 31
021203 31
021204 28
021270 4
024752 4
025110 4
025381 25
025481 4
026101 20
026102 22
026111 31
026112 28
026201 10
050100 34
050103 12
050104 9
050106 29
050112 5
050113 19
051300 16
051302 10
051304 35
051306 31
051310 4
051313 31
052201 34
052203 7
052310 31
052323 19
052331 1
052351 13
052353 35
052355 10
052417 28
052422 28
052442 4
052449 1
052466 19
057121 6
057122 27
057123 27
057125 31
057126 18
057127 23
057128 5
057129 31
057130 6
057131 32
057132 14
057133 18
057134 25
057135 22
057136 34
057137 13
057138 35
057205 19
057213 10
057276 28
057283 13
057286 34
057287 7
057289 28
057290 25
057295 28
057297 7
057298 31
057301 24
057302 31
057305 24
057316 35
057366 7
057404 19
057407 28
057425 31
057428 30
059405 13
059419 35
061103 25
061106 34
061201 4
061205 10
061223 18
061306 31
061312 15
061313 25
061317 4
061401 28
061403 7
061430 19
062320 31
062341 10
062342 16
062343 19
062344 19
062345 16
062346 25
062360 13
062380 31
062411 16
062452 4
062460 25
062470 28
064202 4
064204 31
064207 31
064272 31
064273 4
064303 22
064410 4
064413 25
064417 7
064418 22
064422 13
064424 25
065120 25
065121 35
065211 15
065212 13
065311 25
065333 7
065420 22
065795 28
065797 4
065799 4
066222 31
066324 19
066412 10
066416 4
066426 28
067201 10
067203 16
067311 15
067371 25
067433 10
067435 19
067436 31
067491 28
067492 4
070100 31
070200 7
070301 25
070303 16
070304 31
070305 4
070308 7
070400 10
070403 31
070404 28
070410 4
070411 25
070413 10
070414 16
070415 10
070416 7
070711 28
070726 28
070740 4
070741 4
070792 4
071412 28
071413 19
071414 4
071415 31
071417 19
074100 0
074101 16
074201 19
076312 3
076314 13
076414 22
076426 4
076427 4
076428 10
076429 19
076444 16
076466 10
078444 33
078454 16
079444 31
099101 16
099102 27
100104 10
100105 13
100106 4
100107 4
100108 25
100205 13
100206 2
100207 35
100208 28
100209 18
100211 13
100306 13
100307 0
100308 9
100309 4
100310 6
100501 13
101201 28
101202 10
101205 4
101325 24
101490 16
103112 4
103271 15
104100 10
104302 31
104310 13
104320 7
104327 28
104334 4
104450 31
104490 4
109100 15
109114 29
112101 13
112105 4
112106 25
112109 31
112202 10
112205 7
112321 31
112322 25
112406 4
112424 28
115200 10
115300 13
115301 10
116301 13
126101 18
126102 31
126212 24
126213 9
126214 15
126325 18
126326 31
126328 13
126331 13
126332 25
126431 4
126436 4
126442 28
127100 35
127101 15
127202 31
127204 25
127205 7
127303 31
127313 1
127330 35
127359 13
127411 28
127412 31
127414 16
127716 31
127720 28
127721 4
127726 13
128100 30
128101 16
128201 24
128304 9
128305 19
128306 7
128308 1
128310 4
128351 31
128355 31
128423 25
128427 25
128434 28
128443 28
128700 13
128727 31
128734 28
128751 4
140104 25
152211 19
152301 25
152331 13
154104 32
154141 25
154152 19
154153 35
154173 28
154181 25
154251 7
154276 15
154281 29
154301 28
154330 7
154340 31
154363 31
154385 4
154431 13
154457 31
154481 4
159100 9
159101 33
159102 35
159151 10
159202 7
159204 34
159231 35
159331 0
159332 28
159401 4
159411 28
159412 31
159431 4
159434 7
160242 31
164261 25
168335 4
176100 35
176101 28
176104 13
177104 24
177113 13
177114 19
177141 28
177142 7
177181 5
177215 28
177217 10
177227 22
177228 19
177229 25
177300 7
177321 1
177332 13
177335 31
177341 10
177362 28
177443 13
177460 10
177463 25
177471 31
177472 28
177483 31
177491 31
179443 4
201100 31
201110 29
201114 19
201116 14
201117 4
202100 30
202101 28
202102 8
202147 28
202231 29
202302 4
202303 4
202305 16
202356 19
202362 31
202371 10
202405 10
202421 4
202446 28
202471 16
202475 7
202476 28
202484 4
202701 4
202731 4
202736 28
202744 4
202749 4
202775 31
202776 28
202803 28
202833 4
202849 4
203100 21
203104 34
203108 31
203111 20
203113 16
203114 13
203131 13
203132 31
203151 24
203152 28
203154 22
203158 24
203159 6
203162 28
203202 7
203203 31
203204 18
203206 35
203207 6
203208 0
203209 18
203211 28
203222 1
203223 25
203226 15
203232 19
203236 12
203250 10
203287 16
203316 28
203351 22
203459 16
203715 28
203719 13
203721 28
203725 31
203726 31
203734 31
203735 13
203749 31
203752 13
203754 4
203775 13
203812 28
203825 13
203829 4
203833 4
203879 28
204100 16
204101 16
204113 16
204202 10
204211 1
204217 10
204232 16
204251 31
204306 22
204315 31
204333 31
204355 19
204362 7
204382 16
204422 16
204423 13
204424 4
204441 28
204443 4
204452 28
204482 31
204483 13
204490 10
204725 13
204728 4
204755 28
204792 31
204891 4
205100 19
205103 7
205105 16
205216 1
205232 16
205244 25
205252 16
205282 19
205324 4
205344 28
205358 13
205382 31
205731 31
205742 28
205796 4
206100 22
206101 0
206103 25
206104 7
206111 22
206112 22
206113 13
206161 24
206162 7
206171 8
206172 8
206181 28
206182 10
206191 19
206211 31
206216 19
206217 24
206253 25
206255 7
206261 6
206266 25
206267 22
206281 28
206313 10
206321 34
206324 4
206325 31
206327 7
206331 28
206336 15
206341 6
206342 7
206355 28
206362 6
206364 35
206367 16
206368 28
206370 1
206421 7
206427 25
206428 13
206435 31
206437 4
206476 31
206481 4
206703 31
206722 13
206724 31
206725 28
206731 4
206737 28
206774 4
207100 13
207104 24
207105 13
207106 13
207108 33
207109 29
207110 4
207116 16
207117 13
207118 24
207125 19
207137 27
207162 34
207172 6
207181 13
207187 4
207188 9
207191 11
207195 24
207214 1
207302 10
207305 34
207306 31
207312 31
207402 4
207448 25
207704 13
207706 31
207708 28
207712 4
207766 4
207794 4
208101 17
208140 19
208141 7
208150 4
208263 19
208264 25
208271 31
208272 2
208322 16
208345 31
208346 31
208353 28
208362 7
208373 13
208384 28
208423 31
208444 28
208446 4
208460 31
208738 31
208772 28
208774 4
209203 13
209204 28
209252 9
209253 35
209262 19
209263 31
209270 34
209271 25
209272 16
209352 25
209370 25
209376 13
209382 28
209456 28
209466 4
210200 7
210207 13
210221 10
210251 31
210276 25
210315 16
210331 7
210355 31
210432 28
210448 4
210463 4
210702 28
210705 4
210743 13
210745 13
210748 31
210789 31
211100 6
211315 13
211319 31
211341 4
211342 25
211444 31
211709 28
211889 4
213708 4
213717 31
213718 13
213763 28
214100 13
214301 31
214310 25
214340 16
214341 25
214352 4
214412 13
214491 31
215205 28
215206 1
215207 34
215208 27
215303 31
215312 1
215313 16
215401 4
215482 13
215711 28
215741 31
215742 28
215743 4
215781 4
215783 28
217705 31
217708 28
217752 4
217773 4
218100 6
218234 1
218236 34
218244 28
218262 13
218352 13
218362 28
218372 31
218382 4
226703 31
226709 4
226710 28
226789 4
229123 13
229223 25
251100 27
251211 15
251213 16
251216 7
251242 0
251261 35
251292 25
251312 10
251333 25
251334 13
251342 31
251361 28
251363 22
251371 25
251372 13
251399 4
251411 31
251434 16
251436 28
251452 13
251455 31
251456 4
251461 28
251477 4
251704 31
251707 4
251723 28
251724 4
251746 4
251748 28
251754 13
251760 4
251763 31
251765 28
251773 13
251781 31
252210 25
252212 0
252222 16
252235 19
252282 10
252283 0
252285 28
252311 34
252320 10
252331 30
252353 25
252402 16
252403 28
252404 31
252413 28
252420 16
252423 13
252427 4
252428 13
252429 16
252435 31
252440 4
252459 28
252460 31
252479 4
252489 4
252706 13
252714 28
252727 31
252755 25
252774 4
252781 28
252785 4
252789 4
252792 13
253215 0
253433 31
253441 31
253443 4
253451 28
253452 4
253454 13
253716 25
253721 28
253722 13
253725 13
253734 28
253747 4
253749 7
253752 25
253754 31
253791 31
254182 7
254200 22
254205 12
254206 10
254211 18
254215 25
254216 24
254222 15
254231 16
254232 18
254271 2
254282 34
254325 4
254334 13
254352 16
254362 1
254371 31
254373 7
254400 31
254411 7
254412 28
254415 7
254421 31
254423 31
254424 13
254435 13
254445 31
254451 4
254452 28
254453 28
254466 10
254476 16
254477 25
254478 28
254495 4
254701 4
254721 31
254733 31
254737 13
254771 28
254803 31
254817 28
254857 28
255210 12
255230 2
255301 34
255316 13
255323 16
255328 10
255337 4
255340 25
255422 4
255425 31
255427 13
255432 28
255437 31
255440 31
255447 28
255455 4
255497 4
255714 31
255735 28
255750 13
255766 4
255769 25
255772 4
255779 25
255783 13
256100 19
256271 13
256317 25
256318 28
256334 4
256382 13
256383 10
256462 16
259103 20
259104 33
259106 34
259107 22
259108 9
259193 31
259195 34
259200 4
259201 31
259203 18
259401 28
260704 4
260708 25
260712 13
260719 28
260791 31
261102 18
261111 32
261112 9
261113 13
261205 16
261207 28
261208 34
261214 9
261215 15
261218 19
261305 31
261306 28
261332 0
261342 16
261343 31
261361 28
261430 25
261433 1
261444 31
261446 13
261447 25
261448 13
261449 4
261465 4
261473 10
261494 25
261497 4
261499 31
261742 4
261745 4
261755 4
261763 28
261764 13
261793 31
261795 31
261796 28
263710 28
263721 13
263724 25
263745 25
263751 31
264702 13
264705 31
264755 28
264789 4
265706 31
265709 28
265710 4
266703 28
266801 4
268732 31
268735 4
268741 28
268742 13
269103 4
269105 28
269130 10
269210 34
269341 4
269360 7
269370 28
269421 31
269431 31
269497 4
270701 28
270702 4
305203 10
318322 7
329104 2
330112 13
351100 15
351201 13
351364 10
351371 28
351426 13
352103 10
352311 31
352314 25
352315 7
352331 16
352332 25
352401 28
352412 7
352413 31
352421 4
352422 31
352433 13
352441 16
353313 28
353431 31
353441 4
353471 16
355411 7
356100 33
356101 27
356102 11
356210 10
356261 16
356311 28
356331 19
356431 22
356432 4
356441 7
356442 16
356443 28
356449 4
356455 4
356472 31
356475 4
357101 21
357110 35
357210 31
357323 13
357360 16
357418 7
357442 28
357444 4
359202 17
359205 4
359401 31
359408 4
359431 31
359455 4
360100 14
360210 8
361210 2
361321 28
361322 25
361341 31
361421 10
361433 13
361452 7
361461 4
361475 16
362211 22
363210 25
365425 4
368211 19
368317 31
400110 3
400210 4
401281 25
401383 25
401391 22
403281 13
403383 34
406284 7
406294 4
406386 31
406396 7
408382 21
410381 10
413383 0
413391 35
415393 16
420282 31
421282 16
421292 18
421386 28
421396 13
422381 19
428281 28
428282 10
428381 1
428383 4
461170 11
461471 7
461472 13
461511 4
461521 31
461526 4
461551 25
461566 13
461584 4
462130 33
462412 31
462413 28
462414 25
462503 13
462587 4
462588 28
463201 1
463252 7
463331 4
463332 7
463342 31
463354 25
463506 31
463512 25
463513 31
463543 4
463544 13
463557 31
463559 28
463571 4
463592 10
464302 19
464312 1
464402 1
464403 28
464414 34
464442 16
464443 35
464445 19
464446 25
501201 25
501202 19
501305 10
501306 7
502313 13
502314 31
504202 16
504305 25
506202 28
508304 7
510306 28
512304 4
513113 25
513115 7
513212 25
513216 1
513217 10
513225 28
513284 7
513331 4
513343 13
513364 28
513373 31
513390 16
513446 4
514202 28
514206 16
514222 34
514244 25
514272 1
514322 10
514352 4
514358 31
514382 13
514384 25
515204 18
515205 25
515256 28
515257 1
515337 31
515362 28
515380 4
552216 16
552217 1
552232 16
554413 25
555312 13
557432 31
558101 18
558313 28
558441 4
562101 5
562211 16
601201 8
601202 13
601231 7
601242 10
601342 28
601346 31
601361 4
601423 13
601425 7
601454 25
601455 13
601724 4
601745 28
601775 4
602100 21
602102 24
602103 34
602111 15
602120 4
602121 9
602122 25
602301 28
602314 0
602421 7
602453 13
602454 4
602455 28
602461 28
602471 31
602722 31
602741 4
602751 28
603200 15
603231 0
603321 16
603396 31
603496 4
603725 31
603743 28
603751 4
604101 16
604211 28
604311 1
604314 16
604315 31
604411 16
604415 4
604423 28
604431 13
604455 28
605203 25
605302 7
605313 16
605315 16
605316 13
605331 28
605430 31
605701 28
605711 31
605719 4
605742 28
606211 13
606243 31
606245 13
606264 7
606310 10
606451 28
606452 4
610114 3
651211 10
651212 7
651231 10
651234 1
651313 7
651314 25
651317 4
651319 13
651416 31
651425 28
701100 12
701101 25
701181 12
701183 34
701202 19
701235 13
701243 28
701244 9
701283 23
701295 13
701310 4
701335 25
701341 10
701408 28
701423 31
702100 31
702101 30
702211 28
702213 18
702312 7
702317 16
702321 31
702331 25
702342 0
702354 4
702418 28
703103 26
703202 10
703204 14
703243 2
703244 10
703309 4
703311 28
703322 29
703324 19
703330 7
703331 16
703345 16
703351 25
703361 4
703413 28
703441 19
703499 31
705191 18
705211 13
705311 15
705328 31
705331 31
705332 19
705343 25
705351 22
705431 1
705438 16
705440 31
705441 13
705444 19
705446 31
705448 4
705492 31
705499 7
751100 10
751101 23
751102 16
751106 19
751202 21
751209 19
751301 30
751302 35
751303 16
751304 4
751305 7
751308 24
751309 25
751321 28
751326 19
751330 34
751345 10
751401 35
751403 10
751405 4
751408 31
751413 4
751418 4
751419 4
751421 28
751428 16
751440 31
751443 13
751701 13
751702 31
751703 4
751705 28
751706 31
751708 28
751710 4
751712 4
751716 13
751724 13
751728 7
751732 31
751734 7
751744 25
751745 25
751751 4
751752 25
801100 27
801122 7
801134 25
801201 4
801204 25
801233 1
801236 28
801241 7
801322 4
801371 7
803122 4
803124 25
803131 13
803230 31
803232 4
851100 30
851103 24
851104 6
851105 28
851200 28
851201 1
851202 11
851204 29
851205 9
851241 25
851261 13
851273 6
851305 25
851306 10
851309 31
851310 18
851341 25
851342 19
851344 4
851350 28
851363 33
851366 25
851371 35
851375 15
851400 7
851401 16
851404 4
851443 13
851445 19
851450 13
851467 4
951100 32
951106 21
951124 16
951202 4
951231 13
951321 31
951366 4
951421 31
951497 28
951498 4
953102 10
953104 13
953111 18
953201 1
953202 19
953214 25
953231 31
953232 19
953234 16
953323 28
953494 31
953495 16
954140 7
954141 15
954142 25
954240 34
954244 28
954310 16
954326 28
954340 10
954364 13
954371 4
954372 31
954373 16
954413 13
954420 31
954422 7
954423 4
954443 31
954472 28
954498 7
