001101 26
001102 1
001111 13
001113 7
001201 1
001202 16
001210 4
001230 35
001231 27
001250 18
001281 0
001291 3
001293 22
001310 22
001311 12
001312 19
001318 28
001320 7
001321 0
001323 28
001330 6
001342 3
001353 4
001354 22
001361 13
001362 28
001381 19
001410 13
001425 28
001443 28
001444 22
001445 16
002101 22
002110 7
002191 7
002201 31
002211 10
002221 34
002250 22
002301 10
002333 19
002365 25
003101 19
003191 15
003201 22
003414 13
003421 7
003436 28
004282 16
004301 9
004303 31
004324 19
004432 25
004473 22
004475 25
004483 19
006103 3
006126 16
006206 28
006226 22
006241 10
006242 7
006253 4
006303 13
006331 19
006346 7
006448 7
008214 7
008303 16
008314 28
008411 13
008417 28
009103 18
009105 22
009212 28
009230 19
009231 22
009326 28
009328 22
011100 8
011152 4
011153 12
011251 3
011257 25
011259 7
011269 32
011276 31
011353 22
011356 7
011362 7
011363 30
011374 13
011461 19
011464 19
011479 4
012100 25
012173 16
012200 28
012273 28
012371 28
013103 25
013110 4
013203 35
013204 19
013207 28
013209 28
013302 19
013306 4
013307 4
013317 22
013326 7
013329 28
013330 16
013413 22
013420 22
013433 28
014210 34
014211 19
014270 25
014310 22
014322 22
014323 16
014370 10
014371 28
014381 19
014401 25
014481 28
015101 16
016101 10
016102 25
017101 7
017102 28
017111 22
017210 7
018103 6
018111 7
018113 16
018125 3
018203 10
018211 16
018213 7
018231 22
018235 19
018271 6
018321 16
018351 10
019101 28
019102 19
019103 4
019105 16
019106 28
019108 28
019111 22
019203 25
019205 25
019211 28
019221 7
019303 0
019311 19
019331 16
019361 13
019371 19
019381 4
019471 19
020101 27
020102 35
020211 28
020231 22
020341 22
020362 25
021101 24
021102 7
021203 28
025108 22
025110 22
025310 25
025480 28
026101 17
026102 16
026111 7
029701 7
029711 28
050100 16
050103 35
050104 3
050106 35
050111 0
051300 25
051306 25
051313 19
051412 16
051418 7
051421 25
052202 31
052314 22
052350 25
052352 4
052357 19
052421 31
055701 28
055704 28
055771 28
057121 22
057122 14
057123 24
057125 12
057126 29
057127 13
057128 23
057129 12
057130 24
057131 23
057132 6
057133 14
057134 25
057135 6
057136 7
057137 25
057201 28
057213 13
057215 10
057284 10
057285 4
057288 16
057293 31
057294 16
057296 7
057300 13
057305 0
057403 1
057405 28
057410 22
057420 4
057425 34
057426 7
057428 22
057450 0
059419 28
061106 16
061201 28
061223 1
061306 35
061309 16
061312 13
061317 31
061403 3
062200 16
062320 34
062341 22
062342 1
062343 13
062344 19
062346 19
062360 13
062380 4
062411 4
062452 1
062460 19
062499 16
063710 7
064201 10
064206 28
064207 4
064271 28
064272 16
064281 31
064301 13
064410 25
064423 13
064424 7
065210 16
065212 25
065310 19
065320 10
065332 0
065436 22
065799 28
066221 31
066323 28
066410 12
066414 28
066425 16
067202 10
067303 3
067311 10
067372 31
067373 10
067432 28
070100 16
070201 3
070301 28
070303 16
070304 7
070308 7
070400 28
070401 10
070404 28
070413 13
070414 28
070415 16
070416 22
070711 16
070720 22
070721 7
070727 7
070731 28
070740 28
071411 16
071412 15
071413 10
071415 10
071416 12
071419 19
071420 28
071423 13
071425 22
071426 28
071724 28
074100 3
074101 0
074414 10
076312 19
076314 19
076414 19
076427 28
076428 25
076429 35
076444 1
076466 10
077422 7
078444 28
078454 16
099101 22
099102 9
100102 10
100103 28
100104 3
100105 21
100106 0
100107 12
100108 25
100205 5
100206 18
100207 26
100208 34
100209 8
100306 7
100307 16
100308 24
100309 22
100310 28
100501 7
101100 18
101105 4
101201 33
101211 25
101400 28
101405 22
103191 16
103271 17
104200 35
104201 19
104300 28
104301 28
104325 13
104340 28
104410 7
104495 22
105304 10
109100 6
109115 18
112101 16
112102 22
112103 25
112108 10
112110 16
112201 22
112203 7
112213 10
112300 7
112314 28
112411 10
115200 28
115300 25
115301 7
115302 16
126101 7
126321 22
126330 10
126428 19
126443 25
127100 30
127101 9
127203 27
127206 16
127207 22
127303 19
127312 25
127314 16
127315 22
127316 28
127320 4
127326 4
127329 28
127413 7
127711 16
127717 22
127718 7
127719 28
128100 7
128101 30
128202 6
128203 22
128204 9
128307 16
128309 28
128352 22
128354 13
128403 7
128701 28
128710 16
128730 22
128734 7
128740 7
128762 28
140103 10
152321 28
154104 4
154141 16
154151 33
154231 10
154262 19
154281 4
154311 25
154330 19
154352 13
154371 22
154384 25
154388 28
154443 7
154455 1
154482 7
154488 7
159100 34
159101 21
159151 3
159203 3
159221 25
159301 7
159351 4
159356 28
159403 10
159411 16
159412 7
159431 22
159454 28
164200 19
164341 28
168101 25
168313 7
176100 31
176101 28
176220 35
177103 15
177214 7
177216 19
177242 10
177283 25
177285 22
177321 13
177330 16
177336 22
177341 0
177361 10
177393 19
177404 13
177425 16
177426 4
177427 19
177434 22
177446 28
177447 27
177450 7
177464 16
177465 19
177467 7
177481 28
201100 19
201110 6
201114 10
201115 30
201116 20
201117 25
202100 27
202101 2
202141 21
202143 0
202145 31
202184 0
202231 15
202260 7
202321 7
202334 3
202342 16
202353 19
202361 3
202434 22
202473 28
202495 13
202742 28
202764 28
202765 22
202773 28
202782 22
202833 7
202848 28
202873 28
203100 32
203103 6
203111 34
203116 28
203151 15
203162 15
203201 19
203203 30
203204 25
203206 34
203207 33
203208 7
203209 30
203222 3
203226 9
203231 6
203235 10
203236 16
203255 10
203315 22
203331 7
203351 16
203352 31
203475 22
203714 22
203716 7
203722 4
203732 28
203736 22
203739 7
203743 22
203753 28
203821 13
203828 28
203879 7
204100 31
204101 31
204111 22
204202 15
204219 10
204231 13
204251 24
204321 22
204325 7
204341 25
204361 16
204363 22
204365 7
204381 16
204383 10
204432 28
204435 22
204451 28
204453 1
204471 22
204712 28
204721 22
204732 7
204735 16
205100 25
205103 15
205104 25
205105 3
205235 31
205239 19
205275 30
205303 16
205337 28
205355 22
205393 10
205712 22
205735 7
205783 28
206100 10
206101 30
206103 28
206107 19
206111 11
206113 28
206161 3
206171 20
206181 9
206191 28
206203 3
206211 34
206216 25
206217 7
206261 26
206267 35
206281 31
206300 15
206321 22
206324 22
206325 27
206327 3
206331 10
206335 7
206336 16
206341 22
206355 22
206362 0
206370 30
206381 19
206436 28
206437 4
206441 6
206717 7
206720 22
206721 7
206730 28
206736 28
206753 28
207100 6
207103 13
207105 24
207107 15
207109 25
207110 16
207115 33
207117 27
207123 19
207131 9
207135 13
207171 34
207173 16
207183 7
207187 0
207203 28
207205 28
207208 13
207213 10
207308 25
207310 7
207313 16
207323 16
207348 4
207401 28
207406 22
207701 16
207703 22
207705 7
207711 28
207741 28
208101 34
208140 16
208263 19
208270 13
208271 34
208272 22
208280 34
208321 19
208329 28
208343 7
208348 4
208425 7
208737 28
209201 15
209251 27
209301 28
209302 10
209303 16
209331 13
209351 31
209358 22
209361 19
209368 25
209375 22
210201 22
210202 7
210204 16
210343 19
210351 25
210383 28
210425 16
210434 7
210703 16
210704 22
210707 7
210731 28
210733 28
210743 28
211100 27
211311 22
211315 18
211319 4
211413 22
211440 10
211442 19
211495 25
211702 22
211889 7
213706 22
213707 7
213714 28
214261 10
214312 13
214341 22
214381 16
214414 7
214415 28
214421 22
215205 27
215206 6
215207 4
215208 18
215423 4
215424 19
215431 28
215475 16
215476 22
215485 7
215486 28
215734 28
215744 22
215752 7
215762 28
215785 28
217701 22
217703 7
217707 28
217734 7
217751 28
217775 7
218100 6
218101 19
218233 25
218235 28
218321 22
218323 10
218351 19
219761 7
219789 28
220703 28
226701 16
226702 22
226704 7
226711 7
226801 28
251101 22
251211 28
251213 16
251261 7
251281 30
251312 28
251313 13
251363 22
251374 4
251384 28
251419 7
251437 13
251438 28
251439 4
251451 4
251475 28
251701 16
251702 22
251703 28
251711 7
251715 28
251745 7
251751 19
251752 16
251757 22
251758 7
251776 19
251783 16
251784 22
251785 7
251790 28
252201 6
252211 19
252232 31
252282 31
252283 10
252285 19
252286 30
252301 10
252302 7
252317 3
252322 16
252325 28
252327 3
252330 19
252342 3
252363 31
252420 22
252421 28
252427 7
252444 16
252498 22
252702 16
252726 7
252746 22
252747 7
252791 28
253303 4
253314 4
253315 22
253455 16
253481 7
253701 28
253715 4
253717 19
253731 13
253732 4
253735 16
253736 7
253748 13
253754 22
254181 28
254205 7
254206 6
254211 10
254215 3
254216 18
254222 10
254231 28
254232 28
254252 13
254282 0
254302 27
254325 4
254333 31
254372 16
254373 16
254421 16
254426 28
254435 16
254436 28
254439 22
254442 19
254444 28
254451 28
254456 7
254459 7
254461 22
254471 13
254473 13
254700 28
254702 13
254703 7
254710 22
254711 4
254734 28
254736 13
254770 13
254804 4
254873 4
254875 22
255201 19
255215 21
255251 13
255290 28
255300 22
255320 7
255321 19
255330 25
255359 16
255415 7
255431 28
255432 28
255434 22
255454 28
255455 22
255492 28
255722 16
255734 22
255738 7
255750 28
255764 28
255770 22
255771 7
255772 28
255786 16
255811 7
255820 28
256100 19
256212 18
256281 10
256316 19
256333 7
256373 16
256418 28
256441 22
259103 21
259104 0
259106 30
259107 35
259108 9
259109 10
259201 12
259203 22
260402 28
260413 22
260701 28
260702 19
260705 16
260709 22
260716 16
260718 22
260772 7
261103 16
261111 12
261200 15
261210 6
261212 22
261216 31
261217 0
261304 34
261305 13
261335 7
261336 25
261342 13
261343 16
261361 16
261405 28
261434 4
261447 10
261458 22
261461 28
261469 19
261701 7
261702 28
261706 22
261739 16
261752 22
261754 28
261769 16
261791 7
261895 7
263701 22
263702 28
263720 19
263746 16
263760 7
263770 7
263771 19
264701 19
264703 16
264706 22
264710 22
264733 7
264791 28
266702 28
268721 7
269101 7
269102 28
269111 22
269200 10
269201 28
269202 31
269340 3
269430 3
269452 16
269462 7
269470 22
269493 7
301254 31
305202 7
311352 34
318322 19
318351 19
320351 10
321251 22
324703 28
328310 22
328313 16
330110 33
330111 9
351100 30
351200 18
351201 27
351301 25
351321 28
351331 22
351441 4
351442 7
351451 16
351466 22
351489 10
352103 16
352301 25
352311 28
352321 10
352323 7
352422 13
353210 22
353301 22
353311 7
353418 7
353421 28
353431 19
353451 28
354311 13
356100 28
356101 4
356102 35
356202 22
356210 14
356212 10
356261 28
356303 7
356304 10
356411 16
356416 25
357101 28
357110 3
357210 21
357322 16
357325 22
357417 4
357441 22
357491 28
359202 25
359203 9
359204 25
359210 10
359311 22
359409 13
359421 19
359465 7
360100 16
360400 16
360403 22
360423 7
360460 28
361210 11
361214 4
361301 16
361351 7
361442 22
361453 19
361461 28
361471 19
362211 13
363210 7
365321 25
365322 12
365324 28
365421 10
368200 16
400110 23
401382 31
403382 16
406385 7
406395 1
409281 3
409292 19
411281 1
411291 7
415291 10
420281 28
421281 16
421291 12
421385 4
421395 22
423382 28
428382 13
461100 20
461435 16
461472 7
461514 22
461523 7
462130 13
462151 0
462405 7
462409 28
462445 28
462541 22
462543 7
462584 28
463251 34
463311 1
463331 4
463341 7
463353 22
463402 13
463433 19
463455 22
463491 4
463503 16
463513 4
463545 22
463556 13
463571 7
464301 28
464311 13
464341 16
464401 7
464413 16
464441 28
464443 0
464444 4
464445 1
464502 4
501301 4
501302 22
504302 16
506303 7
506361 28
508203 24
508303 13
510201 10
510202 34
512303 28
513111 21
513114 19
513223 22
513224 19
513283 10
513315 4
513324 19
513328 13
513363 7
513371 28
513411 16
513429 22
513445 7
513471 28
514211 19
514241 25
514317 28
514323 13
514341 7
514343 4
514381 13
514383 22
514451 22
515201 31
515250 10
515306 19
515310 28
515334 22
515361 16
515364 22
515370 7
515373 28
518770 28
551312 4
552216 16
552217 25
552222 25
553311 19
554312 16
556412 22
561313 7
561314 28
562101 10
562211 16
601201 4
601302 16
601341 7
601344 19
601351 10
601422 25
601452 22
601456 28
601731 22
601758 7
601765 16
601842 28
602100 16
602102 22
602103 31
602111 28
602211 7
602315 7
602321 28
602322 10
602431 22
602432 7
602441 19
602464 10
602731 7
602761 28
603211 7
603321 22
603322 10
603351 25
603421 22
603441 7
603471 28
603496 25
603711 22
603723 7
603731 28
604304 13
604305 22
604312 19
604313 7
604351 22
604352 10
604451 28
604711 7
604715 28
605201 25
605204 27
605301 3
605313 15
605314 28
605321 13
605322 22
605701 16
605713 22
605741 7
605745 28
605751 28
606231 4
606242 13
606244 22
606263 19
606310 22
606343 16
610114 28
651104 16
651105 19
651109 25
651120 12
651210 19
651311 16
651312 22
651315 7
651316 28
701100 4
701101 7
701104 22
701181 10
701183 13
701201 7
701205 25
701211 28
701243 7
701281 31
701313 28
701321 16
701331 7
701341 22
701344 10
702100 28
702101 4
702205 16
702211 30
702213 15
702312 24
702316 16
702317 13
702341 28
702351 22
703103 22
703109 10
703202 16
703243 21
703244 19
703305 22
703308 28
703309 16
703310 7
703322 18
703323 19
703330 25
703331 13
703391 22
703404 13
703412 4
703447 7
703454 19
703498 28
705191 22
705211 15
705311 15
705329 16
705331 13
705332 10
705342 13
705351 28
705431 19
705438 22
705440 7
705441 22
705442 4
705444 16
705461 28
705493 7
705499 28
751100 7
751101 5
751102 3
751106 0
751202 25
751209 21
751301 16
751302 3
751303 22
751304 28
751305 22
751308 7
751309 10
751321 28
751326 28
751330 31
751345 4
751401 16
751403 4
751405 25
751408 7
751417 7
751418 22
751419 28
751422 28
751428 30
751440 22
751441 16
751443 13
751447 22
751451 13
751701 7
751702 28
751703 22
751704 4
751705 16
751706 22
751708 4
751712 28
751716 19
751724 7
751725 16
751726 7
751727 19
751729 19
751734 16
751744 22
751752 28
801100 25
801201 10
801225 16
801235 28
801321 7
801331 19
801333 28
801336 22
801421 7
801471 4
801481 22
803121 22
803123 28
803231 25
851100 28
851104 28
851105 7
851108 22
851200 22
851201 13
851202 22
851204 30
851205 25
851273 18
851305 35
851309 16
851313 28
851343 28
851344 22
851345 16
851360 10
851362 22
851367 28
851372 19
851375 13
851400 31
851404 19
851406 7
851407 28
951100 10
951101 31
951102 9
951125 34
951203 28
951302 10
951323 22
951331 19
951344 22
951348 4
951352 28
951497 25
953103 25
953111 5
953211 16
953212 22
953233 10
953261 19
953321 28
953322 4
953331 7
953361 16
953421 22
953494 7
954100 0
954140 15
954141 25
954245 35
954246 9
954260 27
954270 16
954311 15
954312 4
954320 22
954323 16
954343 16
954370 7
954374 28
954412 22
954413 22
954462 28
954471 3
954491 16
954498 7
