001101 10
001102 4
001111 19
001113 7
001201 1
001202 22
001210 4
001230 35
001231 15
001250 13
001281 0
001291 0
001293 19
001310 16
001311 9
001312 31
001318 31
001320 19
001321 22
001323 31
001330 28
001342 31
001353 0
001354 4
001361 22
001362 19
001381 7
001410 16
001425 16
001443 16
001444 22
001445 19
002101 7
002110 19
002191 22
002201 19
002211 12
002221 16
002250 28
002301 31
002333 19
002365 16
003101 7
003191 6
003201 7
003414 7
003421 31
003436 19
004282 22
004301 30
004303 28
004324 7
004432 16
004473 31
004475 19
004483 25
006103 12
006126 0
006206 12
006226 19
006241 16
006242 13
006253 7
006303 19
006331 34
006346 31
006448 19
008214 7
008303 16
008314 22
008411 31
008417 16
009103 18
009105 4
009212 7
009230 27
009231 7
009326 19
009328 16
011100 18
011152 7
011153 27
011251 7
011257 31
011259 16
011269 12
011276 19
011353 31
011356 16
011362 28
011363 35
011374 22
011461 7
011464 19
011479 7
012100 31
012173 22
012200 18
012273 19
012371 16
013103 31
013110 7
013203 16
013204 28
013207 22
013209 7
013302 28
013306 34
013307 4
013317 31
013326 22
013329 19
013330 31
013413 16
013420 16
013433 16
014210 3
014211 22
014270 31
014310 4
014322 19
014323 25
014370 34
014371 19
014381 31
014401 19
014481 16
015101 16
016101 31
016102 19
017101 13
017102 16
017111 22
017210 19
018103 28
018111 13
018113 13
018125 4
018203 28
018211 22
018213 16
018231 7
018235 31
018271 22
018321 28
018351 22
019101 30
019102 16
019103 31
019105 22
019106 16
019108 19
019111 16
019203 31
019205 22
019211 13
019221 7
019303 13
019311 28
019331 4
019361 31
019371 19
019381 19
019471 16
020101 6
020102 28
020211 31
020231 7
020341 16
020362 4
021101 9
021102 31
021203 16
025108 22
025110 16
025310 16
025480 16
026101 21
026102 22
026111 16
029701 19
029711 16
050100 22
050103 35
050104 0
050106 2
050111 12
051300 10
051306 28
051313 16
051412 22
051418 31
051421 28
052202 3
052314 13
052350 34
052352 22
052357 4
052421 0
055701 16
055704 16
055771 16
057121 28
057122 20
057123 21
057125 27
057126 14
057127 19
057128 21
057129 6
057130 25
057131 12
057132 15
057133 13
057134 31
057135 15
057136 28
057137 31
057201 28
057213 28
057215 7
057284 22
057285 4
057288 31
057293 35
057294 19
057296 16
057300 28
057305 0
057403 19
057405 10
057410 19
057420 31
057425 25
057426 16
057428 22
057450 4
059419 22
061106 22
061201 28
061223 28
061306 3
061309 28
061312 22
061317 0
061403 9
062200 34
062320 19
062341 10
062342 13
062343 13
062344 13
062346 28
062360 4
062380 10
062411 28
062452 4
062460 10
062499 7
063710 19
064201 19
064206 16
064207 19
064271 19
064272 19
064281 22
064301 4
064410 0
064423 28
064424 16
065210 31
065212 16
065310 19
065320 0
065332 28
065436 7
065799 16
066221 10
066323 28
066410 19
066414 16
066425 4
067202 16
067303 6
067311 16
067372 27
067373 4
067432 10
070100 22
070201 13
070301 19
070303 22
070304 22
070308 31
070400 19
070401 19
070404 31
070413 22
070414 22
070415 28
070416 16
070711 22
070720 31
070721 19
070727 19
070731 16
070740 16
071411 35
071412 16
071413 16
071415 16
071416 15
071419 25
071420 16
071423 31
071425 10
071426 19
071724 16
074100 34
074101 35
074414 25
076312 25
076314 25
076414 7
076427 16
076428 31
076429 31
076444 34
076466 19
077422 19
078444 30
078454 31
099101 7
099102 6
100102 6
100103 22
100104 13
100105 27
100106 0
100107 18
100108 19
100205 10
100206 32
100207 21
100208 16
100209 28
100306 10
100307 12
100308 31
100309 8
100310 34
100501 34
101100 28
101105 19
101201 24
101211 22
101400 0
101405 16
103191 19
103271 23
104200 25
104201 7
104300 19
104301 12
104325 31
104340 16
104410 22
104495 19
105304 16
109100 3
109115 18
112101 22
112102 31
112103 19
112108 16
112110 31
112201 31
112203 16
112213 19
112300 19
112314 22
112411 10
115200 34
115300 16
115301 31
115302 28
126101 28
126321 22
126330 31
126428 19
126443 16
127100 0
127101 12
127203 28
127206 22
127207 31
127303 7
127312 10
127314 22
127315 31
127316 16
127320 19
127326 19
127329 31
127413 10
127711 22
127717 31
127718 19
127719 16
128100 5
128101 3
128202 19
128203 12
128204 28
128307 10
128309 7
128352 22
128354 22
128403 16
128701 16
128710 22
128730 31
128734 19
128740 19
128762 16
140103 16
152321 16
154104 7
154141 16
154151 22
154231 31
154262 34
154281 22
154311 7
154330 4
154352 31
154371 22
154384 18
154388 28
154443 19
154455 16
154482 19
154488 16
159100 18
159101 20
159151 6
159203 18
159221 28
159301 4
159351 19
159356 19
159403 28
159411 0
159412 31
159431 16
159454 22
164200 9
164341 16
168101 31
168313 16
176100 34
176101 7
176220 28
177103 7
177214 16
177216 31
177242 19
177283 10
177285 22
177321 4
177330 22
177336 28
177341 19
177361 4
177393 7
177404 4
177425 31
177426 10
177427 22
177434 7
177446 16
177447 13
177450 19
177464 31
177465 19
177467 19
177481 16
201100 25
201110 35
201114 16
201115 25
201116 29
201117 31
202100 6
202101 28
202141 3
202143 34
202145 0
202184 15
202231 21
202260 16
202321 22
202334 19
202342 16
202353 34
202361 10
202434 19
202473 22
202495 19
202742 16
202764 16
202765 16
202773 31
202782 16
202833 10
202848 19
202873 31
203100 35
203103 16
203111 14
203116 0
203151 0
203162 15
203201 16
203203 9
203204 19
203206 26
203207 24
203208 4
203209 9
203222 4
203226 16
203231 19
203235 12
203236 31
203255 10
203315 28
203331 16
203351 22
203352 35
203475 19
203714 19
203716 22
203722 31
203732 16
203736 31
203739 19
203743 31
203753 16
203821 7
203828 16
203879 22
204100 35
204101 10
204111 19
204202 16
204219 31
204231 12
204251 19
204321 21
204325 16
204341 31
204361 4
204363 19
204365 16
204381 16
204383 10
204432 16
204435 16
204451 28
204453 10
204471 16
204712 16
204721 31
204732 19
204735 22
205100 31
205103 18
205104 31
205105 7
205235 27
205239 35
205275 24
205303 7
205337 31
205355 16
205393 19
205712 31
205735 19
205783 16
206100 16
206101 33
206103 30
206107 25
206111 30
206113 22
206161 32
206171 24
206181 30
206191 4
206203 21
206211 30
206216 4
206217 19
206261 32
206267 30
206281 27
206300 16
206321 22
206324 13
206325 16
206327 3
206331 34
206335 10
206336 31
206341 16
206355 22
206362 7
206370 7
206381 19
206436 34
206437 28
206441 19
206717 19
206720 31
206721 19
206730 16
206736 16
206753 16
207100 16
207103 28
207105 20
207107 16
207109 30
207110 22
207115 7
207117 0
207123 18
207131 24
207135 19
207171 30
207173 22
207183 22
207187 27
207203 34
207205 22
207208 16
207213 6
207308 28
207310 22
207313 10
207323 19
207348 19
207401 31
207406 19
207701 22
207703 31
207705 19
207711 16
207741 16
208101 17
208140 10
208263 25
208270 6
208271 10
208272 16
208280 22
208321 25
208329 10
208343 19
208348 22
208425 19
208737 16
209201 16
209251 4
209301 28
209302 10
209303 22
209331 7
209351 13
209358 4
209361 7
209368 31
209375 31
210201 4
210202 16
210204 28
210343 10
210351 22
210383 7
210425 16
210434 31
210703 22
210704 31
210707 19
210731 16
210733 16
210743 16
211100 3
211311 28
211315 0
211319 7
211413 22
211440 31
211442 19
211495 16
211702 31
211889 19
213706 19
213707 16
213714 31
214261 4
214312 22
214341 10
214381 31
214414 19
214415 16
214421 19
215205 15
215206 3
215207 3
215208 13
215423 10
215424 7
215431 31
215475 22
215476 31
215485 19
215486 16
215734 19
215744 31
215752 16
215762 19
215785 19
217701 31
217703 19
217707 16
217734 19
217751 16
217775 19
218100 27
218101 19
218233 4
218235 16
218321 22
218323 19
218351 16
219761 19
219789 16
220703 16
226701 22
226702 31
226704 19
226711 19
226801 16
251101 31
251211 28
251213 10
251261 0
251281 3
251312 16
251313 7
251363 22
251374 19
251384 19
251419 31
251437 19
251438 16
251439 16
251451 7
251475 16
251701 22
251702 31
251703 16
251711 19
251715 16
251745 19
251751 7
251752 22
251757 31
251758 19
251776 7
251783 22
251784 31
251785 19
251790 16
252201 3
252211 35
252232 27
252282 3
252283 34
252285 19
252286 28
252301 0
252302 34
252317 25
252322 28
252325 16
252327 31
252330 13
252342 10
252363 22
252420 19
252421 16
252427 10
252444 19
252498 19
252702 22
252726 19
252746 31
252747 19
252791 16
253303 19
253314 4
253315 16
253455 19
253481 22
253701 16
253715 10
253717 7
253731 4
253732 10
253735 22
253736 19
253748 4
253754 31
254181 34
254205 0
254206 6
254211 10
254215 34
254216 34
254222 16
254231 24
254232 31
254252 10
254282 19
254302 27
254325 9
254333 13
254372 22
254373 31
254421 16
254426 28
254435 22
254436 4
254439 31
254442 7
254444 19
254451 22
254456 16
254459 16
254461 34
254471 19
254473 19
254700 16
254702 7
254703 19
254710 31
254711 22
254734 16
254736 7
254770 7
254804 22
254873 22
254875 31
255201 25
255215 29
255251 18
255290 16
255300 31
255320 28
255321 22
255330 30
255359 0
255415 31
255431 19
255432 19
255434 16
255454 16
255455 16
255492 19
255722 22
255734 31
255738 19
255750 16
255764 16
255770 31
255771 19
255772 16
255786 22
255811 19
255820 16
256100 34
256212 16
256281 16
256316 7
256333 22
256373 31
256418 19
256441 19
259103 4
259104 0
259106 3
259107 9
259108 12
259109 22
259201 35
259203 13
260402 19
260413 16
260701 16
260702 7
260705 22
260709 31
260716 22
260718 31
260772 19
261103 22
261111 24
261200 16
261210 19
261212 7
261216 12
261217 4
261304 10
261305 34
261335 28
261336 22
261342 4
261343 16
261361 22
261405 28
261434 10
261447 22
261458 16
261461 34
261469 13
261701 19
261702 16
261706 31
261739 22
261752 31
261754 16
261769 22
261791 19
261895 19
263701 31
263702 16
263720 7
263746 22
263760 19
263770 19
263771 7
264701 7
264703 22
264706 31
264710 31
264733 19
264791 16
266702 16
268721 19
269101 22
269102 16
269111 22
269200 19
269201 7
269202 31
269340 19
269430 28
269452 22
269462 10
269470 16
269493 31
301254 7
305202 7
311352 25
318322 10
318351 4
320351 34
321251 31
324703 16
328310 22
328313 19
330110 32
330111 1
351100 35
351200 19
351201 27
351301 10
351321 16
351331 31
351441 10
351442 22
351451 31
351466 19
351489 16
352103 22
352301 31
352311 28
352321 4
352323 16
352422 10
353210 16
353301 28
353311 10
353418 19
353421 16
353431 7
353451 16
354311 19
356100 29
356101 10
356102 21
356202 31
356210 33
356212 19
356261 28
356303 22
356304 19
356411 16
356416 19
357101 34
357110 9
357210 24
357322 31
357325 22
357417 7
357441 22
357491 16
359202 31
359203 24
359204 31
359210 16
359311 16
359409 19
359421 19
359465 19
360100 22
360400 22
360403 31
360423 19
360460 16
361210 12
361214 7
361301 10
361351 16
361442 31
361453 7
361461 22
361471 4
362211 5
363210 0
365321 31
365322 19
365324 7
365421 19
368200 22
400110 6
401382 13
403382 10
406385 19
406395 28
409281 28
409292 4
411281 22
411291 19
415291 34
420281 16
421281 10
421291 13
421385 22
421395 31
423382 16
428382 7
461100 33
461435 22
461472 16
461514 31
461523 16
462130 19
462151 22
462405 19
462409 16
462445 19
462541 31
462543 19
462584 16
463251 31
463311 16
463331 7
463341 31
463353 19
463402 1
463433 13
463455 19
463491 34
463503 7
463513 31
463545 19
463556 22
463571 31
464301 28
464311 22
464341 10
464401 28
464413 10
464441 4
464443 22
464444 31
464445 16
464502 31
501301 7
501302 22
504302 10
506303 31
506361 16
508203 4
508303 16
510201 16
510202 25
512303 19
513111 3
513114 1
513223 22
513224 31
513283 16
513315 7
513324 4
513328 10
513363 31
513371 16
513411 22
513429 31
513445 19
513471 16
514211 31
514241 16
514317 16
514323 7
514341 19
514343 22
514381 7
514383 31
514451 31
515201 16
515250 4
515306 7
515310 22
515334 31
515361 22
515364 31
515370 19
515373 16
518770 16
551312 10
552216 19
552217 31
552222 19
553311 7
554312 22
556412 31
561313 19
561314 16
562101 16
562211 22
601201 7
601302 35
601341 31
601344 19
601351 22
601422 16
601452 19
601456 7
601731 31
601758 19
601765 22
601842 16
602100 22
602102 27
602103 19
602111 16
602211 28
602315 16
602321 19
602322 10
602431 7
602432 16
602441 28
602464 22
602731 19
602761 16
603211 28
603321 31
603322 16
603351 22
603421 31
603441 19
603471 16
603496 16
603711 31
603723 19
603731 16
604304 22
604305 31
604312 16
604313 7
604351 22
604352 4
604451 31
604711 19
604715 16
605201 22
605204 12
605301 10
605313 16
605314 18
605321 22
605322 19
605701 22
605713 31
605741 19
605745 16
605751 16
606231 7
606242 10
606244 28
606263 16
606310 7
606343 19
610114 10
651104 22
651105 18
651109 10
651120 1
651210 16
651311 22
651312 31
651315 19
651316 16
701100 31
701101 4
701104 16
701181 22
701183 19
701201 4
701205 0
701211 21
701243 16
701281 35
701313 4
701321 7
701331 31
701341 16
701344 10
702100 4
702101 7
702205 22
702211 30
702213 18
702312 34
702316 22
702317 31
702341 19
702351 16
703103 28
703109 31
703202 9
703243 21
703244 22
703305 7
703308 19
703309 28
703310 31
703322 13
703323 22
703330 16
703331 16
703391 22
703404 7
703412 10
703447 22
703454 19
703498 31
705191 13
705211 21
705311 35
705329 31
705331 19
705332 22
705342 7
705351 18
705431 22
705438 16
705440 7
705441 19
705442 27
705444 16
705461 10
705493 31
705499 16
751100 13
751101 19
751102 18
751106 0
751202 16
751209 27
751301 18
751302 6
751303 19
751304 16
751305 28
751308 4
751309 13
751321 31
751326 16
751330 6
751345 13
751401 22
751403 4
751405 0
751408 7
751417 7
751418 28
751419 16
751422 7
751428 19
751440 10
751441 31
751443 19
751447 19
751451 22
751701 19
751702 16
751703 31
751704 10
751705 22
751706 31
751708 10
751712 16
751716 7
751724 19
751725 22
751726 19
751727 7
751729 7
751734 22
751744 31
751752 16
801100 31
801201 16
801225 10
801235 22
801321 19
801331 28
801333 22
801336 31
801421 19
801471 7
801481 31
803121 19
803123 16
803231 19
851100 29
851104 7
851105 19
851108 16
851200 10
851201 33
851202 12
851204 28
851205 31
851273 3
851305 6
851309 10
851313 19
851343 16
851344 16
851345 10
851360 16
851362 31
851367 16
851372 16
851375 22
851400 0
851404 7
851406 12
851407 4
951100 16
951101 15
951102 33
951125 34
951203 31
951302 19
951323 7
951331 22
951344 19
951348 22
951352 31
951497 31
953103 19
953111 26
953211 7
953212 4
953233 10
953261 19
953321 19
953322 7
953331 16
953361 16
953421 19
953494 7
954100 12
954140 35
954141 16
954245 7
954246 30
954260 35
954270 22
954311 31
954312 28
954320 16
954323 19
954343 19
954370 7
954374 34
954412 16
954413 31
954462 7
954471 19
954491 19
954498 22
