001101 1
001102 34
001111 24
001113 19
001201 4
001202 13
001210 2
001212 31
001218 7
001230 25
001231 0
001250 27
001291 30
001293 22
001310 16
001311 3
001312 34
001318 21
001320 13
001321 25
001323 10
001330 19
001342 7
001353 31
001354 3
001362 25
001381 12
001410 25
001423 7
001425 7
001443 25
001444 22
001445 10
001447 25
001461 16
002101 16
002110 22
002191 12
002192 10
002201 31
002211 22
002221 7
002250 0
002301 22
002333 10
002351 7
002361 31
002365 28
002401 10
002473 25
003101 12
003191 35
003201 10
003313 10
003320 7
003331 22
003367 28
004241 7
004282 13
004301 10
004303 25
004324 6
004432 0
004473 22
004475 4
004483 28
006103 23
006126 10
006206 7
006226 25
006242 31
006253 0
006303 13
006325 19
006326 31
006330 21
006344 22
006346 28
006355 7
006425 22
006426 25
006428 19
006443 28
006448 16
006454 7
008214 28
008303 31
008314 7
008411 19
008417 10
009103 19
009105 19
009212 31
009230 16
009231 33
009326 7
009328 22
009426 22
009431 25
009445 25
011100 21
011151 34
011152 12
011153 27
011251 9
011257 28
011259 25
011269 20
011276 18
011353 31
011356 25
011358 28
011362 13
011374 19
011461 16
011464 25
011479 22
012100 12
012173 8
012200 16
012273 25
012371 18
012475 10
013103 23
013110 13
013203 25
013204 31
013206 7
013209 1
013301 19
013302 7
013303 0
013305 16
013306 10
013307 12
013317 16
013321 25
013326 10
013329 25
013330 25
013335 10
013337 7
013413 25
013427 31
013433 10
014210 0
014211 19
014270 13
014310 31
014311 22
014322 25
014323 28
014324 10
014370 0
014371 16
014381 25
014382 7
014401 28
014471 0
014481 10
014485 10
015101 16
016101 10
017101 10
017102 10
017111 19
017112 25
017210 7
018103 16
018111 21
018113 9
018125 31
018203 19
018211 10
018213 22
018231 31
018235 13
018271 19
018301 13
018335 10
018351 28
018353 22
018433 10
018435 25
018438 7
018467 7
019101 16
019103 13
019105 35
019106 7
019108 31
019111 22
019203 22
019205 10
019206 22
019208 7
019211 28
019221 31
019303 13
019311 31
019331 25
019361 0
019371 19
019373 25
019381 22
019411 19
019442 7
019471 25
019473 10
020101 35
020102 25
020211 22
020212 10
020231 25
020311 16
020321 31
020333 19
020341 28
020362 0
020363 10
021101 14
021102 25
021203 34
021270 16
025108 25
025110 25
025310 22
025480 10
026101 15
026102 18
026111 35
026112 10
026201 19
026271 22
029701 10
029711 25
050100 7
050103 28
050104 34
050106 35
050111 10
051302 4
051304 25
051306 18
051313 35
051412 16
051418 25
052201 22
052202 19
052314 0
052350 25
052352 25
052357 31
052400 25
052419 13
052443 31
052445 1
052447 22
052725 25
055701 4
055706 22
055707 10
055771 22
055797 25
057121 14
057122 9
057123 20
057125 23
057126 5
057127 18
057128 2
057129 8
057130 17
057131 23
057132 23
057133 5
057134 28
057135 16
057137 2
057138 7
057139 33
057140 28
057201 7
057205 4
057215 28
057274 10
057279 9
057283 1
057284 10
057285 25
057288 31
057293 7
057294 0
057300 13
057302 10
057305 33
057351 19
057366 25
057403 16
057405 7
057410 34
057411 31
057420 13
057425 19
057426 31
057428 0
059419 9
061106 1
061201 7
061223 16
061306 4
061307 10
061312 10
061313 25
061317 25
061401 0
061403 25
061404 22
062342 31
062343 25
062344 19
062345 28
062346 25
062360 4
062380 25
062411 31
062452 4
062460 10
062470 10
063703 25
063813 4
064207 10
064231 28
064251 19
064281 4
064291 0
064301 25
064303 31
064410 0
064412 10
064417 22
064418 4
064424 27
064474 22
065210 7
065212 0
065310 13
065320 19
065332 4
065421 22
065434 4
065435 7
065436 25
065437 10
065797 4
065799 4
066221 22
066323 28
066410 10
066414 4
066425 19
066755 25
067202 22
067303 7
067311 13
067372 10
067373 31
067432 7
070301 16
070303 7
070304 19
070305 1
070308 10
070400 22
070401 4
070403 10
070404 28
070410 4
070411 25
070415 28
070416 7
070720 22
070721 10
070726 25
070727 25
070731 4
070792 4
071412 19
071413 4
071414 28
071420 12
071422 7
071423 31
071425 25
071712 10
071811 25
074100 21
074101 30
074414 10
076314 10
076414 10
076425 10
076427 28
076428 0
076429 4
076444 28
076466 4
078444 11
078454 9
079444 33
088708 4
091800 4
099101 16
099102 18
100102 10
100103 10
100104 35
100105 10
100109 19
100110 28
100111 35
100112 25
100206 7
100207 28
100208 12
100209 4
100210 22
100211 31
100212 31
100213 25
100218 10
100219 34
100220 19
100225 7
100226 25
100281 35
100306 21
100307 27
100308 30
100309 6
100310 1
100501 19
101100 10
101105 34
101201 22
101211 19
101400 22
101405 1
103112 19
103191 4
103271 35
104200 19
104201 10
104300 28
104301 25
104340 16
104410 25
104424 4
104495 7
105304 25
109100 15
109115 26
112101 22
112102 13
112103 31
112108 22
112201 25
112203 19
112213 10
112300 25
112411 10
112412 10
115200 22
115301 13
115302 19
116400 10
126101 22
126216 22
126321 0
126330 7
126333 28
126334 22
126428 34
126432 4
126443 31
127100 33
127101 10
127203 0
127204 19
127207 28
127303 28
127312 22
127314 31
127315 4
127316 13
127329 7
127337 10
127711 22
127717 10
127718 25
127719 4
128100 12
128101 19
128202 6
128203 35
128204 1
128307 28
128309 13
128334 31
128352 7
128354 7
128403 10
128701 22
128710 10
128730 25
128740 4
128762 4
140101 10
140102 4
140105 1
152321 22
154104 13
154141 28
154151 16
154231 21
154262 28
154281 16
154311 22
154330 25
154340 10
154351 31
154353 1
154363 4
154375 19
154377 16
154388 12
154433 7
154443 25
154488 22
159100 22
159101 24
159151 19
159203 6
159221 28
159302 10
159303 1
159305 31
159332 16
159356 25
159362 7
159403 22
159411 4
159412 25
159431 4
160341 19
164200 21
164341 34
168101 34
168410 4
176100 31
176101 13
176104 22
176220 10
177103 11
177214 21
177215 10
177216 25
177217 19
177242 10
177281 12
177283 4
177285 31
177321 4
177330 22
177336 34
177341 25
177361 1
177393 13
177404 16
177414 10
177427 4
177430 19
177434 10
177446 7
177447 4
177450 28
177465 25
177467 25
177481 4
177494 4
179403 28
201100 20
201110 8
201114 17
201115 33
201116 12
202100 3
202101 16
202141 25
202143 3
202145 16
202184 3
202231 33
202260 0
202310 4
202311 16
202332 4
202334 31
202342 16
202361 28
202371 22
202410 7
202434 22
202438 10
202443 25
202473 4
202474 22
202477 4
202495 10
202737 10
202765 4
202773 10
202776 4
202783 25
202833 22
202844 4
202848 4
203100 15
203103 6
203111 10
203116 7
203151 10
203162 12
203201 19
203203 6
203204 31
203206 10
203207 25
203208 21
203209 24
203222 28
203226 2
203231 31
203235 0
203236 34
203255 0
203300 10
203303 28
203315 7
203323 19
203324 0
203331 0
203332 25
203333 31
203351 10
203352 16
203475 10
203705 10
203709 7
203713 4
203714 7
203716 10
203723 4
203732 10
203736 22
203739 4
203743 4
203753 4
203803 22
203807 4
203821 22
203828 10
203879 25
204100 31
204101 30
204111 31
204202 12
204211 7
204216 25
204217 25
204231 12
204321 16
204325 19
204335 28
204341 22
204361 13
204363 4
204365 19
204381 25
204383 0
204432 10
204442 22
204451 7
204453 31
204471 4
204721 10
204725 4
204735 25
204764 4
204891 4
205100 9
205103 31
205104 0
205105 16
205235 19
205239 31
205275 28
205303 1
205337 12
205355 25
205393 31
205441 10
205461 4
205765 22
205805 4
206100 26
206101 24
206103 27
206107 3
206108 6
206111 28
206113 7
206161 10
206171 25
206181 19
206191 25
206203 15
206207 10
206211 35
206216 13
206217 12
206254 19
206261 22
206267 19
206281 1
206300 0
206321 31
206324 10
206325 10
206327 25
206328 31
206331 16
206335 10
206336 3
206341 28
206355 34
206362 13
206370 4
206381 25
206412 25
206432 4
206436 31
206437 25
206441 10
206457 25
206470 7
206705 25
206707 10
206713 4
206717 25
206720 25
206726 10
206738 25
206739 4
206743 25
206753 25
206785 4
207100 28
207103 22
207105 19
207106 4
207107 31
207109 28
207110 12
207115 4
207117 31
207123 21
207131 30
207135 31
207171 33
207173 31
207183 22
207187 25
207203 28
207205 7
207208 7
207213 1
207308 16
207310 16
207313 35
207323 10
207348 25
207401 19
207403 4
207406 0
207419 31
207422 25
207455 25
207458 4
207463 4
207701 22
207703 10
207705 25
207711 4
207808 4
208101 27
208140 22
208150 16
208263 32
208270 25
208271 0
208280 1
208321 19
208329 13
208343 4
208348 1
208383 4
208425 31
208439 7
208440 10
208469 4
208711 22
208760 10
208761 25
208770 4
208871 25
208872 4
209201 31
209251 16
209301 16
209302 13
209303 25
209331 4
209351 10
209358 19
209361 4
209368 22
209375 19
209451 22
209453 10
209461 25
209463 4
209483 25
209485 4
209705 22
209707 7
209771 25
209773 16
209779 4
209785 10
210201 31
210202 25
210204 22
210343 4
210351 22
210383 25
210425 4
210433 28
210434 31
210445 25
210485 10
210703 22
210704 10
210705 25
210707 4
210731 25
211100 25
211311 19
211315 10
211319 24
211440 4
211443 4
211702 25
211889 4
212701 22
212703 25
212711 4
212741 10
213706 4
213707 25
213711 4
213714 10
214100 4
214261 31
214312 4
214341 7
214381 25
214401 22
214411 25
214414 31
214415 28
214430 19
214445 25
215205 27
215206 0
215207 7
215208 31
215302 13
215381 16
215411 7
215431 1
215734 4
215744 25
215752 10
215762 25
215782 7
215785 4
216781 25
217701 10
217703 25
217707 4
217726 25
217775 4
217781 4
218100 30
218101 25
218233 1
218235 22
218321 31
218323 19
218351 25
218471 22
218474 7
218475 10
219720 4
219731 10
220703 4
226701 4
226702 4
226709 4
226710 25
229123 25
229323 19
251211 1
251213 25
251216 25
251261 31
251281 12
251312 16
251313 25
251333 16
251361 31
251363 6
251371 1
251372 28
251374 4
251384 10
251411 4
251437 4
251438 19
251439 10
251461 22
251475 25
251479 4
251701 16
251702 22
251703 4
251711 16
251714 22
251715 10
251717 25
251718 16
251745 10
251751 22
251752 10
251757 25
251758 16
251776 16
251783 22
251785 10
251790 4
252201 25
252211 33
252232 30
252282 13
252283 6
252285 1
252286 6
252301 1
252302 13
252317 19
252320 7
252322 10
252325 3
252327 7
252330 21
252342 16
252363 30
252420 19
252421 4
252425 10
252427 16
252439 19
252444 12
252450 16
252460 31
252498 25
252702 10
252708 10
252711 25
252719 22
252724 25
252725 10
252752 16
252785 22
252789 22
252791 4
253303 28
253314 7
253315 16
253432 16
253455 25
253456 4
253481 28
253701 10
253717 25
253722 4
253732 22
253734 25
253736 16
253747 10
253748 16
253752 4
253754 22
254181 28
254205 16
254206 3
254211 25
254215 25
254216 19
254222 3
254231 18
254232 34
254252 35
254282 35
254302 21
254325 0
254333 10
254372 31
254373 25
254421 22
254426 16
254436 28
254439 7
254441 19
254451 4
254456 31
254457 10
254459 4
254461 16
254471 25
254473 4
254494 22
254496 19
254700 10
254702 16
254703 4
254710 25
254734 4
254770 16
254804 22
254872 25
254875 22
255201 31
255215 33
255251 28
255290 16
255300 30
255320 0
255321 10
255330 35
255359 19
255415 4
255417 7
255420 16
255422 10
255424 10
255431 4
255432 16
255434 28
255438 4
255449 7
255454 25
255455 22
255460 19
255462 25
255471 10
255492 22
255722 22
255734 4
255750 16
255752 10
255758 4
255764 16
255766 10
255770 25
255771 25
255772-001 10
255772-801 25
255772-803 22
255772-804 10
256100 20
256212 19
256271 4
256281 25
256316 19
256333 31
256373 16
256384 22
256412 7
256418 4
256441 7
256457 16
256462 28
256473 4
256700 25
256751 4
259103 29
259104 25
259106 34
259107 24
259108 7
259109 27
259201 33
259203 25
260312 22
260701 7
260705 25
260709 4
260716 16
260718 10
260772 22
261103 16
261111 14
261200 19
261210 24
261212 1
261216 31
261217 13
261304 3
261305 25
261335 0
261336 6
261342 25
261343 31
261361 4
261405 28
261434 1
261447 4
261456 16
261457 10
261458 16
261469 22
261473 25
261497 22
261701 10
261702 25
261706 4
261739 4
261746 25
261754 22
261769 25
261781 22
261791 4
261792 25
263701 10
263702 25
263720 22
263760 4
263771 22
264701 16
264706 22
264710 25
264741 10
264789 25
264791 4
266702 4
268721 4
269101 4
269102 22
269111 10
269200 10
269201 13
269202 22
269340 16
269430 4
269462 22
269470 16
269494 7
270701 25
270702 4
270711 10
270712 25
270791 10
301254 28
305202 22
311352 13
318322 25
318351 10
320351 4
321251 4
324703 4
328310 25
328313 13
330110 25
330111 4
351100 3
351200 7
351201 31
351202 31
351301 7
351302 19
351321 22
351331 13
351410 19
351425 4
351441 7
351442 22
351451 10
351463 16
351466 25
352103 28
352301 28
352311 13
352321 25
352323 31
352421 25
352422 22
352431 1
353301 13
353311 22
353421 22
353431 25
353451 0
353452 16
354311 7
356100 30
356101 6
356102 15
356202 7
356210 22
356212 31
356261 7
356303 22
356304 31
356312 13
356361 28
356411 1
356416 12
356432 28
356477 1
357110 27
357210 3
357322 22
357325 16
357360 16
357417 13
357441 28
357491 31
359202 35
359203 4
359204 25
359206 4
359301 22
359311 31
359380 4
359405 4
359409 16
359410 7
359413 16
359421 19
359465 13
360100 29
360210 19
360301 16
360304 31
360402 25
360403 4
360423 28
360460 4
361210 35
361211 25
361301 31
361321 28
361351 19
361453 1
361471 4
362211 27
363210 21
365201 31
365211 7
365321 4
365421 25
365427 4
365428 28
365431 10
368200 19
368317 1
368431 16
400110 18
400211 21
401382 22
403382 25
406385 7
406395 16
409281 1
409292 31
411281 19
411291 7
415291 16
420281 22
421281 10
421291 25
421385 1
421395 28
423382 31
428382 19
461100 12
461170 11
461471 10
461511 16
461523 25
461526 25
461527 10
461529 4
462130 8
462151 31
462505 22
462523 25
462541 4
462586 4
462587 22
462588 10
463251 0
463311 1
463331 34
463341 28
463353 25
463402 25
463433 28
463455 16
463491 13
463503 22
463504 19
463545 13
463556 0
463558 1
464301 31
464311 22
464341 16
464401 1
464413 22
464441 31
464443 4
464444 34
464445 7
464501 34
464502 31
464503 7
464508 4
464509 22
464510 12
464541 25
464542 31
464546 16
464549 10
501301 4
501302 7
502211 7
504302 10
506303 16
506361 31
508203 27
508303 25
510201 6
510202 34
510411 10
510414 25
510415 16
510417 22
512303 22
513111 24
513114 34
513223 19
513224 7
513283 25
513315 19
513324 16
513328 22
513363 31
513371 7
513412 16
513429 22
513445 10
513451 25
513471 4
514211 7
514241 31
514317 7
514323 25
514335 28
514341 34
514343 1
514381 22
514383 19
514395 31
514397 13
514466 4
515201 7
515250 31
515307 31
515312 28
515334 16
515361 19
515364 34
515376 7
515403 10
515455 25
515490 4
551311 13
552216 22
552217 31
552222 31
553312 10
554314 25
555313 22
556311 31
558431 4
561312 4
562211 31
571115 31
601201 16
601302 34
601321 25
601341 28
601344 22
601351 16
601422 7
601452 10
601456 31
601462 4
601702 22
601731 10
601742 4
601758 4
601765 22
601767 25
602100 9
602102 12
602103 35
602111 19
602211 25
602315 0
602321 31
602322 22
602431 10
602432 25
602441 4
602464 25
602731 4
602753 25
602761 25
603211 13
603322 19
603332 25
603352 28
603371 1
603421 22
603441 4
603711 10
603723 25
603731 4
604304 28
604305 16
604312 1
604313 25
604351 22
604352 7
604412 22
604414 25
604416 4
604422 10
604451 7
604715 25
605201 31
605204 16
605301 31
605313 7
605314 31
605321 4
605322 1
605341 19
605412 7
605432 22
605444 10
605445 25
605461 4
605701 25
605702 4
605717 4
605741 10
605745 25
605751 25
606231 25
606242 13
606244 22
606263 7
606343 31
606362 19
606363 25
610114 5
651105 19
651109 1
651120 25
651210 22
651311 7
651312 31
651315 1
651316 22
701101 7
701181 28
701182 22
701183 28
701201 0
701211 31
701281 22
701295 10
701313 1
701321 3
701331 19
701341 13
701342 10
701344 25
701407 16
701425 4
701455 22
701494 10
702100 3
702101 15
702205 4
702211 27
702213 33
702312 21
702316 0
702317 19
702318 7
702341 31
702351 28
702411 10
702416 25
702431 4
703103 16
703202 35
703243 1
703244 34
703305 12
703308 19
703309 31
703310 25
703311 22
703322 24
703323 4
703324 7
703330 24
703331 25
703391 16
703404 22
703412 10
703447 7
703454 4
703498 25
705191 28
705211 20
705311 19
705328 1
705329 35
705331 0
705342 19
705351 10
705437 15
705438 34
705440 4
705441 33
705442 16
705444 25
705446 22
705447 7
705461 22
705493 7
751100 22
751101 32
751102 9
751106 22
751202 12
751209 18
751301 24
751302 28
751303 16
751305 7
751308 9
751309 19
751321 31
751326 4
751327 31
751330 19
751345 28
751401 22
751403 10
751405 25
751408 4
751417 22
751419 16
751425 4
751428 13
751441 10
751443 10
751447 4
751451 13
751701 25
751702 4
751703 10
751704 22
751705 22
751706 25
751708 4
751710 22
751712 16
751716 10
751718 19
751726 10
751734 10
751742 7
751743 16
801100 6
801201 31
801225 7
801235 21
801324 25
801331 7
801333 28
801334 25
801336 13
801421 25
801471 7
801481 22
803121 31
803123 25
803231 25
803331 10
851100 17
851104 3
851105 31
851108 12
851200 22
851201 10
851202 31
851204 24
851205 35
851243 35
851251 6
851262 30
851273 1
851305 22
851309 34
851313 28
851343 15
851344 25
851345 10
851360 7
851362 3
851367 27
851372 7
851375 0
851400 21
851404 4
851406 13
851407 19
851462 9
852101 31
852102 13
852103 22
951100 29
951102 25
951106 19
951125 13
951203 31
951302 7
951323 10
951331 22
951344 31
951348 22
951352 28
951497-020 31
951497-021 25
953103 13
953111 20
953211 31
953212 28
953233 19
953261 31
953321 25
953322 1
953331 22
953361 10
953421 25
953494 4
954100 30
954140 25
954143 1
954170 16
954246 7
954326 10
954370 19
954374 0
954410 10
954413 25
954416 21
954426 35
954443 7
954449 4
954462 28
954471 31
954477 7
954491 16
954498 10
955102 3
955103 35
955104 31
958111 22
