001101 4
001102 1
001112 28
001118 20
001201 4
001202 13
001210 2
001212 0
001218 4
001222 7
001223 25
001224 5
001225 10
001226 0
001227 0
001228 3
001229 0
001230 31
001231 4
001234 27
001250 7
001281 18
001291 7
001292 7
001310 1
001311 16
001312 19
001314 34
001315 28
001320 0
001321 13
001323 25
001330 7
001341 31
001342 13
001352 22
001355 10
001361 7
001362 16
001391 28
001410 25
001440 25
001445 31
001463 4
001472 31
002102 4
002111 25
002191 35
002202 19
002230 28
002260 22
002302 22
002321 4
002362 31
003102 7
003191 15
003202 28
003213 22
003261 31
003454 28
004465 4
004472 7
004474 28
004476 13
006103 0
006226 19
006241 13
006253 7
006307 16
006325 22
006443 4
006448 16
008314 4
008402 31
008411 31
009103 34
009213 7
009232 15
009254 28
009301 28
009327 31
009344 31
009355 4
009358 22
009363 28
011100 3
011101 16
011153 12
011154 35
011156 16
011157 34
011251 16
011257 3
011268 13
011269 15
011276 7
011277 12
011278 10
011358 19
011367 4
011457 13
012173 34
012200 12
012271 31
012272 31
012374 16
013103 7
013110 13
013203 9
013204 7
013206 3
013207 22
013208 31
013209 22
013216 28
013301 31
013303 31
013305 7
013314 16
013337 31
013413 4
013425 31
013431 25
013432 28
013433 10
014210 25
014211 22
014270 15
014310 19
014311 13
014370 7
014371 4
014390 10
014401 7
014410 31
014423 22
014471 4
014481 34
015101 13
015102 28
016101 7
017101 28
017102 7
017111 7
017201 28
017231 31
018104 13
018111 28
018112 13
018114 13
018126 4
018204 28
018271 7
018323 28
018332 25
018352 0
018372 31
019101 12
019104 4
019105 13
019106 13
019112 7
019204 0
019205 16
019206 31
019211 16
019212 4
019221 28
019222 9
019332 22
019351 4
019362 31
019371 7
019382 25
019441 28
020101 16
020102 28
020211 22
020212 31
020231 4
020232 22
020261 16
020341 28
021101 16
021102 15
021203 31
021204 31
021270 28
024752 28
025110 28
025381 4
025481 16
026101 14
026102 19
026111 13
026112 28
026201 7
050100 25
050103 3
050104 16
050106 27
050112 24
050113 16
051300 13
051302 7
051304 7
051306 4
051310 16
051313 4
052201 22
052203 28
052310 22
052323 16
052331 31
052351 34
052353 1
052355 7
052417 31
052422 28
052442 28
052449 7
052466 25
057121 15
057122 31
057123 18
057125 31
057126 35
057127 28
057128 18
057129 7
057130 0
057131 23
057132 3
057133 16
057134 31
057135 10
057136 16
057137 16
057138 7
057205 28
057213 13
057276 15
057283 22
057286 34
057287 19
057289 13
057290 22
057295 16
057297 7
057298 4
057301 34
057302 25
057305 13
057316 1
057366 3
057404 13
057407 27
057425 31
057428 22
059405 16
059419 25
061103 35
061106 16
061201 7
061205 28
061223 19
061306 16
061312 4
061313 28
061317 25
061401 25
061403 7
061430 4
062320 34
062341 7
062342 1
062343 1
062344 16
062345 31
062346 22
062360 25
062380 16
062411 22
062452 31
062460 25
062470 4
064202 31
064204 10
064207 28
064272 4
064273 28
064303 28
064410 25
064413 22
064417 22
064418 19
064422 7
064424 28
065120 34
065121 9
065211 34
065212 25
065311 22
065333 13
065420 28
065795 31
065797 28
065799 28
066222 4
066324 10
066412 4
066416 28
066426 4
067201 10
067203 16
067311 19
067371 4
067433 16
067435 25
067436 4
067491 31
067492 28
070100 15
070200 13
070301 4
070303 31
070304 16
070305 28
070308 22
070400 31
070403 28
070404 4
070410 28
070411 4
070413 13
070414 3
070415 28
070416 16
070711 31
070726 31
070740 28
070741 28
070792 28
071412 4
071413 1
071414 31
071415 22
071417 19
074100 16
074101 7
074201 13
076312 22
076314 4
076414 15
076426 28
076427 31
076428 7
076429 28
076444 25
076466 31
078444 16
078454 4
079444 22
099101 18
099102 18
100104 28
100105 25
100106 3
100107 3
100108 25
100205 7
100206 2
100207 9
100208 25
100209 30
100211 34
100306 35
100307 16
100308 30
100309 0
100310 14
100501 22
101201 13
101202 28
101205 15
101325 31
101490 22
103112 28
103271 31
104100 22
104302 22
104310 31
104320 25
104327 28
104334 28
104450 4
104490 31
109100 10
109114 19
112101 31
112105 22
112106 25
112109 28
112202 16
112205 25
112321 31
112322 28
112406 28
112424 31
115200 16
115300 13
115301 16
116301 13
126101 9
126102 31
126212 33
126213 4
126214 25
126325 25
126326 13
126328 22
126331 21
126332 28
126431 28
126436 16
126442 31
127100 16
127101 13
127202 35
127204 9
127205 25
127303 28
127313 0
127330 10
127359 28
127411 31
127412 22
127414 25
127716 4
127720 31
127721 28
127726 22
128100 14
128101 31
128201 34
128304 28
128305 18
128306 22
128308 25
128310 25
128351 28
128355 28
128423 16
128427 16
128434 31
128443 4
128700 22
128727 4
128734 31
128751 28
140104 22
152211 28
152301 31
152331 22
154104 26
154141 28
154152 31
154153 13
154173 25
154181 35
154251 25
154276 31
154281 34
154301 28
154330 22
154340 4
154363 31
154385 31
154431 25
154457 31
154481 22
159100 3
159101 28
159102 15
159151 13
159202 16
159204 10
159231 4
159331 25
159332 31
159401 25
159411 13
159412 22
159431 28
159434 16
160242 28
164261 22
168335 28
176100 31
176101 30
176104 16
177104 10
177113 31
177114 13
177141 1
177142 3
177181 28
177215 21
177217 19
177227 0
177228 10
177229 35
177300 25
177321 28
177332 13
177335 4
177341 16
177362 22
177443 16
177460 31
177463 16
177471 28
177472 4
177483 22
177491 31
179443 25
201100 10
201110 34
201114 19
201116 12
201117 7
202100 6
202101 33
202102 14
202147 12
202231 27
202302 28
202303 16
202305 25
202356 22
202362 31
202371 13
202405 4
202421 7
202446 28
202471 13
202475 22
202476 28
202484 28
202701 28
202731 28
202736 31
202744 28
202749 28
202775 4
202776 31
202803 31
202833 28
202849 28
203100 33
203104 3
203108 19
203111 20
203113 24
203114 30
203131 10
203132 30
203151 27
203152 27
203154 30
203158 24
203159 34
203162 15
203202 27
203203 9
203204 4
203206 35
203207 6
203208 18
203209 21
203211 4
203222 28
203223 12
203226 28
203232 35
203236 24
203250 7
203287 22
203316 28
203351 25
203459 7
203715 31
203719 16
203721 4
203725 31
203726 31
203734 4
203735 16
203749 4
203752 16
203754 28
203775 16
203812 4
203825 16
203829 28
203833 28
203879 31
204100 22
204101 16
204113 27
204202 4
204211 1
204217 25
204232 22
204251 25
204306 3
204315 3
204333 31
204355 13
204362 25
204382 22
204422 22
204423 31
204424 28
204441 31
204443 16
204452 4
204482 7
204483 31
204490 28
204725 22
204728 28
204755 31
204792 4
204891 28
205100 12
205103 13
205105 22
205216 30
205232 28
205244 27
205252 1
205282 4
205324 25
205344 4
205358 31
205382 28
205731 4
205742 31
205796 28
206100 17
206101 34
206103 16
206104 9
206111 6
206112 21
206113 4
206161 18
206162 35
206171 33
206172 21
206181 10
206182 25
206191 28
206211 25
206216 15
206217 9
206253 27
206255 13
206261 0
206266 25
206267 28
206281 12
206313 25
206321 4
206324 31
206325 0
206327 28
206331 31
206336 3
206341 28
206342 22
206355 31
206362 25
206364 7
206367 4
206368 28
206370 1
206421 22
206427 4
206428 16
206435 31
206437 28
206476 25
206481 31
206703 4
206722 22
206724 4
206725 31
206731 28
206737 31
206774 28
207100 28
207104 12
207105 3
207106 29
207108 17
207109 34
207110 28
207116 11
207117 32
207118 31
207125 21
207137 30
207162 3
207172 10
207181 19
207187 5
207188 22
207191 9
207195 10
207214 16
207302 16
207305 25
207306 0
207312 25
207402 31
207448 7
207704 22
207706 4
207708 31
207712 28
207766 28
207794 28
208101 21
208140 21
208141 18
208150 28
208263 19
208264 35
208271 0
208272 0
208322 3
208345 31
208346 25
208353 19
208362 13
208373 31
208384 28
208423 31
208444 7
208446 28
208460 28
208738 4
208772 31
208774 28
209203 22
209204 25
209252 3
209253 34
209262 19
209263 1
209270 4
209271 31
209272 16
209352 4
209370 4
209376 31
209382 28
209456 31
209466 28
210200 31
210207 7
210221 22
210251 25
210276 16
210315 1
210331 13
210355 25
210432 31
210448 4
210463 28
210702 31
210705 28
210743 16
210745 16
210748 4
210789 4
211100 6
211315 7
211319 3
211341 31
211342 22
211444 4
211709 31
211889 28
213708 28
213717 4
213718 22
213763 31
214100 28
214301 22
214310 28
214340 4
214341 7
214352 28
214412 4
214491 31
215205 1
215206 33
215207 33
215208 15
215303 31
215312 27
215313 0
215401 28
215482 22
215711 31
215741 4
215742 31
215743 28
215781 28
215783 4
217705 4
217708 31
217752 28
217773 28
218100 35
218234 22
218236 28
218244 1
218262 4
218352 22
218362 16
218372 4
218382 31
226703 4
226709 28
226710 31
226789 28
229123 13
229223 0
251100 31
251211 1
251213 22
251216 25
251242 7
251261 3
251292 16
251312 31
251333 22
251334 16
251342 7
251361 4
251363 13
251371 1
251372 16
251399 28
251411 4
251434 13
251436 31
251452 16
251455 4
251456 28
251461 31
251477 28
251704 4
251707 28
251723 31
251724 28
251746 28
251748 31
251754 22
251760 28
251763 4
251765 31
251773 22
251781 4
252210 28
252212 24
252222 0
252235 19
252282 25
252283 3
252285 31
252311 35
252320 7
252331 16
252353 25
252402 28
252403 31
252404 31
252413 31
252420 4
252423 13
252427 1
252428 13
252429 28
252435 22
252440 7
252459 31
252460 28
252479 28
252489 4
252706 31
252714 22
252727 16
252755 4
252774 28
252781 22
252785 28
252789 28
252792 31
253215 12
253433 16
253441 7
253443 31
253451 28
253452 28
253454 25
253716 16
253721 31
253722 22
253725 22
253734 31
253747 28
253749 25
253752 16
253754 4
253791 4
254182 28
254200 21
254205 2
254206 9
254211 22
254215 4
254216 35
254222 31
254231 16
254232 18
254271 28
254282 16
254325 28
254334 22
254352 34
254362 13
254371 4
254373 7
254400 25
254411 4
254412 25
254415 28
254421 25
254423 7
254424 31
254435 16
254445 4
254451 28
254452 1
254453 31
254466 16
254476 25
254477 31
254478 31
254495 28
254701 28
254721 4
254733 4
254737 16
254771 31
254803 4
254817 31
254857 31
255210 28
255230 30
255301 34
255316 31
255323 7
255328 25
255337 7
255340 4
255422 28
255425 4
255427 16
255432 4
255437 31
255440 4
255447 31
255455 25
255497 28
255714 22
255735 4
255750 22
255766 31
255769 28
255772 28
255779 28
255783 16
256100 0
256271 22
256317 28
256318 13
256334 25
256382 22
256383 31
256462 4
259103 25
259104 12
259106 31
259107 21
259108 32
259193 9
259195 1
259200 4
259201 6
259203 31
259401 16
260704 28
260708 22
260712 16
260719 31
260791 4
261102 15
261111 11
261112 15
261113 16
261205 7
261207 19
261208 15
261214 22
261215 28
261218 1
261305 28
261306 4
261332 25
261342 1
261343 7
261361 25
261430 4
261433 28
261444 4
261446 25
261447 22
261448 31
261449 4
261465 31
261473 16
261494 7
261497 7
261499 13
261742 28
261745 28
261755 28
261763 31
261764 22
261793 4
261795 4
261796 31
263710 31
263721 22
263724 16
263745 16
263751 4
264702 22
264705 4
264755 31
264789 28
265706 4
265709 31
265710 28
266703 31
266801 28
268732 28
268735 31
268741 4
268742 22
269103 25
269105 4
269130 22
269210 19
269341 31
269360 16
269370 4
269421 28
269431 25
269497 31
270701 31
270702 28
305203 22
318322 13
329104 30
330112 24
351100 35
351201 7
351364 13
351371 28
351426 31
352103 16
352311 4
352314 31
352315 16
352331 4
352332 28
352401 31
352412 4
352413 7
352421 31
352422 13
352433 28
352441 25
353313 22
353431 31
353441 28
353471 25
355411 13
356100 29
356101 4
356102 33
356210 10
356261 31
356311 28
356331 13
356431 31
356432 25
356441 16
356442 22
356443 28
356449 28
356455 28
356472 4
356475 31
357101 13
357110 16
357210 30
357323 16
357360 31
357418 28
357442 22
357444 4
359202 22
359205 28
359401 31
359408 28
359431 28
359455 28
360100 34
360210 21
361210 12
361321 16
361322 16
361341 4
361421 16
361433 31
361452 25
361461 28
361475 7
362211 10
363210 9
365425 28
368211 28
368317 28
400110 24
400210 28
401281 25
401383 22
401391 31
403281 22
403383 1
406284 15
406294 7
406386 34
406396 0
408382 35
410381 25
413383 19
413391 10
415393 28
420282 19
421282 28
421292 31
421386 4
421396 16
422381 9
428281 4
428282 13
428381 13
428383 7
461170 9
461471 10
461472 25
461511 1
461521 4
461526 28
461551 16
461566 22
461584 28
462130 28
462412 4
462413 31
462414 16
462503 22
462587 28
462588 31
463201 31
463252 28
463331 16
463332 28
463342 25
463354 22
463506 25
463512 25
463513 1
463543 28
463544 16
463557 4
463559 31
463571 28
463592 22
464302 31
464312 4
464402 13
464403 16
464414 22
464442 31
464443 4
464445 25
464446 7
501201 28
501202 25
501305 7
501306 25
502313 22
502314 4
504202 16
504305 16
506202 4
508304 25
510306 31
512304 28
513113 27
513115 4
513212 31
513216 25
513217 22
513225 4
513284 28
513331 31
513343 22
513364 16
513373 4
513390 28
513446 28
514202 31
514206 16
514222 28
514244 25
514272 4
514322 28
514352 16
514358 7
514382 4
514384 25
515204 22
515205 4
515256 31
515257 25
515337 4
515362 31
515380 28
552216 31
552217 28
552232 16
554413 16
555312 22
557432 4
558101 6
558313 31
558441 28
562101 21
562211 25
601201 18
601202 30
601231 34
601242 0
601342 31
601346 25
601361 28
601423 16
601425 22
601454 16
601455 4
601724 28
601745 31
601775 28
602100 17
602102 8
602103 32
602111 16
602120 27
602121 24
602122 3
602301 28
602314 16
602421 28
602453 16
602454 28
602455 4
602461 31
602471 31
602722 31
602741 28
602751 4
603200 28
603231 4
603321 22
603396 4
603496 28
603725 4
603743 31
603751 28
604101 19
604211 22
604311 9
604314 34
604315 19
604411 28
604415 25
604423 31
604431 4
604455 31
605203 13
605302 1
605313 25
605315 34
605316 22
605331 4
605430 31
605701 31
605711 4
605719 28
605742 31
606211 19
606243 16
606245 25
606264 22
606310 7
606451 28
606452 31
610114 26
651211 22
651212 16
651231 19
651234 28
651313 25
651314 16
651317 28
651319 22
651416 4
651425 31
701100 13
701101 27
701181 7
701183 19
701202 22
701235 31
701243 31
701244 25
701283 28
701295 13
701310 28
701335 4
701341 22
701408 31
701423 25
702100 16
702101 16
702211 7
702213 7
702312 13
702317 19
702321 31
702331 34
702342 7
702354 28
702418 4
703103 16
703202 3
703204 31
703243 0
703244 25
703309 28
703311 4
703322 27
703324 15
703330 31
703331 10
703345 28
703351 16
703361 22
703413 28
703441 4
703499 4
705191 24
705211 32
705311 1
705328 10
705331 31
705332 22
705343 25
705351 16
705431 22
705438 7
705440 16
705441 7
705444 13
705446 1
705448 4
705492 22
705499 31
751100 7
751101 28
751102 15
751106 22
751202 24
751209 9
751301 18
751302 18
751303 16
751304 28
751305 28
751308 31
751309 25
751321 16
751326 16
751330 7
751345 16
751401 28
751403 7
751405 4
751408 22
751413 25
751418 31
751419 7
751421 7
751428 7
751440 31
751443 13
751701 16
751702 22
751703 31
751705 28
751706 22
751708 28
751710 25
751712 25
751716 16
751724 22
751728 25
751732 4
751734 31
751744 4
751745 4
751751 31
751752 4
801100 23
801122 4
801134 31
801201 28
801204 31
801233 16
801236 25
801241 1
801322 28
801371 28
803122 16
803124 31
803131 25
803230 16
803232 25
851100 27
851103 12
851104 16
851105 19
851200 1
851201 12
851202 35
851204 9
851205 0
851241 27
851261 6
851273 15
851305 4
851306 28
851309 18
851310 21
851341 35
851342 28
851344 25
851350 34
851363 30
851366 25
851371 34
851375 0
851400 31
851401 10
851404 13
851443 31
851445 7
851450 4
851467 31
951100 35
951106 34
951124 19
951202 19
951231 16
951321 22
951366 28
951421 4
951497 31
951498 28
953102 31
953104 25
953111 9
953201 7
953202 28
953214 4
953231 22
953232 16
953234 22
953323 4
953494 31
953495 25
954140 28
954141 10
954142 6
954240 3
954244 25
954310 22
954326 25
954340 31
954364 16
954371 7
954372 28
954373 13
954413 4
954420 31
954422 31
954423 28
954443 28
954472 25
954498 31
