001101 1
001102 28
001111 25
001113 18
001201 1
001202 31
001210 12
001230 28
001231 24
001250 6
001281 10
001291 4
001293 28
001310 28
001311 31
001312 4
001318 28
001320 22
001321 25
001323 31
001330 16
001342 22
001353 13
001354 4
001361 13
001362 28
001381 31
001410 31
001425 31
001443 22
001444 28
001445 16
002101 25
002110 19
002191 28
002201 7
002211 22
002221 31
002250 34
002301 19
002333 28
002365 31
003101 19
003191 35
003201 34
003414 16
003421 22
003436 31
004282 4
004301 12
004303 34
004324 31
004432 16
004473 25
004475 25
004483 19
006103 10
006126 35
006206 13
006226 28
006241 7
006242 28
006253 25
006303 7
006331 31
006346 16
006448 31
008214 21
008303 31
008314 25
008411 4
008417 31
009103 22
009105 9
009212 16
009230 7
009231 25
009326 22
009328 31
011100 9
011152 25
011153 15
011251 35
011257 21
011259 28
011269 6
011276 19
011353 25
011356 16
011362 16
011363 22
011374 16
011461 31
011464 13
011479 31
012100 34
012173 28
012200 19
012273 28
012371 4
013103 11
013110 16
013203 31
013204 31
013207 7
013209 25
013302 16
013306 31
013307 22
013317 22
013326 16
013329 22
013330 28
013413 16
013420 31
013433 25
014210 4
014211 35
014270 16
014310 16
014322 31
014323 25
014370 13
014371 16
014381 22
014401 34
014481 28
015101 7
016101 31
016102 28
017101 31
017102 13
017111 22
017210 22
018103 16
018111 24
018113 28
018125 19
018203 3
018211 0
018213 16
018231 19
018235 28
018271 4
018321 19
018351 22
019101 18
019102 28
019103 22
019105 21
019106 25
019108 10
019111 16
019203 7
019205 13
019211 21
019221 34
019303 19
019311 13
019331 22
019361 16
019371 25
019381 31
019471 31
020101 22
020102 19
020211 25
020231 31
020341 16
020362 7
021101 9
021102 28
021203 16
025108 16
025110 25
025310 19
025480 28
026101 9
026102 16
026111 25
029701 16
029711 31
050100 4
050103 9
050104 10
050106 35
050111 7
051300 28
051306 31
051313 31
051412 4
051418 25
051421 31
052202 7
052314 3
052350 35
052352 10
052357 16
052421 19
055701 31
055704 31
055771 31
057121 3
057122 5
057123 34
057125 21
057126 30
057127 15
057128 6
057129 27
057130 30
057131 6
057132 21
057133 10
057134 13
057135 9
057136 4
057137 3
057201 16
057213 4
057215 7
057284 16
057285 22
057288 10
057293 35
057294 22
057296 19
057300 15
057305 18
057403 13
057405 28
057410 31
057420 22
057425 25
057426 31
057428 16
057450 10
059419 16
061106 15
061201 28
061223 18
061306 9
061309 22
061312 16
061317 4
061403 0
062200 22
062320 35
062341 31
062342 7
062343 19
062344 34
062346 19
062360 13
062380 25
062411 13
062452 25
062460 10
062499 28
063710 16
064201 28
064206 25
064207 16
064271 19
064272 22
064281 16
064301 10
064410 22
064423 10
064424 28
065210 25
065212 28
065310 28
065320 9
065332 13
065436 31
065799 31
066221 16
066323 10
066410 22
066414 31
066425 16
067202 10
067303 28
067311 13
067372 13
067373 4
067432 13
070100 13
070201 25
070301 16
070303 22
070304 16
070308 16
070400 31
070401 4
070404 22
070413 35
070414 16
070415 25
070416 31
070711 22
070720 28
070721 16
070727 16
070731 31
070740 31
071411 7
071412 25
071413 22
071415 16
071416 15
071419 25
071420 31
071423 13
071425 22
071426 7
071724 31
074100 12
074101 27
074414 13
076312 34
076314 13
076414 31
076427 16
076428 0
076429 16
076444 10
076466 19
077422 25
078444 12
078454 34
099101 7
099102 18
100102 22
100103 16
100104 10
100105 8
100106 34
100107 32
100108 28
100205 30
100206 0
100207 34
100208 3
100209 19
100306 30
100307 33
100308 22
100309 27
100310 7
100501 25
101100 18
101105 25
101201 7
101211 16
101400 25
101405 22
103191 25
103271 35
104200 25
104201 15
104300 7
104301 4
104325 31
104340 31
104410 16
104495 31
105304 3
109100 31
109115 21
112101 16
112102 22
112103 16
112108 25
112110 4
112201 0
112203 25
112213 19
112300 13
112314 25
112411 13
115200 25
115300 22
115301 16
115302 25
126101 17
126321 22
126330 28
126428 16
126443 31
127100 13
127101 7
127203 16
127206 25
127207 22
127303 25
127312 7
127314 10
127315 16
127316 31
127320 28
127326 28
127329 16
127413 19
127711 22
127717 28
127718 16
127719 31
128100 12
128101 10
128202 16
128203 4
128204 13
128307 31
128309 16
128352 22
128354 7
128403 13
128701 31
128710 22
128730 28
128734 16
128740 16
128762 31
140103 22
152321 31
154104 31
154141 19
154151 4
154231 16
154262 7
154281 31
154311 22
154330 19
154352 28
154371 28
154384 21
154388 16
154443 16
154455 13
154482 28
154488 28
159100 21
159101 14
159151 3
159203 16
159221 4
159301 10
159351 16
159356 16
159403 19
159411 28
159412 22
159431 22
159454 31
164200 25
164341 31
168101 25
168313 28
176100 30
176101 16
176220 28
177103 4
177214 28
177216 25
177242 31
177283 22
177285 16
177321 22
177330 13
177336 31
177341 19
177361 10
177393 16
177404 25
177425 13
177426 22
177427 34
177434 16
177446 28
177447 9
177450 31
177464 12
177465 25
177467 25
177481 31
201100 25
201110 19
201114 13
201115 14
201116 33
201117 4
202100 26
202101 13
202141 27
202143 7
202145 18
202184 19
202231 17
202260 19
202321 25
202334 4
202342 13
202353 12
202361 28
202434 28
202473 25
202495 4
202742 16
202764 16
202765 28
202773 16
202782 16
202833 31
202848 28
202873 16
203100 32
203103 28
203111 7
203116 25
203151 4
203162 34
203201 15
203203 25
203204 22
203206 4
203207 9
203208 19
203209 7
203222 28
203226 29
203231 19
203235 12
203236 31
203255 34
203315 16
203331 13
203351 31
203352 13
203475 16
203714 16
203716 22
203722 28
203732 31
203736 28
203739 16
203743 28
203753 31
203821 22
203828 31
203879 25
204100 19
204101 16
204111 25
204202 25
204219 28
204231 19
204251 15
204321 34
204325 25
204341 4
204361 18
204363 13
204365 28
204381 28
204383 16
204432 28
204435 31
204451 31
204453 22
204471 31
204712 31
204721 28
204732 16
204735 22
205100 22
205103 4
205104 19
205105 0
205235 13
205239 34
205275 19
205303 10
205337 16
205355 22
205393 31
205712 28
205735 16
205783 31
206100 31
206101 24
206103 31
206107 25
206111 22
206113 25
206161 7
206171 25
206181 18
206191 25
206203 15
206211 13
206216 4
206217 4
206261 7
206267 13
206281 13
206300 25
206321 22
206324 16
206325 34
206327 19
206331 4
206335 31
206336 28
206341 13
206355 16
206362 7
206370 22
206381 31
206436 19
206437 13
206441 34
206717 16
206720 28
206721 16
206730 31
206736 31
206753 31
207100 21
207103 13
207105 19
207107 3
207109 27
207110 0
207115 16
207117 35
207123 19
207131 7
207135 4
207171 29
207173 11
207183 25
207187 24
207203 25
207205 22
207208 10
207213 34
207308 18
207310 31
207313 22
207323 25
207348 25
207401 13
207406 28
207701 22
207703 28
207705 16
207711 31
207741 31
208101 22
208140 22
208263 26
208270 9
208271 35
208272 31
208280 4
208321 31
208329 13
208343 28
208348 22
208425 31
208737 31
209201 16
209251 19
209301 28
209302 16
209303 31
209331 25
209351 7
209358 19
209361 25
209368 22
209375 22
210201 7
210202 28
210204 4
210343 22
210351 28
210383 31
210425 10
210434 13
210703 22
210704 28
210707 16
210731 31
210733 31
210743 31
211100 23
211311 28
211315 16
211319 4
211413 25
211440 22
211442 16
211495 31
211702 28
211889 16
213706 28
213707 31
213714 16
214261 19
214312 25
214341 31
214381 10
214414 22
214415 19
214421 28
215205 25
215206 19
215207 21
215208 19
215423 13
215424 25
215431 31
215475 22
215476 28
215485 16
215486 31
215734 16
215744 28
215752 31
215762 16
215785 16
217701 28
217703 16
217707 31
217734 16
217751 31
217775 16
218100 16
218101 13
218233 34
218235 4
218321 25
218323 31
218351 4
219761 16
219789 31
220703 31
226701 22
226702 28
226704 16
226711 16
226801 31
251101 7
251211 22
251213 31
251261 19
251281 19
251312 31
251313 7
251363 31
251374 13
251384 22
251419 4
251437 28
251438 22
251439 18
251451 22
251475 16
251701 22
251702 28
251703 31
251711 16
251715 31
251745 16
251751 25
251752 22
251757 28
251758 16
251776 25
251783 22
251784 28
251785 16
251790 31
252201 4
252211 31
252232 19
252282 16
252283 19
252285 16
252286 32
252301 3
252302 28
252317 25
252322 31
252325 13
252327 4
252330 35
252342 4
252363 19
252420 28
252421 25
252427 13
252444 13
252498 16
252702 22
252726 16
252746 28
252747 16
252791 31
253303 10
253314 31
253315 4
253455 25
253481 28
253701 31
253715 28
253717 19
253731 22
253732 28
253735 13
253736 16
253748 22
253754 25
254181 35
254205 15
254206 0
254211 35
254215 19
254216 35
254222 27
254231 22
254232 31
254252 4
254282 3
254302 25
254325 12
254333 18
254372 4
254373 31
254421 31
254426 19
254435 22
254436 31
254439 10
254442 31
254444 31
254451 28
254456 28
254459 31
254461 10
254471 16
254473 16
254700 31
254702 25
254703 28
254710 16
254711 22
254734 31
254736 25
254770 25
254804 22
254873 22
254875 16
255201 13
255215 31
255251 5
255290 25
255300 19
255320 22
255321 13
255330 10
255359 4
255415 16
255431 16
255432 22
255434 22
255454 31
255455 31
255492 31
255722 22
255734 28
255738 31
255750 16
255764 16
255770 28
255771 31
255772 16
255786 22
255811 16
255820 31
256100 28
256212 19
256281 31
256316 28
256333 34
256373 19
256418 16
256441 28
259103 28
259104 25
259106 4
259107 11
259108 21
259109 9
259201 24
259203 13
260402 31
260413 4
260701 31
260702 25
260705 22
260709 28
260716 22
260718 28
260772 16
261103 28
261111 0
261200 4
261210 25
261212 16
261216 12
261217 18
261304 25
261305 31
261335 35
261336 28
261342 19
261343 13
261361 25
261405 34
261434 19
261447 28
261458 16
261461 31
261469 12
261701 28
261702 16
261706 31
261739 22
261752 31
261754 16
261769 22
261791 28
261895 31
263701 28
263702 31
263720 22
263746 25
263760 16
263770 16
263771 22
264701 25
264703 22
264706 28
264710 28
264733 16
264791 31
266702 31
268721 31
269101 4
269102 16
269111 28
269200 25
269201 18
269202 16
269340 13
269430 4
269452 22
269462 31
269470 25
269493 31
301254 13
305202 25
311352 4
318322 31
318351 19
320351 34
321251 28
324703 31
328310 28
328313 16
330110 25
330111 7
351100 19
351200 14
351201 0
351301 19
351321 4
351331 31
351441 22
351442 19
351451 28
351466 13
351489 4
352103 4
352301 22
352311 19
352321 35
352323 13
352422 18
353210 4
353301 35
353311 34
353418 22
353421 31
353431 22
353451 13
354311 3
356100 34
356101 4
356102 35
356202 28
356210 10
356212 16
356261 13
356303 34
356304 28
356411 19
356416 28
357101 12
357110 31
357210 29
357322 19
357325 16
357417 22
357441 18
357491 13
359202 34
359203 0
359204 34
359210 34
359311 28
359409 4
359421 28
359465 31
360100 33
360400 22
360403 28
360423 16
360460 31
361210 0
361214 7
361301 28
361351 25
361442 31
361453 28
361461 16
361471 13
362211 27
363210 10
365321 7
365322 22
365324 22
365421 31
368200 16
400110 35
401382 10
403382 25
406385 16
406395 7
409281 7
409292 19
411281 22
411291 16
415291 34
420281 31
421281 25
421291 10
421385 22
421395 28
423382 31
428382 13
461100 18
461435 22
461472 16
461514 28
461523 16
462130 24
462151 7
462405 16
462409 31
462445 31
462541 28
462543 16
462584 31
463251 34
463311 28
463331 31
463341 13
463353 16
463402 22
463433 10
463455 31
463491 7
463503 25
463513 16
463545 31
463556 22
463571 16
464301 18
464311 22
464341 10
464401 25
464413 19
464441 13
464443 7
464444 16
464445 28
464502 28
501301 22
501302 28
504302 13
506303 16
506361 16
508203 34
508303 25
510201 13
510202 21
512303 31
513111 9
513114 25
513223 22
513224 16
513283 28
513315 25
513324 19
513328 13
513363 22
513371 31
513411 22
513429 28
513445 16
513471 31
514211 28
514241 16
514317 31
514323 22
514341 16
514343 25
514381 13
514383 28
514451 28
515201 3
515250 15
515306 25
515310 28
515334 22
515361 22
515364 28
515370 16
515373 31
518770 31
551312 13
552216 25
552217 19
552222 31
553311 25
554312 22
556412 28
561313 16
561314 31
562101 22
562211 31
601201 15
601302 19
601341 25
601344 16
601351 22
601422 31
601452 31
601456 13
601731 28
601758 16
601765 22
601842 31
602100 30
602102 3
602103 9
602111 25
602211 25
602315 31
602321 22
602322 7
602431 4
602432 31
602441 28
602464 25
602731 16
602761 31
603211 13
603321 31
603322 13
603351 28
603421 28
603441 16
603471 31
603496 16
603711 28
603723 16
603731 31
604304 25
604305 28
604312 25
604313 22
604351 28
604352 13
604451 16
604711 16
604715 31
605201 25
605204 19
605301 34
605313 13
605314 31
605321 19
605322 25
605701 22
605713 28
605741 16
605745 31
605751 31
606231 12
606242 19
606244 25
606263 34
606310 25
606343 13
610114 6
651104 16
651105 22
651109 4
651120 25
651210 31
651311 22
651312 28
651315 16
651316 31
701100 25
701101 10
701104 19
701181 34
701183 34
701201 19
701205 25
701211 12
701243 25
701281 18
701313 13
701321 25
701331 28
701341 16
701344 31
702100 19
702101 2
702205 4
702211 15
702213 22
702312 4
702316 10
702317 28
702341 16
702351 22
703103 13
703109 34
703202 10
703243 7
703244 10
703305 10
703308 19
703309 22
703310 25
703322 7
703323 16
703330 16
703331 28
703391 10
703404 22
703412 25
703447 28
703454 31
703498 16
705191 7
705211 2
705311 21
705329 16
705331 31
705332 22
705342 16
705351 7
705431 13
705438 27
705440 31
705441 31
705442 25
705444 22
705461 28
705493 25
705499 31
751100 10
751101 32
751102 3
751106 28
751202 13
751209 22
751301 9
751302 27
751303 28
751304 13
751305 7
751308 18
751309 18
751321 16
751326 16
751330 25
751345 31
751401 31
751403 34
751405 31
751408 4
751417 22
751418 28
751419 13
751422 34
751428 13
751440 25
751441 28
751443 16
751447 28
751451 16
751701 16
751702 31
751703 28
751704 22
751705 22
751706 28
751708 22
751712 31
751716 25
751724 16
751725 22
751726 16
751727 25
751729 25
751734 13
751744 28
751752 31
801100 20
801201 4
801225 13
801235 19
801321 22
801331 31
801333 16
801336 28
801421 22
801471 28
801481 31
803121 19
803123 16
803231 25
851100 23
851104 13
851105 10
851108 16
851200 13
851201 7
851202 3
851204 33
851205 6
851273 10
851305 27
851309 4
851313 12
851343 25
851344 22
851345 4
851360 4
851362 13
851367 28
851372 25
851375 31
851400 19
851404 25
851406 34
851407 28
951100 34
951101 18
951102 28
951125 34
951203 12
951302 31
951323 25
951331 22
951344 31
951348 16
951352 22
951497 16
953103 19
953111 31
953211 16
953212 3
953233 19
953261 34
953321 10
953322 16
953331 31
953361 31
953421 28
953494 16
954100 19
954140 9
954141 28
954245 16
954246 19
954260 4
954270 35
954311 19
954312 4
954320 0
954323 13
954343 22
954370 16
954374 28
954412 28
954413 25
954462 4
954471 13
954491 31
954498 28
