001101
001102
001111
001112
001113
001118
001201
001202
001210
001212
001218
001222
001223
001224
001225
001226
001227
001228
001229
001230
001231
001234
001250
001281
001291
001292
001293
001310
001311
001312
001314
001315
001318
001320
001321
001323
001330
001341
001342
001352
001353
001354
001355
001361
001362
001381
001391
001410
001423
001425
001440
001443
001444
001445
001446
001447
001461
001463
001464
001471
001472
002101
002102
002110
002111
002191
002192
002201
002202
002211
002221
002230
002250
002260
002301
002302
002311
002321
002331
002333
002351
002361
002362
002365
002372
002401
002402
002441
002471
002472
002473
003101
003102
003191
003201
003202
003213
003261
003313
003314
003320
003331
003332
003361
003367
003414
003421
003436
003454
003463
004241
004271
004272
004282
004301
004303
004314
004324
004330
004351
004372
004401
004432
004465
004470
004472
004473
004474
004475
004476
004483
006103
006126
006206
006226
006241
006242
006253
006303
006307
006325
006326
006330
006331
006344
006346
006349
006353
006355
006423
006425
006426
006428
006432
006433
006443
006448
006454
006475
008214
008303
008314
008326
008402
008411
008417
009103
009105
009212
009213
009230
009231
009232
009233
009234
009236
009254
009301
009321
009325
009326
009327
009328
009344
009355
009356
009358
009363
009425
009426
009431
009445
009446
011100
011101
011151
011152
011153
011154
011156
011157
011251
011257
011259
011268
011269
011276
011277
011278
011353
011355
011356
011358
011359
011362
011363
011367
011374
011457
011461
011464
011479
011717
011720
011751
012100
012173
012174
012200
012271
012272
012273
012371
012374
012471
012475
013103
013110
013203
013204
013206
013207
013208
013209
013215
013216
013217
013301
013302
013303
013304
013305
013306
013307
013314
013317
013321
013326
013329
013330
013335
013337
013338
013410
013413
013420
013421
013422
013425
013426
013427
013428
013431
013432
013433
013435
014210
014211
014270
014310
014311
014320
014322
014323
014324
014325
014370
014371
014381
014382
014383
014390
014401
014410
014421
014422
014423
014471
014481
014483
014484
014485
015101
015102
016101
016102
016232
017101
017102
017111
017112
017201
017210
017231
018103
018104
018111
018112
018113
018114
018125
018126
018203
018204
018211
018213
018222
018231
018234
018235
018271
018301
018321
018323
018332
018335
018351
018352
018353
018372
018421
018433
018435
018436
018438
018451
018465
018467
018468
018471
019101
019102
019103
019104
019105
019106
019108
019111
019112
019203
019204
019205
019206
019208
019211
019212
019221
019222
019303
019311
019331
019332
019351
019361
019362
019371
019373
019381
019382
019411
019441
019442
019471
019473
020101
020102
020211
020212
020231
020232
020261
020311
020321
020333
020341
020362
020363
020412
020421
020481
021101
021102
021203
021204
021270
024752
025108
025110
025310
025381
025480
025481
026101
026102
026111
026112
026201
026202
026271
029701
029703
029711
029732
030101
050100
050103
050104
050106
050111
050112
050113
051300
051302
051304
051306
051310
051313
051412
051418
051421
052201
052202
052203
052310
052314
052323
052331
052334
052350
052351
052352
052353
052355
052357
052400
052417
052419
052420
052421
052422
052441
052442
052443
052445
052447
052448
052449
052466
052725
053712
053713
053770
054810
054821
054822
054870
055701
055702
055703
055704
055706
055707
055711
055713
055733
055734
055739
055757
055771
055797
057121
057122
057123
057125
057126
057127
057128
057129
057130
057131
057132
057133
057134
057135
057136
057137
057138
057139
057140
057201
057205
057213
057215
057224
057242
057256
057257
057274
057276
057279
057283
057284
057285
057286
057287
057288
057289
057290
057293
057294
057295
057296
057297
057298
057300
057301
057302
057305
057307
057316
057351
057365
057366
057369
057401
057403
057404
057405
057407
057410
057411
057412
057413
057416
057419
057420
057425
057426
057427
057428
057450
059405
059413
059419
061103
061105
061106
061201
061205
061223
061224
061306
061307
061309
061312
061313
061317
061319
061401
061403
061404
061405
061407
061430
062200
062210
062320
062341
062342
062343
062344
062345
062346
062360
062380
062411
062452
062460
062470
062499
063201
063702
063703
063704
063710
063813
064201
064202
064204
064206
064207
064231
064232
064251
064252
064271
064272
064273
064281
064291
064301
064303
064331
064392
064410
064411
064412
064413
064415
064417
064418
064419
064421
064422
064423
064424
064430
064474
064482
064490
065120
065121
065210
065211
065212
065310
065311
065320
065332
065333
065420
065421
065434
065435
065436
065437
065438
065782
065795
065797
065799
066221
066222
066323
066324
066410
066412
066414
066416
066421
066425
066426
066755
067101
067201
067202
067203
067303
067311
067371
067372
067373
067432
067433
067435
067436
067491
067492
069712
070100
070200
070201
070301
070303
070304
070305
070308
070400
070401
070403
070404
070410
070411
070413
070414
070415
070416
070711
070720
070721
070726
070727
070731
070740
070741
070792
071411
071412
071413
071414
071415
071416
071417
071418
071419
071420
071421
071422
071423
071425
071426
071712
071715
071724
071730
071736
071738
071811
073711
073721
073770
074100
074101
074201
074406
074414
076312
076314
076414
076425
076426
076427
076428
076429
076430
076444
076466
077422
078444
078454
079169
079220
079264
079444
079466
079480
088708
091700
091800
099100
099101
099102
099103
100102
100103
100104
100105
100106
100107
100108
100109
100110
100111
100112
100205
100206
100207
100208
100209
100210
100211
100212
100213
100214
100218
100219
100220
100222
100225
100226
100227
100228
100229
100230
100231
100233
100281
100302
100306
100307
100308
100309
100310
100311
100312
100313
100314
100500
100501
101100
101105
101201
101202
101205
101211
101325
101400
101405
101490
103112
103191
103271
103281
103353
104100
104200
104201
104300
104301
104302
104310
104320
104325
104327
104334
104340
104410
104424
104435
104450
104471
104490
104495
105304
109100
109114
109115
112101
112102
112103
112105
112106
112108
112109
112110
112201
112202
112203
112205
112213
112300
112303
112314
112321
112322
112404
112406
112411
112412
112424
115200
115300
115301
115302
115401
116301
116302
116400
152211
152301
152321
152331
154100
154104
154141
154151
154152
154153
154173
154181
154231
154251
154261
154262
154276
154281
154301
154311
154330
154340
154351
154352
154353
154363
154371
154375
154377
154384
154385
154388
154431
154433
154443
154455
154457
154479
154481
154482
154488
154492
154493
154494
159100
159101
159102
159151
159202
159203
159204
159211
159221
159231
159301
159302
159303
159305
159331
159332
159351
159356
159362
159401
159403
159411
159412
159431
159434
159454
159462
160242
160341
160342
164200
164261
164341
168100
168101
168222
168313
168335
168410
201100
201110
201114
201115
201116
201117
201190
202100
202101
202102
202141
202143
202145
202147
202184
202231
202260
202261
202301
202302
202303
202305
202310
202311
202321
202331
202332
202334
202342
202353
202356
202361
202362
202371
202405
202410
202421
202432
202434
202438
202442
202443
202446
202461
202463
202471
202473
202474
202475
202476
202477
202481
202484
202494
202495
202701
202712
202731
202736
202737
202742
202744
202748
202749
202764
202765
202770
202773
202775
202776
202782
202783
202802
202803
202804
202807
202833
202843
202844
202847
202848
202849
202873
203100
203103
203104
203108
203111
203113
203114
203116
203131
203132
203151
203152
203154
203158
203159
203162
203171
203192
203201
203202
203203
203204
203206
203207
203208
203209
203211
203222
203223
203226
203231
203232
203235
203236
203250
203255
203287
203300
203303
203304
203315
203316
203323
203324
203331
203332
203333
203351
203352
203404
203405
203406
203413
203414
203423
203424
203425
203431
203434
203435
203458
203459
203471
203474
203475
203705
203708
203709
203713
203714
203715
203716
203719
203721
203722
203723
203725
203726
203732
203734
203735
203736
203739
203743
203745
203749
203750
203751
203752
203753
203754
203775
203803
203804
203807
203812
203821
203825
203826
203827
203828
203829
203833
203851
203879
203889
204100
204101
204111
204113
204123
204202
204211
204216
204217
204219
204222
204231
204232
204251
204306
204315
204320
204321
204322
204325
204331
204333
204335
204341
204355
204361
204362
204363
204364
204365
204381
204382
204383
204422
204423
204424
204425
204431
204432
204435
204441
204442
204443
204451
204452
204453
204456
204471
204482
204483
204490
204711
204712
204721
204725
204726
204728
204732
204735
204753
204755
204764
204765
204767
204774
204789
204792
204891
205100
205103
205104
205105
205216
205232
205235
205239
205244
205252
205253
205275
205282
205301
205302
205303
205324
205337
205344
205355
205358
205361
205372
205382
205393
205415
205421
205441
205461
205464
205473
205475
205476
205479
205482
205483
205486
205496
205712
205731
205735
205742
205761
205764
205765
205783
205789
205796
205805
206100
206101
206103
206104
206107
206108
206111
206112
206113
206161
206162
206171
206172
206181
206182
206191
206203
206207
206211
206216
206217
206253
206254
206255
206261
206266
206267
206281
206300
206311
206313
206321
206324
206325
206327
206328
206331
206335
206336
206341
206342
206355
206357
206362
206364
206367
206368
206370
206381
206412
206421
206427
206428
206432
206435
206436
206437
206441
206446
206455
206457
206467
206470
206471
206476
206481
206703
206705
206707
206713
206714
206717
206720
206721
206722
206724
206725
206726
206728
206729
206730
206731
206734
206736
206737
206738
206739
206743
206751
206753
206765
206766
206774
206783
206785
206832
207100
207103
207104
207105
207106
207107
207108
207109
207110
207115
207116
207117
207118
207123
207125
207131
207135
207137
207162
207164
207171
207172
207173
207174
207181
207183
207187
207188
207191
207195
207198
207199
207203
207205
207208
207213
207214
207232
207300
207301
207302
207305
207306
207308
207310
207312
207313
207321
207323
207348
207401
207402
207403
207406
207408
207411
207413
207415
207416
207419
207422
207436
207442
207448
207449
207455
207458
207463
207481
207701
207703
207704
207705
207706
207708
207711
207712
207727
207729
207741
207742
207743
207765
207766
207768
207776
207777
207785
207794
207808
207846
208101
208140
208141
208150
208161
208250
208251
208263
208264
208265
208270
208271
208272
208280
208321
208322
208329
208343
208345
208346
208348
208353
208362
208370
208373
208383
208384
208423
208425
208439
208440
208444
208446
208460
208469
208711
208712
208737
208738
208740
208760
208761
208770
208772
208774
208776
208871
208872
208873
209201
209203
209204
209251
209252
209253
209262
209263
209270
209271
209272
209301
209302
209303
209311
209312
209316
209322
209331
209332
209341
209351
209352
209358
209361
209368
209370
209371
209372
209374
209375
209376
209382
209401
209402
209403
209411
209412
209413
209414
209415
209416
209424
209442
209443
209444
209451
209452
209453
209454
209456
209461
209463
209466
209471
209473
209475
209476
209483
209485
209486
209703
209705
209707
209709
209711
209712
209713
209714
209715
209716
209722
209731
209741
209771
209772
209773
209779
209785
209787
209789
209813
210100
210200
210201
210202
210204
210207
210221
210251
210276
210315
210331
210343
210351
210355
210383
210401
210408
210425
210432
210433
210434
210435
210445
210448
210453
210454
210463
210464
210465
210485
210497
210702
210703
210704
210705
210707
210717
210723
210731
210733
210734
210741
210743
210744
210745
210748
210751
210784
210785
210787
210789
211100
211303
211311
211312
211315
211318
211319
211341
211342
211413
211440
211442
211443
211444
211445
211446
211448
211449
211495
211701
211702
211709
211843
211889
212701
212702
212703
212711
212712
212714
212721
212731
212741
212789
213201
213703
213704
213705
213706
213707
213708
213711
213714
213717
213718
213763
213779
214100
214261
214301
214310
214312
214340
214341
214352
214381
214401
214403
214411
214412
214414
214415
214421
214422
214430
214431
214441
214442
214445
214462
214491
215205
215206
215207
215208
215301
215302
215303
215311
215312
215313
215314
215327
215328
215375
215376
215381
215385
215386
215401
215411
215412
215421
215422
215423
215424
215431
215435
215436
215445
215462
215465
215466
215471
215475
215476
215481
215482
215485
215486
215495
215496
215497
215711
215734
215741
215742
215743
215744
215752
215761
215762
215780
215781
215782
215783
215785
215794
216703
216704
216711
216721
216781
217701
217703
217705
217707
217708
217726
217733
217734
217751
217752
217763
217773
217774
217775
217781
217789
218100
218101
218233
218234
218235
218236
218244
218262
218321
218323
218351
218352
218362
218372
218382
218471
218474
218475
218481
218483
218486
218496
219720
219731
219741
219753
219761
219766
219781
219789
220703
220706
225701
225702
225703
225704
225705
225706
225707
225720
225748
226701
226702
226703
226704
226709
226710
226711
226789
226801
226805
226889
229123
229223
229323
229351
229352
229711
324703
251100
251101
251211
251213
251216
251242
251261
251281
251291
251292
251312
251313
251333
251334
251342
251361
251363
251371
251372
251373
251374
251383
251384
251399
251411
251417
251418
251419
251434
251436
251437
251438
251439
251451
251452
251455
251456
251457
251459
251461
251465
251468
251475
251476
251477
251479
251701
251702
251703
251704
251707
251711
251713
251714
251715
251716
251717
251718
251723
251724
251730
251738
251739
251745
251746
251748
251751
251752
251753
251754
251757
251758
251760
251763
251765
251769
251773
251776
251781
251783
251784
251785
251790
252180
252201
252210
252211
252212
252222
252223
252232
252235
252281
252282
252283
252285
252286
252301
252302
252311
252317
252320
252321
252322
252325
252327
252328
252330
252331
252342
252353
252363
252401
252402
252403
252404
252413
252420
252421
252422
252423
252424
252425
252426
252427
252428
252429
252435
252439
252440
252442
252443
252444
252447
252448
252450
252455
252456
252459
252460
252479
252489
252498
252702
252706
252707
252708
252711
252714
252719
252721
252723
252724
252725
252726
252727
252728
252735
252736
252741
252746
252747
252748
252752
252755
252765
252774
252781
252785
252789
252791
252792
253215
253300
253303
253312
253314
253315
253316
253318
253321
253331
253332
253412
253414
253415
253416
253417
253423
253431
253432
253433
253441
253443
253451
253452
253454
253455
253456
253481
253701
253715
253716
253717
253721
253722
253725
253728
253731
253732
253734
253735
253736
253747
253748
253749
253752
253754
253791
254181
254182
254200
254205
254206
254207
254211
254215
254216
254222
254231
254232
254252
254271
254282
254302
254325
254333
254334
254352
254362
254371
254372
254373
254400
254411
254412
254415
254421
254422
254423
254424
254425
254426
254427
254435
254436
254438
254439
254441
254442
254443
254444
254445
254446
254451
254452
254453
254454
254456
254457
254458
254459
254461
254466
254467
254471
254473
254476
254477
254478
254492
254494
254495
254496
254700
254701
254702
254703
254710
254711
254714
254721
254733
254734
254736
254737
254770
254771
254777
254791
254803
254804
254816
254817
254857
254872
254873
254875
255201
255210
255212
255215
255230
255251
255290
255300
255301
255311
255316
255320
255321
255323
255328
255330
255337
255340
255350
255359
255393
255415
255416
255417
255420
255422
255424
255425
255427
255429
255430
255431
255432
255433
255434
255435
255437
255438
255439
255440
255441
255442
255444
255445
255447
255448
255449
255451
255454
255455
255460
255462
255463
255464
255471
255492
255497
255499
255712
255714
255715
255721
255722
255733
255734
255735
255738
255739
255741
255746
255750
255751
255752
255758
255764
255766
255769
255770
255771
255772
255779
255783
255786
255791
255792
255811
255820
255830
255840
256100
256131
256212
256271
256281
256316
256317
256318
256333
256334
256373
256382
256383
256384
256412
256415
256416
256418
256419
256423
256441
256442
256443
256444
256456
256457
256462
256463
256473
256474
256700
256711
256712
256713
256719
256731
256732
256735
256738
256739
256741
256745
256751
256752
256753
256761
256762
256771
256772
256774
256779
256781
256791
259103
259104
259106
259107
259108
259109
259193
259195
259200
259201
259203
259401
260312
260313
260316
260334
260362
260371
260401
260402
260403
260404
260412
260413
260415
260416
260421
260422
260423
260424
260432
260434
260462
260471
260495
260701
260702
260703
260704
260705
260708
260709
260712
260716
260717
260718
260719
260772
260791
261102
261103
261111
261112
261113
261200
261205
261207
261208
261210
261212
261214
261215
261216
261217
261218
261304
261305
261306
261332
261335
261336
261342
261343
261361
261405
261406
261411
261421
261430
261433
261434
261438
261444
261446
261447
261448
261449
261453
261456
261457
261458
261461
261465
261469
261472
261473
261479
261494
261497
261498
261499
261701
261702
261706
261721
261722
261731
261732
261735
261736
261737
261738
261739
261742
261745
261746
261751
261752
261753
261754
261755
261763
261764
261767
261769
261772
261781
261791
261792
261793
261795
261796
261891
261895
263701
263702
263710
263720
263721
263724
263745
263746
263751
263752
263760
263770
263771
264701
264702
264703
264704
264705
264706
264707
264708
264709
264710
264733
264741
264745
264755
264789
264791
265706
265709
265710
266702
266703
266801
268721
268732
268735
268741
268742
269101
269102
269103
269105
269111
269130
269200
269201
269202
269210
269340
269341
269360
269370
269421
269430
269431
269452
269462
269470
269493
269494
269496
269497
269498
270701
270702
270711
270712
270721
270791
329104
329105
329106
330110
330111
330112
330113
330114
330115
351100
351200
351201
351202
351301
351302
351321
351331
351364
351371
351410
351425
351426
351441
351442
351451
351463
351464
351466
351487
351488
351489
352103
352301
352311
352313
352314
352315
352321
352323
352331
352332
352401
352412
352413
352421
352422
352431
352433
352441
353210
353301
353311
353313
353418
353421
353431
353441
353451
353452
353453
353471
353482
354311
354312
355411
356100
356101
356102
356202
356203
356210
356212
356261
356303
356304
356306
356311
356312
356331
356333
356351
356361
356372
356373
356374
356375
356411
356412
356414
356415
356416
356431
356432
356441
356442
356443
356444
356445
356446
356447
356448
356449
356451
356455
356456
356471
356472
356474
356475
356477
356478
356496
357101
357110
357210
357322
357323
357325
357326
357360
357417
357418
357421
357432
357441
357442
357444
357446
357491
359202
359203
359204
359205
359206
359210
359301
359302
359303
359305
359311
359341
359350
359360
359380
359401
359403
359405
359408
359409
359410
359413
359414
359419
359421
359422
359423
359431
359451
359452
359455
359460
359461
359465
359466
360100
360210
360301
360304
360400
360401
360402
360403
360404
360407
360411
360423
360431
360441
360460
360470
361210
361211
361214
361301
361321
361322
361341
361351
361413
361414
361421
361433
361442
361452
361453
361461
361471
361475
362211
362301
362401
362411
362412
362421
362424
362425
362441
362451
362452
363202
363210
363401
363402
365201
365211
365301
365321
365322
365324
365331
365421
365422
365425
365426
365427
365428
365431
368200
368211
368310
368317
368331
368412
368417
368418
368431
368433
368441
368487
400110
400210
400211
301254
311352
318351
320351
321251
401281
401382
401383
401391
403281
403382
403383
406284
406294
406385
406386
406395
406396
408382
409281
409292
410381
411281
411291
413383
413391
415291
415393
420281
420282
421281
421282
421291
421292
421385
421386
421395
421396
422381
423382
428281
428282
428381
428382
428383
461100
461170
461256
461334
461344
461404
461405
461435
461441
461459
461471
461472
461481
461511
461514
461521
461522
461523
461526
461527
461529
461532
461543
461546
461551
461566
461569
461584
462130
462151
462304
462321
462405
462409
462410
462412
462413
462414
462423
462431
462442
462445
462447
462452
462481
462503
462505
462516
462523
462531
462541
462542
462543
462544
462545
462547
462548
462564
462582
462584
462586
462587
462588
462596
463201
463251
463252
463311
463331
463332
463341
463342
463353
463354
463402
463433
463455
463491
463503
463504
463506
463512
463513
463531
463534
463543
463544
463545
463556
463557
463558
463559
463571
463592
464301
464302
464311
464312
464341
464401
464402
464403
464413
464414
464441
464442
464443
464444
464445
464446
464500
464501
464502
464503
464504
464505
464506
464508
464509
464510
464541
464542
464544
464545
464546
464549
466141
305202
305203
318322
328310
328313
381322
501201
501202
501301
501302
501305
501306
502211
502311
502313
502314
503401
503402
504202
504302
504305
505401
506202
506301
506303
506361
507401
507402
508203
508207
508303
508304
509401
509402
510201
510202
510306
510307
510409
510411
510412
510413
510414
510415
510416
510417
510442
512303
512304
512311
512401
512402
513111
513113
513114
513115
513212
513216
513217
513223
513224
513225
513283
513284
513315
513324
513328
513331
513343
513363
513364
513371
513373
513390
513411
513412
513429
513445
513446
513451
513471
514202
514206
514211
514222
514241
514244
514272
514317
514322
514323
514335
514336
514341
514343
514352
514358
514381
514382
514383
514384
514395
514396
514397
514398
514425
514436
514442
514446
514451
514453
514462
514466
514475
514742
514752
515201
515204
515205
515250
515252
515256
515257
515306
515307
515310
515312
515330
515334
515337
515338
515339
515361
515362
515364
515370
515373
515376
515377
515378
515380
515403
515407
515440
515441
515442
515455
515490
518724
518770
551311
551312
551461
551464
552216
552217
552222
552232
553311
553312
554311
554312
554313
554314
554413
555311
555312
555313
556311
556412
557432
557433
558101
558313
558411
558431
558432
558441
558442
561311
561312
561313
561314
562101
562211
571115
601201
601202
601231
601242
601302
601321
601322
601341
601342
601344
601346
601351
601361
601422
601423
601424
601425
601427
601428
601431
601436
601444
601452
601454
601455
601456
601460
601462
601471
601472
601702
601724
601731
601742
601745
601758
601765
601767
601769
601775
601842
602100
602102
602103
602111
602120
602121
602122
602211
602301
602314
602315
602321
602322
602421
602431
602432
602441
602453
602454
602455
602461
602463
602464
602471
602472
602722
602731
602741
602751
602753
602761
602771
602831
603200
603211
603231
603321
603322
603331
603332
603341
603351
603352
603371
603396
603421
603422
603423
603441
603451
603452
603453
603461
603465
603471
603494
603495
603496
603711
603723
603725
603731
603743
603751
604101
604211
604304
604305
604311
604312
604313
604314
604315
604351
604352
604411
604412
604414
604415
604416
604422
604423
604431
604441
604443
604451
604454
604455
604456
604457
604711
604715
604731
605201
605203
605204
605301
605302
605313
605314
605315
605316
605321
605322
605331
605340
605341
605412
605413
605430
605432
605444
605445
605446
605456
605459
605461
605476
605701
605702
605711
605713
605717
605719
605741
605742
605745
605751
606211
606231
606241
606242
606243
606244
606245
606263
606264
606310
606341
606342
606343
606344
606362
606363
606451
606452
606463
610114
651104
651105
651109
651120
651210
651211
651212
651231
651234
651306
651311
651312
651313
651314
651315
651316
651317
651319
651416
651425
701100
701101
701104
701181
701182
701183
701201
701202
701203
701205
701206
701211
701215
701235
701243
701244
701281
701283
701295
701302
701310
701313
701321
701331
701335
701341
701342
701344
701347
701402
701403
701407
701408
701409
701410
701423
701425
701455
701494
701496
702100
702101
702205
702211
702213
702312
702313
702316
702317
702318
702321
702331
702341
702342
702351
702354
702411
702416
702418
702423
702431
702443
702499
703103
703109
703202
703204
703243
703244
703304
703305
703308
703309
703310
703311
703313
703322
703323
703324
703330
703331
703345
703351
703352
703361
703391
703404
703412
703413
703435
703441
703444
703447
703454
703498
703499
704101
704141
704201
704345
705191
705211
705311
705328
705329
705331
705332
705342
705343
705351
705411
705431
705437
705438
705439
705440
705441
705442
705444
705446
705447
705448
705461
705492
705493
705499
751100
751101
751102
751106
751202
751209
751301
751302
751303
751304
751305
751308
751309
751320
751321
751326
751327
751330
751332
751340
751345
751401
751403
751405
751408
751411
751413
751417
751418
751419
751421
751422
751424
751425
751428
751440
751441
751443
751447
751451
751701
751702
751703
751704
751705
751706
751708
751710
751711
751712
751716
751718
751719
751724
751725
751726
751727
751728
751729
751731
751732
751734
751739
751742
751743
751744
751745
751751
751752
751761
801100
801121
801122
801134
801201
801204
801225
801233
801235
801236
801241
801321
801322
801324
801331
801333
801334
801336
801371
801401
801421
801471
801481
803121
803122
803123
803124
803131
803230
803231
803232
803260
803331
803360
803431
851100
851103
851104
851105
851108
851200
851201
851202
851204
851205
851207
851241
851243
851251
851252
851253
851261
851262
851263
851273
851305
851306
851309
851310
851313
851341
851342
851343
851344
851345
851350
851352
851354
851355
851360
851362
851363
851366
851367
851371
851372
851375
851376
851400
851401
851404
851405
851406
851407
851441
851443
851445
851450
851462
851467
852100
852101
852102
852103
852201
852202
852203
852204
126101
126102
126212
126213
126214
126216
126321
126324
126325
126326
126328
126330
126331
126332
126333
126334
126400
126428
126431
126432
126434
126435
126436
126437
126438
126439
126442
126443
127100
127101
127202
127203
127204
127205
127206
127207
127303
127312
127313
127314
127315
127316
127320
127326
127329
127330
127332
127333
127336
127337
127359
127411
127412
127413
127414
127415
127416
127424
127433
127492
127493
127711
127716
127717
127718
127719
127720
127721
127726
127727
127728
127730
128100
128101
128201
128202
128203
128204
128304
128305
128306
128307
128308
128309
128310
128334
128351
128352
128353
128354
128355
128401
128403
128423
128425
128427
128429
128431
128434
128435
128443
128445
128451
128462
128471
128481
128484
128700
128701
128710
128712
128714
128727
128730
128734
128740
128741
128751
128762
140101
140102
140103
140104
140105
176100
176101
176104
176220
177103
177104
177113
177114
177141
177142
177181
177214
177215
177216
177217
177220
177222
177227
177228
177229
177242
177250
177281
177283
177285
177300
177313
177321
177330
177332
177335
177336
177341
177361
177362
177393
177401
177404
177405
177413
177414
177420
177425
177426
177427
177429
177430
177431
177432
177433
177434
177441
177442
177443
177446
177447
177450
177452
177460
177463
177464
177465
177466
177467
177468
177469
177470
177471
177472
177473
177481
177483
177491
177493
177494
177495
179402
179403
179404
179406
179443
951100
951101
951102
951106
951124
951125
951202
951203
951231
951302
951321
951322
951323
951324
951331
951344
951346
951348
951352
951366
951421
951497
951498
952315
953102
953103
953104
953111
953201
953202
953211
953212
953214
953231
953232
953233
953234
953261
953321
953322
953323
953331
953361
953421
953422
953423
953444
953494
953495
954100
954140
954141
954142
954143
954170
954240
954244
954245
954246
954260
954270
954310
954311
954312
954320
954323
954326
954340
954343
954347
954360
954364
954370
954371
954372
954373
954374
954410
954412
954413
954416
954420
954421
954422
954423
954426
954443
954449
954461
954462
954464
954471
954472
954477
954491
954498
955102
955103
955104
958111
958201
958221
958225
958261
958373
